8.899641224696953623e-01 1.179612358544733119e+01 9.953200860397715122e-01 -1.094110896967418967e+01 1.300000000000000000e+01
1.507912216506557712e+00 4.070539226367792196e+00 7.929207273088966224e-01 -6.097518992450197128e-01 3.300000000000000000e+01
2.144790186456836611e+00 2.407434555519694985e+00 5.113428218538305231e-02 -5.705438324356635338e-01 7.900000000000000000e+01
2.783660776489276678e+00 1.705967969556049679e+00 -1.141464443203459413e-03 -2.781221494308911413e-01 1.170000000000000000e+02
3.435099785803410466e+00 1.136880301983697494e+00 1.963197079249221211e-01 1.929702620730195939e-01 2.050000000000000000e+02
4.047886761425745661e+00 9.200912262381578666e-01 1.831833845010727158e-01 2.595402872584944287e-01 2.350000000000000000e+02
4.676716683575679490e+00 7.733463791904939821e-01 1.784015432450313243e-01 1.429455442335130222e-01 3.690000000000000000e+02
5.308225101765951415e+00 6.608242955280753117e-01 1.569487962381651558e-01 9.644328272570483473e-02 4.330000000000000000e+02
5.945362440940590076e+00 6.441966448240658005e-01 1.085978697571312740e-01 1.305684386650160511e-01 5.850000000000000000e+02
6.576224814588791823e+00 5.199547273421116778e-01 1.116480522239768902e-01 9.597896062838724707e-02 6.790000000000000000e+02
7.196632906698735788e+00 4.775834500408289718e-01 8.320360540819279893e-02 5.930347282083049676e-02 8.130000000000000000e+02
7.827860915688347632e+00 4.326933026885605438e-01 3.913830557253546172e-02 -4.333027717622534893e-03 9.850000000000000000e+02
8.470398945834539006e+00 3.750832568467337702e-01 5.153532469894857304e-02 7.210723083305338454e-02 1.183000000000000000e+03
9.096854620527370372e+00 3.517185330962780410e-01 5.901860966616779419e-02 3.767993808856309745e-02 1.269000000000000000e+03
9.720789776830212503e+00 2.997733705769177193e-01 4.230855135327674793e-02 1.889049234721981024e-02 1.537000000000000000e+03
1.034763038959366455e+01 2.908740885414148325e-01 3.088601095804041977e-02 4.330470801082045990e-02 1.653000000000000000e+03
1.097576444254559114e+01 2.630709819183231213e-01 4.009833708269971292e-02 5.043938415858906232e-02 1.963000000000000000e+03
1.160543084780093182e+01 2.425227336258275745e-01 1.858534398442893490e-02 3.856453473835896179e-02 2.121000000000000000e+03
1.223669666537485234e+01 2.231832087315498148e-01 2.209147936374763685e-02 3.865126653506427423e-02 2.413000000000000000e+03
1.286817263090293828e+01 2.162787532141781932e-01 2.242208477452921345e-02 1.333484739884654817e-02 2.635000000000000000e+03
1.349500801664080640e+01 2.019183178307379367e-01 7.574255075322627699e-03 2.399703289699579856e-02 2.877000000000000000e+03
1.411949558842147567e+01 1.926982217372265882e-01 1.055959872378380536e-02 2.067354524858083624e-03 3.169000000000000000e+03
1.475133575747468306e+01 1.755689043210202360e-01 1.090536424483724148e-02 -5.565778368310349625e-03 3.507000000000000000e+03
1.537865074252268371e+01 1.628883893634930358e-01 1.320876016188097038e-02 -3.219158736869323113e-03 3.685000000000000000e+03
1.600657544051110293e+01 1.531933035859542602e-01 1.243695252545816074e-02 -2.710485750044051064e-03 4.165000000000000000e+03
1.663991168687080346e+01 1.430936386788445591e-01 2.129523586773907420e-02 1.214888326020719007e-02 4.377000000000000000e+03
1.727195645776442490e+01 1.312089709181501473e-01 1.787940449185309796e-02 8.163347375392438973e-03 4.855000000000000000e+03
1.789765213377084407e+01 1.253465421680008407e-01 1.924421738043349817e-02 1.412661001563069070e-02 4.929000000000000000e+03
1.852353690647851892e+01 1.145897189394236709e-01 1.233288745742168631e-02 2.015999643030576358e-03 5.581000000000000000e+03
1.914806787341157346e+01 1.083395902386623949e-01 1.607240177805424608e-02 3.971857508256682046e-03 5.679000000000000000e+03
1.977889868651535465e+01 1.007762312210824934e-01 1.132306907962205185e-02 1.347441861318477698e-03 6.385000000000000000e+03
2.040937735447724322e+01 9.689407700759845865e-02 1.540070852194263575e-02 3.263165171049820738e-03 6.553000000000000000e+03
2.103939302609845896e+01 9.133212026690434859e-02 1.206645660846429255e-02 -1.216916990652476896e-03 7.125000000000000000e+03
2.166909709822301622e+01 8.601995828235066421e-02 1.199150390965130625e-02 -4.735681896261845387e-03 7.447000000000000000e+03
2.229700281216151936e+01 8.089435740511576045e-02 9.736431605767184930e-03 -4.378362377361918849e-04 7.929000000000000000e+03
2.292620027086341850e+01 7.600806163661602555e-02 1.046723728677335236e-02 -2.002186527348789186e-03 8.353000000000000000e+03
2.355141508366812175e+01 7.345787759295367703e-02 5.377471756171352951e-03 5.933862056853466196e-03 8.775000000000000000e+03
2.417910583817858949e+01 6.884397186884884390e-02 6.824140083072563825e-03 6.827852077074289365e-03 9.313000000000000000e+03
2.480856539439619368e+01 6.575565098285041099e-02 8.151227620419280659e-03 -1.269000521052172708e-03 9.841000000000000000e+03
2.543492256872954371e+01 6.220439398880470844e-02 7.355830839912426769e-03 1.079294293672171390e-03 1.019100000000000000e+04
2.606334251884804942e+01 6.039098111419482356e-02 7.395845017364613069e-03 2.781456410470361552e-03 1.089700000000000000e+04
2.669257370896960424e+01 5.775716567015864306e-02 5.160400604682147986e-03 7.372511524433812344e-04 1.130100000000000000e+04
2.732423343141155669e+01 5.525999808511251193e-02 6.236722910721677858e-03 1.733231303527402655e-03 1.202500000000000000e+04
2.795529680084415958e+01 5.185432734149966055e-02 5.416234350058519303e-03 2.233468541721549301e-03 1.242300000000000000e+04
2.858366292314493151e+01 5.094733217126749120e-02 6.238742980330016195e-03 3.438005479869156184e-03 1.302100000000000000e+04
2.920876271394311274e+01 4.860256138625442673e-02 4.049041576748608692e-03 5.058699782472733143e-03 1.340500000000000000e+04
2.983449844439822485e+01 4.662762129964453245e-02 3.635054172904565208e-03 5.658011017899910837e-03 1.424700000000000000e+04
3.046382639407197246e+01 4.530446951631900143e-02 1.984227444059503010e-03 2.843021740346162243e-03 1.471300000000000000e+04
3.109279127003197019e+01 4.305050945185066175e-02 2.499954490848469053e-03 1.959081166510800043e-03 1.548900000000000000e+04
3.172168171618397992e+01 4.089777626947251055e-02 3.700976564113197045e-03 5.892373214147565144e-04 1.591300000000000000e+04
3.235187567944422682e+01 3.969611159878924656e-02 3.891575862827290500e-03 2.791710056845717134e-03 1.687900000000000000e+04
3.298168217550395553e+01 3.779254529652772976e-02 3.840739941638549818e-03 3.173132448274878213e-04 1.719300000000000000e+04
3.361176429457156445e+01 3.562773245476254930e-02 4.716087848201632078e-03 -7.800627541760033184e-04 1.815700000000000000e+04
3.423700375709273658e+01 3.463358479461522976e-02 4.100279267830296212e-03 1.853059049059074077e-03 1.833900000000000000e+04
3.486478192666269393e+01 3.340530078370269190e-02 3.838151657377017988e-03 2.069946608603443166e-05 1.957300000000000000e+04
3.549411614411317828e+01 3.227468232614905119e-02 3.633347328374629450e-03 -9.510767544000343302e-04 1.994100000000000000e+04
3.611916935421039909e+01 3.095903638824184720e-02 3.546360810192694321e-03 1.039116840249327883e-03 2.062900000000000000e+04
3.674767089563572142e+01 3.015162730884074840e-02 3.563550975343934488e-03 1.741954713505909993e-04 2.165500000000000000e+04
3.737647795277590745e+01 2.847764012426886107e-02 3.387783750747460406e-03 1.627807815004136223e-03 2.211300000000000000e+04
3.800654031475131944e+01 2.779634925109501081e-02 4.123174125812145707e-03 8.461680264982620334e-04 2.318500000000000000e+04
3.863539861259823027e+01 2.661668473568806759e-02 3.251046245320740342e-03 1.262311982198335803e-03 2.366700000000000000e+04
3.926140181364449688e+01 2.612779342642738631e-02 2.608518433871146684e-03 1.115140656810438644e-03 2.438500000000000000e+04
3.989264500321934293e+01 2.541309566535087869e-02 2.688918705106997740e-03 1.355671513212280315e-03 2.574900000000000000e+04
4.052073244576828159e+01 2.442328243905401985e-02 3.183625527523901988e-03 1.630317896699087646e-03 2.567500000000000000e+04
4.114916477570476872e+01 2.399983460529936038e-02 2.819642918896396715e-03 8.937826466830254635e-04 2.740900000000000000e+04
4.177814272116491168e+01 2.323934112382424616e-02 2.877782836753575019e-03 1.762579505397216927e-03 2.740500000000000000e+04
4.240400648725130850e+01 2.258414113209708529e-02 2.668593688769789387e-03 1.291608692940804859e-03 2.871700000000000000e+04
4.303425690270191950e+01 2.188056336851071024e-02 2.682548565117507354e-03 1.256227867173013903e-03 2.959500000000000000e+04
4.366358560255625321e+01 2.112915425686313908e-02 3.268328006267286635e-03 1.061062491246060960e-03 3.030100000000000000e+04
4.428996183220763072e+01 2.066728036602938356e-02 2.654242066812010584e-03 1.481256453527218624e-03 3.110100000000000000e+04
4.491634418529859119e+01 1.991728852471425990e-02 3.032176799195809066e-03 9.878895497417432715e-04 3.202300000000000000e+04
4.554414146254732287e+01 1.926540336853413762e-02 2.799243023425180936e-03 1.075859728563499868e-03 3.297700000000000000e+04
4.617634470301057803e+01 1.869818661655662378e-02 2.977518212777113382e-03 1.428104967875591441e-03 3.444900000000000000e+04
4.680644242023710433e+01 1.804764597823605224e-02 3.085816220462037855e-03 1.215625928600443627e-03 3.454900000000000000e+04
4.743485242764365495e+01 1.757316024156910239e-02 3.136384845469071796e-03 1.455047499416614078e-03 3.611100000000000000e+04
4.806356136815399793e+01 1.718588966268035784e-02 3.072740785003260332e-03 1.117770969088938571e-03 3.654100000000000000e+04
4.869019258388696869e+01 1.657135001582641862e-02 3.140904826842594744e-03 1.138701608289066679e-03 3.771700000000000000e+04
4.931697099599956147e+01 1.610727389702792944e-02 2.802729742846481274e-03 9.547259897612025937e-04 3.861900000000000000e+04
4.994506747144535552e+01 1.562923782331586062e-02 3.219199516602637250e-03 1.070997350698074928e-03 3.966100000000000000e+04
5.057159051335420941e+01 1.527422332640377377e-02 2.839933283705132084e-03 1.390047900937834910e-03 4.054500000000000000e+04
5.119923996268094868e+01 1.492190836476351215e-02 2.967779720001000911e-03 1.320152128344690128e-03 4.181500000000000000e+04
5.183126097768406026e+01 1.449121209064466349e-02 2.647319117996753835e-03 6.733470185382712083e-04 4.312500000000000000e+04
5.246089638029099689e+01 1.421630418050444378e-02 2.685846041520418594e-03 8.737997285675024170e-04 4.368100000000000000e+04
5.308757308483336601e+01 1.387291582396235103e-02 2.323627175332070027e-03 7.871975942863910451e-04 4.462900000000000000e+04
5.371573527946726045e+01 1.357228074842620549e-02 2.640821741581947119e-03 8.484424459542339687e-04 4.622700000000000000e+04
5.434579563783791656e+01 1.316667175236211490e-02 2.804154214710518570e-03 7.896787520574829501e-04 4.690900000000000000e+04
5.497430652392217354e+01 1.281076808286513505e-02 2.418048916179432132e-03 6.979609250301227778e-04 4.823700000000000000e+04
5.559937427501778018e+01 1.259504158473351461e-02 2.401109675506084892e-03 7.467494872217809347e-04 4.858300000000000000e+04
5.622854676609657076e+01 1.231817895440639500e-02 2.242638127730056490e-03 6.335594095782033945e-04 5.099700000000000000e+04
5.686011537227265933e+01 1.197029857408459311e-02 2.300371534681521554e-03 5.629513776820420107e-04 5.139700000000000000e+04
5.748804589422078948e+01 1.167173308917296079e-02 2.232800886618286663e-03 7.620548821757218688e-04 5.248900000000000000e+04
5.811550210340559630e+01 1.144729041782044723e-02 2.058848344790395295e-03 8.800296829993741257e-04 5.378700000000000000e+04
5.874394496660968201e+01 1.117906031327244205e-02 2.315897526446616689e-03 9.250884824073549650e-04 5.491300000000000000e+04
5.937176220296899487e+01 1.092127895213491559e-02 2.430623982655336687e-03 5.916503311446796995e-04 5.597700000000000000e+04
5.999971954793682016e+01 1.070294311617096990e-02 2.588283254465268551e-03 6.622510828075569124e-04 5.741500000000000000e+04
6.062679115124277018e+01 1.049284637445458378e-02 2.523743165874516980e-03 6.848999037729028598e-04 5.810500000000000000e+04
6.125469576444534425e+01 1.022250808582775630e-02 2.498546449362517175e-03 4.765771017851812502e-04 6.003300000000000000e+04
6.188477733041514739e+01 1.000590689020107102e-02 2.514938541126172065e-03 7.020592238089528106e-04 6.094900000000000000e+04
6.251310567437899124e+01 9.704058294319840849e-03 2.412111826375782676e-03 6.066139275987164669e-04 6.223500000000000000e+04
6.314027450383210294e+01 9.502961348703840849e-03 2.454630635667482807e-03 7.252023593388915281e-04 6.322900000000000000e+04
6.377003562732055286e+01 9.327808566351587088e-03 2.353711191234811491e-03 7.016981801511978359e-04 6.513300000000000000e+04
6.439857783314556627e+01 9.135592353823834486e-03 2.299104889856907943e-03 6.241313842669929998e-04 6.570700000000000000e+04
6.502685417166111392e+01 8.914805033726196787e-03 2.323507844559622153e-03 7.320774655362732993e-04 6.756100000000000000e+04
6.565586117699038482e+01 8.718408185932250906e-03 2.274900195264512731e-03 7.071873925025860602e-04 6.850500000000000000e+04
6.628369282359253134e+01 8.596927696882281783e-03 2.278942313856252566e-03 9.434359690211229551e-04 6.994300000000000000e+04
6.691185444962194140e+01 8.363342769330170054e-03 2.289336192372645479e-03 1.139143269743690505e-03 7.109700000000000000e+04
6.754070198575605843e+01 8.240264472901295129e-03 2.154586066394527030e-03 1.148753025287975677e-03 7.302100000000000000e+04
6.816835514593203982e+01 8.091224433144835262e-03 2.371511075737185812e-03 1.228475919839089586e-03 7.331700000000000000e+04
6.879592533861698200e+01 7.980546254698238015e-03 2.249096815838813514e-03 1.236186441526567707e-03 7.579900000000000000e+04
6.942344317039531632e+01 7.836996751572303244e-03 2.258582893366804008e-03 1.367667617628380008e-03 7.602100000000000000e+04
7.005175402434737464e+01 7.699482055733592768e-03 2.243476954016613862e-03 1.383088325351735336e-03 7.875300000000000000e+04
7.068124956608717468e+01 7.571877172639169748e-03 2.365372687588109847e-03 1.326727081630488161e-03 7.929100000000000000e+04
7.131019009674920994e+01 7.484743186594115458e-03 2.235723445906762693e-03 1.446737496215954417e-03 8.112900000000000000e+04
7.193918251171426448e+01 7.358785276166532850e-03 2.181053071554047481e-03 1.663099142137778675e-03 8.244100000000000000e+04
7.256833807598113140e+01 7.241728139199544480e-03 2.305300817679907435e-03 1.743652415470158543e-03 8.394900000000000000e+04
7.319652682709349278e+01 7.179801955096138874e-03 2.238313708045110411e-03 1.668391474384375720e-03 8.512300000000000000e+04
7.382507990484923255e+01 7.096650717051541761e-03 2.270314300258290292e-03 1.805775178004545480e-03 8.692900000000000000e+04
7.445265842115937005e+01 6.996216922290104945e-03 2.387950559933024654e-03 1.934241158499633946e-03 8.778900000000000000e+04
7.507871101942711789e+01 6.934520043186391536e-03 2.364891228471571565e-03 2.109632067942668159e-03 8.962300000000000000e+04
7.570758465316045260e+01 6.849794908584110921e-03 2.389997608414744408e-03 2.111933183556770344e-03 9.134100000000000000e+04
7.633641233600957321e+01 6.754479527314297127e-03 2.353512043798191081e-03 2.373666676817711221e-03 9.284500000000000000e+04
7.696462959862266473e+01 6.744574698768364060e-03 2.483238620766158988e-03 2.655266511739338715e-03 9.408700000000000000e+04
7.759394865175413258e+01 6.664333841504031103e-03 2.546680239097603212e-03 2.678592588316572581e-03 9.633300000000000000e+04
7.822329141989585821e+01 6.622995062985458439e-03 2.571204347590637374e-03 2.891584028899431454e-03 9.724900000000000000e+04
7.885314936520239826e+01 6.641984353554162591e-03 2.606630672863311914e-03 3.099353950021888418e-03 9.950100000000000000e+04
7.947896566979521538e+01 6.647652992297283826e-03 2.649247918594343793e-03 3.357134648132124692e-03 9.928300000000000000e+04
8.010491096592353699e+01 6.571165021482506217e-03 2.702183812816581765e-03 3.650807238664350272e-03 1.025370000000000000e+05
8.073361670142924140e+01 6.569785871881658745e-03 2.704874713261623716e-03 3.261182080522192703e-03 1.022830000000000000e+05
8.136224995045211017e+01 6.422170178736191261e-03 2.546551457056781508e-03 2.066917736857025630e-03 1.021060000000000000e+05
8.199150350799700959e+01 6.293323768045862993e-03 2.432696138131143059e-03 1.095295146827610002e-03 1.007340000000000000e+05
8.261931886717252382e+01 6.221466789152431051e-03 2.261777587050450757e-03 1.244645407542319126e-04 9.999400000000000000e+04
8.324874883604807962e+01 6.111262699979330693e-03 2.226925442523334207e-03 -5.787452463281363580e-04 9.936000000000000000e+04
8.387933123847666650e+01 6.057419093052358004e-03 2.071950109214176685e-03 -1.412621542173414860e-03 9.860800000000000000e+04
8.450588685356962060e+01 5.990577880584943039e-03 1.978364952132794733e-03 -2.139959341560262584e-03 9.625200000000000000e+04
8.513230547222720190e+01 5.894539805123446934e-03 2.031703711510467452e-03 -2.807632838158886056e-03 9.640000000000000000e+04
8.576139753932025656e+01 5.831227717804752728e-03 1.905997700116437033e-03 -3.459776633368768367e-03 9.539800000000000000e+04
8.639012797885727934e+01 5.719132923988287827e-03 1.782046490565447009e-03 -3.958774202114252391e-03 9.402000000000000000e+04
8.701771746046537714e+01 5.669956705876966555e-03 1.780141780555572059e-03 -4.526325681602315701e-03 9.316000000000000000e+04
8.764557605704349896e+01 5.555192670500171473e-03 1.678456292391943168e-03 -4.946159625822918980e-03 9.177600000000000000e+04
8.827457805306610794e+01 5.493285549706309646e-03 1.535630816322325776e-03 -5.424708696377729227e-03 9.137800000000000000e+04
8.890279935401906641e+01 5.407463052606224438e-03 1.464309452339443473e-03 -5.826121120527261860e-03 8.949000000000000000e+04
8.952989714900911622e+01 5.369168899096156584e-03 1.343211078413602188e-03 -6.259025622297556025e-03 8.845000000000000000e+04
9.015871444920129818e+01 5.315711306532112934e-03 1.290314298486360282e-03 -6.635481867443366634e-03 8.794600000000000000e+04
9.078737841707814482e+01 5.225156467468259312e-03 1.151180662271301079e-03 -6.788764031091570374e-03 8.575200000000000000e+04
9.141616953329025819e+01 5.173632238849270280e-03 1.241344828633003921e-03 -7.268316575279217852e-03 8.574400000000000000e+04
9.204502371335763655e+01 5.104592524579302550e-03 1.139992930292111619e-03 -7.458384846058493424e-03 8.322000000000000000e+04
9.267355876152053895e+01 5.100397113619220373e-03 1.104824411941715025e-03 -7.716340894822707602e-03 8.302000000000000000e+04
9.330299944992503924e+01 5.013042716703095848e-03 9.946524427514522038e-04 -7.955351272959945708e-03 8.106400000000000000e+04
9.393122992838556229e+01 4.917807910222952300e-03 9.127195980580115209e-04 -8.139153454842416868e-03 7.983000000000000000e+04
9.455810138033126577e+01 4.882471997812293935e-03 8.987452612320390947e-04 -8.369376839621786579e-03 7.823800000000000000e+04
9.518576524210195089e+01 4.831634182275083497e-03 8.508998755153929444e-04 -8.550517207229489311e-03 7.715400000000000000e+04
9.581316298428801304e+01 4.787902108456335189e-03 7.799758725137728461e-04 -8.671345119480856206e-03 7.546600000000000000e+04
9.644261325454688460e+01 4.754818284924747923e-03 7.553907097651895363e-04 -8.876813931607623401e-03 7.480200000000000000e+04
9.707240637620543566e+01 4.742883638596324079e-03 7.601576280990662675e-04 -9.077720769127108416e-03 7.258000000000000000e+04
9.769941711060087641e+01 4.700578629869994231e-03 7.063417948154261270e-04 -9.102186279121435991e-03 7.133800000000000000e+04
9.832713972251760026e+01 4.654281832990186073e-03 6.934289485558775643e-04 -9.302156461770695259e-03 6.964200000000000000e+04
9.895461334913402141e+01 4.634243643768846954e-03 6.289476299907134941e-04 -9.411424412184066224e-03 6.832600000000000000e+04
9.958301232204064490e+01 4.654322526639555549e-03 6.330395709705381648e-04 -9.626219262071369909e-03 6.674400000000000000e+04
1.002126696896656028e+02 4.594105650220244204e-03 6.363003894276883553e-04 -9.736606053273257413e-03 6.533800000000000000e+04
1.008392367769637588e+02 4.589171293137739305e-03 5.021251565593591940e-04 -9.723276381223283291e-03 6.315600000000000000e+04
1.014675336268646930e+02 4.556462357325503226e-03 5.201407992189307182e-04 -9.889684328086576284e-03 6.214000000000000000e+04
1.020979203958608963e+02 4.561317221754226589e-03 5.135337533276608220e-04 -1.002239221938235753e-02 6.051400000000000000e+04
1.027244652773186715e+02 4.545714069135959289e-03 5.086056598363900352e-04 -1.014326191220840320e-02 5.799000000000000000e+04
1.033529848673173461e+02 4.530014921801009398e-03 4.853336914065515422e-04 -1.023246658314229049e-02 5.742400000000000000e+04
1.039843231620690318e+02 4.526144694629074920e-03 4.964025148840056113e-04 -1.041657565342331976e-02 5.518200000000000000e+04
1.046120249057517100e+02 4.511740031521807061e-03 4.881373427633047511e-04 -1.056591848745160045e-02 5.306800000000000000e+04
1.052373762178655028e+02 4.498565835764110205e-03 4.763436296799654530e-04 -1.068640225926250666e-02 5.152800000000000000e+04
1.058642150368713573e+02 4.510981246085859001e-03 4.410174987539190066e-04 -1.079420159795818970e-02 4.954600000000000000e+04
1.064948546224583197e+02 4.508792676956955951e-03 4.285917397359045064e-04 -1.081186654995340037e-02 4.846600000000000000e+04
1.071230544111108287e+02 4.472859081381602014e-03 3.988201731665999084e-04 -1.090753290822197609e-02 4.566600000000000000e+04
1.077495633524167715e+02 4.465436454942513060e-03 3.719347097199495649e-04 -1.092591820363644425e-02 4.423000000000000000e+04
1.083788368853654447e+02 4.421818847082221310e-03 4.037283804822383885e-04 -1.104302657033858284e-02 4.254000000000000000e+04
1.090093746128501806e+02 4.501193504874732854e-03 3.530052666706786344e-04 -1.138017500135791830e-02 4.022200000000000000e+04
1.096358209683019851e+02 4.551943147591401909e-03 3.739518898531758164e-04 -1.149792829696915167e-02 3.842200000000000000e+04
1.102632441637294392e+02 4.537572500352691704e-03 3.421422220919516323e-04 -1.170781858771804962e-02 3.624600000000000000e+04
1.108918884114223289e+02 4.597227845042576450e-03 3.381312603718470539e-04 -1.195971905729626035e-02 3.455200000000000000e+04
1.115189167146083946e+02 4.594216980981092290e-03 3.334527211616557067e-04 -1.217937654104863862e-02 3.213600000000000000e+04
1.121453092481786342e+02 4.551412989080818455e-03 3.084164743517546492e-04 -1.220351153454899383e-02 3.029200000000000000e+04
1.127733299034974266e+02 4.553396738957488435e-03 3.421362957816212469e-04 -1.257069849370957837e-02 2.830200000000000000e+04
1.134024418204230926e+02 4.539029713829157223e-03 2.958851508154811604e-04 -1.272431313743795610e-02 2.605600000000000000e+04
1.140315467274795935e+02 4.443513818170500597e-03 2.756141993554090601e-04 -1.281091363859991443e-02 2.421100000000000000e+04
1.146586516076227866e+02 4.409988314528035663e-03 2.210204647840079064e-04 -1.294591932427886088e-02 2.220600000000000000e+04
1.152858824973881440e+02 4.409041351860021850e-03 1.920630743794819240e-04 -1.318234966811420057e-02 2.088400000000000000e+04
1.159152575502257037e+02 4.396718663041104640e-03 1.715060220576831887e-04 -1.327051394553959568e-02 1.939200000000000000e+04
1.165431520350509516e+02 4.419834610751673283e-03 1.582125381861126956e-04 -1.351868349371289357e-02 1.805800000000000000e+04
1.171687011481656953e+02 4.416201737128416273e-03 1.697526597421716843e-04 -1.367748247741620328e-02 1.674600000000000000e+04
1.178000250035750298e+02 4.383671333236727717e-03 1.605752703264794765e-04 -1.373648585802982221e-02 1.589800000000000000e+04
1.184333567323432277e+02 4.401650590581607063e-03 1.030009258984709543e-04 -1.386255773586614511e-02 1.457800000000000000e+04
1.190589318138717942e+02 4.406646509978224754e-03 1.041044907692941049e-04 -1.396757125637789615e-02 1.344300000000000000e+04
1.196823965714945217e+02 4.398865072198000249e-03 8.796065066145474670e-05 -1.409647692851208854e-02 1.251100000000000000e+04
1.203171677557958503e+02 4.451219371477890298e-03 6.505007671292078770e-05 -1.437492315957160025e-02 1.191900000000000000e+04
1.209497088632195840e+02 4.505853583857660771e-03 -4.262558979749113929e-05 -1.452479272997023521e-02 1.063900000000000000e+04
1.215674743991227160e+02 4.587106588221851952e-03 -3.285908876133970721e-05 -1.490068581648221549e-02 9.775000000000000000e+03
1.221982990415667558e+02 4.566959142723627831e-03 1.392820804780435940e-06 -1.499080999480983771e-02 9.423000000000000000e+03
1.228378132922535428e+02 4.639044126246023338e-03 1.226097976271923947e-05 -1.531792536073096206e-02 8.449000000000000000e+03
1.234621661739287504e+02 4.725781026455062178e-03 -1.455947564537878526e-05 -1.568826783660399668e-02 7.596000000000000000e+03
1.240768275801356140e+02 4.774187504990521670e-03 6.656873295413610383e-06 -1.593074179345473421e-02 6.931000000000000000e+03
1.247079014714796728e+02 4.775530921576667462e-03 -9.423594501711827148e-06 -1.601278637104736405e-02 6.612000000000000000e+03
1.253481848162777510e+02 5.061038692923815890e-03 1.639593859965085329e-05 -1.707254684315618123e-02 5.899000000000000000e+03
1.259724611322386068e+02 5.114312365835517460e-03 -1.819385578248533537e-06 -1.728581203887790546e-02 5.176000000000000000e+03
1.265947828550168879e+02 5.356177268510988777e-03 -4.280614140465399399e-05 -1.812735889197245390e-02 4.824000000000000000e+03
1.272308628940882187e+02 5.198439716604169245e-03 -6.108916238447713223e-05 -1.768258602710452015e-02 4.312000000000000000e+03
1.278632316589907560e+02 5.439581987147156308e-03 -5.006499614885260142e-05 -1.851782129364164947e-02 3.819000000000000000e+03
1.284738219560678374e+02 5.528370684558085897e-03 -4.018656293212657016e-05 -1.889402603491322288e-02 3.220000000000000000e+03
1.290986294650296884e+02 5.603332718621551953e-03 -5.602161906742043895e-05 -1.921218123968231051e-02 3.132000000000000000e+03
1.297551674656045009e+02 5.955333331538177274e-03 -6.771667904043793317e-05 -2.046697537947634107e-02 2.680000000000000000e+03
1.303897521180544743e+02 5.972309050145728146e-03 2.838735185417701415e-05 -2.066659961634341805e-02 2.218000000000000000e+03
1.309670168297866439e+02 6.316060172312954780e-03 -1.541452054641961691e-05 -2.181585648126632693e-02 1.728000000000000000e+03
1.315883147752454647e+02 6.682749620907852024e-03 7.116191421671608881e-06 -2.318930561318450698e-02 1.816000000000000000e+03
1.322705779859007862e+02 6.934837871745511834e-03 -3.299704240312357020e-05 -2.405148327018912652e-02 1.476000000000000000e+03
1.329220643762586178e+02 7.080308334598247981e-03 -5.103638589035254704e-05 -2.455946888149152657e-02 1.108000000000000000e+03
1.334628335262524388e+02 6.917194123496200886e-03 -7.223181051320218813e-05 -2.396619611722025298e-02 7.560000000000000000e+02
1.340803127556955587e+02 7.624526964074279135e-03 -2.253790085316705126e-05 -2.655352627372607743e-02 8.440000000000000000e+02
1.347903930837827602e+02 7.580634963630487194e-03 -8.415197042786409513e-06 -2.644461808065072528e-02 6.280000000000000000e+02
1.354796923252866634e+02 7.732521538194183676e-03 -1.438170864603123954e-05 -2.700178595051689820e-02 4.050000000000000000e+02
1.359930560321309088e+02 7.141866733863595079e-03 6.877687110685940940e-05 -2.501521205770543960e-02 2.020000000000000000e+02
1.365701516219487246e+02 9.562921248580049174e-03 7.492513520834188294e-05 -3.351099262446459448e-02 2.280000000000000000e+02
1.372810373584152330e+02 9.917623679492780162e-03 4.128865017167196872e-05 -3.473061941186776636e-02 1.240000000000000000e+02
1.379855361733230268e+02 1.270416985559286518e-02 4.253865198864213709e-05 -4.449365007483736117e-02 5.200000000000000000e+01
1.385761706743215314e+02 6.484280664323213879e-03 -7.217756651305159521e-05 -2.262027641082166307e-02 9.000000000000000000e+00
1.390284316314177318e+02 1.285999956760663053e-02 -9.726435912330991587e-05 -4.490942300624745087e-02 4.000000000000000000e+00
