2.966547074898984615e+00 3.665901004963285192e+00 2.192109934498710722e+00 2.240550931807748558e+00 1.300000000000000000e+01
5.026374055021858744e+00 2.087142471161232748e+00 1.823989379749410666e+00 1.205957570389154743e+00 3.300000000000000000e+01
7.149300621522788113e+00 1.506481652305600827e+00 6.659023961548160564e-01 3.861208496166685378e-01 7.900000000000000000e+01
9.278869254964254409e+00 1.549071647971560939e+00 -9.902061967910937013e-02 4.975639011061421813e-01 1.170000000000000000e+02
1.145033261934470126e+01 1.304933739283365091e+00 -2.381943493020529865e-03 -1.429330137621089708e-02 2.050000000000000000e+02
1.349295587141915043e+01 9.569090258258471371e-01 2.719693030071049233e-01 3.886439948479743223e-02 2.350000000000000000e+02
1.558905561191892986e+01 7.732276511248129536e-01 2.661661242798907812e-01 -8.759861473308867830e-02 3.690000000000000000e+02
1.769408367255316961e+01 6.548693294050156322e-01 1.070320677068359455e-01 9.938192787818260487e-02 4.330000000000000000e+02
1.981787480313529670e+01 5.564505810593005641e-01 7.313109154380595389e-02 6.787997025746689284e-02 5.850000000000000000e+02
2.192074938196263645e+01 4.496310046610289546e-01 9.620486678175353690e-02 7.471276933418456723e-02 6.790000000000000000e+02
2.398877635566245203e+01 3.671771636563117003e-01 1.216252824722690168e-01 -2.307764132066326621e-02 8.130000000000000000e+02
2.609286971896115759e+01 3.176415515514897092e-01 1.036560791868076092e-01 -2.715325564140841363e-02 9.850000000000000000e+02
2.823466315278179550e+01 3.000580503288673984e-01 6.921253703891434850e-02 4.252878360095877636e-02 1.183000000000000000e+03
3.032284873509123102e+01 2.579714112881139609e-01 7.143654477619437726e-02 2.984787294608341746e-02 1.269000000000000000e+03
3.240263258943403457e+01 2.233664017141916147e-01 7.821246670080392316e-02 -8.108138252207868282e-03 1.537000000000000000e+03
3.449210129864554375e+01 1.988533823589577199e-01 7.101898362155129041e-02 9.814986471996342554e-03 1.653000000000000000e+03
3.658588147515196454e+01 1.836720405778321796e-01 4.704892651117590502e-02 1.682643856901746074e-02 1.963000000000000000e+03
3.868476949266977272e+01 1.719375398949382072e-01 4.362519432376529144e-02 1.045498767718038534e-02 2.121000000000000000e+03
4.078898888458283523e+01 1.529853960960282366e-01 5.013104105838759456e-02 4.586817939015836961e-04 2.413000000000000000e+03
4.289390876967645738e+01 1.376748283851545185e-01 4.219075160159708321e-02 7.721044980975302549e-04 2.635000000000000000e+03
4.498336005546935468e+01 1.293649064227069267e-01 3.614405978960382598e-02 1.114735894913725274e-02 2.877000000000000000e+03
4.706498529473824988e+01 1.193817558519400107e-01 2.562064303227914661e-02 9.717110455778927777e-03 3.169000000000000000e+03
4.917111919158227096e+01 1.086289421965521002e-01 3.214659108170062063e-02 1.599947295607707584e-03 3.507000000000000000e+03
5.126216914174227668e+01 9.885283816309989313e-02 3.239759767345463948e-02 -1.992127998310074151e-03 3.685000000000000000e+03
5.335525146837034072e+01 9.341710863335966897e-02 2.836272888855110100e-02 1.106616767308890754e-02 4.165000000000000000e+03
5.546637228956934251e+01 8.692863770421424552e-02 2.568468475665136933e-02 8.225233538817615722e-03 4.377000000000000000e+03
5.757318819254808773e+01 7.973986217395441500e-02 2.626009135292076135e-02 4.992341701373090648e-03 4.855000000000000000e+03
5.965884044590281121e+01 7.306843919874253523e-02 2.810508419946412123e-02 9.575444736745456972e-03 4.929000000000000000e+03
6.174512302159506305e+01 6.895820987733251861e-02 2.540532082114989321e-02 5.293574607611541485e-03 5.581000000000000000e+03
6.382689291137189969e+01 6.555447370956658804e-02 2.337998953061542345e-02 9.232199512926878016e-03 5.679000000000000000e+03
6.592966228838450604e+01 6.114097222104107610e-02 2.188816879468968510e-02 5.457125347328652121e-03 6.385000000000000000e+03
6.803125784825746791e+01 5.639374515236277724e-02 2.414903079628980334e-02 5.393446078128982975e-03 6.553000000000000000e+03
7.013131008699485847e+01 5.221550147577010137e-02 2.265539551880432767e-02 6.420681887956978043e-03 7.125000000000000000e+03
7.223032366074338029e+01 4.972929611734777655e-02 1.974840632963278594e-02 5.687818981875407236e-03 7.447000000000000000e+03
7.432334270720505742e+01 4.714003027557538833e-02 1.929655914422645502e-02 6.105042842190103874e-03 7.929000000000000000e+03
7.642066756954473306e+01 4.370682076271702882e-02 1.986165905904365564e-02 3.292331074349381156e-03 8.353000000000000000e+03
7.850471694556040347e+01 4.134025436221065719e-02 1.907736538848735230e-02 5.244841856167170233e-03 8.775000000000000000e+03
8.059701946059529121e+01 3.943195744337948949e-02 1.720906153704153743e-02 7.319016666572628928e-03 9.313000000000000000e+03
8.269521798132063850e+01 3.756397053909921874e-02 1.612590792526846437e-02 5.890455277928800804e-03 9.841000000000000000e+03
8.478307522909847194e+01 3.478004468822412654e-02 1.701594327696448125e-02 7.153344068520898873e-03 1.019100000000000000e+04
8.687780839616016237e+01 3.320398563339269082e-02 1.540124792324112056e-02 5.917288410773223310e-03 1.089700000000000000e+04
8.897524569656535220e+01 3.181148071684887502e-02 1.385045091487973994e-02 6.001846124947076908e-03 1.130100000000000000e+04
9.108077810470518898e+01 3.018264542116007310e-02 1.359693711128413980e-02 6.049146372483859765e-03 1.202500000000000000e+04
9.318432266948052245e+01 2.861995780548528753e-02 1.299589439684203061e-02 5.882943367875013291e-03 1.242300000000000000e+04
9.527887641048309320e+01 2.723275489160478097e-02 1.246071245990262172e-02 5.420347558390727592e-03 1.302100000000000000e+04
9.736254237981037818e+01 2.603024887683735508e-02 1.135114850834302233e-02 5.576749171875521396e-03 1.340500000000000000e+04
9.944832814799407572e+01 2.507582284311089121e-02 1.039295510447706475e-02 5.114864723826758296e-03 1.424700000000000000e+04
1.015460879802399035e+02 2.410500529115653864e-02 1.041930053925165141e-02 4.124507964565759209e-03 1.471300000000000000e+04
1.036426375667732316e+02 2.292228877252045979e-02 1.020102204695020644e-02 3.553324131172084979e-03 1.548900000000000000e+04
1.057389390539465950e+02 2.227051635157982490e-02 9.463403036480320940e-03 4.389902029381557297e-03 1.591300000000000000e+04
1.078395855981474227e+02 2.149878214701516840e-02 9.097917840899810357e-03 4.423189769454452525e-03 1.687900000000000000e+04
1.099389405850131709e+02 2.063788156722333109e-02 8.515071985573462177e-03 4.074949825194512133e-03 1.719300000000000000e+04
1.120392143152385387e+02 1.958110276393625754e-02 8.689240231334395201e-03 2.938183601988920979e-03 1.815700000000000000e+04
1.141233458569757744e+02 1.904420420991102120e-02 8.263076999541364015e-03 3.686660120404555274e-03 1.833900000000000000e+04
1.162159397555423084e+02 1.854059629102092904e-02 7.617316506360220958e-03 3.558336118985161185e-03 1.957300000000000000e+04
1.183137204803772420e+02 1.785619822266931375e-02 7.430798301369396196e-03 2.802840848035568003e-03 1.994100000000000000e+04
1.203972311807013256e+02 1.706224772155316705e-02 7.266264311530196314e-03 3.514285088714983515e-03 2.062900000000000000e+04
1.224922363187857286e+02 1.647510748394886634e-02 6.847447119047155376e-03 2.198674194952065630e-03 2.165500000000000000e+04
1.245882598425863534e+02 1.594447275979391301e-02 6.154930218585245687e-03 2.961701776292418112e-03 2.211300000000000000e+04
1.266884677158377315e+02 1.545068409343507317e-02 5.847662394143355105e-03 1.949618059903735585e-03 2.318500000000000000e+04
1.287846620419940962e+02 1.476868077008643490e-02 5.858367524270442772e-03 2.205601527992356609e-03 2.366700000000000000e+04
1.308713393788149801e+02 1.413230729373064765e-02 5.803434958434857197e-03 1.707485274815694195e-03 2.438500000000000000e+04
1.329754833440644575e+02 1.380340742726075126e-02 5.347655694958756978e-03 1.831774739705428192e-03 2.574900000000000000e+04
1.350691081525609434e+02 1.323524505700720069e-02 5.049654355555272499e-03 2.139088895299036223e-03 2.567500000000000000e+04
1.371638825856825576e+02 1.275063577240306834e-02 5.037766753098547878e-03 1.534748100776407243e-03 2.740900000000000000e+04
1.392604757372163533e+02 1.225712256738290852e-02 5.123014151081707428e-03 1.907864198243141955e-03 2.740500000000000000e+04
1.413466882908376760e+02 1.189784953504393131e-02 4.744032588110958827e-03 1.894530751033341592e-03 2.871700000000000000e+04
1.434475230090064031e+02 1.166720031662898949e-02 4.322255430094107571e-03 2.058680869203838044e-03 2.959500000000000000e+04
1.455452853418541679e+02 1.124615876802888444e-02 4.368960920951170217e-03 1.956797950720692413e-03 3.030100000000000000e+04
1.476332061073587738e+02 1.082707615466762044e-02 4.311857121534660477e-03 1.394797118531587027e-03 3.110100000000000000e+04
1.497211472843286231e+02 1.048732759973780571e-02 4.038380665273905677e-03 1.272450935382635337e-03 3.202300000000000000e+04
1.518138048751577287e+02 1.030820615551632756e-02 3.769065992866569171e-03 1.669113843373274710e-03 3.297700000000000000e+04
1.539211490100352648e+02 1.001810877322522643e-02 3.580614607775520208e-03 1.555329725536017593e-03 3.444900000000000000e+04
1.560214747341236716e+02 9.638184888848454202e-03 3.574349984439788470e-03 1.392813828808546874e-03 3.454900000000000000e+04
1.581161747588121784e+02 9.285847064051873032e-03 3.461438879521164941e-03 1.233222276195461865e-03 3.611100000000000000e+04
1.602118712271799836e+02 9.185325472940037220e-03 3.100778481654084019e-03 1.470625622267357144e-03 3.654100000000000000e+04
1.623006419462898862e+02 8.948985328186052565e-03 2.981481712137536676e-03 1.340653169373249827e-03 3.771700000000000000e+04
1.643899033199985240e+02 8.602668791795484160e-03 3.040845267102562210e-03 1.003217478066102371e-03 3.861900000000000000e+04
1.664835582381511756e+02 8.360733844395834904e-03 3.066979896917415831e-03 1.275683799194651108e-03 3.966100000000000000e+04
1.685719683778473552e+02 8.188657281587661402e-03 2.809535855667221697e-03 1.307449344037675543e-03 4.054500000000000000e+04
1.706641332089364766e+02 8.002020900289544617e-03 2.723115603275596489e-03 1.331838721258875877e-03 4.181500000000000000e+04
1.727708699256135390e+02 7.753548352048485713e-03 2.817477694948502479e-03 1.149999699159084000e-03 4.312500000000000000e+04
1.748696546009699659e+02 7.525723648508409087e-03 2.781020819902063710e-03 1.120726995682194303e-03 4.368100000000000000e+04
1.769585769494445344e+02 7.385299694073709648e-03 2.687649904233028152e-03 1.002866564777358388e-03 4.462900000000000000e+04
1.790524509315575301e+02 7.262217374710390819e-03 2.486320643352748442e-03 1.162876848687526910e-03 4.622700000000000000e+04
1.811526521261263554e+02 7.023845843174535315e-03 2.494876772960167698e-03 1.129986555829898742e-03 4.690900000000000000e+04
1.832476884130738881e+02 6.827710330098029495e-03 2.492849513022716429e-03 9.467711938844519020e-04 4.823700000000000000e+04
1.853312475833926101e+02 6.687047755399714785e-03 2.384209379534732616e-03 1.102407738934499870e-03 4.858300000000000000e+04
1.874284892203218931e+02 6.612972745994402483e-03 2.230588054232328192e-03 1.056744875925687971e-03 5.099700000000000000e+04
1.895337179075755216e+02 6.416632698253991324e-03 2.252870654589716332e-03 1.044166723166387468e-03 5.139700000000000000e+04
1.916268196474026126e+02 6.253472158359631335e-03 2.279897299203108817e-03 1.100620770541632524e-03 5.248900000000000000e+04
1.937183403446852878e+02 6.127385399915378540e-03 2.245390343081766875e-03 1.116075136468472166e-03 5.378700000000000000e+04
1.958131498886989164e+02 6.015118909634328652e-03 2.122538446117652137e-03 1.203713925881827939e-03 5.491300000000000000e+04
1.979058740098966211e+02 5.895639444244949248e-03 2.114639425256633048e-03 1.140404664614860786e-03 5.597700000000000000e+04
1.999990651597893816e+02 5.750134643896057628e-03 2.117761296526215597e-03 1.118729131576148578e-03 5.741500000000000000e+04
2.020893038374759101e+02 5.650568814257725392e-03 2.004083845001352563e-03 1.080167115704676025e-03 5.810500000000000000e+04
2.041823192148177952e+02 5.559539944894325604e-03 1.933140387289943246e-03 1.062992930937802123e-03 6.003300000000000000e+04
2.062825911013838152e+02 5.433063043794155930e-03 1.880125739063775959e-03 1.183796503197133247e-03 6.094900000000000000e+04
2.083770189145966185e+02 5.319326059203658558e-03 1.893722720478487227e-03 1.139263318233528889e-03 6.223500000000000000e+04
2.104675816794403431e+02 5.211441971405357879e-03 1.889285785623900232e-03 1.047263131582960123e-03 6.322900000000000000e+04
2.125667854244018145e+02 5.131997479365320129e-03 1.882224921484748799e-03 1.074834378503388343e-03 6.513300000000000000e+04
2.146619261104851830e+02 5.048013421043777600e-03 1.827839536749831370e-03 1.135875730969494301e-03 6.570700000000000000e+04
2.167561805722037036e+02 4.940950831823077809e-03 1.847845983011503664e-03 1.220956566488873860e-03 6.756100000000000000e+04
2.188528705899679210e+02 4.871298092159966758e-03 1.863022288240483984e-03 1.126337663349333404e-03 6.850500000000000000e+04
2.209456427453084473e+02 4.791904685286760106e-03 1.854056707691698839e-03 1.180245069900341063e-03 6.994300000000000000e+04
2.230395148320731096e+02 4.716684255871450397e-03 1.833011923610021639e-03 1.216594300280723125e-03 7.109700000000000000e+04
2.251356732858534997e+02 4.648990724949257289e-03 1.839178309879361661e-03 1.235521223034934113e-03 7.302100000000000000e+04
2.272278504864401327e+02 4.568227636688997756e-03 1.840995791902360094e-03 1.232057090639048511e-03 7.331700000000000000e+04
2.293197511287232544e+02 4.494395492666130101e-03 1.816762154183225626e-03 1.245441044514506790e-03 7.579900000000000000e+04
2.314114772346510165e+02 4.442457811959326514e-03 1.796464511903138371e-03 1.285680388600973214e-03 7.602100000000000000e+04
2.335058467478245632e+02 4.368472541286125277e-03 1.795641962213858234e-03 1.326079858033428135e-03 7.875300000000000000e+04
2.356041652202905539e+02 4.296544937848542980e-03 1.825408103575125408e-03 1.291620947222442027e-03 7.929100000000000000e+04
2.377006336558306998e+02 4.257414478003982046e-03 1.855505327281518207e-03 1.331839136712436970e-03 8.112900000000000000e+04
2.397972750390475198e+02 4.203531959912419451e-03 1.821002554137714832e-03 1.371923219038054557e-03 8.244100000000000000e+04
2.418944602532704096e+02 4.159727709792686648e-03 1.866688374525394016e-03 1.503967115028435062e-03 8.394900000000000000e+04
2.439884227569783093e+02 4.105242008953979317e-03 1.884846234873168791e-03 1.447022820141884375e-03 8.512300000000000000e+04
2.460835996828307373e+02 4.057756890743278652e-03 1.924880462346778608e-03 1.594290512906485456e-03 8.692900000000000000e+04
2.481755280705312146e+02 4.043085015480029666e-03 1.908268206801499393e-03 1.602639380844375454e-03 8.778900000000000000e+04
2.502623700647570217e+02 3.998531134912933736e-03 1.981368730024718906e-03 1.709009112645115507e-03 8.962300000000000000e+04
2.523586155105348325e+02 3.956557373817407020e-03 2.023092629733103109e-03 1.661266566896660258e-03 9.134100000000000000e+04
2.544547077866985489e+02 3.915885955693749858e-03 2.057855976250171342e-03 1.822263558146920140e-03 9.284500000000000000e+04
2.565487653287422063e+02 3.899406450024098508e-03 2.073310934390948379e-03 1.917706942522563393e-03 9.408700000000000000e+04
2.586464955058470991e+02 3.864887070407965058e-03 2.074382969923374738e-03 1.983196139794115524e-03 9.633300000000000000e+04
2.607443047329861656e+02 3.848620797364977943e-03 2.133606490015372593e-03 2.125079453366536357e-03 9.724900000000000000e+04
2.628438312173413465e+02 3.830187821583632378e-03 2.152442837809588703e-03 2.188606394893452631e-03 9.950100000000000000e+04
2.649298855659840228e+02 3.832859536113916374e-03 2.142694205788052940e-03 2.375350805893955333e-03 9.928300000000000000e+04
2.670163698864117805e+02 3.832967601133250007e-03 2.174210438735625292e-03 2.494419482679942780e-03 1.025370000000000000e+05
2.691120556714307668e+02 3.771469678047021691e-03 2.188082818806865240e-03 2.244737071451623819e-03 1.022830000000000000e+05
2.712074998348403483e+02 3.729958330823511178e-03 2.090825007185190092e-03 1.571523794461157902e-03 1.021060000000000000e+05
2.733050116933233653e+02 3.664371928505381123e-03 1.966038822010491606e-03 9.773470056228458769e-04 1.007340000000000000e+05
2.753977295572417461e+02 3.609338485094654245e-03 1.843520348928511486e-03 2.320827745487659909e-04 9.999400000000000000e+04
2.774958294534935703e+02 3.529965599121309781e-03 1.827819659064150318e-03 -2.446272599487093417e-04 9.936000000000000000e+04
2.795977707949222122e+02 3.480319222855772845e-03 1.699922184888609609e-03 -7.966467009793694147e-04 9.860800000000000000e+04
2.816862895118986785e+02 3.435204320941641180e-03 1.609898153400829380e-03 -1.215798774103774276e-03 9.625200000000000000e+04
2.837743515740906446e+02 3.375827570267431882e-03 1.527218802341454669e-03 -1.629552498696002502e-03 9.640000000000000000e+04
2.858713251310674650e+02 3.328339860885670947e-03 1.514153974489548804e-03 -2.023648922549281613e-03 9.539800000000000000e+04
2.879670932628575883e+02 3.271707352078527357e-03 1.460531576524909132e-03 -2.409498910376578745e-03 9.402000000000000000e+04
2.900590582015512382e+02 3.214601915248009849e-03 1.403337509342479595e-03 -2.732262174068656249e-03 9.316000000000000000e+04
2.921519201901450060e+02 3.167456951042449138e-03 1.358147769348079471e-03 -3.023954700126539781e-03 9.177600000000000000e+04
2.942485935102203030e+02 3.112768245947875913e-03 1.301173206066582938e-03 -3.255901768897571762e-03 9.137800000000000000e+04
2.963426645133968691e+02 3.068039287330542441e-03 1.279772069111130865e-03 -3.544160159395193417e-03 8.949000000000000000e+04
2.984329904966970162e+02 3.008681134858830295e-03 1.231764555659223704e-03 -3.779354190836999375e-03 8.845000000000000000e+04
3.005290481640043367e+02 2.970461109672130080e-03 1.216043428149915463e-03 -4.020928222934833790e-03 8.794600000000000000e+04
3.026245947235937592e+02 2.937186779316471649e-03 1.205806326935880083e-03 -4.194505065064665743e-03 8.575200000000000000e+04
3.047205651109674704e+02 2.900729406935609236e-03 1.163479866145124839e-03 -4.380956282733796531e-03 8.574400000000000000e+04
3.068167457111920839e+02 2.861376478361462097e-03 1.131009149777319331e-03 -4.575387837469560050e-03 8.322000000000000000e+04
3.089118625384018060e+02 2.814384347712753191e-03 1.105285753854005600e-03 -4.730405327995436393e-03 8.302000000000000000e+04
3.110099981664167785e+02 2.788403967229294983e-03 1.068534020874792019e-03 -4.868419069262315199e-03 8.106400000000000000e+04
3.131040997612852266e+02 2.763333386491084991e-03 1.056488587350509984e-03 -5.030448505398321148e-03 7.983000000000000000e+04
3.151936712677708670e+02 2.740683016403741481e-03 1.033859675433944055e-03 -5.167021929795180893e-03 7.823800000000000000e+04
3.172858841403398173e+02 2.697704646485507909e-03 1.011313269996851495e-03 -5.251847911040817031e-03 7.715400000000000000e+04
3.193772099476266817e+02 2.666968986709141939e-03 1.006559250649423929e-03 -5.377603143043076413e-03 7.546600000000000000e+04
3.214753775151562536e+02 2.640006835392045333e-03 9.804064990614437189e-04 -5.496263606545597098e-03 7.480200000000000000e+04
3.235746879206847666e+02 2.616124208256518421e-03 9.608664212700973638e-04 -5.583929524486727983e-03 7.258000000000000000e+04
3.256647237020029024e+02 2.595253457320054712e-03 9.516348898189960770e-04 -5.682913866819168901e-03 7.133800000000000000e+04
3.277571324083919535e+02 2.569048678887816180e-03 9.480547516485073652e-04 -5.794712143024584837e-03 6.964200000000000000e+04
3.298487111637800240e+02 2.553739622866020662e-03 9.344714620738638500e-04 -5.894309110399866686e-03 6.832600000000000000e+04
3.319433744068021497e+02 2.526245862574903311e-03 9.172206278099446055e-04 -5.945660656003251034e-03 6.674400000000000000e+04
3.340422322988853239e+02 2.505169335745276431e-03 9.214691767608196955e-04 -6.035410744315797965e-03 6.533800000000000000e+04
3.361307892565458246e+02 2.490283831136810237e-03 8.863251685284240537e-04 -6.081870835535936083e-03 6.315600000000000000e+04
3.382251120895489294e+02 2.484258631526386346e-03 8.757879195966087639e-04 -6.162394761570955462e-03 6.214000000000000000e+04
3.403264013195363304e+02 2.468094809208800332e-03 8.873944406985567572e-04 -6.231506836124322928e-03 6.051400000000000000e+04
3.424148842577288860e+02 2.463874583790118689e-03 8.538029826239743438e-04 -6.278427965541405129e-03 5.799000000000000000e+04
3.445099495577244397e+02 2.447886276013111918e-03 8.205860904469878918e-04 -6.271450893575845724e-03 5.742400000000000000e+04
3.466144105402300397e+02 2.449433018681400603e-03 8.233337194111014232e-04 -6.375515205739342231e-03 5.518200000000000000e+04
3.487067496858389859e+02 2.431872528489851994e-03 8.036729016499235189e-04 -6.406492422241736109e-03 5.306800000000000000e+04
3.507912540595516475e+02 2.438324753407950570e-03 8.075091937341003596e-04 -6.475909640177748665e-03 5.152800000000000000e+04
3.528807167895711814e+02 2.442770677581598826e-03 7.818765173696137641e-04 -6.562524776169378904e-03 4.954600000000000000e+04
3.549828487415276754e+02 2.430930089431731535e-03 7.948493098317818998e-04 -6.601146171172398748e-03 4.846600000000000000e+04
3.570768480370360862e+02 2.423440907652389242e-03 7.690667443145109573e-04 -6.643297367378381453e-03 4.566600000000000000e+04
3.591652111747225717e+02 2.419340552239181760e-03 7.629849515243247986e-04 -6.687281583617496993e-03 4.423000000000000000e+04
3.612627896178847777e+02 2.399409055606726172e-03 7.639962397685409268e-04 -6.746160235351733939e-03 4.254000000000000000e+04
3.633645820428338880e+02 2.387073389240505685e-03 7.365706151252264479e-04 -6.764611024718444540e-03 4.022200000000000000e+04
3.654527365610065885e+02 2.389029531577137756e-03 7.530606027012385836e-04 -6.821208890322609519e-03 3.842200000000000000e+04
3.675441472124314259e+02 2.334567208528970199e-03 7.080123866981619324e-04 -6.771860195007444426e-03 3.624600000000000000e+04
3.696396280380744201e+02 2.343328149211278740e-03 7.184133609234194008e-04 -6.843855920463035036e-03 3.455200000000000000e+04
3.717297223820279441e+02 2.288794841316786448e-03 6.986241939155114810e-04 -6.823727781504558033e-03 3.213600000000000000e+04
3.738176974939287902e+02 2.287054149754152825e-03 6.747160849165493874e-04 -6.866225017155476798e-03 3.029200000000000000e+04
3.759110996783247174e+02 2.219435581401437915e-03 6.235470079146693658e-04 -6.758370173256787912e-03 2.830200000000000000e+04
3.780081394014102898e+02 2.164409202654622201e-03 5.764026198083417509e-04 -6.692548825583999154e-03 2.605600000000000000e+04
3.801051557582653118e+02 2.118773514754831219e-03 5.298339443302504514e-04 -6.628388652483118565e-03 2.421100000000000000e+04
3.821955053587425937e+02 2.041756270577461518e-03 4.739682412146297178e-04 -6.489715690123955445e-03 2.220600000000000000e+04
3.842862749912937943e+02 2.002975770977835981e-03 4.161501804738046884e-04 -6.403557642110579810e-03 2.088400000000000000e+04
3.863841918340856409e+02 1.963112840180320645e-03 3.965475740110210303e-04 -6.345889325130233891e-03 1.939200000000000000e+04
3.884771734501698006e+02 1.929852857638643610e-03 3.777905675906880725e-04 -6.295946719875369565e-03 1.805800000000000000e+04
3.905623371605522607e+02 1.913672067801692155e-03 3.619625008920522970e-04 -6.301092196179054229e-03 1.674600000000000000e+04
3.926667500119167471e+02 1.875208672861993940e-03 3.277196123388763523e-04 -6.208998068274253733e-03 1.589800000000000000e+04
3.947778557744774162e+02 1.846155188663463906e-03 3.143612166589962800e-04 -6.146566069416175074e-03 1.457800000000000000e+04
3.968631060462392952e+02 1.811038097179558728e-03 2.963570059752271171e-04 -6.069663190992120871e-03 1.344300000000000000e+04
3.989413219049817485e+02 1.761297476576595454e-03 2.936064067027374810e-04 -5.961916871000990346e-03 1.251100000000000000e+04
4.010572258526528344e+02 1.731304590970380837e-03 2.813887884549384202e-04 -5.901023135670868669e-03 1.191900000000000000e+04
4.031656962107319373e+02 1.710272884149031209e-03 2.817725300871505643e-04 -5.862007205105572959e-03 1.063900000000000000e+04
4.052249146637423678e+02 1.702143698470703296e-03 2.667065918140159968e-04 -5.852865519810367123e-03 9.775000000000000000e+03
4.073276634718891387e+02 1.645304375765363914e-03 2.476460422982427285e-04 -5.685849397025868543e-03 9.423000000000000000e+03
4.094593776408451049e+02 1.634962880290131808e-03 2.455597276471288147e-04 -5.678204608792068904e-03 8.449000000000000000e+03
4.115405539130957777e+02 1.582808593947091814e-03 2.207075073438663265e-04 -5.508730813359610443e-03 7.596000000000000000e+03
4.135894252671187132e+02 1.571584553384992996e-03 2.092192589540921820e-04 -5.476861706542053565e-03 6.931000000000000000e+03
4.156930049049321951e+02 1.504750735346028654e-03 1.714513889873907012e-04 -5.242019058334127998e-03 6.612000000000000000e+03
4.178272827209258367e+02 1.490158085485261772e-03 1.534412962816712452e-04 -5.189830303979916203e-03 5.899000000000000000e+03
4.199082037741286513e+02 1.463044347094633350e-03 1.253923146999200622e-04 -5.084888831775040419e-03 5.176000000000000000e+03
4.219826095167229028e+02 1.464711058267367978e-03 1.107202099981593346e-04 -5.094362558049240347e-03 4.824000000000000000e+03
4.241028763136273483e+02 1.411446547803726220e-03 9.317407138324686059e-05 -4.915575713235691147e-03 4.312000000000000000e+03
4.262107721966358440e+02 1.420062167755646977e-03 7.825092621799004556e-05 -4.938273916119185689e-03 3.819000000000000000e+03
4.282460731868927724e+02 1.399511393694583212e-03 8.087382015663701837e-05 -4.882265595470444870e-03 3.220000000000000000e+03
4.303287648834323136e+02 1.338662150362069595e-03 6.189293645961980637e-05 -4.670490268701216890e-03 3.132000000000000000e+03
4.325172248853483552e+02 1.338194798861985909e-03 6.446092105886028786e-05 -4.682568725752120527e-03 2.680000000000000000e+03
4.346325070601815810e+02 1.365773805315641243e-03 5.893203094976323046e-05 -4.777588124805057061e-03 2.218000000000000000e+03
4.365567227659553851e+02 1.377979181729178893e-03 6.186521021469877527e-05 -4.825027799012851504e-03 1.728000000000000000e+03
4.386277159174848634e+02 1.295450760185972621e-03 2.869759703626380772e-05 -4.521901399261458142e-03 1.816000000000000000e+03
4.409019266196692683e+02 1.265304002206590461e-03 3.316318437846480112e-05 -4.429198750143255314e-03 1.476000000000000000e+03
4.430735479208619836e+02 1.236096981228160252e-03 1.542237073128511018e-05 -4.315304419175090313e-03 1.108000000000000000e+03
4.448761117541747012e+02 1.282303245228256800e-03 1.868567126243652672e-05 -4.479222272841405436e-03 7.560000000000000000e+02
4.469343758523184533e+02 1.266491278253530908e-03 2.374588872027084694e-06 -4.418064138011467898e-03 8.440000000000000000e+02
4.493013102792758104e+02 1.261626491692568455e-03 5.294036684754820843e-06 -4.408161930054944368e-03 6.280000000000000000e+02
4.515989744176221734e+02 1.172158990527125784e-03 -2.712765878919641658e-06 -4.092650083311804264e-03 4.050000000000000000e+02
4.533101867737696580e+02 1.347330652451904018e-03 -3.764634317534746085e-06 -4.701008894126587449e-03 2.020000000000000000e+02
4.552338387398290820e+02 1.263759884251011538e-03 -2.639671807754454591e-06 -4.415160676866518134e-03 2.280000000000000000e+02
4.576034578613840722e+02 1.179060706938685546e-03 -8.261700468534540926e-07 -4.122785582290993539e-03 1.240000000000000000e+02
4.599517872444100703e+02 1.275166954007179564e-03 -4.011149667618217457e-06 -4.457433923011668193e-03 5.200000000000000000e+01
4.619205689144050666e+02 1.078962631594734996e-03 -4.754017930014260075e-07 -3.775493968585033784e-03 9.000000000000000000e+00
4.634281054380590490e+02 2.754620565424206746e-03 1.846459110236704681e-05 -9.659322131848554344e-03 4.000000000000000000e+00
