2.966547074898984615e+00 7.555599710981677486e-01 7.322553679393823955e-01 9.998727824908649753e-01 1.300000000000000000e+01
5.026374055021858744e+00 2.766133180364498956e-01 2.773671992083541760e-01 2.691297151053629322e-01 3.300000000000000000e+01
7.149300621522788113e+00 1.313310687851079739e-01 1.229546708345194139e-01 3.361002092484500353e-02 7.900000000000000000e+01
9.278869254964254409e+00 8.314844756593259278e-02 5.774578977916518252e-02 5.819041929641003558e-02 1.170000000000000000e+02
1.145033261934470126e+01 5.708884325432654616e-02 3.193371815859623319e-02 1.424289386896462895e-02 2.050000000000000000e+02
1.349295587141915043e+01 4.351909100249379270e-02 2.109217269962163077e-02 1.145796463347007084e-02 2.350000000000000000e+02
1.558905561191892986e+01 3.311919274343857328e-02 1.512695680136356621e-02 1.542621510780035335e-03 3.690000000000000000e+02
1.769408367255316961e+01 2.529871703407090069e-02 9.967061593745683845e-03 4.983986745725019207e-03 4.330000000000000000e+02
1.981787480313529670e+01 2.145578451045347668e-02 8.766508398659207321e-03 2.899838694540321157e-03 5.850000000000000000e+02
2.192074938196263645e+01 1.942618557642170063e-02 5.344727014138429648e-03 4.363166349607636163e-03 6.790000000000000000e+02
2.398877635566245203e+01 1.711799454946678553e-02 2.571285136709371231e-03 1.523697527965824344e-03 8.130000000000000000e+02
2.609286971896115759e+01 1.496958786865908511e-02 2.245678257977875257e-03 4.766644430574454566e-04 9.850000000000000000e+02
2.823466315278179550e+01 1.302260426115763210e-02 2.783792662836551482e-03 3.803498069417589941e-03 1.183000000000000000e+03
3.032284873509123102e+01 1.067460443233058179e-02 3.215606381793568308e-03 1.628912483287045737e-03 1.269000000000000000e+03
3.240263258943403457e+01 9.378575878793645598e-03 3.270977652120069315e-03 7.436512523348861800e-04 1.537000000000000000e+03
3.449210129864554375e+01 8.928295762693128426e-03 1.707922643747755579e-03 1.202638679415233072e-03 1.653000000000000000e+03
3.658588147515196454e+01 8.168318141641739069e-03 8.084910530959607284e-04 1.186891213902333160e-03 1.963000000000000000e+03
3.868476949266977272e+01 7.216243526728944105e-03 8.791646368072356197e-04 7.736962175799831512e-04 2.121000000000000000e+03
4.078898888458283523e+01 6.288385756892001834e-03 1.086411813432170380e-03 3.464791556545836920e-04 2.413000000000000000e+03
4.289390876967645738e+01 5.354390209223396091e-03 9.639454518589501194e-04 3.304213902256204934e-04 2.635000000000000000e+03
4.498336005546935468e+01 5.070455285406156795e-03 4.460425852840675860e-04 5.261505051894216226e-04 2.877000000000000000e+03
4.706498529473824988e+01 4.546102866834809443e-03 2.358685565896192278e-04 4.329802842237800010e-04 3.169000000000000000e+03
4.917111919158227096e+01 4.208819085802737239e-03 -4.990120354393659725e-05 3.759840240535196982e-04 3.507000000000000000e+03
5.126216914174227668e+01 3.792682547508328082e-03 -2.819399240886706206e-05 1.018474077696075383e-04 3.685000000000000000e+03
5.335525146837034072e+01 3.366041873109770852e-03 1.536303531251520556e-05 3.125285845426930718e-04 4.165000000000000000e+03
5.546637228956934251e+01 3.130105413281741075e-03 -1.130008464241841184e-05 1.929676652441049715e-04 4.377000000000000000e+03
5.757318819254808773e+01 2.941225112107808716e-03 -1.476008072860996324e-04 1.095643526289468622e-05 4.855000000000000000e+03
5.965884044590281121e+01 2.683166867722458406e-03 -5.805015940598528683e-05 2.440344439785469759e-04 4.929000000000000000e+03
6.174512302159506305e+01 2.488926317798437551e-03 -1.127362694208812477e-04 1.813650174909689418e-04 5.581000000000000000e+03
6.382689291137189969e+01 2.268919504889153373e-03 7.200883185073941155e-06 2.756011316573279903e-04 5.679000000000000000e+03
6.592966228838450604e+01 2.038707845282425931e-03 8.471906258107176713e-05 2.327762309441032461e-04 6.385000000000000000e+03
6.803125784825746791e+01 1.917500576179665545e-03 9.970860724966315288e-05 3.519623754933553107e-04 6.553000000000000000e+03
7.013131008699485847e+01 1.743944114848125894e-03 1.147472609229379097e-04 3.542210467845528983e-04 7.125000000000000000e+03
7.223032366074338029e+01 1.641408966691215807e-03 7.975864849875277619e-05 2.437391568102372993e-04 7.447000000000000000e+03
7.432334270720505742e+01 1.509428662800045041e-03 6.265628419329653169e-05 2.274764897649376191e-04 7.929000000000000000e+03
7.642066756954473306e+01 1.419313157101636776e-03 5.017273059406472489e-05 1.149129644736554545e-04 8.353000000000000000e+03
7.850471694556040347e+01 1.340514847665629861e-03 7.022213114156117707e-06 1.024663199800830433e-04 8.775000000000000000e+03
8.059701946059529121e+01 1.257803636946782039e-03 -1.973268761503631786e-05 5.439289239166355947e-05 9.313000000000000000e+03
8.269521798132063850e+01 1.177695616628065970e-03 -3.849870132577619050e-05 -6.888262155738165301e-07 9.841000000000000000e+03
8.478307522909847194e+01 1.105226902577077265e-03 -5.116173833963328201e-05 3.528312811718762926e-05 1.019100000000000000e+04
8.687780839616016237e+01 1.034685167726390100e-03 -4.476016322896818203e-05 2.126110488917976822e-05 1.089700000000000000e+04
8.897524569656535220e+01 9.822940027674914067e-04 -6.188215237127098396e-05 2.314081208511259451e-05 1.130100000000000000e+04
9.108077810470518898e+01 9.200778580866086518e-04 -2.572723797437284933e-05 5.583783280086001253e-05 1.202500000000000000e+04
9.318432266948052245e+01 8.709946226500219716e-04 -2.655668683449433995e-05 5.918099845472333842e-05 1.242300000000000000e+04
9.527887641048309320e+01 8.264080964019903872e-04 -1.732467580326175257e-05 5.087712108261940928e-05 1.302100000000000000e+04
9.736254237981037818e+01 7.799316966134608011e-04 -2.999205090996637234e-06 6.458810063390683269e-05 1.340500000000000000e+04
9.944832814799407572e+01 7.369245787835658002e-04 1.732365091351124872e-05 6.071876228851851210e-05 1.424700000000000000e+04
1.015460879802399035e+02 7.094430902126815401e-04 2.511402311101489603e-06 5.155730574565574342e-05 1.471300000000000000e+04
1.036426375667732316e+02 6.737574435948480087e-04 2.893333615693197331e-06 5.654106393517588548e-05 1.548900000000000000e+04
1.057389390539465950e+02 6.479445687628110611e-04 -3.333304380059854025e-06 7.531632273303339451e-05 1.591300000000000000e+04
1.078395855981474227e+02 6.201295500861368770e-04 -8.618334417989886691e-06 5.094219022629065325e-05 1.687900000000000000e+04
1.099389405850131709e+02 5.980772601720639329e-04 -1.976085199441123037e-05 3.682459219152801823e-05 1.719300000000000000e+04
1.120392143152385387e+02 5.774533467050557397e-04 -2.562653845492074528e-05 1.146698063622060817e-05 1.815700000000000000e+04
1.141233458569757744e+02 5.517951124497695462e-04 -2.403867756247569248e-05 1.239401991835148382e-05 1.833900000000000000e+04
1.162159397555423084e+02 5.258346742359776846e-04 -2.806347118017700360e-05 1.752321394692817847e-05 1.957300000000000000e+04
1.183137204803772420e+02 5.036574827278115195e-04 -2.165843924327656914e-05 -4.483456278379204307e-06 1.994100000000000000e+04
1.203972311807013256e+02 4.904479959315500952e-04 -4.061658959681317026e-05 2.602437253471918510e-05 2.062900000000000000e+04
1.224922363187857286e+02 4.716384760781434601e-04 -4.558835317717593839e-05 7.238583030921893815e-06 2.165500000000000000e+04
1.245882598425863534e+02 4.544976384226124600e-04 -3.869246701001661083e-05 1.423014563060971132e-05 2.211300000000000000e+04
1.266884677158377315e+02 4.329516212118813016e-04 -3.217771937076019259e-05 6.313901422028916105e-06 2.318500000000000000e+04
1.287846620419940962e+02 4.228724537775316360e-04 -3.644694396306681427e-05 1.614708994634432790e-05 2.366700000000000000e+04
1.308713393788149801e+02 4.099816504109258185e-04 -3.990975971236753931e-05 1.448617336437261640e-05 2.438500000000000000e+04
1.329754833440644575e+02 4.020018315200726616e-04 -3.705141190383057800e-05 5.839812324729270591e-06 2.574900000000000000e+04
1.350691081525609434e+02 3.909025165179091650e-04 -3.731986650435320719e-05 9.214609317764540052e-06 2.567500000000000000e+04
1.371638825856825576e+02 3.771590681657155972e-04 -3.033980721389212585e-05 -1.588336109284899864e-06 2.740900000000000000e+04
1.392604757372163533e+02 3.659170610185309941e-04 -3.090216308845479261e-05 4.210967327284875562e-06 2.740500000000000000e+04
1.413466882908376760e+02 3.538466411448286885e-04 -3.115012159328018834e-05 -1.797240058744193371e-06 2.871700000000000000e+04
1.434475230090064031e+02 3.502282681320953656e-04 -4.028425747721177484e-05 4.051868528235356243e-07 2.959500000000000000e+04
1.455452853418541679e+02 3.385400613443063922e-04 -3.906445447290521578e-05 3.803940559574234099e-06 3.030100000000000000e+04
1.476332061073587738e+02 3.290973884069208670e-04 -3.582975484973818878e-05 -9.782810780237476162e-07 3.110100000000000000e+04
1.497211472843286231e+02 3.195701195675984757e-04 -3.499486340513368156e-05 -1.519171801779324486e-05 3.202300000000000000e+04
1.518138048751577287e+02 3.139594656441454688e-04 -3.979978091758140321e-05 -8.281786868340033184e-06 3.297700000000000000e+04
1.539211490100352648e+02 3.118505634940680477e-04 -4.982563469914385337e-05 -7.420613002065657855e-06 3.444900000000000000e+04
1.560214747341236716e+02 3.041126822221076279e-04 -5.127025595871628739e-05 -9.059413950381295083e-07 3.454900000000000000e+04
1.581161747588121784e+02 2.984370098107777623e-04 -5.103153783418993769e-05 -8.523373067335021248e-06 3.611100000000000000e+04
1.602118712271799836e+02 2.883234439145451484e-04 -4.601502214810276816e-05 -4.366173856797978561e-06 3.654100000000000000e+04
1.623006419462898862e+02 2.847034119178921312e-04 -5.051336115223199681e-05 -1.836134397643055112e-07 3.771700000000000000e+04
1.643899033199985240e+02 2.796727754679180305e-04 -5.229723218511600014e-05 -7.024579491069014425e-06 3.861900000000000000e+04
1.664835582381511756e+02 2.761280693242006731e-04 -5.523170911541998881e-05 5.845732134092455645e-07 3.966100000000000000e+04
1.685719683778473552e+02 2.683142457651062026e-04 -5.167332490424344756e-05 1.776606494516325568e-06 4.054500000000000000e+04
1.706641332089364766e+02 2.619144483437854101e-04 -4.772324327137945790e-05 1.547468216213333413e-06 4.181500000000000000e+04
1.727708699256135390e+02 2.592856942710618055e-04 -5.072069294015507375e-05 -3.833501734487870178e-06 4.312500000000000000e+04
1.748696546009699659e+02 2.548404209246708167e-04 -5.207663367391721310e-05 5.410229367200828977e-07 4.368100000000000000e+04
1.769585769494445344e+02 2.538367059104965203e-04 -5.852608180934579848e-05 -3.915927399694885641e-07 4.462900000000000000e+04
1.790524509315575301e+02 2.467187907717030473e-04 -5.420824385249603002e-05 4.505874809381401064e-06 4.622700000000000000e+04
1.811526521261263554e+02 2.418457804442987046e-04 -5.421446426980042644e-05 1.376105863107377129e-06 4.690900000000000000e+04
1.832476884130738881e+02 2.368513635965505181e-04 -5.331038836165283030e-05 -3.759630623407608970e-06 4.823700000000000000e+04
1.853312475833926101e+02 2.333235841081295829e-04 -5.524795745550076226e-05 7.580811981157171686e-07 4.858300000000000000e+04
1.874284892203218931e+02 2.320721558562781296e-04 -5.861185320670280380e-05 -2.766191652740549557e-06 5.099700000000000000e+04
1.895337179075755216e+02 2.292215791861236963e-04 -6.091293764502031110e-05 -7.082707395827637380e-06 5.139700000000000000e+04
1.916268196474026126e+02 2.256419104587806365e-04 -6.109193029075508995e-05 -8.338861380155033277e-06 5.248900000000000000e+04
1.937183403446852878e+02 2.201977349137250559e-04 -5.893256955494038528e-05 -5.899059253829489499e-06 5.378700000000000000e+04
1.958131498886989164e+02 2.176554311410105905e-04 -5.834910130132455386e-05 -1.107529848609020084e-05 5.491300000000000000e+04
1.979058740098966211e+02 2.133378171322981799e-04 -5.948151872864559730e-05 -7.512830157548484652e-06 5.597700000000000000e+04
1.999990651597893816e+02 2.115300784169236461e-04 -6.261078731230610079e-05 -4.902741052000210836e-06 5.741500000000000000e+04
2.020893038374759101e+02 2.065693246566880422e-04 -5.875370312667243671e-05 -5.401666438603234741e-06 5.810500000000000000e+04
2.041823192148177952e+02 2.022871801521508161e-04 -5.736335523296436794e-05 -7.251406176412745707e-06 6.003300000000000000e+04
2.062825911013838152e+02 1.987249380133056503e-04 -5.751416872787086634e-05 -5.369970043620173919e-06 6.094900000000000000e+04
2.083770189145966185e+02 1.965898356517359032e-04 -5.935565096945466128e-05 -3.845187868839705773e-06 6.223500000000000000e+04
2.104675816794403431e+02 1.953537983006846694e-04 -6.219131368408462241e-05 -4.008579010249029302e-06 6.322900000000000000e+04
2.125667854244018145e+02 1.932548266738753125e-04 -6.420177576253993093e-05 -4.829081338200328292e-06 6.513300000000000000e+04
2.146619261104851830e+02 1.891861577884946328e-04 -6.335051927946512562e-05 -2.290512297250876291e-06 6.570700000000000000e+04
2.167561805722037036e+02 1.859622969538401180e-04 -6.233821058084149970e-05 -2.745789604103369801e-06 6.756100000000000000e+04
2.188528705899679210e+02 1.827297221287951475e-04 -6.329259373438319495e-05 -2.180210262489638046e-06 6.850500000000000000e+04
2.209456427453084473e+02 1.822325313854151617e-04 -6.709943880894264872e-05 -1.789028026504599721e-06 6.994300000000000000e+04
2.230395148320731096e+02 1.795406064448778279e-04 -6.831092120533308629e-05 -3.161229042763593436e-06 7.109700000000000000e+04
2.251356732858534997e+02 1.772831179052856629e-04 -6.970738983637212892e-05 -1.642512053763691832e-06 7.302100000000000000e+04
2.272278504864401327e+02 1.738310952428447759e-04 -6.905748319820712684e-05 -2.173193272962956980e-06 7.331700000000000000e+04
2.293197511287232544e+02 1.716293807537210795e-04 -7.063406311616531779e-05 -3.041873686885735673e-06 7.579900000000000000e+04
2.314114772346510165e+02 1.683610358012030492e-04 -7.113027486361521760e-05 2.161638347142808549e-06 7.602100000000000000e+04
2.335058467478245632e+02 1.660068295775226526e-04 -7.262571705174636566e-05 6.433927596746589322e-06 7.875300000000000000e+04
2.356041652202905539e+02 1.636697422560483132e-04 -7.198296458439815756e-05 7.043874983205475800e-06 7.929100000000000000e+04
2.377006336558306998e+02 1.604970305420332631e-04 -7.089512413581252812e-05 1.004906054797891279e-05 8.112900000000000000e+04
2.397972750390475198e+02 1.580515488331477470e-04 -7.056604106258698033e-05 1.258361690271154474e-05 8.244100000000000000e+04
2.418944602532704096e+02 1.562646080697607830e-04 -7.093632145257843620e-05 1.651627466982129338e-05 8.394900000000000000e+04
2.439884227569783093e+02 1.558060850764845455e-04 -7.316213685007240018e-05 1.493191605120364876e-05 8.512300000000000000e+04
2.460835996828307373e+02 1.537950119716319924e-04 -7.197290442992860886e-05 1.735662629875431447e-05 8.692900000000000000e+04
2.481755280705312146e+02 1.534893052478773833e-04 -7.304168657404445106e-05 1.635731548674083336e-05 8.778900000000000000e+04
2.502623700647570217e+02 1.518428504776414513e-04 -7.465394451998615436e-05 1.784377585301182259e-05 8.962300000000000000e+04
2.523586155105348325e+02 1.511442327752599252e-04 -7.502214968147394932e-05 1.506181222916076404e-05 9.134100000000000000e+04
2.544547077866985489e+02 1.501267064876916912e-04 -7.728475533594888547e-05 1.746483266092006619e-05 9.284500000000000000e+04
2.565487653287422063e+02 1.487608973917480210e-04 -7.879322858586077308e-05 1.721593365316072852e-05 9.408700000000000000e+04
2.586464955058470991e+02 1.471037770791135308e-04 -7.994092136872379918e-05 1.776400268625942617e-05 9.633300000000000000e+04
2.607443047329861656e+02 1.465303573070677982e-04 -8.207839776259534493e-05 2.131616922877761512e-05 9.724900000000000000e+04
2.628438312173413465e+02 1.459961732780745496e-04 -8.393002098027340415e-05 2.177208569598299167e-05 9.950100000000000000e+04
2.649298855659840228e+02 1.449626233966897100e-04 -8.473436801811842659e-05 2.484833929068336477e-05 9.928300000000000000e+04
2.670163698864117805e+02 1.444716773713579177e-04 -8.526254891315026923e-05 2.587457228088808675e-05 1.025370000000000000e+05
2.691120556714307668e+02 1.441359001962243811e-04 -8.419481732190717597e-05 2.307582798424266316e-05 1.022830000000000000e+05
2.712074998348403483e+02 1.431681359814700302e-04 -7.912976567079044968e-05 9.795630058040861134e-06 1.021060000000000000e+05
2.733050116933233653e+02 1.431193988578786469e-04 -7.626115239522119195e-05 -2.620614288905620207e-06 1.007340000000000000e+05
2.753977295572417461e+02 1.427356939095022407e-04 -7.363637485015061884e-05 -1.565966913190350814e-05 9.999400000000000000e+04
2.774958294534935703e+02 1.437199576064750704e-04 -7.416916793461131340e-05 -2.468746286916061210e-05 9.936000000000000000e+04
2.795977707949222122e+02 1.426844072488542053e-04 -7.140349247168151117e-05 -3.971767660429631870e-05 9.860800000000000000e+04
2.816862895118986785e+02 1.420680053414104694e-04 -6.829837224682142310e-05 -5.114772372563443137e-05 9.625200000000000000e+04
2.837743515740906446e+02 1.417799223158726818e-04 -6.713228257338560954e-05 -6.211807681394340707e-05 9.640000000000000000e+04
2.858713251310674650e+02 1.418147158985207297e-04 -6.587996716149959364e-05 -7.051161158627507522e-05 9.539800000000000000e+04
2.879670932628575883e+02 1.409611551469552545e-04 -6.336663622288790675e-05 -7.984926280642996627e-05 9.402000000000000000e+04
2.900590582015512382e+02 1.396886740988849559e-04 -5.978126482468447547e-05 -8.974267853878288245e-05 9.316000000000000000e+04
2.921519201901450060e+02 1.395651887493403723e-04 -5.810673384285862739e-05 -9.900003395640715170e-05 9.177600000000000000e+04
2.942485935102203030e+02 1.380089590896366322e-04 -5.470031400137950533e-05 -1.080068843612895578e-04 9.137800000000000000e+04
2.963426645133968691e+02 1.373991344344668581e-04 -5.241400318145021024e-05 -1.176230859894581435e-04 8.949000000000000000e+04
2.984329904966970162e+02 1.365266564976819956e-04 -4.920285895225342090e-05 -1.277421695146896635e-04 8.845000000000000000e+04
3.005290481640043367e+02 1.362813820872499739e-04 -4.651663195033111487e-05 -1.358289589182085652e-04 8.794600000000000000e+04
3.026245947235937592e+02 1.363333055003960147e-04 -4.492033126984568516e-05 -1.435684325627946433e-04 8.575200000000000000e+04
3.047205651109674704e+02 1.351938474199238698e-04 -4.222422721440087989e-05 -1.523806476427219236e-04 8.574400000000000000e+04
3.068167457111920839e+02 1.332550842913485158e-04 -3.971030051614832024e-05 -1.592828910560120540e-04 8.322000000000000000e+04
3.089118625384018060e+02 1.320568136677417422e-04 -3.666439509109908516e-05 -1.676857103808175023e-04 8.302000000000000000e+04
3.110099981664167785e+02 1.311584409753564979e-04 -3.497156845235683571e-05 -1.728497755413754616e-04 8.106400000000000000e+04
3.131040997612852266e+02 1.292550548941743247e-04 -3.110145213704262163e-05 -1.802780697016974549e-04 7.983000000000000000e+04
3.151936712677708670e+02 1.282062953239143698e-04 -2.932369718655764148e-05 -1.846160808559596999e-04 7.823800000000000000e+04
3.172858841403398173e+02 1.279466788860107599e-04 -2.836484801957043318e-05 -1.923762444922183436e-04 7.715400000000000000e+04
3.193772099476266817e+02 1.276293731093841349e-04 -2.682721914188220119e-05 -1.972755744232372859e-04 7.546600000000000000e+04
3.214753775151562536e+02 1.281981133037589479e-04 -2.441524097930881311e-05 -2.067618789796146197e-04 7.480200000000000000e+04
3.235746879206847666e+02 1.270813904766930516e-04 -2.175511492356810278e-05 -2.125066341921177406e-04 7.258000000000000000e+04
3.256647237020029024e+02 1.271738329966242711e-04 -1.898573371177284490e-05 -2.207811056365735166e-04 7.133800000000000000e+04
3.277571324083919535e+02 1.260476992749730307e-04 -1.765177295883600678e-05 -2.259157404485935333e-04 6.964200000000000000e+04
3.298487111637800240e+02 1.251830331266230647e-04 -1.425249412815717056e-05 -2.324888646798872760e-04 6.832600000000000000e+04
3.319433744068021497e+02 1.247175760374296890e-04 -1.352286485779878388e-05 -2.366940906609448099e-04 6.674400000000000000e+04
3.340422322988853239e+02 1.247963465120170668e-04 -1.140984000955246642e-05 -2.427675584270498426e-04 6.533800000000000000e+04
3.361307892565458246e+02 1.243659038593115940e-04 -8.908061546400971366e-06 -2.480794223939255627e-04 6.315600000000000000e+04
3.382251120895489294e+02 1.239892090463974291e-04 -7.586300138715536139e-06 -2.522438978790524436e-04 6.214000000000000000e+04
3.403264013195363304e+02 1.232153340281333376e-04 -6.004303452707722789e-06 -2.552695943415674690e-04 6.051400000000000000e+04
3.424148842577288860e+02 1.226974200528886932e-04 -5.634555880765512228e-06 -2.588385731218421438e-04 5.799000000000000000e+04
3.445099495577244397e+02 1.222566625180051950e-04 -3.085605296180981602e-06 -2.624725865913490929e-04 5.742400000000000000e+04
3.466144105402300397e+02 1.208477334237388861e-04 -2.111902443223505022e-06 -2.646177928360611033e-04 5.518200000000000000e+04
3.487067496858389859e+02 1.206465182244879496e-04 1.318456577506203498e-07 -2.693991071377092677e-04 5.306800000000000000e+04
3.507912540595516475e+02 1.214778275228013845e-04 2.059446732178327791e-06 -2.755832275846787846e-04 5.152800000000000000e+04
3.528807167895711814e+02 1.207006154398156122e-04 2.512273190284830089e-06 -2.781507031543032412e-04 4.954600000000000000e+04
3.549828487415276754e+02 1.213913504919470875e-04 5.259834707493728548e-06 -2.843331195247319663e-04 4.846600000000000000e+04
3.570768480370360862e+02 1.196219893922707063e-04 5.712498602941115177e-06 -2.844488807921947385e-04 4.566600000000000000e+04
3.591652111747225717e+02 1.196508003562245541e-04 6.759125813022661249e-06 -2.873132973078382116e-04 4.423000000000000000e+04
3.612627896178847777e+02 1.186935646730135854e-04 8.500740468858361624e-06 -2.900403691038416559e-04 4.254000000000000000e+04
3.633645820428338880e+02 1.161715477160949817e-04 7.747098088317386382e-06 -2.872054891822734771e-04 4.022200000000000000e+04
3.654527365610065885e+02 1.160514430719997614e-04 7.468376601117190895e-06 -2.874891790928583665e-04 3.842200000000000000e+04
3.675441472124314259e+02 1.134219215440692959e-04 4.729143376817745061e-06 -2.840772264704502330e-04 3.624600000000000000e+04
3.696396280380744201e+02 1.150131815853624876e-04 3.918348506398356860e-06 -2.878176082125776859e-04 3.455200000000000000e+04
3.717297223820279441e+02 1.132073641234207484e-04 2.636011396735655830e-07 -2.848252479373406323e-04 3.213600000000000000e+04
3.738176974939287902e+02 1.124630896453063933e-04 1.343748143613828722e-07 -2.874222271799770469e-04 3.029200000000000000e+04
3.759110996783247174e+02 1.102974154394242129e-04 1.109633966085084570e-06 -2.893546323391162577e-04 2.830200000000000000e+04
3.780081394014102898e+02 1.067396989370491292e-04 6.674370590748424798e-07 -2.864689576094433567e-04 2.605600000000000000e+04
3.801051557582653118e+02 1.034884164276009483e-04 4.648344764041959678e-07 -2.857326813208825459e-04 2.421100000000000000e+04
3.821955053587425937e+02 9.975108007633873568e-05 8.592258707039877161e-07 -2.844274381686994228e-04 2.220600000000000000e+04
3.842862749912937943e+02 9.762424633655071191e-05 8.536019320705730787e-07 -2.839258915381789785e-04 2.088400000000000000e+04
3.863841918340856409e+02 9.572234237961878603e-05 2.925583958123945094e-07 -2.820691361393099753e-04 1.939200000000000000e+04
3.884771734501698006e+02 9.390388943090099885e-05 -1.552084981507705383e-06 -2.781367918393931084e-04 1.805800000000000000e+04
3.905623371605522607e+02 9.301819851763287034e-05 -1.407114227236744742e-06 -2.790242575156234666e-04 1.674600000000000000e+04
3.926667500119167471e+02 9.186342103256661044e-05 -2.337263399417118782e-06 -2.782991050238380146e-04 1.589800000000000000e+04
3.947778557744774162e+02 9.133475319605712233e-05 -1.737800435779939573e-06 -2.804572329116428956e-04 1.457800000000000000e+04
3.968631060462392952e+02 9.014331343136652115e-05 -7.922356631244734994e-07 -2.805428765076982346e-04 1.344300000000000000e+04
3.989413219049817485e+02 9.015883649652314455e-05 9.751906342267942458e-08 -2.845124292323433562e-04 1.251100000000000000e+04
4.010572258526528344e+02 8.971047039984192883e-05 1.091715160233909052e-07 -2.858820952161703413e-04 1.191900000000000000e+04
4.031656962107319373e+02 8.801548588913191129e-05 1.621523018365392298e-07 -2.828634244593116170e-04 1.063900000000000000e+04
4.052249146637423678e+02 8.775573264120252307e-05 1.367715183338533199e-06 -2.863658602171448167e-04 9.775000000000000000e+03
4.073276634718891387e+02 8.460519788072295034e-05 2.688035262702217993e-06 -2.805879571066496338e-04 9.423000000000000000e+03
4.094593776408451049e+02 8.451589411585543716e-05 1.853899951119474293e-06 -2.808781004912367816e-04 8.449000000000000000e+03
4.115405539130957777e+02 8.467581096582748918e-05 2.040209249634744420e-06 -2.833177504690161932e-04 7.596000000000000000e+03
4.135894252671187132e+02 8.426647791812446394e-05 1.493343086444481573e-06 -2.822537145108930477e-04 6.931000000000000000e+03
4.156930049049321951e+02 8.499174824190810292e-05 1.576417589518190848e-06 -2.874582235642707045e-04 6.612000000000000000e+03
4.178272827209258367e+02 8.614456960725943831e-05 1.567366072829014416e-06 -2.922463169096986991e-04 5.899000000000000000e+03
4.199082037741286513e+02 8.612260977295432460e-05 2.120010504093239287e-06 -2.938287172544945059e-04 5.176000000000000000e+03
4.219826095167229028e+02 8.995404996973803673e-05 3.011799109422748380e-06 -3.090692248317228243e-04 4.824000000000000000e+03
4.241028763136273483e+02 9.208108602017771739e-05 2.943113616762524135e-06 -3.176071086080783923e-04 4.312000000000000000e+03
4.262107721966358440e+02 9.938324456621189381e-05 2.247781500051727577e-06 -3.425573289367032947e-04 3.819000000000000000e+03
4.282460731868927724e+02 9.970221133401459398e-05 2.591906328814922028e-07 -3.421958423883915716e-04 3.220000000000000000e+03
4.303287648834323136e+02 1.072823133364562623e-04 -3.562852744789145775e-07 -3.688784747715311723e-04 3.132000000000000000e+03
4.325172248853483552e+02 1.129535546347746049e-04 1.926165234825181421e-07 -3.901791630830744352e-04 2.680000000000000000e+03
4.346325070601815810e+02 1.221239775976836275e-04 2.989350821551417103e-07 -4.226193291739700373e-04 2.218000000000000000e+03
4.365567227659553851e+02 1.244570573464452376e-04 -5.850816539384280765e-07 -4.296545077282542049e-04 1.728000000000000000e+03
4.386277159174848634e+02 1.301543850504605928e-04 -1.106697076498975156e-06 -4.504707529250651923e-04 1.816000000000000000e+03
4.409019266196692683e+02 1.310436555506981290e-04 -1.466487713269157067e-06 -4.538849684930914359e-04 1.476000000000000000e+03
4.430735479208619836e+02 1.336483206169029186e-04 -4.228123655500041303e-07 -4.645193045688517900e-04 1.108000000000000000e+03
4.448761117541747012e+02 1.320650935436176797e-04 -5.841418348787660545e-07 -4.588014238238916184e-04 7.560000000000000000e+02
4.469343758523184533e+02 1.366646373195902139e-04 -1.170613319454685374e-06 -4.751332849765406625e-04 8.440000000000000000e+02
4.493013102792758104e+02 1.469079065088631675e-04 -1.668965046577744521e-06 -5.108633855070623259e-04 6.280000000000000000e+02
4.515989744176221734e+02 1.688926269057833566e-04 -7.513558399313046984e-07 -5.891581337023882444e-04 4.050000000000000000e+02
4.533101867737696580e+02 1.701292034938675461e-04 -3.759777231176532547e-07 -5.936248321116131821e-04 2.020000000000000000e+02
4.552338387398290820e+02 1.696492574884187854e-04 -5.205857779443838323e-07 -5.925026903305960317e-04 2.280000000000000000e+02
4.576034578613840722e+02 1.405862829093202098e-04 4.939189799553665228e-07 -4.922616358504571616e-04 1.240000000000000000e+02
4.599517872444100703e+02 1.265065810625396348e-04 5.527601510164868607e-07 -4.431926178895375713e-04 5.200000000000000000e+01
4.619205689144050666e+02 1.111011339965825258e-04 -3.387530369285578973e-08 -3.887558957764770430e-04 9.000000000000000000e+00
4.634281054380590490e+02 6.346298976953988356e-05 3.628105287825127673e-07 -2.224722384354644949e-04 4.000000000000000000e+00
