2.966547074898984615e+00 2.559150067549084362e+00 2.661912478298487539e+00 1.297949491540318911e+00 1.300000000000000000e+01
5.026374055021858744e+00 1.364530009935145394e+00 1.196861880306240522e+00 8.656231522648162313e-01 3.300000000000000000e+01
7.149300621522788113e+00 7.970133531096054158e-01 6.757646728495013688e-01 2.710223336059630964e-02 7.900000000000000000e+01
9.278869254964254409e+00 6.236349829607799045e-01 3.074369989459386221e-01 2.247366310867033590e-01 1.170000000000000000e+02
1.145033261934470126e+01 5.123971813731247327e-01 1.428200261572898644e-01 5.798805486524714892e-02 2.050000000000000000e+02
1.349295587141915043e+01 4.652175584024946242e-01 7.592046901806290271e-02 1.000390452864152561e-02 2.350000000000000000e+02
1.558905561191892986e+01 3.911751808779502793e-01 7.931475634027571053e-02 -6.862348163879926355e-02 3.690000000000000000e+02
1.769408367255316961e+01 3.209693235290262958e-01 7.455470312305191583e-02 -5.103406344842702225e-02 4.330000000000000000e+02
1.981787480313529670e+01 2.901446310346801893e-01 7.563690830060029735e-02 -3.308206868942950574e-02 5.850000000000000000e+02
2.192074938196263645e+01 2.894695448183006170e-01 2.464100333278664012e-02 1.684303579727892616e-02 6.790000000000000000e+02
2.398877635566245203e+01 2.838588344645836536e-01 -1.285236569148304371e-02 -2.108072041260726504e-02 8.130000000000000000e+02
2.609286971896115759e+01 2.664396907009148885e-01 -8.433337630422182074e-04 -3.097761847022761222e-02 9.850000000000000000e+02
2.823466315278179550e+01 2.435278442144364341e-01 2.028139477296234117e-02 2.588057893349680894e-02 1.183000000000000000e+03
3.032284873509123102e+01 2.149732926089486518e-01 3.826854898670023486e-02 -3.740010447234083310e-03 1.269000000000000000e+03
3.240263258943403457e+01 2.000227777415341524e-01 4.279539819173660414e-02 -8.065932581754444580e-03 1.537000000000000000e+03
3.449210129864554375e+01 2.043412410265578738e-01 1.182451096093720642e-02 5.089891524779782163e-03 1.653000000000000000e+03
3.658588147515196454e+01 1.962929997078125266e-01 -2.164740279382920511e-03 1.219994496865726107e-02 1.963000000000000000e+03
3.868476949266977272e+01 1.821029111302508996e-01 7.399890015123371419e-03 9.255717503620908976e-03 2.121000000000000000e+03
4.078898888458283523e+01 1.664377429042819267e-01 1.551190952760017269e-02 1.132953307944861362e-03 2.413000000000000000e+03
4.289390876967645738e+01 1.494326950217947370e-01 1.779707004925656921e-02 9.104719519123679857e-04 2.635000000000000000e+03
4.498336005546935468e+01 1.478993318495546161e-01 1.748162398332194205e-03 1.161583287884346456e-02 2.877000000000000000e+03
4.706498529473824988e+01 1.379663915782185502e-01 1.670232866728156432e-04 7.441248034423420844e-03 3.169000000000000000e+03
4.917111919158227096e+01 1.331200913518614526e-01 -4.772840255374862298e-03 4.368985203715804351e-03 3.507000000000000000e+03
5.126216914174227668e+01 1.232260867174600205e-01 -3.373995074845853766e-03 5.496526414903178713e-04 3.685000000000000000e+03
5.335525146837034072e+01 1.143165273441994756e-01 -2.376068461165373961e-03 4.723012889271031335e-03 4.165000000000000000e+03
5.546637228956934251e+01 1.101990812527370300e-01 -5.148569318928123036e-03 4.123745520522803520e-03 4.377000000000000000e+03
5.757318819254808773e+01 1.083358368964186524e-01 -1.010857565126195394e-02 -1.963678475641628899e-03 4.855000000000000000e+03
5.965884044590281121e+01 1.020859278631272016e-01 -6.056503129618025921e-03 4.704536649079309012e-03 4.929000000000000000e+03
6.174512302159506305e+01 9.758699752400358529e-02 -7.701706889585131256e-03 1.450124994075336704e-03 5.581000000000000000e+03
6.382689291137189969e+01 9.059496250963691710e-02 -2.267697463284461951e-03 6.316180531330083461e-03 5.679000000000000000e+03
6.592966228838450604e+01 8.462272079275208470e-02 2.387329583903043909e-04 4.499589291928607175e-03 6.385000000000000000e+03
6.803125784825746791e+01 8.189095847209468260e-02 -1.230655935841158243e-03 1.161439611456683077e-02 6.553000000000000000e+03
7.013131008699485847e+01 7.670442565038074201e-02 -2.260122197101829258e-04 1.104731787158313820e-02 7.125000000000000000e+03
7.223032366074338029e+01 7.428092411714301568e-02 -1.323996661618636207e-03 7.633079350405456466e-03 7.447000000000000000e+03
7.432334270720505742e+01 7.024406564428295474e-02 -1.279576336278787519e-03 6.548591109726223207e-03 7.929000000000000000e+03
7.642066756954473306e+01 6.773876344944804173e-02 -1.667470029892051397e-03 3.234373942961871803e-03 8.353000000000000000e+03
7.850471694556040347e+01 6.568282597827927727e-02 -3.822622031880885864e-03 3.251572093090450161e-03 8.775000000000000000e+03
8.059701946059529121e+01 6.332482462655435185e-02 -4.264789187840451259e-03 1.327787969422557614e-03 9.313000000000000000e+03
8.269521798132063850e+01 6.067693884568199636e-02 -4.369564078336836410e-03 -1.085197416420871077e-03 9.841000000000000000e+03
8.478307522909847194e+01 5.803567974444322902e-02 -4.365790089467802559e-03 4.921467205280404987e-04 1.019100000000000000e+04
8.687780839616016237e+01 5.569939750119082267e-02 -4.421216158571415061e-03 5.189052732828201538e-04 1.089700000000000000e+04
8.897524569656535220e+01 5.383287517172684333e-02 -5.139160427851490603e-03 6.528774652328983791e-04 1.130100000000000000e+04
9.108077810470518898e+01 5.137610397807773621e-02 -3.856375262115616966e-03 2.089725605968350327e-03 1.202500000000000000e+04
9.318432266948052245e+01 4.938194165476185449e-02 -3.467418916521346553e-03 1.671062493354383673e-03 1.242300000000000000e+04
9.527887641048309320e+01 4.752936007290275988e-02 -3.265170652802839527e-03 1.591017135559131754e-03 1.302100000000000000e+04
9.736254237981037818e+01 4.577523340135836866e-02 -2.873026506815376871e-03 2.640702324068020662e-03 1.340500000000000000e+04
9.944832814799407572e+01 4.404221570889908094e-02 -2.210483784501634293e-03 2.917981104960529464e-03 1.424700000000000000e+04
1.015460879802399035e+02 4.297937666808850088e-02 -2.837522173733396033e-03 2.707867610861973071e-03 1.471300000000000000e+04
1.036426375667732316e+02 4.138430021129049091e-02 -2.243742814123982163e-03 2.384130009444780825e-03 1.548900000000000000e+04
1.057389390539465950e+02 4.054534706191153387e-02 -2.851023370445115394e-03 3.630101581248883387e-03 1.591300000000000000e+04
1.078395855981474227e+02 3.949546194509460928e-02 -3.078167434804057918e-03 2.735299085021606139e-03 1.687900000000000000e+04
1.099389405850131709e+02 3.880029865034605174e-02 -3.820282407326334485e-03 2.441420989066726659e-03 1.719300000000000000e+04
1.120392143152385387e+02 3.784825069121160179e-02 -3.840998907901081120e-03 9.484731896745085458e-04 1.815700000000000000e+04
1.141233458569757744e+02 3.662515081541085904e-02 -3.605370823907750721e-03 1.180064663436318885e-03 1.833900000000000000e+04
1.162159397555423084e+02 3.541253830530975005e-02 -3.753141096366843527e-03 1.495113019499809274e-03 1.957300000000000000e+04
1.183137204803772420e+02 3.427912396953035346e-02 -3.237084653516413175e-03 4.476278446906700867e-04 1.994100000000000000e+04
1.203972311807013256e+02 3.371289525333655973e-02 -4.282877248359314055e-03 2.349016991644039230e-03 2.062900000000000000e+04
1.224922363187857286e+02 3.268270784841125626e-02 -4.469011661504714884e-03 1.302590605753482702e-03 2.165500000000000000e+04
1.245882598425863534e+02 3.157306473740154745e-02 -3.678988271774460365e-03 1.706824801471165708e-03 2.211300000000000000e+04
1.266884677158377315e+02 3.034808506844261303e-02 -3.245508719576971606e-03 9.255670222601704560e-04 2.318500000000000000e+04
1.287846620419940962e+02 2.998581156775632223e-02 -3.647667437878725737e-03 1.482882582142959309e-03 2.366700000000000000e+04
1.308713393788149801e+02 2.939984596490566315e-02 -4.141499916119959282e-03 1.633348287580689258e-03 2.438500000000000000e+04
1.329754833440644575e+02 2.898163761434482955e-02 -4.033676988847659933e-03 1.025898049267875934e-03 2.574900000000000000e+04
1.350691081525609434e+02 2.836477281263343267e-02 -3.915758175512876020e-03 1.005474631330138466e-03 2.567500000000000000e+04
1.371638825856825576e+02 2.747980310135430398e-02 -3.266462992273599583e-03 2.758058340698340931e-04 2.740900000000000000e+04
1.392604757372163533e+02 2.686518048921018170e-02 -3.345901509330170571e-03 7.227685614475642647e-04 2.740500000000000000e+04
1.413466882908376760e+02 2.630402405401813595e-02 -3.373915321544257266e-03 1.670302718496477240e-04 2.871700000000000000e+04
1.434475230090064031e+02 2.623148328835029491e-02 -4.087262551274307813e-03 4.240920156217284028e-04 2.959500000000000000e+04
1.455452853418541679e+02 2.544666533876943637e-02 -3.759417922230825701e-03 4.006762452202017669e-04 3.030100000000000000e+04
1.476332061073587738e+02 2.478812010473586611e-02 -3.392118179685192896e-03 -7.729319561865959694e-05 3.110100000000000000e+04
1.497211472843286231e+02 2.421796824430540868e-02 -3.381970164662435364e-03 -9.994267125254573461e-04 3.202300000000000000e+04
1.518138048751577287e+02 2.382277872219700984e-02 -3.615926650034868590e-03 -5.895406121879662783e-04 3.297700000000000000e+04
1.539211490100352648e+02 2.370963963785326437e-02 -4.343110160434375706e-03 -4.123409039730427145e-04 3.444900000000000000e+04
1.560214747341236716e+02 2.323392476683704480e-02 -4.524648208248580744e-03 -1.539726695402550481e-04 3.454900000000000000e+04
1.581161747588121784e+02 2.272483370816856876e-02 -4.366371555194161445e-03 -7.331368345558579146e-04 3.611100000000000000e+04
1.602118712271799836e+02 2.198942832614245516e-02 -3.942270579377503761e-03 -4.673753859789338359e-04 3.654100000000000000e+04
1.623006419462898862e+02 2.174026562480561517e-02 -4.307062788382170701e-03 -2.429931299333910281e-04 3.771700000000000000e+04
1.643899033199985240e+02 2.148433447797281834e-02 -4.537528566822440421e-03 -7.289079301159437840e-04 3.861900000000000000e+04
1.664835582381511756e+02 2.124801624222858940e-02 -4.840506855593085592e-03 -1.855787559566642823e-04 3.966100000000000000e+04
1.685719683778473552e+02 2.072058876952082018e-02 -4.625077055631697173e-03 -3.206533395446818212e-04 4.054500000000000000e+04
1.706641332089364766e+02 2.016902144263205826e-02 -4.181749084090778841e-03 -4.093326028579594524e-04 4.181500000000000000e+04
1.727708699256135390e+02 1.995441992798690015e-02 -4.429482319207362143e-03 -7.548177182967496287e-04 4.312500000000000000e+04
1.748696546009699659e+02 1.960587515322715496e-02 -4.531146219888289653e-03 -4.271547169106638736e-04 4.368100000000000000e+04
1.769585769494445344e+02 1.951720656376697977e-02 -5.084014840597735063e-03 -4.617143769737318574e-04 4.462900000000000000e+04
1.790524509315575301e+02 1.899600399926311758e-02 -4.777314763950485724e-03 -3.012491069316222637e-04 4.622700000000000000e+04
1.811526521261263554e+02 1.854270405980589648e-02 -4.701687894164067842e-03 -5.344434558615935964e-04 4.690900000000000000e+04
1.832476884130738881e+02 1.819147220689174699e-02 -4.695978162670344166e-03 -9.160399631116667015e-04 4.823700000000000000e+04
1.853312475833926101e+02 1.793353776643501207e-02 -4.931955883975575050e-03 -6.071716294109170400e-04 4.858300000000000000e+04
1.874284892203218931e+02 1.784748885496549239e-02 -5.350357243854468765e-03 -8.496354053770650925e-04 5.099700000000000000e+04
1.895337179075755216e+02 1.761779154261575858e-02 -5.466864104789345702e-03 -1.234699758979913549e-03 5.139700000000000000e+04
1.916268196474026126e+02 1.731592972271582542e-02 -5.491795875182975406e-03 -1.331359853426158793e-03 5.248900000000000000e+04
1.937183403446852878e+02 1.686081875452219783e-02 -5.350290633372679558e-03 -1.115990193481361439e-03 5.378700000000000000e+04
1.958131498886989164e+02 1.662065395610718907e-02 -5.355459790011785071e-03 -1.511457778524176454e-03 5.491300000000000000e+04
1.979058740098966211e+02 1.630309193757208119e-02 -5.491735025468104381e-03 -1.228605341747233612e-03 5.597700000000000000e+04
1.999990651597893816e+02 1.613229897044596642e-02 -5.755743342646124812e-03 -1.036668945483678900e-03 5.741500000000000000e+04
2.020893038374759101e+02 1.573906703052657327e-02 -5.573824230645760096e-03 -1.083732599063270789e-03 5.810500000000000000e+04
2.041823192148177952e+02 1.540653120943438759e-02 -5.510206240720345698e-03 -1.231414147964604014e-03 6.003300000000000000e+04
2.062825911013838152e+02 1.512144346008826440e-02 -5.581956364022577603e-03 -1.139280469913005970e-03 6.094900000000000000e+04
2.083770189145966185e+02 1.494159147632444229e-02 -5.784164009927534114e-03 -1.004529726099254823e-03 6.223500000000000000e+04
2.104675816794403431e+02 1.482245075131905475e-02 -6.122945289610205906e-03 -1.008971127641958418e-03 6.322900000000000000e+04
2.125667854244018145e+02 1.464185368107292183e-02 -6.296303638376795492e-03 -1.070613780881294079e-03 6.513300000000000000e+04
2.146619261104851830e+02 1.430702255129565927e-02 -6.312498651203998432e-03 -9.891384821338281702e-04 6.570700000000000000e+04
2.167561805722037036e+02 1.408571751026869989e-02 -6.366554493298185249e-03 -1.123173293547369018e-03 6.756100000000000000e+04
2.188528705899679210e+02 1.383599731621210083e-02 -6.464276865645676370e-03 -1.184254290806038357e-03 6.850500000000000000e+04
2.209456427453084473e+02 1.379358800505354338e-02 -6.859573597671912715e-03 -1.144867344573936374e-03 6.994300000000000000e+04
2.230395148320731096e+02 1.360739146987972707e-02 -6.989270872347422281e-03 -1.292303803317599795e-03 7.109700000000000000e+04
2.251356732858534997e+02 1.341654333923938437e-02 -7.124929739854682191e-03 -1.250000819890056698e-03 7.302100000000000000e+04
2.272278504864401327e+02 1.313886067183631275e-02 -7.149272225679801154e-03 -1.175427285896507579e-03 7.331700000000000000e+04
2.293197511287232544e+02 1.297864253163557788e-02 -7.319467528362342233e-03 -1.193835307317367379e-03 7.579900000000000000e+04
2.314114772346510165e+02 1.273255905922772782e-02 -7.430610532680612113e-03 -8.879183163987921677e-04 7.602100000000000000e+04
2.335058467478245632e+02 1.251935979148616554e-02 -7.592635463937922290e-03 -5.691642390851722744e-04 7.875300000000000000e+04
2.356041652202905539e+02 1.229726162360778377e-02 -7.613267451265974192e-03 -5.836465406900352270e-04 7.929100000000000000e+04
2.377006336558306998e+02 1.205731473840359474e-02 -7.643568560116863371e-03 -4.343729546380205786e-04 8.112900000000000000e+04
2.397972750390475198e+02 1.188929615785616449e-02 -7.765355962347721304e-03 -3.171823330666858308e-04 8.244100000000000000e+04
2.418944602532704096e+02 1.171984132311546661e-02 -7.909379545801528341e-03 -1.453270855577453770e-04 8.394900000000000000e+04
2.439884227569783093e+02 1.167605511892869270e-02 -8.182579861011540431e-03 -2.951779851954401310e-04 8.512300000000000000e+04
2.460835996828307373e+02 1.151422288846224058e-02 -8.282626970284867607e-03 -1.761824839428217579e-04 8.692900000000000000e+04
2.481755280705312146e+02 1.145528604338445604e-02 -8.492856871893883497e-03 -1.759300178210368329e-04 8.778900000000000000e+04
2.502623700647570217e+02 1.133702462220819232e-02 -8.698405103762220369e-03 -9.996439531291592673e-05 8.962300000000000000e+04
2.523586155105348325e+02 1.125551320095380566e-02 -8.829826330474183430e-03 -2.341499494078147460e-04 9.134100000000000000e+04
2.544547077866985489e+02 1.117767874113264476e-02 -9.074917601439158946e-03 1.326482481914200334e-05 9.284500000000000000e+04
2.565487653287422063e+02 1.109580606014673454e-02 -9.299016298026714644e-03 1.115044116131062380e-04 9.408700000000000000e+04
2.586464955058470991e+02 1.099033717634513227e-02 -9.451664148764259837e-03 2.242693967497811172e-04 9.633300000000000000e+04
2.607443047329861656e+02 1.092036541211519225e-02 -9.683583722815204339e-03 5.433932856475293723e-04 9.724900000000000000e+04
2.628438312173413465e+02 1.087164996264802265e-02 -9.895491071712874537e-03 6.961105982385079952e-04 9.950100000000000000e+04
2.649298855659840228e+02 1.079972658278745105e-02 -1.008524088364003493e-02 1.009295315404769040e-03 9.928300000000000000e+04
2.670163698864117805e+02 1.074637653602093963e-02 -1.024233409073402670e-02 1.208898404977124669e-03 1.025370000000000000e+05
2.691120556714307668e+02 1.070905319425156238e-02 -1.026914203446701798e-02 1.135705211073278738e-03 1.022830000000000000e+05
2.712074998348403483e+02 1.063507595329138758e-02 -1.004248840673943773e-02 3.464629798614635788e-04 1.021060000000000000e+05
2.733050116933233653e+02 1.060362507918522629e-02 -9.881796218564501549e-03 -4.016165716532560208e-04 1.007340000000000000e+05
2.753977295572417461e+02 1.052464399108460347e-02 -9.610653853158082627e-03 -1.173072636899444472e-03 9.999400000000000000e+04
2.774958294534935703e+02 1.055172330146809598e-02 -9.624918376710311918e-03 -1.627368612798468783e-03 9.936000000000000000e+04
2.795977707949222122e+02 1.044902153165638489e-02 -9.349143423707323430e-03 -2.547188440235766821e-03 9.860800000000000000e+04
2.816862895118986785e+02 1.035643580720017713e-02 -9.141114147778343912e-03 -3.137218791006903852e-03 9.625200000000000000e+04
2.837743515740906446e+02 1.030051661273854481e-02 -8.999878145026379145e-03 -3.731242009095517374e-03 9.640000000000000000e+04
2.858713251310674650e+02 1.026090479241610100e-02 -8.917456688956729161e-03 -4.151896963326015717e-03 9.539800000000000000e+04
2.879670932628575883e+02 1.016814914080221149e-02 -8.700929174823892817e-03 -4.655721381080560155e-03 9.402000000000000000e+04
2.900590582015512382e+02 9.993396661917706286e-03 -8.367712277916095759e-03 -5.192725695682946611e-03 9.316000000000000000e+04
2.921519201901450060e+02 9.966199640356675910e-03 -8.260024490291917668e-03 -5.700591337762407965e-03 9.177600000000000000e+04
2.942485935102203030e+02 9.812141858260525068e-03 -7.953557320565208047e-03 -6.159455638523854762e-03 9.137800000000000000e+04
2.963426645133968691e+02 9.715290249929007735e-03 -7.753011814528569350e-03 -6.624007048740019298e-03 8.949000000000000000e+04
2.984329904966970162e+02 9.613366687253781587e-03 -7.496831559502729544e-03 -7.119643998198389549e-03 8.845000000000000000e+04
3.005290481640043367e+02 9.534237056823928469e-03 -7.305370988982551501e-03 -7.461166360916152845e-03 8.794600000000000000e+04
3.026245947235937592e+02 9.470688577470005518e-03 -7.137968762316069388e-03 -7.781125655385016937e-03 8.575200000000000000e+04
3.047205651109674704e+02 9.344110873975942921e-03 -6.845004655625894739e-03 -8.149474002742386480e-03 8.574400000000000000e+04
3.068167457111920839e+02 9.173289874246280673e-03 -6.611218947309811626e-03 -8.422200786938191172e-03 8.322000000000000000e+04
3.089118625384018060e+02 9.035256136334933116e-03 -6.333920363756528199e-03 -8.748901258602783185e-03 8.302000000000000000e+04
3.110099981664167785e+02 8.915423187705086294e-03 -6.151189849675754717e-03 -8.960895074676955563e-03 8.106400000000000000e+04
3.131040997612852266e+02 8.776917974114390245e-03 -5.922056872681763853e-03 -9.229303593387843535e-03 7.983000000000000000e+04
3.151936712677708670e+02 8.680000232290450979e-03 -5.792182331166721536e-03 -9.300725059173637482e-03 7.823800000000000000e+04
3.172858841403398173e+02 8.618969603690847942e-03 -5.672587001350364901e-03 -9.655241715643515105e-03 7.715400000000000000e+04
3.193772099476266817e+02 8.543325603752247033e-03 -5.556855439954263426e-03 -9.717992924457177426e-03 7.546600000000000000e+04
3.214753775151562536e+02 8.485235138530529755e-03 -5.363510582641053612e-03 -1.008916911343871875e-02 7.480200000000000000e+04
3.235746879206847666e+02 8.319362399018334284e-03 -5.094901903768179856e-03 -1.024173762026541271e-02 7.258000000000000000e+04
3.256647237020029024e+02 8.239734441873276111e-03 -4.906913708239750427e-03 -1.047508330259521760e-02 7.133800000000000000e+04
3.277571324083919535e+02 8.160641311685448013e-03 -4.776348722072190807e-03 -1.071505754891594053e-02 6.964200000000000000e+04
3.298487111637800240e+02 8.054484398443598203e-03 -4.564768310782695883e-03 -1.085326091540937503e-02 6.832600000000000000e+04
3.319433744068021497e+02 8.004735364441229600e-03 -4.501301726319495954e-03 -1.104195905831188186e-02 6.674400000000000000e+04
3.340422322988853239e+02 7.932763918872503053e-03 -4.373839326710423497e-03 -1.110208956532288474e-02 6.533800000000000000e+04
3.361307892565458246e+02 7.804617258124289109e-03 -4.167942938366009029e-03 -1.118872798942882434e-02 6.315600000000000000e+04
3.382251120895489294e+02 7.673317237611903922e-03 -4.010099359784292244e-03 -1.121449241609529142e-02 6.214000000000000000e+04
3.403264013195363304e+02 7.528205919250997857e-03 -3.906010178912373322e-03 -1.102079004471788991e-02 6.051400000000000000e+04
3.424148842577288860e+02 7.420169344694235725e-03 -3.835487415139279561e-03 -1.105030863442795809e-02 5.799000000000000000e+04
3.445099495577244397e+02 7.308820499308203017e-03 -3.685897965818031065e-03 -1.098585977068488630e-02 5.742400000000000000e+04
3.466144105402300397e+02 7.189570596414383320e-03 -3.624767461734774640e-03 -1.096407516772785785e-02 5.518200000000000000e+04
3.487067496858389859e+02 7.114280480121491779e-03 -3.496677280642952138e-03 -1.104679768129270684e-02 5.306800000000000000e+04
3.507912540595516475e+02 7.087511124297059088e-03 -3.383762641535341138e-03 -1.122014879099656783e-02 5.152800000000000000e+04
3.528807167895711814e+02 7.001388073648962679e-03 -3.255566741233648347e-03 -1.141885786258682763e-02 4.954600000000000000e+04
3.549828487415276754e+02 6.951429957841055891e-03 -3.152295895828560908e-03 -1.142157615108877790e-02 4.846600000000000000e+04
3.570768480370360862e+02 6.789644025253787837e-03 -3.012514149481800192e-03 -1.140884699102841064e-02 4.566600000000000000e+04
3.591652111747225717e+02 6.682112640331820154e-03 -2.917606231987546900e-03 -1.130403172867788970e-02 4.423000000000000000e+04
3.612627896178847777e+02 6.519726717723569806e-03 -2.746037226972138350e-03 -1.127597779266339972e-02 4.254000000000000000e+04
3.633645820428338880e+02 6.362210922002829207e-03 -2.700050197208795581e-03 -1.115624694025268288e-02 4.022200000000000000e+04
3.654527365610065885e+02 6.315311425071273854e-03 -2.765905040724380391e-03 -1.095337629584811068e-02 3.842200000000000000e+04
3.675441472124314259e+02 6.225871470534733582e-03 -2.783161204644381444e-03 -1.112009363732827452e-02 3.624600000000000000e+04
3.696396280380744201e+02 6.291534844593019322e-03 -2.902375888054023554e-03 -1.116391588882609948e-02 3.455200000000000000e+04
3.717297223820279441e+02 6.249953503255502307e-03 -2.959984694918996184e-03 -1.132912283122257738e-02 3.213600000000000000e+04
3.738176974939287902e+02 6.187490215619067223e-03 -2.841800351215667455e-03 -1.159442736736779160e-02 3.029200000000000000e+04
3.759110996783247174e+02 6.005299629609002487e-03 -2.519565410366672153e-03 -1.191829739600587350e-02 2.830200000000000000e+04
3.780081394014102898e+02 5.756223701789309373e-03 -2.220422427879369630e-03 -1.208165850496871127e-02 2.605600000000000000e+04
3.801051557582653118e+02 5.499746704037478291e-03 -1.933490051371113908e-03 -1.222829301934072813e-02 2.421100000000000000e+04
3.821955053587425937e+02 5.239178983704675593e-03 -1.639183750982986737e-03 -1.242048256106631846e-02 2.220600000000000000e+04
3.842862749912937943e+02 5.075303994401035232e-03 -1.537026498327098050e-03 -1.242274235229287767e-02 2.088400000000000000e+04
3.863841918340856409e+02 4.990507115798338729e-03 -1.524741514277481525e-03 -1.243261582855762458e-02 1.939200000000000000e+04
3.884771734501698006e+02 4.970169194567309288e-03 -1.676300117082806483e-03 -1.236088365864127132e-02 1.805800000000000000e+04
3.905623371605522607e+02 4.929218023322464587e-03 -1.641240381426308480e-03 -1.248021788609407837e-02 1.674600000000000000e+04
3.926667500119167471e+02 4.789097056743857848e-03 -1.536524252009839695e-03 -1.243228396481466276e-02 1.589800000000000000e+04
3.947778557744774162e+02 4.681331001157616918e-03 -1.353009830711896910e-03 -1.256036133417502872e-02 1.457800000000000000e+04
3.968631060462392952e+02 4.450200738972077616e-03 -1.109992452020135915e-03 -1.235589256227069381e-02 1.344300000000000000e+04
3.989413219049817485e+02 4.316327561735282432e-03 -9.138504627335122203e-04 -1.236286780093497593e-02 1.251100000000000000e+04
4.010572258526528344e+02 4.132765165122001191e-03 -7.628011085839926176e-04 -1.212735768475834211e-02 1.191900000000000000e+04
4.031656962107319373e+02 3.912352556811934251e-03 -6.595042394666653486e-04 -1.167412510930950116e-02 1.063900000000000000e+04
4.052249146637423678e+02 3.801466755523096649e-03 -5.299397147886754020e-04 -1.163597482966622493e-02 9.775000000000000000e+03
4.073276634718891387e+02 3.567261194005345165e-03 -3.722491850452531613e-04 -1.122502110274453332e-02 9.423000000000000000e+03
4.094593776408451049e+02 3.387939595422615260e-03 -2.976133526873832162e-04 -1.082954257025455121e-02 8.449000000000000000e+03
4.115405539130957777e+02 3.319436033772450809e-03 -2.362571773245367797e-04 -1.075441571094387996e-02 7.596000000000000000e+03
4.135894252671187132e+02 3.202305231101396175e-03 -2.487606157460817233e-04 -1.037738302032993956e-02 6.931000000000000000e+03
4.156930049049321951e+02 3.210771517485999649e-03 -2.421724526146641437e-04 -1.048073434886166028e-02 6.612000000000000000e+03
4.178272827209258367e+02 3.290114958952362195e-03 -2.789792641798609840e-04 -1.071974206084445533e-02 5.899000000000000000e+03
4.199082037741286513e+02 3.279357931221119852e-03 -2.428235291132344845e-04 -1.076574226254046855e-02 5.176000000000000000e+03
4.219826095167229028e+02 3.317913747864639600e-03 -1.931256064205268228e-04 -1.099750728780261519e-02 4.824000000000000000e+03
4.241028763136273483e+02 3.228512767781264569e-03 -1.628668828995166078e-04 -1.078525335827556185e-02 4.312000000000000000e+03
4.262107721966358440e+02 3.372758292747853309e-03 -1.513252671075638830e-04 -1.132184478837153056e-02 3.819000000000000000e+03
4.282460731868927724e+02 3.157309428188634359e-03 -1.489033898117073074e-04 -1.062004897154145318e-02 3.220000000000000000e+03
4.303287648834323136e+02 3.226740771477812700e-03 -1.468439089124957942e-04 -1.091066157824219576e-02 3.132000000000000000e+03
4.325172248853483552e+02 3.225295096380007259e-03 -9.843615692538429873e-05 -1.101068092208641255e-02 2.680000000000000000e+03
4.346325070601815810e+02 3.417497390634337186e-03 -7.180351622152824178e-05 -1.173032980608444513e-02 2.218000000000000000e+03
4.365567227659553851e+02 3.328066780522711317e-03 -3.906086936618883573e-05 -1.146335164454150013e-02 1.728000000000000000e+03
4.386277159174848634e+02 3.515121536046765961e-03 1.824042662826305404e-06 -1.220451740582200427e-02 1.816000000000000000e+03
4.409019266196692683e+02 3.522581967828991752e-03 1.790319016409962406e-05 -1.226346506083188410e-02 1.476000000000000000e+03
4.430735479208619836e+02 3.626356440802797759e-03 5.769085778263884892e-05 -1.267627339715623157e-02 1.108000000000000000e+03
4.448761117541747012e+02 3.399754914411895652e-03 9.331198453728194305e-05 -1.192995925715771739e-02 7.560000000000000000e+02
4.469343758523184533e+02 3.371820100702061038e-03 5.187929301226730440e-05 -1.181178458149584505e-02 8.440000000000000000e+02
4.493013102792758104e+02 3.631930147023950967e-03 2.513315668036879112e-05 -1.270046155056658334e-02 6.280000000000000000e+02
4.515989744176221734e+02 4.159730021631772266e-03 2.315626754373546368e-05 -1.455412248643016791e-02 4.050000000000000000e+02
4.533101867737696580e+02 4.199090901307684677e-03 2.140397894795307421e-05 -1.468361135058583559e-02 2.020000000000000000e+02
4.552338387398290820e+02 4.164083024275294295e-03 1.720556826011191139e-05 -1.457412606907003590e-02 2.280000000000000000e+02
4.576034578613840722e+02 3.509442543172877540e-03 2.244299291773624752e-05 -1.229813249068386835e-02 1.240000000000000000e+02
4.599517872444100703e+02 2.632758683187454325e-03 2.228479450724725331e-05 -9.234157315256629611e-03 5.200000000000000000e+01
4.619205689144050666e+02 1.942698715374414301e-03 1.136642873269066534e-05 -6.809753480911238770e-03 9.000000000000000000e+00
4.634281054380590490e+02 4.197246009607874355e-04 1.520779926421397173e-05 -1.484242872700906315e-03 4.000000000000000000e+00
