2.966547074898984615e+00 6.425242692229497621e+00 3.448500290490431386e+00 2.097181482174170775e+00 1.300000000000000000e+01
5.026374055021858744e+00 3.477789047408684553e+00 3.086734002947259636e+00 1.877287691327550023e+00 3.300000000000000000e+01
7.149300621522788113e+00 2.470867046270358358e+00 1.037570397228648522e+00 7.371540529998195090e-01 7.900000000000000000e+01
9.278869254964254409e+00 2.554959054730677970e+00 -3.199021036927870432e-01 9.928974796877451103e-01 1.170000000000000000e+02
1.145033261934470126e+01 2.188444108880059691e+00 -2.101206374801970478e-01 1.751786177650227760e-01 2.050000000000000000e+02
1.349295587141915043e+01 1.527522360323839035e+00 3.247175255206305455e-01 1.047016715843915452e-01 2.350000000000000000e+02
1.558905561191892986e+01 1.215907354423929387e+00 3.815925255735413968e-01 -1.836246008320842060e-01 3.690000000000000000e+02
1.769408367255316961e+01 1.173241916908092319e+00 -1.743585880502630109e-02 1.688749508201252969e-01 4.330000000000000000e+02
1.981787480313529670e+01 1.191494846055759949e+00 -1.595277625247852604e-01 8.995162859035751857e-02 5.850000000000000000e+02
2.192074938196263645e+01 1.049683738631193020e+00 1.674415405479650829e-02 6.466892984516302290e-02 6.790000000000000000e+02
2.398877635566245203e+01 9.037745488260940929e-01 1.462548103711726333e-01 -1.468896973173291765e-01 8.130000000000000000e+02
2.609286971896115759e+01 8.703358874239209841e-01 9.807355576330999136e-02 -1.137686807152043511e-01 9.850000000000000000e+02
2.823466315278179550e+01 9.271590320470775026e-01 -3.454720305927738710e-02 1.016814477057554345e-01 1.183000000000000000e+03
3.032284873509123102e+01 8.505599533009748914e-01 3.231106678422792505e-02 4.255912877746930584e-02 1.269000000000000000e+03
3.240263258943403457e+01 7.733374146322333775e-01 1.404572436675123326e-01 -6.942258630285556842e-02 1.537000000000000000e+03
3.449210129864554375e+01 7.343980977675116373e-01 1.436923646263313092e-01 -3.571807174495064685e-02 1.653000000000000000e+03
3.658588147515196454e+01 7.344572904714574690e-01 6.621249418420456501e-02 3.893452650807371213e-02 1.963000000000000000e+03
3.868476949266977272e+01 7.320383830507821710e-01 7.560597083285647280e-02 -4.196145793361573569e-03 2.121000000000000000e+03
4.078898888458283523e+01 6.729586495999116957e-01 1.381498062478151989e-01 -2.720782456013048217e-02 2.413000000000000000e+03
4.289390876967645738e+01 6.368051354144743659e-01 1.370447038581106003e-01 -2.233850301362299076e-02 2.635000000000000000e+03
4.498336005546935468e+01 6.443314245898151826e-01 1.025983685885850233e-01 3.333486793102181933e-02 2.877000000000000000e+03
4.706498529473824988e+01 6.274307854128052808e-01 6.223236458175534364e-02 3.321361608546713473e-02 3.169000000000000000e+03
4.917111919158227096e+01 5.981933964949690541e-01 1.080401814401719535e-01 -5.867862873481463973e-03 3.507000000000000000e+03
5.126216914174227668e+01 5.712780759898757887e-01 1.091233686254477891e-01 -1.430437111496421151e-02 3.685000000000000000e+03
5.335525146837034072e+01 5.774841870771000307e-01 8.533759585043608487e-02 4.630145965638360339e-02 4.165000000000000000e+03
5.546637228956934251e+01 5.691228261657292897e-01 5.726792016120555578e-02 3.135711797986537319e-02 4.377000000000000000e+03
5.757318819254808773e+01 5.426944918221340286e-01 8.147917008606328504e-02 -5.871057105964095843e-03 4.855000000000000000e+03
5.965884044590281121e+01 5.225699371845642371e-01 9.456037798201062661e-02 2.740515826382867309e-02 4.929000000000000000e+03
6.174512302159506305e+01 5.218696316102974242e-01 6.874610540461191521e-02 -7.236635583609211247e-04 5.581000000000000000e+03
6.382689291137189969e+01 5.182123278355098561e-01 5.759779831719347154e-02 3.197777496003510050e-02 5.679000000000000000e+03
6.592966228838450604e+01 5.010265504840152317e-01 6.701332329961462442e-02 1.090221283544644737e-03 6.385000000000000000e+03
6.803125784825746791e+01 4.835300848360652437e-01 9.148865298280281499e-02 2.967995628917691978e-03 6.553000000000000000e+03
7.013131008699485847e+01 4.757481054003537269e-01 7.594407734463218262e-02 2.225951125954460375e-02 7.125000000000000000e+03
7.223032366074338029e+01 4.767318630238336352e-01 5.873634753306000017e-02 2.924381868785847979e-02 7.447000000000000000e+03
7.432334270720505742e+01 4.662809972301397710e-01 7.067576441276808563e-02 1.465837941230444322e-02 7.929000000000000000e+03
7.642066756954473306e+01 4.458261948754522752e-01 8.853685260139668167e-02 8.327969104242844561e-03 8.353000000000000000e+03
7.850471694556040347e+01 4.442117314998330069e-01 7.877455614585052168e-02 1.921943524034116710e-02 8.775000000000000000e+03
8.059701946059529121e+01 4.419550295444122368e-01 6.524540942510959063e-02 4.225290682372632306e-02 9.313000000000000000e+03
8.269521798132063850e+01 4.349022051263566890e-01 6.241555074255834834e-02 1.786070261402697076e-02 9.841000000000000000e+03
8.478307522909847194e+01 4.157068923777412217e-01 8.107183218920016587e-02 2.723745558452136950e-02 1.019100000000000000e+04
8.687780839616016237e+01 4.109528062992044983e-01 7.613054763497170696e-02 1.181666723386868775e-02 1.089700000000000000e+04
8.897524569656535220e+01 4.087127494804318473e-01 5.637962130576913006e-02 2.507072033812450182e-02 1.130100000000000000e+04
9.108077810470518898e+01 3.988643244322336856e-01 5.625736538936566833e-02 2.636724495305384219e-02 1.202500000000000000e+04
9.318432266948052245e+01 3.890797612811681128e-01 7.081063408169267770e-02 1.795468774355942973e-02 1.242300000000000000e+04
9.527887641048309320e+01 3.793673486418631668e-01 7.387769995629669961e-02 1.290979920105000955e-02 1.302100000000000000e+04
9.736254237981037818e+01 3.767397181233061443e-01 5.853019236605658260e-02 2.567904782000607344e-02 1.340500000000000000e+04
9.944832814799407572e+01 3.721196534719375393e-01 5.418067699012141247e-02 2.621457702292856809e-02 1.424700000000000000e+04
1.015460879802399035e+02 3.622195362019599574e-01 6.322906061745307837e-02 1.311316450101931638e-02 1.471300000000000000e+04
1.036426375667732316e+02 3.505694514958445085e-01 7.060716469397713968e-02 6.621213849835243768e-03 1.548900000000000000e+04
1.057389390539465950e+02 3.507654089586574320e-01 6.021225013202999993e-02 2.356739980124422304e-02 1.591300000000000000e+04
1.078395855981474227e+02 3.461411309357059207e-01 5.369661009621001790e-02 2.690538094406349709e-02 1.687900000000000000e+04
1.099389405850131709e+02 3.375188072458471522e-01 5.881250640354834802e-02 1.543833420574497982e-02 1.719300000000000000e+04
1.120392143152385387e+02 3.260277876532406416e-01 6.536701161346590572e-02 -1.777312232991063367e-03 1.815700000000000000e+04
1.141233458569757744e+02 3.232379290219787871e-01 6.089141797612054874e-02 1.796541196129942258e-02 1.833900000000000000e+04
1.162159397555423084e+02 3.218307385293416867e-01 5.349639220665557832e-02 1.780779470026772407e-02 1.957300000000000000e+04
1.183137204803772420e+02 3.154943155040401126e-01 5.457119134204026917e-02 9.890331104731338654e-03 1.994100000000000000e+04
1.203972311807013256e+02 3.050970008596419758e-01 6.269021909459200625e-02 1.811524836680104833e-02 2.062900000000000000e+04
1.224922363187857286e+02 3.016391650502686650e-01 6.155786740716673311e-02 1.680707353800742210e-03 2.165500000000000000e+04
1.245882598425863534e+02 2.998443032402963171e-01 5.337642175323314281e-02 2.352267107739075894e-02 2.211300000000000000e+04
1.266884677158377315e+02 2.952481796046539930e-01 5.280942201384457996e-02 8.692691698535641442e-03 2.318500000000000000e+04
1.287846620419940962e+02 2.883741488069379022e-01 5.926248400508794117e-02 1.060640561882095038e-02 2.366700000000000000e+04
1.308713393788149801e+02 2.817228863139941697e-01 6.089503284520469961e-02 6.647333137563406907e-03 2.438500000000000000e+04
1.329754833440644575e+02 2.826919401406390309e-01 5.428968298170637474e-02 7.917939669638510147e-03 2.574900000000000000e+04
1.350691081525609434e+02 2.774883320584558555e-01 5.181897640678716221e-02 1.304746956188009357e-02 2.567500000000000000e+04
1.371638825856825576e+02 2.723721409048368014e-01 5.532130493872722266e-02 3.444490072291277270e-03 2.740900000000000000e+04
1.392604757372163533e+02 2.662198903728337784e-01 5.919345548850336175e-02 6.686873961018075310e-03 2.740500000000000000e+04
1.413466882908376760e+02 2.645889102130084547e-01 5.560655925003073902e-02 6.208663934141291779e-03 2.871700000000000000e+04
1.434475230090064031e+02 2.628525436910660318e-01 5.120715968720082611e-02 9.451006839824294820e-03 2.959500000000000000e+04
1.455452853418541679e+02 2.584904411299938642e-01 5.561575614427303332e-02 1.035840996952653442e-02 3.030100000000000000e+04
1.476332061073587738e+02 2.522655835189400730e-01 5.926668362032423004e-02 5.085440447662076778e-03 3.110100000000000000e+04
1.497211472843286231e+02 2.494384311681919209e-01 5.655083858453347628e-02 1.138194897106534383e-03 3.202300000000000000e+04
1.518138048751577287e+02 2.486746954707455826e-01 5.370571617188502761e-02 8.593056223829855650e-03 3.297700000000000000e+04
1.539211490100352648e+02 2.448392253590507273e-01 5.580986723790011539e-02 1.008595416804139965e-02 3.444900000000000000e+04
1.560214747341236716e+02 2.393324414201137840e-01 5.942692132620604889e-02 5.202131031075801250e-03 3.454900000000000000e+04
1.581161747588121784e+02 2.351197452789889897e-01 5.911272276314270130e-02 2.789235186021734626e-03 3.611100000000000000e+04
1.602118712271799836e+02 2.358966421223565313e-01 5.583167065507294718e-02 7.007735036804223910e-03 3.654100000000000000e+04
1.623006419462898862e+02 2.308627818936628273e-01 5.522499189885492210e-02 6.038418827595475047e-03 3.771700000000000000e+04
1.643899033199985240e+02 2.268329319281168210e-01 5.876300067993521503e-02 -2.033216630068856046e-03 3.861900000000000000e+04
1.664835582381511756e+02 2.244723220969819799e-01 6.018597887297863491e-02 2.213425098497427863e-03 3.966100000000000000e+04
1.685719683778473552e+02 2.217436913915037111e-01 5.691648482955869587e-02 4.070114636235406917e-03 4.054500000000000000e+04
1.706641332089364766e+02 2.198553081593958292e-01 5.736236027914091984e-02 4.853574429895275016e-03 4.181500000000000000e+04
1.727708699256135390e+02 2.160590864742530648e-01 5.924753954865247946e-02 1.836546144545233737e-03 4.312500000000000000e+04
1.748696546009699659e+02 2.124444958802655936e-01 6.110489893748543427e-02 2.357706652400429898e-03 4.368100000000000000e+04
1.769585769494445344e+02 2.106055468825240029e-01 5.928872210920159425e-02 1.763520341592895221e-03 4.462900000000000000e+04
1.790524509315575301e+02 2.093838076984808894e-01 5.806846783885301344e-02 4.610948829631047151e-03 4.622700000000000000e+04
1.811526521261263554e+02 2.047721345216918232e-01 6.026357814792627360e-02 4.419919521368992701e-03 4.690900000000000000e+04
1.832476884130738881e+02 2.024633930009304694e-01 6.208141579265175070e-02 -1.783436209318326566e-03 4.823700000000000000e+04
1.853312475833926101e+02 1.997460486631696674e-01 6.178026861066843178e-02 6.319042100342581875e-03 4.858300000000000000e+04
1.874284892203218931e+02 1.989083127086168357e-01 6.006411498717205422e-02 2.146247474091113588e-03 5.099700000000000000e+04
1.895337179075755216e+02 1.951706059686093009e-01 6.137300995088737499e-02 8.827687983489191205e-04 5.139700000000000000e+04
1.916268196474026126e+02 1.925818355962991280e-01 6.383936432129794225e-02 1.943286005316126460e-03 5.248900000000000000e+04
1.937183403446852878e+02 1.910159137029579512e-01 6.403186579169301007e-02 3.544351857723714808e-03 5.378700000000000000e+04
1.958131498886989164e+02 1.893200003940432030e-01 6.259765360059174610e-02 3.191288002934514201e-03 5.491300000000000000e+04
1.979058740098966211e+02 1.872176589401818303e-01 6.317412924186353862e-02 2.633350553799281187e-03 5.597700000000000000e+04
1.999990651597893816e+02 1.842104536328469100e-01 6.579008881464343261e-02 2.877561503213108603e-03 5.741500000000000000e+04
2.020893038374759101e+02 1.825516224984821134e-01 6.604323511038523442e-02 2.113793240848992755e-03 5.810500000000000000e+04
2.041823192148177952e+02 1.817808092818986587e-01 6.504188535527945236e-02 1.162840880378816777e-03 6.003300000000000000e+04
2.062825911013838152e+02 1.797671223811988794e-01 6.557811521670892096e-02 5.271255892651906250e-03 6.094900000000000000e+04
2.083770189145966185e+02 1.773260611296521294e-01 6.818673013507936531e-02 3.897011920663678679e-03 6.223500000000000000e+04
2.104675816794403431e+02 1.754317159877885335e-01 6.853048709155852569e-02 3.077787215491331173e-03 6.322900000000000000e+04
2.125667854244018145e+02 1.746716216413224387e-01 6.878071404244430476e-02 1.746410356686117597e-03 6.513300000000000000e+04
2.146619261104851830e+02 1.732268176989608111e-01 6.853310528864364759e-02 4.087455171181854537e-03 6.570700000000000000e+04
2.167561805722037036e+02 1.706400413065257970e-01 7.038925645993053537e-02 6.674489601555274806e-03 6.756100000000000000e+04
2.188528705899679210e+02 1.697812409894972896e-01 7.250575579404897053e-02 2.654036567685485667e-03 6.850500000000000000e+04
2.209456427453084473e+02 1.683848741116701075e-01 7.213580802930494307e-02 7.238574302707619611e-03 6.994300000000000000e+04
2.230395148320731096e+02 1.677228024323701439e-01 7.287007445273439854e-02 6.728280464452057220e-03 7.109700000000000000e+04
2.251356732858534997e+02 1.661469024166482011e-01 7.424876562939300428e-02 8.014258478526188959e-03 7.302100000000000000e+04
2.272278504864401327e+02 1.641866669522251965e-01 7.621853581548994339e-02 8.897454788483347143e-03 7.331700000000000000e+04
2.293197511287232544e+02 1.633803324044457717e-01 7.639574760738603032e-02 8.664255671288966301e-03 7.579900000000000000e+04
2.314114772346510165e+02 1.631676998188378025e-01 7.744247627911324261e-02 1.047451857950191904e-02 7.602100000000000000e+04
2.335058467478245632e+02 1.617241676853810040e-01 7.844819029432564816e-02 1.304460123903011977e-02 7.875300000000000000e+04
2.356041652202905539e+02 1.598684256902304368e-01 8.025080711245376197e-02 1.213205673041496679e-02 7.929100000000000000e+04
2.377006336558306998e+02 1.599513388067544950e-01 8.163883571732170885e-02 1.341591464442194910e-02 8.112900000000000000e+04
2.397972750390475198e+02 1.591878635461635438e-01 8.214125550821131660e-02 1.550555860868515004e-02 8.244100000000000000e+04
2.418944602532704096e+02 1.584080526445761639e-01 8.390380866383008451e-02 2.004191016038600615e-02 8.394900000000000000e+04
2.439884227569783093e+02 1.577092718006276595e-01 8.572783485968862860e-02 1.679067343226305076e-02 8.512300000000000000e+04
2.460835996828307373e+02 1.571198227073224707e-01 8.750968351169909065e-02 2.291518061211687482e-02 8.692900000000000000e+04
2.481755280705312146e+02 1.572051776778385646e-01 8.848155936966231594e-02 2.380278118650397054e-02 8.778900000000000000e+04
2.502623700647570217e+02 1.568871438658612782e-01 9.059967908636075429e-02 2.765637257232309368e-02 8.962300000000000000e+04
2.523586155105348325e+02 1.563605248296187356e-01 9.238113876524298163e-02 2.734186607551636339e-02 9.134100000000000000e+04
2.544547077866985489e+02 1.562432331122886875e-01 9.462513039495647205e-02 3.222827421236592466e-02 9.284500000000000000e+04
2.565487653287422063e+02 1.568518927305904698e-01 9.666849793490062126e-02 3.623425288468635347e-02 9.408700000000000000e+04
2.586464955058470991e+02 1.567758849875837968e-01 9.827916347428260202e-02 3.906968501008729888e-02 9.633300000000000000e+04
2.607443047329861656e+02 1.572123253370743823e-01 1.015320387938991459e-01 4.391455020233858003e-02 9.724900000000000000e+04
2.628438312173413465e+02 1.572208710476453164e-01 1.034579097114352170e-01 4.627912369413687832e-02 9.950100000000000000e+04
2.649298855659840228e+02 1.585610819157278195e-01 1.057807231111645152e-01 5.214351022577035089e-02 9.928300000000000000e+04
2.670163698864117805e+02 1.591606536980886555e-01 1.082099122936176355e-01 5.635010847938891343e-02 1.025370000000000000e+05
2.691120556714307668e+02 1.591515949310324252e-01 1.091284980478807315e-01 4.557315168697186059e-02 1.022830000000000000e+05
2.712074998348403483e+02 1.582923695260287089e-01 1.069530184730571321e-01 2.055423186102431701e-02 1.021060000000000000e+05
2.733050116933233653e+02 1.575735634873065283e-01 1.051132449036962652e-01 -3.427478028273475003e-03 1.007340000000000000e+05
2.753977295572417461e+02 1.567069107181169874e-01 1.023662335256466521e-01 -3.129244849410232204e-02 9.999400000000000000e+04
2.774958294534935703e+02 1.558251041378078960e-01 1.017923873272234825e-01 -5.025763619610609800e-02 9.936000000000000000e+04
2.795977707949222122e+02 1.552605909767055536e-01 9.993806624634861413e-02 -7.503572951567114013e-02 9.860800000000000000e+04
2.816862895118986785e+02 1.542921305099818896e-01 9.805392005508713205e-02 -9.320773634439909194e-02 9.625200000000000000e+04
2.837743515740906446e+02 1.531283218148144498e-01 9.663016304575398896e-02 -1.141735757090325820e-01 9.640000000000000000e+04
2.858713251310674650e+02 1.525894025553690692e-01 9.630782920147834547e-02 -1.315467094910223178e-01 9.539800000000000000e+04
2.879670932628575883e+02 1.517411870437455068e-01 9.510204345641826151e-02 -1.505964350900408089e-01 9.402000000000000000e+04
2.900590582015512382e+02 1.507760401133031447e-01 9.350185764551981193e-02 -1.666744477192429463e-01 9.316000000000000000e+04
2.921519201901450060e+02 1.502199551595135019e-01 9.303276789257772239e-02 -1.833390761755646081e-01 9.177600000000000000e+04
2.942485935102203030e+02 1.493915085272606857e-01 9.256951188142609199e-02 -1.980015905909091045e-01 9.137800000000000000e+04
2.963426645133968691e+02 1.486324715250535999e-01 9.189982826720555220e-02 -2.127357234502263994e-01 8.949000000000000000e+04
2.984329904966970162e+02 1.479176482799929304e-01 9.110933639337677470e-02 -2.285682193417812591e-01 8.845000000000000000e+04
3.005290481640043367e+02 1.467631056074704399e-01 9.031981680466372175e-02 -2.407859327997189935e-01 8.794600000000000000e+04
3.026245947235937592e+02 1.464222644808804707e-01 9.018621918355614053e-02 -2.523243540148356612e-01 8.575200000000000000e+04
3.047205651109674704e+02 1.457004596312259925e-01 8.997366912683424367e-02 -2.663547544890656482e-01 8.574400000000000000e+04
3.068167457111920839e+02 1.447710581493025228e-01 8.920000380096596015e-02 -2.766399321932767053e-01 8.322000000000000000e+04
3.089118625384018060e+02 1.440755555799545784e-01 8.934734685072297233e-02 -2.879930509541475114e-01 8.302000000000000000e+04
3.110099981664167785e+02 1.436239158871762678e-01 8.892050193501280231e-02 -2.983397132379472794e-01 8.106400000000000000e+04
3.131040997612852266e+02 1.429886217151036809e-01 8.860051231742865907e-02 -3.086133887077534554e-01 7.983000000000000000e+04
3.151936712677708670e+02 1.426327086314244375e-01 8.865119128656651082e-02 -3.186028137655204096e-01 7.823800000000000000e+04
3.172858841403398173e+02 1.420391829360764246e-01 8.866965050210497135e-02 -3.272790331117815255e-01 7.715400000000000000e+04
3.193772099476266817e+02 1.413401568967053157e-01 8.858187952525635456e-02 -3.359383636237358028e-01 7.546600000000000000e+04
3.214753775151562536e+02 1.413859182664895242e-01 8.850013681915812336e-02 -3.454408043772893011e-01 7.480200000000000000e+04
3.235746879206847666e+02 1.404830495763201847e-01 8.789516555396113817e-02 -3.526860943081670530e-01 7.258000000000000000e+04
3.256647237020029024e+02 1.405243678089198034e-01 8.801980562636260719e-02 -3.609327225226759417e-01 7.133800000000000000e+04
3.277571324083919535e+02 1.401925003258468749e-01 8.775376694552478041e-02 -3.686057202865999360e-01 6.964200000000000000e+04
3.298487111637800240e+02 1.398753197887422084e-01 8.788997857791838730e-02 -3.767247269249808794e-01 6.832600000000000000e+04
3.319433744068021497e+02 1.396134518504306421e-01 8.775357134472433485e-02 -3.827762327264354059e-01 6.674400000000000000e+04
3.340422322988853239e+02 1.394979405026821051e-01 8.825814592846593920e-02 -3.905531538072385955e-01 6.533800000000000000e+04
3.361307892565458246e+02 1.392071735874541860e-01 8.796424342524063189e-02 -3.965128631101987322e-01 6.315600000000000000e+04
3.382251120895489294e+02 1.392376927503964079e-01 8.788791543774342185e-02 -4.038443370325829895e-01 6.214000000000000000e+04
3.403264013195363304e+02 1.394747947470239557e-01 8.895728257024423935e-02 -4.114199355911457578e-01 6.051400000000000000e+04
3.424148842577288860e+02 1.394966679874634907e-01 8.838068808436282120e-02 -4.174356778259056266e-01 5.799000000000000000e+04
3.445099495577244397e+02 1.391003925915590966e-01 8.880094387072758055e-02 -4.225738955885371406e-01 5.742400000000000000e+04
3.466144105402300397e+02 1.401161008094151672e-01 8.974135703214110305e-02 -4.321320519908500857e-01 5.518200000000000000e+04
3.487067496858389859e+02 1.391320313283682941e-01 8.868323865314152454e-02 -4.343110773824666593e-01 5.306800000000000000e+04
3.507912540595516475e+02 1.403232158455751388e-01 9.057124740087152404e-02 -4.436983805267186720e-01 5.152800000000000000e+04
3.528807167895711814e+02 1.401382480602417491e-01 8.901355083538277368e-02 -4.476292047757277626e-01 4.954600000000000000e+04
3.549828487415276754e+02 1.407787869387999713e-01 9.059587006502936579e-02 -4.550419572392657708e-01 4.846600000000000000e+04
3.570768480370360862e+02 1.412032864621061978e-01 8.995170500331726993e-02 -4.603693606872861777e-01 4.566600000000000000e+04
3.591652111747225717e+02 1.419963396121839694e-01 9.052776427804970494e-02 -4.673033385292845732e-01 4.423000000000000000e+04
3.612627896178847777e+02 1.414469374577893568e-01 8.931011718960463197e-02 -4.697487399643726635e-01 4.254000000000000000e+04
3.633645820428338880e+02 1.412755856731520987e-01 8.791463925693761283e-02 -4.722261541147018127e-01 4.022200000000000000e+04
3.654527365610065885e+02 1.432619043729911057e-01 9.011231063098205929e-02 -4.827640430359301793e-01 3.842200000000000000e+04
3.675441472124314259e+02 1.406459211862378378e-01 8.467953561921785777e-02 -4.762405095431065383e-01 3.624600000000000000e+04
3.696396280380744201e+02 1.433374915395610461e-01 8.699438996086322762e-02 -4.885932080421826473e-01 3.455200000000000000e+04
3.717297223820279441e+02 1.410942894375681600e-01 8.208097531234913313e-02 -4.826676489325075203e-01 3.213600000000000000e+04
3.738176974939287902e+02 1.410157071066233114e-01 7.967866967035217018e-02 -4.845120726367612707e-01 3.029200000000000000e+04
3.759110996783247174e+02 1.394623423239159665e-01 7.473686018976515022e-02 -4.805514181752940650e-01 2.830200000000000000e+04
3.780081394014102898e+02 1.365408410950841589e-01 6.856077151978318129e-02 -4.716294965442787701e-01 2.605600000000000000e+04
3.801051557582653118e+02 1.346408827754348725e-01 6.344907345863913528e-02 -4.663362711804946992e-01 2.421100000000000000e+04
3.821955053587425937e+02 1.322048181693901425e-01 5.757816833773395787e-02 -4.585654283236564321e-01 2.220600000000000000e+04
3.842862749912937943e+02 1.292863894884503373e-01 5.204879111937638081e-02 -4.490126288197192062e-01 2.088400000000000000e+04
3.863841918340856409e+02 1.287375338898250621e-01 4.927024254218169419e-02 -4.482381994092586863e-01 1.939200000000000000e+04
3.884771734501698006e+02 1.264622457947173484e-01 4.476246025008449175e-02 -4.403680577488595649e-01 1.805800000000000000e+04
3.905623371605522607e+02 1.255362973883847877e-01 4.185636254524593980e-02 -4.376060049178089884e-01 1.674600000000000000e+04
3.926667500119167471e+02 1.242510082844252434e-01 3.844262183420345258e-02 -4.338954923033994104e-01 1.589800000000000000e+04
3.947778557744774162e+02 1.224930275613958092e-01 3.584940526395043875e-02 -4.280813775546980504e-01 1.457800000000000000e+04
3.968631060462392952e+02 1.224286589794322255e-01 3.361341763515732911e-02 -4.281460903085624325e-01 1.344300000000000000e+04
3.989413219049817485e+02 1.201274319011665093e-01 3.037792666390611712e-02 -4.200091287931251305e-01 1.251100000000000000e+04
4.010572258526528344e+02 1.190599833723414436e-01 2.759889770071504225e-02 -4.165781244339623046e-01 1.191900000000000000e+04
4.031656962107319373e+02 1.183193674552611707e-01 2.566700288219812484e-02 -4.139956920516787431e-01 1.063900000000000000e+04
4.052249146637423678e+02 1.174591759995197576e-01 2.335896925219088649e-02 -4.110935421371172960e-01 9.775000000000000000e+03
4.073276634718891387e+02 1.172548079819255989e-01 2.103949893479732658e-02 -4.104223146858577143e-01 9.423000000000000000e+03
4.094593776408451049e+02 1.167566991073787225e-01 1.929530181515131185e-02 -4.085152199738989465e-01 8.449000000000000000e+03
4.115405539130957777e+02 1.148134354466546492e-01 1.684602481439604130e-02 -4.012881549340720500e-01 7.596000000000000000e+03
4.135894252671187132e+02 1.163084875414185648e-01 1.648808342755490181e-02 -4.070494355746658854e-01 6.931000000000000000e+03
4.156930049049321951e+02 1.148858166270223108e-01 1.422110705323529310e-02 -4.022368539612154459e-01 6.612000000000000000e+03
4.178272827209258367e+02 1.126799528897004243e-01 1.253710145447485894e-02 -3.942446099662983428e-01 5.899000000000000000e+03
4.199082037741286513e+02 1.150136233772430933e-01 1.202443070853278367e-02 -4.027407325468088106e-01 5.176000000000000000e+03
4.219826095167229028e+02 1.143572352539560660e-01 1.039627954965586555e-02 -4.000311104077565738e-01 4.824000000000000000e+03
4.241028763136273483e+02 1.151428905915282408e-01 8.921774364534982432e-03 -4.027186598534018280e-01 4.312000000000000000e+03
4.262107721966358440e+02 1.156882097567226014e-01 7.701338458363400467e-03 -4.040025016230803789e-01 3.819000000000000000e+03
4.282460731868927724e+02 1.171034033444509209e-01 6.960025618564633434e-03 -4.089223787065330851e-01 3.220000000000000000e+03
4.303287648834323136e+02 1.164486980213134681e-01 5.710426530277615438e-03 -4.067708195496812507e-01 3.132000000000000000e+03
4.325172248853483552e+02 1.161849994572222017e-01 4.828413026259708966e-03 -4.059925387983286948e-01 2.680000000000000000e+03
4.346325070601815810e+02 1.164548497242711284e-01 4.397656790429215791e-03 -4.070771292342815206e-01 2.218000000000000000e+03
4.365567227659553851e+02 1.188400210436594134e-01 4.021908384231304145e-03 -4.151212528722356132e-01 1.728000000000000000e+03
4.386277159174848634e+02 1.191814591920821592e-01 2.711860125837120637e-03 -4.163526988422079911e-01 1.816000000000000000e+03
4.409019266196692683e+02 1.217703598767328615e-01 2.060509533835554186e-03 -4.252720856626235335e-01 1.476000000000000000e+03
4.430735479208619836e+02 1.236944345432428177e-01 1.577741323199737065e-03 -4.319048456535598546e-01 1.108000000000000000e+03
4.448761117541747012e+02 1.299394686946396538e-01 1.347261734163812197e-03 -4.533904667183564219e-01 7.560000000000000000e+02
4.469343758523184533e+02 1.305381938570711609e-01 7.816727412321199196e-04 -4.558837025332224679e-01 8.440000000000000000e+02
4.493013102792758104e+02 1.335282374345074241e-01 4.727450689190776942e-04 -4.664835194903680371e-01 6.280000000000000000e+02
4.515989744176221734e+02 1.370501598055884340e-01 2.345855620090307216e-04 -4.790407785563087772e-01 4.050000000000000000e+02
4.533101867737696580e+02 1.415182270999421066e-01 8.493150439621655143e-04 -4.951970113308415966e-01 2.020000000000000000e+02
4.552338387398290820e+02 1.438121957291586539e-01 2.571284500762244132e-04 -5.030795694734141454e-01 2.280000000000000000e+02
4.576034578613840722e+02 1.510980686060782174e-01 1.614169788137839051e-04 -5.286709260658092324e-01 1.240000000000000000e+02
4.599517872444100703e+02 1.583463468979655064e-01 -3.746844777269249874e-04 -5.536595276781809405e-01 5.200000000000000000e+01
4.619205689144050666e+02 1.893931667971574806e-01 -5.809185957957035008e-04 -6.622017669078006374e-01 9.000000000000000000e+00
4.634281054380590490e+02 2.348157846032440932e-01 -2.078693403712120484e-04 -8.216045688000528369e-01 4.000000000000000000e+00
