2.966547074898984615e+00 4.411417194606296555e+00 3.641139728801436437e+00 1.737128508147987249e+00 1.300000000000000000e+01
5.026374055021858744e+00 2.772970653422367704e+00 2.387848049201453104e+00 1.259445819336740824e+00 3.300000000000000000e+01
7.149300621522788113e+00 2.052553060652528405e+00 1.310867853485232493e+00 3.221859665923499372e-01 7.900000000000000000e+01
9.278869254964254409e+00 1.502540047257471478e+00 1.235878707738505389e+00 7.509294798452363917e-01 1.170000000000000000e+02
1.145033261934470126e+01 1.261550079710814565e+00 8.084576418097864092e-01 3.812533183227644340e-01 2.050000000000000000e+02
1.349295587141915043e+01 1.178199837551259677e+00 4.765912060737286238e-01 8.712414174262461675e-01 2.350000000000000000e+02
1.558905561191892986e+01 1.115568443221075512e+00 2.353394977830140511e-01 3.495350412764621217e-01 3.690000000000000000e+02
1.769408367255316961e+01 1.205193508411969594e+00 -1.589082558179354954e-01 5.507677733877468507e-01 4.330000000000000000e+02
1.981787480313529670e+01 1.114139882366942613e+00 -9.532002130306668763e-02 2.247399715093700012e-01 5.850000000000000000e+02
2.192074938196263645e+01 1.045406269041845082e+00 -1.372782582853728298e-02 1.633386885245815545e-01 6.790000000000000000e+02
2.398877635566245203e+01 9.733855237321680232e-01 6.679019584595014339e-03 -4.141808049809334730e-02 8.130000000000000000e+02
2.609286971896115759e+01 8.905490172422156903e-01 1.316896347640847675e-01 -1.727919757062338635e-01 9.850000000000000000e+02
2.823466315278179550e+01 7.769271287507819590e-01 1.947285172742925508e-01 -2.108571035592882170e-02 1.183000000000000000e+03
3.032284873509123102e+01 7.459104476973076325e-01 1.554064189535459273e-01 4.229636050801804936e-02 1.269000000000000000e+03
3.240263258943403457e+01 7.758853192826414835e-01 2.326144709028666116e-02 7.929968880678762988e-02 1.537000000000000000e+03
3.449210129864554375e+01 7.857508864444485708e-01 -6.307241149716806550e-02 1.383387527661645577e-01 1.653000000000000000e+03
3.658588147515196454e+01 7.540634341352165926e-01 -7.975450372107463493e-02 1.217637709644061872e-01 1.963000000000000000e+03
3.868476949266977272e+01 7.292721229267461469e-01 -5.353472356919913161e-02 4.943111866679826549e-02 2.121000000000000000e+03
4.078898888458283523e+01 6.796954545622174715e-01 1.940902558201859640e-02 -3.097230383925311109e-02 2.413000000000000000e+03
4.289390876967645738e+01 6.299122504004303069e-01 6.187770340815115788e-02 -8.532824419049801767e-02 2.635000000000000000e+03
4.498336005546935468e+01 5.915539326854852842e-01 1.073120995493640623e-01 -4.012182797786055521e-02 2.877000000000000000e+03
4.706498529473824988e+01 5.689856848388160637e-01 7.586593436663985335e-02 -4.582292891086400116e-02 3.169000000000000000e+03
4.917111919158227096e+01 5.729360023271508062e-01 4.224321705575345004e-02 -2.103703858809159808e-03 3.507000000000000000e+03
5.126216914174227668e+01 5.629142906552863090e-01 1.007696542087419510e-02 3.009902834578678452e-02 3.685000000000000000e+03
5.335525146837034072e+01 5.529538900721083783e-01 -8.950897703677808057e-03 5.190839592023759053e-02 4.165000000000000000e+03
5.546637228956934251e+01 5.495714953990867846e-01 -2.908792293878446206e-02 6.603826126552063414e-02 4.377000000000000000e+03
5.757318819254808773e+01 5.158034820160989353e-01 1.415485873624293921e-02 -4.365573657262232683e-03 4.855000000000000000e+03
5.965884044590281121e+01 4.830040136819794272e-01 4.025964975948746749e-02 -1.047125351490406321e-03 4.929000000000000000e+03
6.174512302159506305e+01 4.630519246040223358e-01 6.694482983903571327e-02 -5.511950458347272125e-02 5.581000000000000000e+03
6.382689291137189969e+01 4.496553643120650423e-01 5.427845530390542489e-02 -1.437409884448912975e-02 5.679000000000000000e+03
6.592966228838450604e+01 4.544895567574105955e-01 1.785498623650623798e-02 1.052132290869324700e-02 6.385000000000000000e+03
6.803125784825746791e+01 4.458966904296451372e-01 7.638594085144807290e-03 4.130246931493154056e-02 6.553000000000000000e+03
7.013131008699485847e+01 4.423349488203943691e-01 -6.529282469297710903e-03 3.972964871329159875e-02 7.125000000000000000e+03
7.223032366074338029e+01 4.325376374143741764e-01 -1.147007822259311915e-02 2.528579564295244803e-02 7.447000000000000000e+03
7.432334270720505742e+01 4.079689379868789989e-01 2.467108581875623874e-02 -4.703546338169886480e-03 7.929000000000000000e+03
7.642066756954473306e+01 3.873602327938998613e-01 4.388261375396449587e-02 -1.878675175936160568e-02 8.353000000000000000e+03
7.850471694556040347e+01 3.772398705676415775e-01 5.477013544323609817e-02 -1.734834042915538860e-02 8.775000000000000000e+03
8.059701946059529121e+01 3.658052804103215094e-01 4.953140652745012529e-02 -1.153307326513935277e-02 9.313000000000000000e+03
8.269521798132063850e+01 3.648125939040031129e-01 3.702343384348141808e-02 -7.442106948184743810e-03 9.841000000000000000e+03
8.478307522909847194e+01 3.608653732214165410e-01 2.502950053992170423e-02 2.129206244264405037e-02 1.019100000000000000e+04
8.687780839616016237e+01 3.596494354601637577e-01 1.107735947578131035e-02 1.956126779357498027e-02 1.089700000000000000e+04
8.897524569656535220e+01 3.515468972236845402e-01 1.022121639544720795e-02 1.596440346401014482e-02 1.130100000000000000e+04
9.108077810470518898e+01 3.362443904438617848e-01 2.838476576805115323e-02 1.244647149375183864e-02 1.202500000000000000e+04
9.318432266948052245e+01 3.242903449778324343e-01 4.251215496056898885e-02 -8.342732900796741291e-03 1.242300000000000000e+04
9.527887641048309320e+01 3.135973808039208555e-01 4.887854285302385693e-02 -2.181010071744206996e-02 1.302100000000000000e+04
9.736254237981037818e+01 3.085919772840836628e-01 4.172493216141503342e-02 -6.022993650225600716e-03 1.340500000000000000e+04
9.944832814799407572e+01 3.052261523870014037e-01 3.493691161308103144e-02 4.085807618076856516e-03 1.424700000000000000e+04
1.015460879802399035e+02 3.040465774025846724e-01 2.618783359419202608e-02 1.278647472912304746e-02 1.471300000000000000e+04
1.036426375667732316e+02 3.022340015722425055e-01 1.551561531786638942e-02 1.687867431867579732e-02 1.548900000000000000e+04
1.057389390539465950e+02 2.925434367987086448e-01 2.633702302423993058e-02 1.960690375556999043e-02 1.591300000000000000e+04
1.078395855981474227e+02 2.823505279483179420e-01 3.800718059365337104e-02 4.073268307833576886e-03 1.687900000000000000e+04
1.099389405850131709e+02 2.744116399836798448e-01 4.157902770980608648e-02 6.785486094955477370e-04 1.719300000000000000e+04
1.120392143152385387e+02 2.645311012992174748e-01 4.914887722509467261e-02 -1.682386102051083160e-02 1.815700000000000000e+04
1.141233458569757744e+02 2.596628787590969933e-01 4.857508439780443971e-02 -5.079032275906309769e-03 1.833900000000000000e+04
1.162159397555423084e+02 2.581850007872619202e-01 4.331148056282344699e-02 5.109489105137137756e-03 1.957300000000000000e+04
1.183137204803772420e+02 2.553669529754899470e-01 3.593517134642017913e-02 9.434603210949353211e-03 1.994100000000000000e+04
1.203972311807013256e+02 2.559243499126017118e-01 2.632266644714620699e-02 2.975529835072295709e-02 2.062900000000000000e+04
1.224922363187857286e+02 2.479656198305000836e-01 3.390502403266991427e-02 8.608302758490499543e-03 2.165500000000000000e+04
1.245882598425863534e+02 2.412266988973477966e-01 3.986841290180268005e-02 1.133084882609664695e-02 2.211300000000000000e+04
1.266884677158377315e+02 2.349351424074493377e-01 4.572206138028720585e-02 -2.473997103732206333e-03 2.318500000000000000e+04
1.287846620419940962e+02 2.270361744553468508e-01 5.337666502208936181e-02 -1.221636055340772666e-03 2.366700000000000000e+04
1.308713393788149801e+02 2.246311245921790711e-01 5.133893052045346295e-02 1.535092485846722391e-04 2.438500000000000000e+04
1.329754833440644575e+02 2.229429405756408467e-01 4.626084213105191578e-02 8.582484788792907326e-03 2.574900000000000000e+04
1.350691081525609434e+02 2.214566149644230653e-01 4.145252512617581681e-02 1.405068597375246434e-02 2.567500000000000000e+04
1.371638825856825576e+02 2.189788176543698561e-01 3.833815908465442596e-02 1.420383321221513340e-02 2.740900000000000000e+04
1.392604757372163533e+02 2.137985998472544669e-01 4.384328297669926738e-02 1.294474290938923446e-02 2.740500000000000000e+04
1.413466882908376760e+02 2.086969326999510432e-01 4.848367201458875925e-02 7.998745907400236360e-03 2.871700000000000000e+04
1.434475230090064031e+02 2.032634852087300548e-01 5.190073509665649870e-02 2.505399331597905118e-03 2.959500000000000000e+04
1.455452853418541679e+02 1.970658592977256873e-01 5.979848750889032311e-02 2.465259320816840134e-03 3.030100000000000000e+04
1.476332061073587738e+02 1.951104516583301862e-01 5.760237809317612923e-02 6.190448268343397287e-04 3.110100000000000000e+04
1.497211472843286231e+02 1.933797713646185357e-01 5.300657812476880504e-02 1.522008740615411922e-03 3.202300000000000000e+04
1.518138048751577287e+02 1.923371866507128936e-01 4.830515713077167261e-02 1.161066808686902173e-02 3.297700000000000000e+04
1.539211490100352648e+02 1.907487133725531969e-01 4.847598051054251289e-02 1.379606454758231134e-02 3.444900000000000000e+04
1.560214747341236716e+02 1.869269993031129617e-01 4.831769439835066626e-02 1.497163598161035947e-02 3.454900000000000000e+04
1.581161747588121784e+02 1.837211491848344813e-01 5.231529469585998599e-02 7.177857613809127818e-03 3.611100000000000000e+04
1.602118712271799836e+02 1.776523790300990335e-01 5.772692617412626681e-02 6.071349563512538905e-03 3.654100000000000000e+04
1.623006419462898862e+02 1.742785475934931771e-01 6.126282743717876428e-02 3.097059364162451593e-03 3.771700000000000000e+04
1.643899033199985240e+02 1.726614580274923039e-01 5.847197345734465868e-02 2.145387813205304212e-03 3.861900000000000000e+04
1.664835582381511756e+02 1.710345849893933345e-01 5.669426304962498636e-02 7.160701720534214110e-03 3.966100000000000000e+04
1.685719683778473552e+02 1.701808170797896314e-01 5.312685485198716945e-02 1.257129070425544101e-02 4.054500000000000000e+04
1.706641332089364766e+02 1.683001036593353428e-01 5.362392167025435002e-02 1.464587078485461887e-02 4.181500000000000000e+04
1.727708699256135390e+02 1.652636223219271505e-01 5.347625182266832478e-02 1.104699562254668477e-02 4.312500000000000000e+04
1.748696546009699659e+02 1.630990313378071488e-01 5.465293050624330656e-02 1.121695910275600366e-02 4.368100000000000000e+04
1.769585769494445344e+02 1.584512004823627196e-01 6.112279137736805618e-02 4.658204426071059501e-03 4.462900000000000000e+04
1.790524509315575301e+02 1.556617217366861872e-01 6.219901204930312899e-02 4.311731204277916701e-03 4.622700000000000000e+04
1.811526521261263554e+02 1.546419746702873965e-01 6.008625508086028882e-02 7.936764139194975656e-03 4.690900000000000000e+04
1.832476884130738881e+02 1.529037922221112011e-01 5.995014767719430981e-02 6.614056002683992887e-03 4.823700000000000000e+04
1.853312475833926101e+02 1.526376199829995173e-01 5.704648654571350952e-02 1.461851758149876682e-02 4.858300000000000000e+04
1.874284892203218931e+02 1.510894917528163572e-01 5.532431611996236481e-02 1.300644792423825448e-02 5.099700000000000000e+04
1.895337179075755216e+02 1.496083545547095828e-01 5.561817585754791349e-02 1.234564496486501191e-02 5.139700000000000000e+04
1.916268196474026126e+02 1.471569574394210878e-01 5.748683452402019584e-02 1.289887676528078155e-02 5.248900000000000000e+04
1.937183403446852878e+02 1.433217242560034799e-01 6.190550634243061762e-02 1.166062587669395786e-02 5.378700000000000000e+04
1.958131498886989164e+02 1.415148933397157305e-01 6.382350831402608393e-02 8.587593527584000061e-03 5.491300000000000000e+04
1.979058740098966211e+02 1.403253133624424442e-01 6.189827143626278061e-02 9.707105954538518267e-03 5.597700000000000000e+04
1.999990651597893816e+02 1.384575882771162114e-01 6.276951364002569811e-02 1.260425227238129268e-02 5.741500000000000000e+04
2.020893038374759101e+02 1.385634033997647507e-01 6.025100598309776623e-02 1.394920826601638020e-02 5.810500000000000000e+04
2.041823192148177952e+02 1.369284439590180980e-01 5.883100098016905144e-02 1.615077648372983260e-02 6.003300000000000000e+04
2.062825911013838152e+02 1.360077755211163975e-01 6.020298409705387294e-02 1.810999561106068495e-02 6.094900000000000000e+04
2.083770189145966185e+02 1.338834187765800265e-01 6.245245505946304954e-02 1.753140887907087692e-02 6.223500000000000000e+04
2.104675816794403431e+02 1.311055344591957050e-01 6.449999042505320801e-02 1.503288714478573027e-02 6.322900000000000000e+04
2.125667854244018145e+02 1.295411491136317927e-01 6.514648715080952057e-02 1.446029413766937964e-02 6.513300000000000000e+04
2.146619261104851830e+02 1.283858227911515437e-01 6.626954938975795906e-02 1.520526164486771074e-02 6.570700000000000000e+04
2.167561805722037036e+02 1.273310991127551972e-01 6.609075617625716215e-02 1.965933162298544659e-02 6.756100000000000000e+04
2.188528705899679210e+02 1.269933648888158240e-01 6.436904894616267414e-02 2.005782931921372067e-02 6.850500000000000000e+04
2.209456427453084473e+02 1.261247052449344097e-01 6.423895797289323750e-02 2.365499628058781098e-02 6.994300000000000000e+04
2.230395148320731096e+02 1.252936101247343892e-01 6.469144409757271452e-02 2.489064866567138393e-02 7.109700000000000000e+04
2.251356732858534997e+02 1.233794774546287248e-01 6.704822083105232977e-02 2.463346713048570821e-02 7.302100000000000000e+04
2.272278504864401327e+02 1.216510998198627042e-01 6.923105868142186148e-02 2.514864769505157499e-02 7.331700000000000000e+04
2.293197511287232544e+02 1.205703442086056842e-01 6.936694061329484740e-02 2.415314468088154004e-02 7.579900000000000000e+04
2.314114772346510165e+02 1.191524537771103259e-01 7.218516744443673194e-02 2.603259600063578469e-02 7.602100000000000000e+04
2.335058467478245632e+02 1.185221640005865995e-01 7.164808915178670634e-02 2.987200349081642684e-02 7.875300000000000000e+04
2.356041652202905539e+02 1.185397706207483720e-01 7.074191195477191885e-02 3.240403244655516712e-02 7.929100000000000000e+04
2.377006336558306998e+02 1.178263151912445073e-01 7.218244601910024649e-02 3.393285685887092312e-02 8.112900000000000000e+04
2.397972750390475198e+02 1.174898951528210583e-01 7.130239932844531503e-02 3.758601419072200855e-02 8.244100000000000000e+04
2.418944602532704096e+02 1.159972661586826798e-01 7.468603187858825765e-02 3.890957470152262010e-02 8.394900000000000000e+04
2.439884227569783093e+02 1.148801809852611211e-01 7.629353375394298808e-02 3.738734579582022460e-02 8.512300000000000000e+04
2.460835996828307373e+02 1.149216149412401744e-01 7.729797149025040282e-02 4.342324256317560416e-02 8.692900000000000000e+04
2.481755280705312146e+02 1.135573565713513394e-01 8.035126304202303005e-02 4.274584778503359717e-02 8.778900000000000000e+04
2.502623700647570217e+02 1.133775387627463938e-01 8.100997816760018011e-02 4.676645483662450475e-02 8.962300000000000000e+04
2.523586155105348325e+02 1.137223850783458390e-01 7.974135546427824073e-02 4.982609867149292299e-02 9.134100000000000000e+04
2.544547077866985489e+02 1.130841153467311566e-01 8.318137630098201840e-02 5.300146376584740499e-02 9.284500000000000000e+04
2.565487653287422063e+02 1.138043325343541246e-01 8.287335669532860938e-02 5.866118535133611062e-02 9.408700000000000000e+04
2.586464955058470991e+02 1.133020701029270605e-01 8.488259189826055651e-02 6.092823329779527286e-02 9.633300000000000000e+04
2.607443047329861656e+02 1.130423649928641999e-01 8.799039061737584655e-02 6.446309297939366301e-02 9.724900000000000000e+04
2.628438312173413465e+02 1.133922893130303033e-01 8.900082677721642133e-02 6.680536421079091847e-02 9.950100000000000000e+04
2.649298855659840228e+02 1.128065597984971719e-01 9.165499426373399650e-02 7.164205436621931544e-02 9.928300000000000000e+04
2.670163698864117805e+02 1.134603949750495333e-01 9.359086502967374488e-02 7.454498308111744131e-02 1.025370000000000000e+05
2.691120556714307668e+02 1.135115606186839210e-01 9.266406134817048446e-02 6.787188879247081641e-02 1.022830000000000000e+05
2.712074998348403483e+02 1.116754934893793988e-01 9.011439924994628370e-02 4.650668783609245016e-02 1.021060000000000000e+05
2.733050116933233653e+02 1.108404559561263075e-01 8.604960636907892091e-02 2.688376590624165161e-02 1.007340000000000000e+05
2.753977295572417461e+02 1.086860933850306715e-01 8.365165032771759712e-02 5.640740419458539073e-03 9.999400000000000000e+04
2.774958294534935703e+02 1.080043256534019558e-01 8.031271508175159834e-02 -8.595221894248298786e-03 9.936000000000000000e+04
2.795977707949222122e+02 1.066412441495206281e-01 7.667605873021823837e-02 -2.814140669153213439e-02 9.860800000000000000e+04
2.816862895118986785e+02 1.047606458964886189e-01 7.519397018168842706e-02 -4.231468599790717128e-02 9.625200000000000000e+04
2.837743515740906446e+02 1.042114216107041802e-01 7.136299017144255574e-02 -5.751945696353374243e-02 9.640000000000000000e+04
2.858713251310674650e+02 1.027094272250658469e-01 6.981281807546935170e-02 -6.846353878811511917e-02 9.539800000000000000e+04
2.879670932628575883e+02 1.014546298023560611e-01 6.743333454512087655e-02 -8.275636589543247656e-02 9.402000000000000000e+04
2.900590582015512382e+02 1.005202877897428404e-01 6.405254511744588874e-02 -9.375466077654091845e-02 9.316000000000000000e+04
2.921519201901450060e+02 9.926624951193017965e-02 6.343653823313165352e-02 -1.040827225882001439e-01 9.177600000000000000e+04
2.942485935102203030e+02 9.817013059519481832e-02 6.105642746509221119e-02 -1.136191885327685197e-01 9.137800000000000000e+04
2.963426645133968691e+02 9.736972676248213665e-02 5.866334028572305764e-02 -1.222417281333044448e-01 8.949000000000000000e+04
2.984329904966970162e+02 9.636174463475954965e-02 5.742626138478742343e-02 -1.322089536809636923e-01 8.845000000000000000e+04
3.005290481640043367e+02 9.511248614559952852e-02 5.617608972605742101e-02 -1.396550547227299877e-01 8.794600000000000000e+04
3.026245947235937592e+02 9.443089135354404418e-02 5.417125631376650680e-02 -1.460605752527614487e-01 8.575200000000000000e+04
3.047205651109674704e+02 9.357086544383384774e-02 5.232075680133334294e-02 -1.540682540164562686e-01 8.574400000000000000e+04
3.068167457111920839e+02 9.269122702542180459e-02 5.177122265658798406e-02 -1.599715981480845095e-01 8.322000000000000000e+04
3.089118625384018060e+02 9.161876119989977030e-02 5.048293982965323251e-02 -1.656943027237461619e-01 8.302000000000000000e+04
3.110099981664167785e+02 9.094199074935929716e-02 4.856019736130078035e-02 -1.716247079810264142e-01 8.106400000000000000e+04
3.131040997612852266e+02 8.981967972395134281e-02 4.714521452183947914e-02 -1.764074090952991725e-01 7.983000000000000000e+04
3.151936712677708670e+02 8.918769268647860904e-02 4.701658968759644258e-02 -1.813589895364090820e-01 7.823800000000000000e+04
3.172858841403398173e+02 8.821614406350422599e-02 4.536831262517156127e-02 -1.854098431860857210e-01 7.715400000000000000e+04
3.193772099476266817e+02 8.725677618876118147e-02 4.428015526563144205e-02 -1.894612224867148476e-01 7.546600000000000000e+04
3.214753775151562536e+02 8.667332187478442307e-02 4.295343577932382584e-02 -1.931915933586490497e-01 7.480200000000000000e+04
3.235746879206847666e+02 8.586815487880854192e-02 4.253821078088849267e-02 -1.974027936870307309e-01 7.258000000000000000e+04
3.256647237020029024e+02 8.472709514449719426e-02 4.200910008409896451e-02 -1.999711456271444365e-01 7.133800000000000000e+04
3.277571324083919535e+02 8.417575278748005985e-02 4.052437983869811716e-02 -2.022736701902216327e-01 6.964200000000000000e+04
3.298487111637800240e+02 8.317493858961635955e-02 3.989361628272168614e-02 -2.056701267548157186e-01 6.832600000000000000e+04
3.319433744068021497e+02 8.243731192043661504e-02 3.962647017308677799e-02 -2.082569494630880369e-01 6.674400000000000000e+04
3.340422322988853239e+02 8.187620358087834005e-02 3.922923808925601885e-02 -2.107433271379559325e-01 6.533800000000000000e+04
3.361307892565458246e+02 8.110798298168893361e-02 3.877075522477665265e-02 -2.130471474119449982e-01 6.315600000000000000e+04
3.382251120895489294e+02 8.027429880066606904e-02 3.761780889793124583e-02 -2.142893795376319410e-01 6.214000000000000000e+04
3.403264013195363304e+02 7.972010076661176226e-02 3.781810848349576731e-02 -2.171907891044723149e-01 6.051400000000000000e+04
3.424148842577288860e+02 7.930993844498357426e-02 3.706444114039308957e-02 -2.192832553769201720e-01 5.799000000000000000e+04
3.445099495577244397e+02 7.844248167273708272e-02 3.790119688287132971e-02 -2.214900184430643737e-01 5.742400000000000000e+04
3.466144105402300397e+02 7.800698728634981871e-02 3.662152923805492288e-02 -2.221636654426590030e-01 5.518200000000000000e+04
3.487067496858389859e+02 7.755669667164086234e-02 3.647442097010851481e-02 -2.244012020286447195e-01 5.306800000000000000e+04
3.507912540595516475e+02 7.723560824504308031e-02 3.677924421666411980e-02 -2.270410340878058486e-01 5.152800000000000000e+04
3.528807167895711814e+02 7.646770205500219575e-02 3.621587844909189557e-02 -2.279010861146448796e-01 4.954600000000000000e+04
3.549828487415276754e+02 7.652198110357097405e-02 3.696049090087863420e-02 -2.307757110843323134e-01 4.846600000000000000e+04
3.570768480370360862e+02 7.621638733950525380e-02 3.654168796338375796e-02 -2.323691610517137351e-01 4.566600000000000000e+04
3.591652111747225717e+02 7.577440855465086833e-02 3.588404407019376435e-02 -2.330134934033735450e-01 4.423000000000000000e+04
3.612627896178847777e+02 7.548757894307188410e-02 3.595317181992835343e-02 -2.352815590129495038e-01 4.254000000000000000e+04
3.633645820428338880e+02 7.512185663459658436e-02 3.552553061714616017e-02 -2.367255712748885799e-01 4.022200000000000000e+04
3.654527365610065885e+02 7.550300079208650816e-02 3.686082929596912194e-02 -2.402940125524629378e-01 3.842200000000000000e+04
3.675441472124314259e+02 7.482669533133416706e-02 3.479628304639793834e-02 -2.392354376586400266e-01 3.624600000000000000e+04
3.696396280380744201e+02 7.495645637313476384e-02 3.485304845989469630e-02 -2.409873937742794681e-01 3.455200000000000000e+04
3.717297223820279441e+02 7.415679358629068130e-02 3.363813698738429836e-02 -2.409333682074185634e-01 3.213600000000000000e+04
3.738176974939287902e+02 7.369412112825494965e-02 3.330875717003137920e-02 -2.425594645960646722e-01 3.029200000000000000e+04
3.759110996783247174e+02 7.283572940757052083e-02 3.207256290968640150e-02 -2.416417324152894397e-01 2.830200000000000000e+04
3.780081394014102898e+02 7.145668799391739767e-02 2.952486967391670589e-02 -2.376926933066977055e-01 2.605600000000000000e+04
3.801051557582653118e+02 7.107894252365200283e-02 2.749477958275430012e-02 -2.370565865016162899e-01 2.421100000000000000e+04
3.821955053587425937e+02 6.943924360047726285e-02 2.495472014394759311e-02 -2.331217821804899282e-01 2.220600000000000000e+04
3.842862749912937943e+02 6.758635271488293295e-02 2.298428548950054787e-02 -2.283767530718529282e-01 2.088400000000000000e+04
3.863841918340856409e+02 6.665799348441944772e-02 2.255261854360292653e-02 -2.275821636213934962e-01 1.939200000000000000e+04
3.884771734501698006e+02 6.506811880788471170e-02 2.094923540589408925e-02 -2.229522539737502917e-01 1.805800000000000000e+04
3.905623371605522607e+02 6.340999671342342769e-02 1.963220038475410253e-02 -2.183342412057235615e-01 1.674600000000000000e+04
3.926667500119167471e+02 6.240003263092039343e-02 1.812467823050811430e-02 -2.156774228199595245e-01 1.589800000000000000e+04
3.947778557744774162e+02 6.120410331694725592e-02 1.693169461550353416e-02 -2.120267055490682173e-01 1.457800000000000000e+04
3.968631060462392952e+02 5.967783202670252918e-02 1.582802558727846448e-02 -2.070541389084253892e-01 1.344300000000000000e+04
3.989413219049817485e+02 5.800756302194166880e-02 1.452995412339524312e-02 -2.017032628090112689e-01 1.251100000000000000e+04
4.010572258526528344e+02 5.560827638102477932e-02 1.314744512750929718e-02 -1.938166284831603914e-01 1.191900000000000000e+04
4.031656962107319373e+02 5.472655923639199727e-02 1.215378392097748832e-02 -1.909631427937003856e-01 1.063900000000000000e+04
4.052249146637423678e+02 5.403381368054609862e-02 1.120809806220418245e-02 -1.888217867341910328e-01 9.775000000000000000e+03
4.073276634718891387e+02 5.145595095383924400e-02 9.998126057467129554e-03 -1.802239565482856853e-01 9.423000000000000000e+03
4.094593776408451049e+02 4.896251796810942997e-02 9.506612372251515425e-03 -1.722733100385122618e-01 8.449000000000000000e+03
4.115405539130957777e+02 4.718289095895081969e-02 8.689300655403339735e-03 -1.663743477170474272e-01 7.596000000000000000e+03
4.135894252671187132e+02 4.580575423271113916e-02 8.107641212618560411e-03 -1.617141688311559689e-01 6.931000000000000000e+03
4.156930049049321951e+02 4.393666172933084063e-02 6.781229469800663379e-03 -1.549500136745073364e-01 6.612000000000000000e+03
4.178272827209258367e+02 4.232040569638158278e-02 6.279301333444329593e-03 -1.495790491540684441e-01 5.899000000000000000e+03
4.199082037741286513e+02 4.054382602688302861e-02 6.140178940944210177e-03 -1.438951325662029823e-01 5.176000000000000000e+03
4.219826095167229028e+02 3.851386748585631375e-02 5.314039825568537580e-03 -1.365648220709141658e-01 4.824000000000000000e+03
4.241028763136273483e+02 3.502043937437543386e-02 4.225225385435857697e-03 -1.240282525018891052e-01 4.312000000000000000e+03
4.262107721966358440e+02 3.455342152631785124e-02 4.004304243213071407e-03 -1.224412251827201592e-01 3.819000000000000000e+03
4.282460731868927724e+02 3.364533341826998758e-02 3.488783900024472126e-03 -1.190513397132884343e-01 3.220000000000000000e+03
4.303287648834323136e+02 3.009222949977326256e-02 2.401482683686986287e-03 -1.060381658169102514e-01 3.132000000000000000e+03
4.325172248853483552e+02 2.903629759309937428e-02 2.143022397083900552e-03 -1.023203578130993524e-01 2.680000000000000000e+03
4.346325070601815810e+02 2.780260543222519420e-02 1.890014882202511971e-03 -9.794602606754808372e-02 2.218000000000000000e+03
4.365567227659553851e+02 2.550614144308630329e-02 1.449563901216550672e-03 -8.957581213584102364e-02 1.728000000000000000e+03
4.386277159174848634e+02 2.304515103772891704e-02 8.676700922675905595e-04 -8.076278252865140561e-02 1.816000000000000000e+03
4.409019266196692683e+02 2.337190502198121383e-02 4.720076597278568533e-04 -8.154206927523040271e-02 1.476000000000000000e+03
4.430735479208619836e+02 1.993036557689788560e-02 -6.820677555691950604e-04 -6.845065940934970394e-02 1.108000000000000000e+03
4.448761117541747012e+02 2.441607721356534033e-02 9.014320000770688292e-05 -8.484284640669326194e-02 7.560000000000000000e+02
4.469343758523184533e+02 1.944581020001261498e-02 3.305575314371980808e-05 -6.774314299487303737e-02 8.440000000000000000e+02
4.493013102792758104e+02 1.598943891950150090e-02 -9.091268101400179599e-05 -5.568238706124843673e-02 6.280000000000000000e+02
4.515989744176221734e+02 1.986350127139940511e-02 3.430062166596359536e-04 -6.975941451725317655e-02 4.050000000000000000e+02
4.533101867737696580e+02 9.339246529964425475e-03 -3.491603244001289358e-04 -3.230198259836360164e-02 2.020000000000000000e+02
4.552338387398290820e+02 1.731582626870667094e-02 9.846906575521395619e-04 -6.155977945757525049e-02 2.280000000000000000e+02
4.576034578613840722e+02 2.705937808951215315e-03 1.254629211439504304e-03 -1.075037306903527459e-02 1.240000000000000000e+02
4.599517872444100703e+02 -2.986552764087074471e-02 1.154255502321452093e-03 1.033297155065167755e-01 5.200000000000000000e+01
4.619205689144050666e+02 -6.761883257562298355e-02 1.671373798802638650e-04 2.364654591173948883e-01 9.000000000000000000e+00
4.634281054380590490e+02 -5.662178213178326730e-02 -2.383798135485297204e-04 1.984050524513597535e-01 4.000000000000000000e+00
