2.966547074898984615e+00 2.681593635098509409e+01 3.788273607120617309e-02 -1.255205552323845453e+01 1.300000000000000000e+01
5.026374055021858744e+00 2.678346965864735552e+01 1.120113085768115538e-02 3.851575457263731739e+00 3.300000000000000000e+01
7.149300621522788113e+00 2.671452398276015217e+01 1.864835002269600583e-02 -5.387372257052379432e+00 7.900000000000000000e+01
9.278869254964254409e+00 2.663451198649687512e+01 1.526330039468309745e-02 -1.263881292574180026e+00 1.170000000000000000e+02
1.145033261934470126e+01 2.653191038671341673e+01 3.435697144792009688e-02 -1.703450207460850407e+00 2.050000000000000000e+02
1.349295587141915043e+01 2.642672543151844877e+01 3.901985682659056542e-02 1.853230541845984458e+00 2.350000000000000000e+02
1.558905561191892986e+01 2.630971077150150350e+01 2.972362651861031047e-02 -2.023648309532257716e+00 3.690000000000000000e+02
1.769408367255316961e+01 2.618924526021570998e+01 2.878046185570670018e-02 5.415338088600513133e-02 4.330000000000000000e+02
1.981787480313529670e+01 2.605769545929539532e+01 2.209859462590623227e-02 -5.373019830036229738e-01 5.850000000000000000e+02
2.192074938196263645e+01 2.592968631625598519e+01 8.466562029295224626e-03 2.284535013636425305e+00 6.790000000000000000e+02
2.398877635566245203e+01 2.580033701619627351e+01 -9.760459070373456170e-03 -1.892790581581550668e+00 8.130000000000000000e+02
2.609286971896115759e+01 2.566576861025793121e+01 -2.246317849554107723e-02 -2.601524394424835851e+00 9.850000000000000000e+02
2.823466315278179550e+01 2.552771679944677174e+01 -4.301075945523497035e-02 1.808517043644584099e+00 1.183000000000000000e+03
3.032284873509123102e+01 2.539348067066080361e+01 -6.602328706003920966e-02 6.872907272869372974e-01 1.269000000000000000e+03
3.240263258943403457e+01 2.525892437654503198e+01 -8.740190892356344832e-02 -7.512378556590537659e-01 1.537000000000000000e+03
3.449210129864554375e+01 2.511880902826689521e+01 -1.061727586392322842e-01 -1.177604353435546813e-01 1.653000000000000000e+03
3.658588147515196454e+01 2.498225398957444554e+01 -1.329265652597540481e-01 4.545172903401339080e-03 1.963000000000000000e+03
3.868476949266977272e+01 2.484187116272929430e+01 -1.555257859811966237e-01 -1.256008114581919077e-01 2.121000000000000000e+03
4.078898888458283523e+01 2.469868887392949830e+01 -1.785392604301008768e-01 -1.046965869380438036e-01 2.413000000000000000e+03
4.289390876967645738e+01 2.455680643770713445e+01 -2.016584872757955504e-01 -8.841937844037819350e-01 2.635000000000000000e+03
4.498336005546935468e+01 2.441375966607285264e+01 -2.315726154266293801e-01 1.273870892643182984e+00 2.877000000000000000e+03
4.706498529473824988e+01 2.427141794865584146e+01 -2.540977487522939615e-01 -5.080810978053734717e-01 3.169000000000000000e+03
4.917111919158227096e+01 2.412652013446174593e+01 -2.794427817045277984e-01 -2.246426015552677735e-01 3.507000000000000000e+03
5.126216914174227668e+01 2.398302403756958512e+01 -3.068376854389456287e-01 -5.861487600632866446e-01 3.685000000000000000e+03
5.335525146837034072e+01 2.384033587985942759e+01 -3.436775908136449620e-01 3.330670097150896236e-01 4.165000000000000000e+03
5.546637228956934251e+01 2.369516034024860929e+01 -3.733522042807488339e-01 4.267565859680481077e-01 4.377000000000000000e+03
5.757318819254808773e+01 2.355330626333844179e+01 -4.050981481492963443e-01 -6.099921132120027512e-01 4.855000000000000000e+03
5.965884044590281121e+01 2.341308871130939551e+01 -4.467801803134987537e-01 5.469815260102470766e-01 4.929000000000000000e+03
6.174512302159506305e+01 2.327524214503914379e+01 -4.803638474629684518e-01 -6.033086513959445840e-01 5.581000000000000000e+03
6.382689291137189969e+01 2.313612267657102350e+01 -5.251388149789910642e-01 3.498112235909389134e-01 5.679000000000000000e+03
6.592966228838450604e+01 2.300089434766084295e+01 -5.630821752888215403e-01 -6.386515433199576597e-01 6.385000000000000000e+03
6.803125784825746791e+01 2.286514478652912175e+01 -6.164054304757690117e-01 2.941017662192512150e-01 6.553000000000000000e+03
7.013131008699485847e+01 2.273165981641678002e+01 -6.638393148216492623e-01 2.593347157997500929e-01 7.125000000000000000e+03
7.223032366074338029e+01 2.259922468495234327e+01 -7.094964764871569685e-01 -2.841910271350370221e-01 7.447000000000000000e+03
7.432334270720505742e+01 2.246988985723582744e+01 -7.641025416230338152e-01 -6.323548195757715262e-02 7.929000000000000000e+03
7.642066756954473306e+01 2.234108911099325212e+01 -8.143937861245451604e-01 -3.576042494986093612e-01 8.353000000000000000e+03
7.850471694556040347e+01 2.221492658018512856e+01 -8.768653189968234063e-01 2.357125766192225136e-01 8.775000000000000000e+03
8.059701946059529121e+01 2.209035859319327599e+01 -9.351518418252947606e-01 2.171357058849166799e-01 9.313000000000000000e+03
8.269521798132063850e+01 2.196753252349498453e+01 -9.912915798317336602e-01 -2.501284236022366936e-01 9.841000000000000000e+03
8.478307522909847194e+01 2.184662805796695295e+01 -1.059992604825502172e+00 3.537384530394242499e-01 1.019100000000000000e+04
8.687780839616016237e+01 2.172804736120329494e+01 -1.116288043322337886e+00 -2.234766310139553180e-01 1.089700000000000000e+04
8.897524569656535220e+01 2.161166014124406942e+01 -1.182111295690650543e+00 -3.003837389062920527e-01 1.130100000000000000e+04
9.108077810470518898e+01 2.149681225806431328e+01 -1.261528704717907567e+00 3.920029069094490559e-01 1.202500000000000000e+04
9.318432266948052245e+01 2.138435588636905749e+01 -1.326219008209108097e+00 1.037946292140475846e-01 1.242300000000000000e+04
9.527887641048309320e+01 2.127435774313824624e+01 -1.390956610757714484e+00 -1.953837105979346067e-01 1.302100000000000000e+04
9.736254237981037818e+01 2.116794543850340915e+01 -1.470054675116541754e+00 1.876002513464241073e-01 1.340500000000000000e+04
9.944832814799407572e+01 2.106314079746418955e+01 -1.539915062634896747e+00 7.883338961401488432e-02 1.424700000000000000e+04
1.015460879802399035e+02 2.095945775619487605e+01 -1.610672919019498828e+00 -6.615654794347419765e-02 1.471300000000000000e+04
1.036426375667732316e+02 2.085916521993305039e+01 -1.680431501602257072e+00 -2.538618868371400050e-01 1.548900000000000000e+04
1.057389390539465950e+02 2.075992818063706480e+01 -1.769953145717708010e+00 3.420563152582656308e-01 1.591300000000000000e+04
1.078395855981474227e+02 2.066359301743901611e+01 -1.844153508224206650e+00 2.325451246409329653e-01 1.687900000000000000e+04
1.099389405850131709e+02 2.056910476303928803e+01 -1.921773535672825828e+00 2.178258352654952601e-01 1.719300000000000000e+04
1.120392143152385387e+02 2.047633043214380422e+01 -1.986343032064846970e+00 -3.238271372013971083e-01 1.815700000000000000e+04
1.141233458569757744e+02 2.038702990332737031e+01 -2.077450488917148785e+00 1.515263822051695908e-01 1.833900000000000000e+04
1.162159397555423084e+02 2.029885161407005612e+01 -2.159623101971812176e+00 2.075103890941838725e-01 1.957300000000000000e+04
1.183137204803772420e+02 2.021292982163313923e+01 -2.232985945893979807e+00 -1.128476221657550849e-01 1.994100000000000000e+04
1.203972311807013256e+02 2.012984669985932840e+01 -2.339031876435573309e+00 6.352219858541244824e-01 2.062900000000000000e+04
1.224922363187857286e+02 2.004748927934293334e+01 -2.394182445722032870e+00 -2.865663187519422173e-01 2.165500000000000000e+04
1.245882598425863534e+02 1.996867189802297560e+01 -2.503778418183004284e+00 3.512061205658109087e-01 2.211300000000000000e+04
1.266884677158377315e+02 1.989132849516191115e+01 -2.572551819046269284e+00 -2.206915228245931726e-01 2.318500000000000000e+04
1.287846620419940962e+02 1.981652407030610519e+01 -2.681732841259134581e+00 2.516363660334230423e-01 2.366700000000000000e+04
1.308713393788149801e+02 1.974445687238204172e+01 -2.773230448062487863e+00 1.558188095923230265e-01 2.438500000000000000e+04
1.329754833440644575e+02 1.967438297979638406e+01 -2.873368467166988793e+00 2.140712811679704453e-01 2.574900000000000000e+04
1.350691081525609434e+02 1.960675951450231480e+01 -2.973727998749626344e+00 1.959583493775342855e-01 2.567500000000000000e+04
1.371638825856825576e+02 1.954075605084316081e+01 -3.065687490743995713e+00 -9.462268825517443707e-03 2.740900000000000000e+04
1.392604757372163533e+02 1.947798622232588883e+01 -3.191443466950256713e+00 3.748822348721191355e-01 2.740500000000000000e+04
1.413466882908376760e+02 1.941636312565274736e+01 -3.286957034815711776e+00 1.128460131173038838e-01 2.871700000000000000e+04
1.434475230090064031e+02 1.935703360533573303e+01 -3.400223319661761057e+00 1.492011459917240157e-01 2.959500000000000000e+04
1.455452853418541679e+02 1.930030547732472712e+01 -3.530832612473056464e+00 3.998286226871878846e-01 3.030100000000000000e+04
1.476332061073587738e+02 1.924529944640865509e+01 -3.642167214451738744e+00 3.135783195982953520e-01 3.110100000000000000e+04
1.497211472843286231e+02 1.919057704337526360e+01 -3.737476030082692358e+00 -1.592465569568526085e-01 3.202300000000000000e+04
1.518138048751577287e+02 1.914112567334597870e+01 -3.888280210574877938e+00 3.082429992894863413e-01 3.297700000000000000e+04
1.539211490100352648e+02 1.909243736476624420e+01 -4.024323302251891832e+00 4.028483513813231331e-01 3.444900000000000000e+04
1.560214747341236716e+02 1.904568095051259391e+01 -4.158998948092017756e+00 4.072101951887422411e-01 3.454900000000000000e+04
1.581161747588121784e+02 1.900032184868863538e+01 -4.276906047848215486e+00 1.680929990307478417e-01 3.611100000000000000e+04
1.602118712271799836e+02 1.896020928707744346e+01 -4.444483443161025171e+00 5.373519246762008539e-01 3.654100000000000000e+04
1.623006419462898862e+02 1.892183975376632077e+01 -4.582740158318626023e+00 5.066325876499137015e-01 3.771700000000000000e+04
1.643899033199985240e+02 1.888290035735678174e+01 -4.704418505531362982e+00 1.464419515190796550e-01 3.861900000000000000e+04
1.664835582381511756e+02 1.885128758035851959e+01 -4.877820645835561741e+00 4.486534256206174409e-01 3.966100000000000000e+04
1.685719683778473552e+02 1.882164781172745549e+01 -5.038750620914463241e+00 5.118301229871121683e-01 4.054500000000000000e+04
1.706641332089364766e+02 1.879553257884982642e+01 -5.213263983161872339e+00 6.904608316165518067e-01 4.181500000000000000e+04
1.727708699256135390e+02 1.876977632495048809e+01 -5.358124541311758193e+00 4.649556715788122907e-01 4.312500000000000000e+04
1.748696546009699659e+02 1.875028611938272860e+01 -5.540618688402133785e+00 6.050920495473870453e-01 4.368100000000000000e+04
1.769585769494445344e+02 1.873226490109506770e+01 -5.704440845337162003e+00 5.260216258692966829e-01 4.462900000000000000e+04
1.790524509315575301e+02 1.871997105650803306e+01 -5.894718858786998084e+00 6.785726934860280002e-01 4.622700000000000000e+04
1.811526521261263554e+02 1.871051933981180682e+01 -6.089717473953792037e+00 7.741835628183298956e-01 4.690900000000000000e+04
1.832476884130738881e+02 1.870301455252736389e+01 -6.257724163528791017e+00 6.493852043292198672e-01 4.823700000000000000e+04
1.853312475833926101e+02 1.870441046779804850e+01 -6.492329486459459176e+00 1.027104080041051137e+00 4.858300000000000000e+04
1.874284892203218931e+02 1.870291459567738457e+01 -6.661266498786816648e+00 8.151938195621929450e-01 5.099700000000000000e+04
1.895337179075755216e+02 1.870734565322224796e+01 -6.858039048060609488e+00 7.799038944622970204e-01 5.139700000000000000e+04
1.916268196474026126e+02 1.871952260762629194e+01 -7.089870942288610145e+00 9.840201521273028717e-01 5.248900000000000000e+04
1.937183403446852878e+02 1.873641547484259462e+01 -7.327558417595220419e+00 1.252943445736106609e+00 5.378700000000000000e+04
1.958131498886989164e+02 1.875322009304936444e+01 -7.535761386240993787e+00 1.130446411771442117e+00 5.491300000000000000e+04
1.979058740098966211e+02 1.877560056671780586e+01 -7.752440396611821605e+00 1.163721032626935381e+00 5.597700000000000000e+04
1.999990651597893816e+02 1.880702229977519480e+01 -8.013014774870162782e+00 1.384739331792697037e+00 5.741500000000000000e+04
2.020893038374759101e+02 1.883890535162143465e+01 -8.243764081081609518e+00 1.383294889454087961e+00 5.810500000000000000e+04
2.041823192148177952e+02 1.887536198596519199e+01 -8.473746325391187995e+00 1.340989364576949283e+00 6.003300000000000000e+04
2.062825911013838152e+02 1.892456354210666092e+01 -8.768239578324260819e+00 1.610900927489962609e+00 6.094900000000000000e+04
2.083770189145966185e+02 1.897601893644479887e+01 -9.040029210417173999e+00 1.825589555416248899e+00 6.223500000000000000e+04
2.104675816794403431e+02 1.902999392873010720e+01 -9.298552906037897969e+00 1.768615364736438655e+00 6.322900000000000000e+04
2.125667854244018145e+02 1.909031058404714187e+01 -9.567330537665434065e+00 1.818306124439337701e+00 6.513300000000000000e+04
2.146619261104851830e+02 1.916103614411571243e+01 -9.870290715120599856e+00 2.023456243763565254e+00 6.570700000000000000e+04
2.167561805722037036e+02 1.924126112104359621e+01 -1.019935458544805229e+01 2.288348349879735899e+00 6.756100000000000000e+04
2.188528705899679210e+02 1.931663212425638321e+01 -1.046387520353376743e+01 2.219209559179184943e+00 6.850500000000000000e+04
2.209456427453084473e+02 1.941183852888060812e+01 -1.081383236350869126e+01 2.485711189381904607e+00 6.994300000000000000e+04
2.230395148320731096e+02 1.950663083670843179e+01 -1.112819864708517947e+01 2.633701308309567057e+00 7.109700000000000000e+04
2.251356732858534997e+02 1.961515233476323061e+01 -1.148417087855981045e+01 2.854933909232078015e+00 7.302100000000000000e+04
2.272278504864401327e+02 1.972903697920207833e+01 -1.183318773932402301e+01 3.036173406040011624e+00 7.331700000000000000e+04
2.293197511287232544e+02 1.984122707361802895e+01 -1.214042969810882155e+01 3.002300260948224775e+00 7.579900000000000000e+04
2.314114772346510165e+02 1.998067502768370218e+01 -1.255554094145327859e+01 3.419878579625196036e+00 7.602100000000000000e+04
2.335058467478245632e+02 2.012355461142938395e+01 -1.294971015459030106e+01 3.737905281147504866e+00 7.875300000000000000e+04
2.356041652202905539e+02 2.026704932464024722e+01 -1.330480886389966777e+01 3.776556083571957600e+00 7.929100000000000000e+04
2.377006336558306998e+02 2.042950081000631357e+01 -1.371813908711724750e+01 4.072499045182262023e+00 8.112900000000000000e+04
2.397972750390475198e+02 2.059694375196125904e+01 -1.411972569326626115e+01 4.322324164554193437e+00 8.244100000000000000e+04
2.418944602532704096e+02 2.079174593062675669e+01 -1.459997173623827038e+01 4.775108871717530512e+00 8.394900000000000000e+04
2.439884227569783093e+02 2.096286859394833968e+01 -1.494141431117401098e+01 4.732418638740085726e+00 8.512300000000000000e+04
2.460835996828307373e+02 2.118473413111790293e+01 -1.546278550580890254e+01 5.310260768749627935e+00 8.692900000000000000e+04
2.481755280705312146e+02 2.139516810169957850e+01 -1.589825762109741802e+01 5.567804602520378232e+00 8.778900000000000000e+04
2.502623700647570217e+02 2.163241492796820609e+01 -1.640364597037858019e+01 6.049952240207440823e+00 8.962300000000000000e+04
2.523586155105348325e+02 2.185857452270063561e+01 -1.681541779613147725e+01 6.102277276111602866e+00 9.134100000000000000e+04
2.544547077866985489e+02 2.212543852664025579e+01 -1.735945810118100496e+01 6.744081209243070418e+00 9.284500000000000000e+04
2.565487653287422063e+02 2.240979451140724876e+01 -1.790955331769609415e+01 7.223215137445274436e+00 9.408700000000000000e+04
2.586464955058470991e+02 2.268351189989479266e+01 -1.838959786112306460e+01 7.563336715031834245e+00 9.633300000000000000e+04
2.607443047329861656e+02 2.300884673089020183e+01 -1.900181187761978308e+01 8.234543737985744016e+00 9.724900000000000000e+04
2.628438312173413465e+02 2.331354742646222533e+01 -1.950300069041242779e+01 8.573519636229937291e+00 9.950100000000000000e+04
2.649298855659840228e+02 2.366040584340610664e+01 -2.010029074387480108e+01 9.206308800686150207e+00 9.928300000000000000e+04
2.670163698864117805e+02 2.401250793646335424e+01 -2.066549650317052667e+01 9.632402463327053965e+00 1.025370000000000000e+05
2.691120556714307668e+02 2.425552425857595651e+01 -2.087335210866519475e+01 8.908790486077604598e+00 1.022830000000000000e+05
2.712074998348403483e+02 2.435471726367792655e+01 -2.061231161349484253e+01 6.338797920162980049e+00 1.021060000000000000e+05
2.733050116933233653e+02 2.447395813392961728e+01 -2.042585415514399472e+01 4.193735469813400840e+00 1.007340000000000000e+05
2.753977295572417461e+02 2.453917894537151412e+01 -2.007698698115813585e+01 1.577572177015679644e+00 9.999400000000000000e+04
2.774958294534935703e+02 2.470296022495181631e+01 -2.001705080002171755e+01 -1.110018208325247863e-01 9.936000000000000000e+04
2.795977707949222122e+02 2.478458896767850561e+01 -1.972749315413573257e+01 -2.362247148355570037e+00 9.860800000000000000e+04
2.816862895118986785e+02 2.492191168643023857e+01 -1.957390507132817703e+01 -4.283915683686112530e+00 9.625200000000000000e+04
2.837743515740906446e+02 2.503344999103983426e+01 -1.937365884647677561e+01 -6.117053642279058678e+00 9.640000000000000000e+04
2.858713251310674650e+02 2.520169499012312997e+01 -1.930344559003260230e+01 -7.681883803884691275e+00 9.539800000000000000e+04
2.879670932628575883e+02 2.532531361332572217e+01 -1.913459355629877123e+01 -9.363877862256837048e+00 9.402000000000000000e+04
2.900590582015512382e+02 2.545642114567761283e+01 -1.896189107392319784e+01 -1.111202889541477745e+01 9.316000000000000000e+04
2.921519201901450060e+02 2.562459978728983856e+01 -1.888094444673949468e+01 -1.258076484665390993e+01 9.177600000000000000e+04
2.942485935102203030e+02 2.579346922661511243e+01 -1.882867705073341114e+01 -1.383512437875454282e+01 9.137800000000000000e+04
2.963426645133968691e+02 2.596644709116755934e+01 -1.874924232254723222e+01 -1.528102123304758209e+01 8.949000000000000000e+04
2.984329904966970162e+02 2.611244412796886749e+01 -1.862335126768164884e+01 -1.671053685287642665e+01 8.845000000000000000e+04
3.005290481640043367e+02 2.630899481271363527e+01 -1.861210529088748444e+01 -1.788476959991542259e+01 8.794600000000000000e+04
3.026245947235937592e+02 2.653303862236082722e+01 -1.864101382181792488e+01 -1.900074945326847242e+01 8.575200000000000000e+04
3.047205651109674704e+02 2.671228618172088431e+01 -1.860277829100595426e+01 -2.012325269097877012e+01 8.574400000000000000e+04
3.068167457111920839e+02 2.692030652150014802e+01 -1.856112462983504230e+01 -2.145499653629973835e+01 8.322000000000000000e+04
3.089118625384018060e+02 2.716478950674346038e+01 -1.865688423972020971e+01 -2.229929885466337680e+01 8.302000000000000000e+04
3.110099981664167785e+02 2.738565724110172894e+01 -1.866081173810201221e+01 -2.341286935812183501e+01 8.106400000000000000e+04
3.131040997612852266e+02 2.762384985153860839e+01 -1.868501937529848078e+01 -2.455175149649034338e+01 7.983000000000000000e+04
3.151936712677708670e+02 2.789813722362040949e+01 -1.883084926211305188e+01 -2.520018672949085570e+01 7.823800000000000000e+04
3.172858841403398173e+02 2.815644150712198623e+01 -1.883525779624120489e+01 -2.657677910436337498e+01 7.715400000000000000e+04
3.193772099476266817e+02 2.845971612067586776e+01 -1.905034937910249582e+01 -2.703045375877397660e+01 7.546600000000000000e+04
3.214753775151562536e+02 2.874905082715864424e+01 -1.910705125980981833e+01 -2.822780137357165131e+01 7.480200000000000000e+04
3.235746879206847666e+02 2.904162254194193693e+01 -1.921374544672679363e+01 -2.917908672363714473e+01 7.258000000000000000e+04
3.256647237020029024e+02 2.938823955390352438e+01 -1.941974787031152516e+01 -2.993234332831437072e+01 7.133800000000000000e+04
3.277571324083919535e+02 2.971446242059483467e+01 -1.949637306952616811e+01 -3.120742374347219084e+01 6.964200000000000000e+04
3.298487111637800240e+02 3.007394138141070883e+01 -1.977639811999848263e+01 -3.161711476998889125e+01 6.832600000000000000e+04
3.319433744068021497e+02 3.045108798269014727e+01 -1.989329876376905659e+01 -3.294978274800728713e+01 6.674400000000000000e+04
3.340422322988853239e+02 3.087427513516132649e+01 -2.020767767100694456e+01 -3.355798707000651149e+01 6.533800000000000000e+04
3.361307892565458246e+02 3.125959069428531834e+01 -2.037510514122840632e+01 -3.461497546894015187e+01 6.315600000000000000e+04
3.382251120895489294e+02 3.166210486608971664e+01 -2.051353057415996162e+01 -3.591287462022155808e+01 6.214000000000000000e+04
3.403264013195363304e+02 3.216949051613678989e+01 -2.093705063097867480e+01 -3.641223948661648535e+01 6.051400000000000000e+04
3.424148842577288860e+02 3.259895973334904085e+01 -2.103438262728064245e+01 -3.803092189741325058e+01 5.799000000000000000e+04
3.445099495577244397e+02 3.311933461512924026e+01 -2.142847027722863018e+01 -3.867269557831543381e+01 5.742400000000000000e+04
3.466144105402300397e+02 3.359400366944774419e+01 -2.156931870011169394e+01 -4.025417933973071882e+01 5.518200000000000000e+04
3.487067496858389859e+02 3.411287570511110090e+01 -2.181879517389344159e+01 -4.155175710612399342e+01 5.306800000000000000e+04
3.507912540595516475e+02 3.471849271795476000e+01 -2.223396370886462847e+01 -4.251969370829861106e+01 5.152800000000000000e+04
3.528807167895711814e+02 3.514152836502252342e+01 -2.210171043170592142e+01 -4.496877293052635594e+01 4.954600000000000000e+04
3.549828487415276754e+02 3.588804552485518684e+01 -2.279610721557645547e+01 -4.529522813083347899e+01 4.846600000000000000e+04
3.570768480370360862e+02 3.638370350220597516e+01 -2.271379059295752256e+01 -4.787468962922336857e+01 4.566600000000000000e+04
3.591652111747225717e+02 3.704080017234244337e+01 -2.302474409336540973e+01 -4.941196302871880164e+01 4.423000000000000000e+04
3.612627896178847777e+02 3.756669441177786695e+01 -2.295788788207071818e+01 -5.189091782576193879e+01 4.254000000000000000e+04
3.633645820428338880e+02 3.810516393296699533e+01 -2.283497960976600183e+01 -5.473752057586287378e+01 4.022200000000000000e+04
3.654527365610065885e+02 3.894673540596123473e+01 -2.338148117936358261e+01 -5.595845080858348553e+01 3.842200000000000000e+04
3.675441472124314259e+02 3.920913803247107410e+01 -2.250151139158397839e+01 -6.066618733973582778e+01 3.624600000000000000e+04
3.696396280380744201e+02 4.001160059729890861e+01 -2.287806583654212034e+01 -6.231099899372263451e+01 3.455200000000000000e+04
3.717297223820279441e+02 4.032095914892731514e+01 -2.197356285078282312e+01 -6.724291773441062503e+01 3.213600000000000000e+04
3.738176974939287902e+02 4.079955932377875882e+01 -2.144064558295533018e+01 -7.125699166206709378e+01 3.029200000000000000e+04
3.759110996783247174e+02 4.090658285129688920e+01 -2.011089824287788730e+01 -7.684761972255718376e+01 2.830200000000000000e+04
3.780081394014102898e+02 4.099495306125542982e+01 -1.867004591330248431e+01 -8.280485678878586953e+01 2.605600000000000000e+04
3.801051557582653118e+02 4.116348283337109137e+01 -1.737430227259920912e+01 -8.851899737680111002e+01 2.421100000000000000e+04
3.821955053587425937e+02 4.117804858711767935e+01 -1.578887696435704235e+01 -9.454546891562920052e+01 2.220600000000000000e+04
3.842862749912937943e+02 4.132970474732130839e+01 -1.453328702938382300e+01 -9.964232461592594348e+01 2.088400000000000000e+04
3.863841918340856409e+02 4.178730226632304579e+01 -1.380608373810652267e+01 -1.039256817854304131e+02 1.939200000000000000e+04
3.884771734501698006e+02 4.214099778342805536e+01 -1.282491554774731668e+01 -1.087073962711171760e+02 1.805800000000000000e+04
3.905623371605522607e+02 4.260904880201265144e+01 -1.208375312585870098e+01 -1.128981757471749034e+02 1.674600000000000000e+04
3.926667500119167471e+02 4.297886633980419191e+01 -1.114230516092608525e+01 -1.173586280387035572e+02 1.589800000000000000e+04
3.947778557744774162e+02 4.360158134549448761e+01 -1.054688515138716909e+01 -1.215604797548754163e+02 1.457800000000000000e+04
3.968631060462392952e+02 4.423213284095925957e+01 -9.923337279843382319e+00 -1.258168777084299137e+02 1.344300000000000000e+04
3.989413219049817485e+02 4.473078025308553407e+01 -9.128635321124498603e+00 -1.300675883376131026e+02 1.251100000000000000e+04
4.010572258526528344e+02 4.532279987681375388e+01 -8.409796592178862440e+00 -1.343884092902198688e+02 1.191900000000000000e+04
4.031656962107319373e+02 4.614252573584083450e+01 -7.932737013426899075e+00 -1.387446855194481259e+02 1.063900000000000000e+04
4.052249146637423678e+02 4.688266134960146303e+01 -7.320306405327780652e+00 -1.431969856643059416e+02 9.775000000000000000e+03
4.073276634718891387e+02 4.751302796651349070e+01 -6.597061825906648025e+00 -1.475533479856502197e+02 9.423000000000000000e+03
4.094593776408451049e+02 4.846465469679603899e+01 -6.138372148321451505e+00 -1.522049937043886700e+02 8.449000000000000000e+03
4.115405539130957777e+02 4.935752781191344241e+01 -5.575665215372450412e+00 -1.569733139554016645e+02 7.596000000000000000e+03
4.135894252671187132e+02 5.051686704372635006e+01 -5.286474634739294132e+00 -1.618219498394052493e+02 6.931000000000000000e+03
4.156930049049321951e+02 5.129341300467177689e+01 -4.550343116290071599e+00 -1.666061821762330339e+02 6.612000000000000000e+03
4.178272827209258367e+02 5.255936750233781396e+01 -4.178402499876819221e+00 -1.720468573303358255e+02 5.899000000000000000e+03
4.199082037741286513e+02 5.387849159149246248e+01 -3.832254904636065440e+00 -1.775885194136818939e+02 5.176000000000000000e+03
4.219826095167229028e+02 5.520762426437719483e+01 -3.460206488202751895e+00 -1.832417282961921785e+02 4.824000000000000000e+03
4.241028763136273483e+02 5.639513050914163017e+01 -2.905087413537080998e+00 -1.889161020611562094e+02 4.312000000000000000e+03
4.262107721966358440e+02 5.812168422297654757e+01 -2.689228705249547158e+00 -1.954897671877202470e+02 3.819000000000000000e+03
4.282460731868927724e+02 5.977218122668797662e+01 -2.368350878127522208e+00 -2.020795563840716511e+02 3.220000000000000000e+03
4.303287648834323136e+02 6.130260936951316353e+01 -1.942487881853842024e+00 -2.086068099995790419e+02 3.132000000000000000e+03
4.325172248853483552e+02 6.317466477692300941e+01 -1.617535172443285152e+00 -2.160497987331726506e+02 2.680000000000000000e+03
4.346325070601815810e+02 6.535770393654374288e+01 -1.446958587636540061e+00 -2.241329193674334306e+02 2.218000000000000000e+03
4.365567227659553851e+02 6.771811642543920584e+01 -1.369746709908130855e+00 -2.324872373397408012e+02 1.728000000000000000e+03
4.386277159174848634e+02 6.948800566193951056e+01 -9.003076157241129973e-01 -2.400911739781670349e+02 1.816000000000000000e+03
4.409019266196692683e+02 7.229280972715413611e+01 -7.334274950894814626e-01 -2.503800490599403190e+02 1.476000000000000000e+03
4.430735479208619836e+02 7.522179810938808942e+01 -6.100339806865351377e-01 -2.609982688333636247e+02 1.108000000000000000e+03
4.448761117541747012e+02 7.812550016416260235e+01 -5.937194297534416076e-01 -2.711002512536455242e+02 7.560000000000000000e+02
4.469343758523184533e+02 8.089989503758270928e+01 -3.426635192448707068e-01 -2.816717597129319302e+02 8.440000000000000000e+02
4.493013102792758104e+02 8.484095178472600196e+01 -2.341826380047893896e-01 -2.958302013289482488e+02 6.280000000000000000e+02
4.515989744176221734e+02 8.893145913017521309e+01 -1.304455028848738318e-01 -3.105500291644119102e+02 4.050000000000000000e+02
4.533101867737696580e+02 9.255277007243245180e+01 -1.453178695493360373e-01 -3.231199190584312078e+02 2.020000000000000000e+02
4.552338387398290820e+02 9.643044891503764404e+01 -6.219959369090619777e-02 -3.370756084555483199e+02 2.280000000000000000e+02
4.576034578613840722e+02 1.018419511442708654e+02 -2.828223351472301111e-02 -3.561956452574336254e+02 1.240000000000000000e+02
4.599517872444100703e+02 1.077184777768878803e+02 -1.019159159451834239e-02 -3.768891249564911732e+02 5.200000000000000000e+01
4.619205689144050666e+02 1.130735879616423176e+02 -3.562472838706549211e-03 -3.956998286098836388e+02 9.000000000000000000e+00
4.634281054380590490e+02 1.175452494266019698e+02 -1.424175312883698948e-03 -4.113861234616059619e+02 4.000000000000000000e+00
