2.966547074898984615e+00 2.019849245404231830e+00 -8.988625451417199264e-01 3.064678061651449514e+00 1.300000000000000000e+01
5.026374055021858744e+00 1.426657595763664688e+00 4.151644763650020886e-01 8.482024485578331108e-01 3.300000000000000000e+01
7.149300621522788113e+00 1.183450001547935448e+00 -7.567406884531568956e-02 1.839193837451998104e-01 7.900000000000000000e+01
9.278869254964254409e+00 1.058963607164607357e+00 -1.166644242864125214e-01 -6.496137854306566206e-02 1.170000000000000000e+02
1.145033261934470126e+01 8.997723079109639643e-01 2.871562844690137006e-01 4.144467789429120974e-01 2.050000000000000000e+02
1.349295587141915043e+01 8.007125315935237353e-01 -1.070128205681476347e-01 1.834792969733228807e-01 2.350000000000000000e+02
1.558905561191892986e+01 7.111408407218610117e-01 1.339521196970896999e-01 -6.819315809357370806e-02 3.690000000000000000e+02
1.769408367255316961e+01 6.062814326067094139e-01 2.441897074567765114e-01 2.020631565030335253e-01 4.330000000000000000e+02
1.981787480313529670e+01 5.466887800779275386e-01 3.792015478280183483e-02 3.375288426493806143e-02 5.850000000000000000e+02
2.192074938196263645e+01 5.137441818809723726e-01 2.202357123751109147e-01 1.856326381761415900e-01 6.790000000000000000e+02
2.398877635566245203e+01 4.432165676144670940e-01 1.097617454332873443e-01 -1.410868327871153856e-02 8.130000000000000000e+02
2.609286971896115759e+01 4.249058023704548326e-01 1.495575667534951303e-01 1.138146719936934392e-01 9.850000000000000000e+02
2.823466315278179550e+01 4.073901206325401536e-01 1.376031467486095727e-01 9.140346213774228068e-02 1.183000000000000000e+03
3.032284873509123102e+01 3.809246780621506345e-01 7.362049451110283527e-02 2.786627101357156897e-02 1.269000000000000000e+03
3.240263258943403457e+01 3.692877289480073211e-01 4.183962875746136123e-02 8.799204952142394842e-02 1.537000000000000000e+03
3.449210129864554375e+01 3.634089730303630139e-01 -1.323822730793902495e-02 4.219543358477533673e-02 1.653000000000000000e+03
3.658588147515196454e+01 3.435139777705887298e-01 1.462386194378173521e-02 5.524814598211795491e-02 1.963000000000000000e+03
3.868476949266977272e+01 3.269897324709162278e-01 -1.224497726999931348e-02 2.092971239565923069e-02 2.121000000000000000e+03
4.078898888458283523e+01 3.113577785848376522e-01 -2.869146773214844084e-02 5.829689551904248743e-03 2.413000000000000000e+03
4.289390876967645738e+01 3.015862822094985130e-01 -1.638318510494394392e-02 8.916867707012661936e-04 2.635000000000000000e+03
4.498336005546935468e+01 2.884882541540791934e-01 -1.958977448551185371e-02 1.427273829604410252e-02 2.877000000000000000e+03
4.706498529473824988e+01 2.826621544382057483e-01 -2.407937016472527086e-02 2.419986360554451932e-02 3.169000000000000000e+03
4.917111919158227096e+01 2.660387511185454135e-01 3.325460072847348514e-03 6.394581901892316782e-03 3.507000000000000000e+03
5.126216914174227668e+01 2.502510410362989157e-01 1.834856603528286709e-02 -6.919746040712520217e-03 3.685000000000000000e+03
5.335525146837034072e+01 2.350903751331502312e-01 2.338842863850581696e-02 1.100854696079414143e-02 4.165000000000000000e+03
5.546637228956934251e+01 2.238502640319217085e-01 2.680187904889281755e-02 -4.808997671533018180e-03 4.377000000000000000e+03
5.757318819254808773e+01 2.119459936931311628e-01 4.077199330016987450e-02 -2.853702004508060219e-03 4.855000000000000000e+03
5.965884044590281121e+01 2.027122325820922832e-01 3.030533607246059524e-02 1.822860294870423670e-02 4.929000000000000000e+03
6.174512302159506305e+01 1.904936939723230471e-01 2.621926984712896411e-02 2.361610587162985865e-03 5.581000000000000000e+03
6.382689291137189969e+01 1.814422679269168115e-01 2.712077859987857206e-02 -6.464766695057592473e-03 5.679000000000000000e+03
6.592966228838450604e+01 1.760265633100273064e-01 1.695667513393512085e-02 6.376622938972267320e-03 6.385000000000000000e+03
6.803125784825746791e+01 1.703272771448627043e-01 8.918650883281328476e-03 1.486737397859119389e-02 6.553000000000000000e+03
7.013131008699485847e+01 1.607201173284723561e-01 9.933004823757789897e-03 8.475259309084414924e-03 7.125000000000000000e+03
7.223032366074338029e+01 1.591165962325271632e-01 1.038698583621067151e-02 1.332235217907508026e-02 7.447000000000000000e+03
7.432334270720505742e+01 1.555674318242781795e-01 -6.307715609614334036e-03 1.373076934590356998e-02 7.929000000000000000e+03
7.642066756954473306e+01 1.515001877572420830e-01 6.001380551400080712e-03 1.461153059684140200e-02 8.353000000000000000e+03
7.850471694556040347e+01 1.491257971928008075e-01 -2.548980494867003881e-03 1.761083873878068959e-02 8.775000000000000000e+03
8.059701946059529121e+01 1.453298035556761514e-01 -7.062306336865097414e-03 2.034527819276861840e-02 9.313000000000000000e+03
8.269521798132063850e+01 1.388123867095787112e-01 3.749536397079894067e-04 7.739532272602068011e-03 9.841000000000000000e+03
8.478307522909847194e+01 1.326820371821349487e-01 -4.420679011168976609e-03 3.194044872592143123e-03 1.019100000000000000e+04
8.687780839616016237e+01 1.300963197356694301e-01 4.107946443801207387e-04 -2.261999782695723119e-03 1.089700000000000000e+04
8.897524569656535220e+01 1.237211162751895438e-01 8.108526125104328170e-04 -8.247232195275540703e-03 1.130100000000000000e+04
9.108077810470518898e+01 1.199619340079943197e-01 2.114181143118515870e-03 -5.141427392950754030e-03 1.202500000000000000e+04
9.318432266948052245e+01 1.188290738445540035e-01 4.440550080677251911e-03 1.869847038317377485e-03 1.242300000000000000e+04
9.527887641048309320e+01 1.114391822285224209e-01 2.792506694002890900e-03 -1.070281396856466796e-02 1.302100000000000000e+04
9.736254237981037818e+01 1.116975866312439059e-01 5.482852443418841440e-03 -3.673729600726974819e-03 1.340500000000000000e+04
9.944832814799407572e+01 1.071320209668449319e-01 -1.122957174212132949e-03 -3.515011087234119411e-03 1.424700000000000000e+04
1.015460879802399035e+02 1.043829183571035879e-01 5.990418078017612294e-03 -2.570849599212368794e-04 1.471300000000000000e+04
1.036426375667732316e+02 1.036287149483682418e-01 2.420715618235299259e-03 -6.118283920656541856e-03 1.548900000000000000e+04
1.057389390539465950e+02 1.015101305533718246e-01 -2.053591735717915853e-03 3.393664154906795086e-03 1.591300000000000000e+04
1.078395855981474227e+02 9.975777506186145338e-02 1.019939402447788291e-03 6.896874237869516505e-03 1.687900000000000000e+04
1.099389405850131709e+02 9.694887005789563916e-02 -4.994224336434057061e-03 1.503280038780055190e-03 1.719300000000000000e+04
1.120392143152385387e+02 9.600034090277753673e-02 -3.731583415307790450e-03 1.523835565994588297e-03 1.815700000000000000e+04
1.141233458569757744e+02 9.336936331794508381e-02 -8.971715191259497721e-03 9.090777710011558200e-04 1.833900000000000000e+04
1.162159397555423084e+02 9.108174223544775183e-02 -8.785925761635103928e-03 -9.426464491687928720e-04 1.957300000000000000e+04
1.183137204803772420e+02 8.922032264959417480e-02 -5.369714302827293881e-03 -2.695105943464547529e-03 1.994100000000000000e+04
1.203972311807013256e+02 8.600672237082851446e-02 -8.201240429946136251e-03 -2.794018002693311395e-03 2.062900000000000000e+04
1.224922363187857286e+02 8.331106988008397940e-02 -5.550238899160332001e-03 -1.154888074166628099e-03 2.165500000000000000e+04
1.245882598425863534e+02 8.105924983765679104e-02 -4.868922693215219089e-03 -2.406522763652469733e-03 2.211300000000000000e+04
1.266884677158377315e+02 7.876061714514798195e-02 -4.632807388551924213e-03 -3.645781905213644342e-03 2.318500000000000000e+04
1.287846620419940962e+02 7.670862740114024747e-02 -2.462424946954475721e-03 1.262985561318364400e-04 2.366700000000000000e+04
1.308713393788149801e+02 7.427555244910880039e-02 -4.219524230057226412e-03 -5.122931671104097480e-03 2.438500000000000000e+04
1.329754833440644575e+02 7.255524301173622848e-02 -2.560389823990056029e-03 -3.344296171018606902e-03 2.574900000000000000e+04
1.350691081525609434e+02 7.023081658510885172e-02 -1.064963540001513708e-03 -1.644011037031254709e-03 2.567500000000000000e+04
1.371638825856825576e+02 6.857547182175828537e-02 -3.731633326074962429e-03 -2.616557075414388100e-03 2.740900000000000000e+04
1.392604757372163533e+02 6.703446271884730412e-02 -4.208170623110149208e-03 -3.997208550706981677e-04 2.740500000000000000e+04
1.413466882908376760e+02 6.589379234285751286e-02 -4.841985627226760153e-03 -3.038280030870507947e-03 2.871700000000000000e+04
1.434475230090064031e+02 6.438441766720050252e-02 -4.079726713485796151e-03 -1.227514347548623206e-03 2.959500000000000000e+04
1.455452853418541679e+02 6.268777540424787242e-02 -4.409513308038233263e-03 -6.095118203701474778e-05 3.030100000000000000e+04
1.476332061073587738e+02 6.122103340392451298e-02 -4.845346679115727570e-03 -1.068029460653553567e-03 3.110100000000000000e+04
1.497211472843286231e+02 5.968955825585657571e-02 -3.106197872699249882e-03 -1.826845251117062158e-03 3.202300000000000000e+04
1.518138048751577287e+02 5.796289987665613486e-02 -5.140019698789159361e-03 -1.382572137833803496e-03 3.297700000000000000e+04
1.539211490100352648e+02 5.742941563180692377e-02 -4.842224375106432034e-03 1.035128081672852468e-03 3.444900000000000000e+04
1.560214747341236716e+02 5.529262216573556377e-02 -4.759888950148604206e-03 7.433743603402654266e-04 3.454900000000000000e+04
1.581161747588121784e+02 5.425201243618497926e-02 -3.550608889639059705e-03 -9.473859363244422661e-04 3.611100000000000000e+04
1.602118712271799836e+02 5.281388816865415642e-02 -2.617552544411580473e-03 -1.519833187527180798e-03 3.654100000000000000e+04
1.623006419462898862e+02 5.072085533077244635e-02 -2.896568479972710854e-03 -2.810102754715220093e-03 3.771700000000000000e+04
1.643899033199985240e+02 4.954954643660988700e-02 -1.984184216233204033e-03 -3.577438367635749593e-03 3.861900000000000000e+04
1.664835582381511756e+02 4.838643542714092527e-02 -2.076885082182638835e-03 -2.255440110861043918e-03 3.966100000000000000e+04
1.685719683778473552e+02 4.746881918672363893e-02 -1.834850467027400109e-03 -2.078499206815925641e-03 4.054500000000000000e+04
1.706641332089364766e+02 4.621793897753145169e-02 -3.115985386524780867e-03 -1.034583063559575515e-03 4.181500000000000000e+04
1.727708699256135390e+02 4.506316211113641640e-02 -2.872708594571810915e-03 -2.618895296621420992e-03 4.312500000000000000e+04
1.748696546009699659e+02 4.375009933329018774e-02 -2.732014608432968995e-03 -2.158390369803580601e-03 4.368100000000000000e+04
1.769585769494445344e+02 4.262789133424453591e-02 -3.355943911506482392e-03 -2.080104038276846690e-03 4.462900000000000000e+04
1.790524509315575301e+02 4.142480591591306965e-02 -3.331449804921231880e-03 -1.201145792478072565e-03 4.622700000000000000e+04
1.811526521261263554e+02 4.072804124968194828e-02 -3.246654798545071940e-03 -1.622524221697059987e-03 4.690900000000000000e+04
1.832476884130738881e+02 3.954923326493758190e-02 -3.127045567223234700e-03 -1.591305486539224164e-03 4.823700000000000000e+04
1.853312475833926101e+02 3.861482986911702470e-02 -2.686231778467632232e-03 -6.409947033733697300e-04 4.858300000000000000e+04
1.874284892203218931e+02 3.796789915366782786e-02 -2.731272891860561398e-03 -2.616700993839598741e-03 5.099700000000000000e+04
1.895337179075755216e+02 3.640726198173244166e-02 -2.322215374460944760e-03 -2.161381922547451172e-03 5.139700000000000000e+04
1.916268196474026126e+02 3.580383205216746551e-02 -2.112014288812614181e-03 -2.333824846303416637e-03 5.248900000000000000e+04
1.937183403446852878e+02 3.412730085872008046e-02 -1.158920640878579721e-03 -2.541356710278904960e-03 5.378700000000000000e+04
1.958131498886989164e+02 3.322914933031287377e-02 -1.672620370666557874e-03 -3.089467150531498979e-03 5.491300000000000000e+04
1.979058740098966211e+02 3.229859809604936072e-02 -1.695685880070960279e-03 -2.199383498549889807e-03 5.597700000000000000e+04
1.999990651597893816e+02 3.164659506990775278e-02 -1.806035101968589060e-03 -2.478464780378115961e-03 5.741500000000000000e+04
2.020893038374759101e+02 3.077133696957689429e-02 -1.603219410779829334e-03 -2.762078938588453762e-03 5.810500000000000000e+04
2.041823192148177952e+02 2.999203452047649598e-02 -1.119011653524980493e-03 -2.131017100452251359e-03 6.003300000000000000e+04
2.062825911013838152e+02 2.920820024433198187e-02 -1.916450999089474010e-03 -2.438076736515379459e-03 6.094900000000000000e+04
2.083770189145966185e+02 2.856181941484522632e-02 -1.553375310605384146e-03 -2.617763174053178068e-03 6.223500000000000000e+04
2.104675816794403431e+02 2.781842799264647517e-02 -1.818424946278017441e-03 -1.952705938898550379e-03 6.322900000000000000e+04
2.125667854244018145e+02 2.728726851506604184e-02 -2.276620611514290626e-03 -2.196586719119917198e-03 6.513300000000000000e+04
2.146619261104851830e+02 2.667099300054059929e-02 -2.127333430503290483e-03 -2.452171731204530469e-03 6.570700000000000000e+04
2.167561805722037036e+02 2.583973166672118987e-02 -2.172985203538833898e-03 -2.708845627413043050e-03 6.756100000000000000e+04
2.188528705899679210e+02 2.521377961772935244e-02 -2.612646314102932618e-03 -2.828233269292838772e-03 6.850500000000000000e+04
2.209456427453084473e+02 2.446859553059906392e-02 -2.187162455025484613e-03 -3.780585626518948202e-03 6.994300000000000000e+04
2.230395148320731096e+02 2.361660234862374488e-02 -2.460605917924083355e-03 -3.420407446489741755e-03 7.109700000000000000e+04
2.251356732858534997e+02 2.312042223903679541e-02 -2.324652701616885652e-03 -2.655286241660993491e-03 7.302100000000000000e+04
2.272278504864401327e+02 2.236498463153626520e-02 -2.123940966307811921e-03 -3.331918784020012660e-03 7.331700000000000000e+04
2.293197511287232544e+02 2.183071772910484543e-02 -2.038194039605228068e-03 -3.846729640316838301e-03 7.579900000000000000e+04
2.314114772346510165e+02 2.146690704853203638e-02 -2.477281790339954087e-03 -2.513712972157276099e-03 7.602100000000000000e+04
2.335058467478245632e+02 2.082169534099341870e-02 -2.491722008621438667e-03 -2.849236732339437139e-03 7.875300000000000000e+04
2.356041652202905539e+02 2.033645833570722761e-02 -1.985380905130013605e-03 -3.042991657361887245e-03 7.929100000000000000e+04
2.377006336558306998e+02 1.991396350127254758e-02 -2.551446586597447882e-03 -2.827049585522886134e-03 8.112900000000000000e+04
2.397972750390475198e+02 1.949358657012234888e-02 -2.813883203778819002e-03 -2.687093078492467507e-03 8.244100000000000000e+04
2.418944602532704096e+02 1.911811590231470709e-02 -2.937861989234038379e-03 -2.226007946267920257e-03 8.394900000000000000e+04
2.439884227569783093e+02 1.885848140871522471e-02 -3.800316271071693501e-03 -2.508880679216951137e-03 8.512300000000000000e+04
2.460835996828307373e+02 1.865439154097189509e-02 -4.029343741643923692e-03 -1.793331481025696927e-03 8.692900000000000000e+04
2.481755280705312146e+02 1.797903466955448268e-02 -3.947545711915958697e-03 -2.271660553547407563e-03 8.778900000000000000e+04
2.502623700647570217e+02 1.783526021454460986e-02 -4.249927501708095773e-03 -2.293978309019630533e-03 8.962300000000000000e+04
2.523586155105348325e+02 1.728592153766421100e-02 -4.008437897555920323e-03 -2.266210712236551694e-03 9.134100000000000000e+04
2.544547077866985489e+02 1.694994234824388074e-02 -4.314287986598309109e-03 -2.208228888138864549e-03 9.284500000000000000e+04
2.565487653287422063e+02 1.669216320885709426e-02 -4.281878658841258706e-03 -1.303666101852765571e-03 9.408700000000000000e+04
2.586464955058470991e+02 1.632466044995882840e-02 -4.508972230127527257e-03 -1.566570738353752473e-03 9.633300000000000000e+04
2.607443047329861656e+02 1.587515645969516873e-02 -4.452383381850400119e-03 -8.983486191685530024e-04 9.724900000000000000e+04
2.628438312173413465e+02 1.575743474224732335e-02 -4.758696795468974304e-03 -5.568615068138810850e-04 9.950100000000000000e+04
2.649298855659840228e+02 1.527724312136125549e-02 -4.775851091890289009e-03 -9.694958202887230285e-04 9.928300000000000000e+04
2.670163698864117805e+02 1.499815291884343434e-02 -4.778425879610525250e-03 -3.240403546149131118e-04 1.025370000000000000e+05
2.691120556714307668e+02 1.475881278712942030e-02 -4.981625337556516535e-03 -3.850553857980338517e-04 1.022830000000000000e+05
2.712074998348403483e+02 1.461194789518280301e-02 -5.012049871298602036e-03 -1.483078989465945029e-03 1.021060000000000000e+05
2.733050116933233653e+02 1.431192820608330474e-02 -4.732689431082065870e-03 -3.000560177060578211e-03 1.007340000000000000e+05
2.753977295572417461e+02 1.390083938347676414e-02 -4.394505774380370530e-03 -4.461649406249540775e-03 9.999400000000000000e+04
2.774958294534935703e+02 1.372156646419086037e-02 -4.475263693979843367e-03 -5.232164120915696812e-03 9.936000000000000000e+04
2.795977707949222122e+02 1.324704289880293366e-02 -3.968973365146878651e-03 -6.688006872579842395e-03 9.860800000000000000e+04
2.816862895118986785e+02 1.298213093698208712e-02 -3.839405647956661578e-03 -7.832052157554877936e-03 9.625200000000000000e+04
2.837743515740906446e+02 1.265097093808935369e-02 -3.663061825365868975e-03 -8.657004853281686022e-03 9.640000000000000000e+04
2.858713251310674650e+02 1.240772524651393219e-02 -3.561063128528864797e-03 -9.476583757606415331e-03 9.539800000000000000e+04
2.879670932628575883e+02 1.200788631477170063e-02 -3.158269846579655343e-03 -1.026327193728029420e-02 9.402000000000000000e+04
2.900590582015512382e+02 1.173272521045532271e-02 -2.921738667107625764e-03 -1.088271968728756617e-02 9.316000000000000000e+04
2.921519201901450060e+02 1.152330652342881644e-02 -3.019590374878945108e-03 -1.154359184663056835e-02 9.177600000000000000e+04
2.942485935102203030e+02 1.109671763177546948e-02 -2.528366586667196367e-03 -1.203158406184331487e-02 9.137800000000000000e+04
2.963426645133968691e+02 1.097127234587383718e-02 -2.703091007426295170e-03 -1.220731110848168391e-02 8.949000000000000000e+04
2.984329904966970162e+02 1.063388401737185365e-02 -2.377219624019489587e-03 -1.276486511820778581e-02 8.845000000000000000e+04
3.005290481640043367e+02 1.040666317371025627e-02 -2.401820486712145236e-03 -1.305594978733248118e-02 8.794600000000000000e+04
3.026245947235937592e+02 1.014074349368605972e-02 -2.220913466610805690e-03 -1.327871147569890768e-02 8.575200000000000000e+04
3.047205651109674704e+02 9.832727075523985810e-03 -1.984053147254139383e-03 -1.365962449316799297e-02 8.574400000000000000e+04
3.068167457111920839e+02 9.671177452316241305e-03 -1.901393359967514267e-03 -1.384347857664671062e-02 8.322000000000000000e+04
3.089118625384018060e+02 9.394021922516041651e-03 -1.781910437979554365e-03 -1.386502858150982440e-02 8.302000000000000000e+04
3.110099981664167785e+02 9.060869808609779003e-03 -1.702855938795593211e-03 -1.375127804594463397e-02 8.106400000000000000e+04
3.131040997612852266e+02 8.875817336239601521e-03 -1.585030185750076854e-03 -1.400709602334737798e-02 7.983000000000000000e+04
3.151936712677708670e+02 8.719433333074962100e-03 -1.629448176105828408e-03 -1.402285153198660692e-02 7.823800000000000000e+04
3.172858841403398173e+02 8.518552201987713429e-03 -1.565762214344997320e-03 -1.421119750118479338e-02 7.715400000000000000e+04
3.193772099476266817e+02 8.310172687594041818e-03 -1.425487947439565842e-03 -1.414280487001579392e-02 7.546600000000000000e+04
3.214753775151562536e+02 8.155505124822664750e-03 -1.458919777677088235e-03 -1.417697008288980667e-02 7.480200000000000000e+04
3.235746879206847666e+02 7.967152433647874468e-03 -1.347348720558890064e-03 -1.426052232506525713e-02 7.258000000000000000e+04
3.256647237020029024e+02 7.805282406505291426e-03 -1.329370840861266974e-03 -1.409416822752578013e-02 7.133800000000000000e+04
3.277571324083919535e+02 7.668746103364362798e-03 -1.266847977164832321e-03 -1.434941820391239832e-02 6.964200000000000000e+04
3.298487111637800240e+02 7.296829298729837210e-03 -1.114949871092460378e-03 -1.394240406431858370e-02 6.832600000000000000e+04
3.319433744068021497e+02 7.196250330104667081e-03 -1.037240406002955251e-03 -1.413787010587085752e-02 6.674400000000000000e+04
3.340422322988853239e+02 6.999644604369979588e-03 -8.980482374895187511e-04 -1.408755246819089202e-02 6.533800000000000000e+04
3.361307892565458246e+02 6.877421515051689548e-03 -8.888292279667202051e-04 -1.404332387361306028e-02 6.315600000000000000e+04
3.382251120895489294e+02 6.666994376179328011e-03 -8.665097510002932107e-04 -1.382295922116089960e-02 6.214000000000000000e+04
3.403264013195363304e+02 6.539583706094676506e-03 -7.250906250316613679e-04 -1.378673851078446137e-02 6.051400000000000000e+04
3.424148842577288860e+02 6.362705134004022905e-03 -6.964116455900584875e-04 -1.363314445580458313e-02 5.799000000000000000e+04
3.445099495577244397e+02 6.184698926401494337e-03 -6.394340954905112541e-04 -1.338697926393872355e-02 5.742400000000000000e+04
3.466144105402300397e+02 6.094926884074145131e-03 -7.154856368178774814e-04 -1.327159817253793263e-02 5.518200000000000000e+04
3.487067496858389859e+02 5.920526797874747782e-03 -5.229737214964912768e-04 -1.326246235974092545e-02 5.306800000000000000e+04
3.507912540595516475e+02 5.756084675291804967e-03 -4.823997844567934150e-04 -1.304253859106784506e-02 5.152800000000000000e+04
3.528807167895711814e+02 5.632042792959995707e-03 -3.731861419506012447e-04 -1.316914385282923899e-02 4.954600000000000000e+04
3.549828487415276754e+02 5.532320576750791516e-03 -2.774245269702725592e-04 -1.312633286218457124e-02 4.846600000000000000e+04
3.570768480370360862e+02 5.482295025745314611e-03 -2.705390809734591995e-04 -1.316981026091713219e-02 4.566600000000000000e+04
3.591652111747225717e+02 5.326727319153574947e-03 -3.017621990084918301e-04 -1.288366523271384026e-02 4.423000000000000000e+04
3.612627896178847777e+02 5.243714847007907402e-03 -2.213086985676730300e-04 -1.295841612259646808e-02 4.254000000000000000e+04
3.633645820428338880e+02 5.156203225707734449e-03 -1.447253473112361749e-04 -1.297213285061730829e-02 4.022200000000000000e+04
3.654527365610065885e+02 5.053515955502390494e-03 -2.330667321594972628e-05 -1.297350459612538892e-02 3.842200000000000000e+04
3.675441472124314259e+02 4.968321526535260206e-03 -1.126343712098366825e-05 -1.299195082170393964e-02 3.624600000000000000e+04
3.696396280380744201e+02 4.901646775826123785e-03 7.418569210617766195e-05 -1.304544492650992760e-02 3.455200000000000000e+04
3.717297223820279441e+02 4.773948497687456431e-03 1.141266558352142726e-04 -1.297015770951158442e-02 3.213600000000000000e+04
3.738176974939287902e+02 4.690788149944191167e-03 8.089470525857826440e-05 -1.284815952868582217e-02 3.029200000000000000e+04
3.759110996783247174e+02 4.608224551416706741e-03 4.206219895734975234e-05 -1.279184619162514712e-02 2.830200000000000000e+04
3.780081394014102898e+02 4.576820296440198450e-03 1.139342196826168349e-04 -1.311567792657830980e-02 2.605600000000000000e+04
3.801051557582653118e+02 4.408276484823062807e-03 9.667465660801903083e-05 -1.281402515056819999e-02 2.421100000000000000e+04
3.821955053587425937e+02 4.166699349323185232e-03 6.166060782597354280e-05 -1.235631464676002073e-02 2.220600000000000000e+04
3.842862749912937943e+02 4.041025141687621877e-03 1.036166743594934094e-04 -1.218463675758079366e-02 2.088400000000000000e+04
3.863841918340856409e+02 4.013481631451181440e-03 5.305300499810966855e-05 -1.219095362398833066e-02 1.939200000000000000e+04
3.884771734501698006e+02 3.816491596019654185e-03 3.312852463472428676e-05 -1.168861158293023512e-02 1.805800000000000000e+04
3.905623371605522607e+02 3.762615164843883305e-03 3.652275022577528897e-05 -1.163618525802225315e-02 1.674600000000000000e+04
3.926667500119167471e+02 3.620942561113223417e-03 6.291489982891721670e-05 -1.134395667817534627e-02 1.589800000000000000e+04
3.947778557744774162e+02 3.623873161843000051e-03 5.975220690017074267e-05 -1.142807063079018248e-02 1.457800000000000000e+04
3.968631060462392952e+02 3.444470459772005447e-03 -1.677700957968475474e-05 -1.085633681764851775e-02 1.344300000000000000e+04
3.989413219049817485e+02 3.437645793075909655e-03 1.983935933920940364e-05 -1.098710257304011395e-02 1.251100000000000000e+04
4.010572258526528344e+02 3.298360123147319779e-03 3.681554065927020132e-05 -1.065530959410987931e-02 1.191900000000000000e+04
4.031656962107319373e+02 3.326919162277122959e-03 6.390281552421436112e-05 -1.083855224393712527e-02 1.063900000000000000e+04
4.052249146637423678e+02 3.198052663509646371e-03 -1.255382574157727929e-05 -1.041729439919676127e-02 9.775000000000000000e+03
4.073276634718891387e+02 3.029482401526452286e-03 3.073400709295107136e-05 -9.989162384164848585e-03 9.423000000000000000e+03
4.094593776408451049e+02 3.097118577299105054e-03 -3.075237603434579167e-05 -1.018582919190612855e-02 8.449000000000000000e+03
4.115405539130957777e+02 3.081148499138400016e-03 -1.799134005481436949e-05 -1.019690355839603102e-02 7.596000000000000000e+03
4.135894252671187132e+02 3.085823004577378098e-03 1.612995778452784373e-05 -1.029517850693472888e-02 6.931000000000000000e+03
4.156930049049321951e+02 2.862560121676936860e-03 -9.181669227476319637e-06 -9.590207649845200119e-03 6.612000000000000000e+03
4.178272827209258367e+02 2.847182643107954662e-03 8.462880733428736096e-06 -9.588623076933873446e-03 5.899000000000000000e+03
4.199082037741286513e+02 2.946107690219935352e-03 -1.737792017893351778e-05 -9.921816516607987260e-03 5.176000000000000000e+03
4.219826095167229028e+02 2.866979711855385370e-03 1.351710462702719028e-05 -9.727627448203185478e-03 4.824000000000000000e+03
4.241028763136273483e+02 2.837321583409602600e-03 1.892819750899573313e-06 -9.643714468660581976e-03 4.312000000000000000e+03
4.262107721966358440e+02 2.743323286220383968e-03 2.843673708605778803e-05 -9.386484169915283726e-03 3.819000000000000000e+03
4.282460731868927724e+02 2.645274796779918929e-03 5.453041279599436381e-06 -9.051463919106505357e-03 3.220000000000000000e+03
4.303287648834323136e+02 2.737458814437781444e-03 3.333561566435365475e-06 -9.411959481476000686e-03 3.132000000000000000e+03
4.325172248853483552e+02 2.582178232615591797e-03 -8.181932331877179732e-06 -8.889185868848001326e-03 2.680000000000000000e+03
4.346325070601815810e+02 2.685953985496125716e-03 1.178617104704393901e-06 -9.270284630746248797e-03 2.218000000000000000e+03
4.365567227659553851e+02 2.610749314679743516e-03 -4.580833271850194593e-05 -8.973014065611916584e-03 1.728000000000000000e+03
4.386277159174848634e+02 2.348063192334240608e-03 -1.448165303144748598e-05 -8.128317769306427076e-03 1.816000000000000000e+03
4.409019266196692683e+02 2.533551700718246220e-03 -1.747661935615463349e-05 -8.775060164976292501e-03 1.476000000000000000e+03
4.430735479208619836e+02 2.606493807853800006e-03 3.416998119300915693e-05 -9.104138360401942132e-03 1.108000000000000000e+03
4.448761117541747012e+02 2.865863880125587172e-03 1.782300577651102605e-05 -9.983312128697439253e-03 7.560000000000000000e+02
4.469343758523184533e+02 2.981182272601613781e-03 2.297585294651658072e-05 -1.041384131367134938e-02 8.440000000000000000e+02
4.493013102792758104e+02 3.186022725684539095e-03 2.176670733358939997e-05 -1.113970703302395900e-02 6.280000000000000000e+02
4.515989744176221734e+02 3.433607608519784887e-03 2.820708674173534548e-05 -1.202188915007922076e-02 4.050000000000000000e+02
4.533101867737696580e+02 3.768115418126152024e-03 4.402835458749314242e-05 -1.320958923945068052e-02 2.020000000000000000e+02
4.552338387398290820e+02 4.183488431391466783e-03 1.240055204171233216e-05 -1.463806814710643354e-02 2.280000000000000000e+02
4.576034578613840722e+02 4.725096067996901322e-03 -1.475114394676754744e-05 -1.651426778117135244e-02 1.240000000000000000e+02
4.599517872444100703e+02 4.038100387811832323e-03 -2.639667522125885226e-05 -1.410217011002137290e-02 5.200000000000000000e+01
4.619205689144050666e+02 1.415901119015505793e-03 -6.309002214816834375e-05 -4.892279595221414937e-03 9.000000000000000000e+00
4.634281054380590490e+02 -1.773590540213794181e-04 -2.096946275030736064e-05 6.422326640045243921e-04 4.000000000000000000e+00
