2.966547074898984615e+00 4.016079118468232068e+00 -2.771721643047133643e+00 5.585961998724138233e+00 1.300000000000000000e+01
5.026374055021858744e+00 3.598430685360915149e+00 9.175640085218205177e-01 2.212249739301998641e+00 3.300000000000000000e+01
7.149300621522788113e+00 2.767166974207090124e+00 -2.340996999529249833e-01 -4.168346773291490837e-01 7.900000000000000000e+01
9.278869254964254409e+00 2.260422362990955225e+00 -3.946418794467941304e-01 -5.398302729537862721e-02 1.170000000000000000e+02
1.145033261934470126e+01 2.185584639619878811e+00 -3.323564755898981704e-01 3.578336808444725348e-01 2.050000000000000000e+02
1.349295587141915043e+01 1.631533601384901333e+00 -3.781849445990419500e-01 -1.441526507658583145e-01 2.350000000000000000e+02
1.558905561191892986e+01 1.440650255083178788e+00 -2.564102076385763040e-01 -1.132002588329937415e-01 3.690000000000000000e+02
1.769408367255316961e+01 1.237731572951527248e+00 -1.545373180554364678e-01 -8.744649518308870995e-02 4.330000000000000000e+02
1.981787480313529670e+01 1.066785426574317963e+00 -2.730341514534626035e-01 -1.788294714215208914e-01 5.850000000000000000e+02
2.192074938196263645e+01 9.599527365225235531e-01 -2.528863139074498667e-01 1.352128619859288838e-01 6.790000000000000000e+02
2.398877635566245203e+01 8.505330113990962060e-01 -2.564503576811044128e-01 -1.205049923078603952e-01 8.130000000000000000e+02
2.609286971896115759e+01 7.717196726102812931e-01 -1.618745700272783694e-01 -1.533441205913972372e-01 9.850000000000000000e+02
2.823466315278179550e+01 6.861340419388829437e-01 -1.415417658838637460e-01 -2.485236544210844140e-02 1.183000000000000000e+03
3.032284873509123102e+01 6.239274658234068571e-01 -1.502993868864875016e-01 -2.175613100632742963e-02 1.269000000000000000e+03
3.240263258943403457e+01 5.782745861393711051e-01 -1.066594016205751200e-01 3.317035325451116179e-02 1.537000000000000000e+03
3.449210129864554375e+01 5.112760762396868497e-01 -1.241555088897199205e-01 -1.517119005640043400e-02 1.653000000000000000e+03
3.658588147515196454e+01 4.627179822404349774e-01 -8.750849243260884480e-02 2.172043514686959522e-03 1.963000000000000000e+03
3.868476949266977272e+01 4.117642237170990871e-01 -1.001110731981921520e-01 -9.380463126703728798e-04 2.121000000000000000e+03
4.078898888458283523e+01 3.689558427107253458e-01 -9.969142713101393494e-02 1.196176803451367079e-02 2.413000000000000000e+03
4.289390876967645738e+01 3.317422054701431033e-01 -1.104362253743022271e-01 2.075085723921678282e-02 2.635000000000000000e+03
4.498336005546935468e+01 2.977734764581768112e-01 -1.159915487266656303e-01 3.227127856478605866e-02 2.877000000000000000e+03
4.706498529473824988e+01 2.709919752042062591e-01 -1.229014966506989520e-01 -5.377242007290916907e-05 3.169000000000000000e+03
4.917111919158227096e+01 2.450891593118394995e-01 -1.125977154200186042e-01 9.798273073444628556e-03 3.507000000000000000e+03
5.126216914174227668e+01 2.197755605858081052e-01 -1.184892677216502765e-01 -3.422378025563647345e-03 3.685000000000000000e+03
5.335525146837034072e+01 2.084191784971656247e-01 -1.233267830740772675e-01 1.607464733003242247e-02 4.165000000000000000e+03
5.546637228956934251e+01 1.920643954944362686e-01 -1.188766711472977050e-01 7.556223399738429790e-03 4.377000000000000000e+03
5.757318819254808773e+01 1.816367486146531762e-01 -1.045943385397586078e-01 6.381026055775657242e-03 4.855000000000000000e+03
5.965884044590281121e+01 1.663299311710223216e-01 -1.046949553149098822e-01 1.341838739628912862e-02 4.929000000000000000e+03
6.174512302159506305e+01 1.609710947010685178e-01 -9.140672702629555613e-02 2.245633155212611171e-02 5.581000000000000000e+03
6.382689291137189969e+01 1.520742546019276942e-01 -9.726822402784128518e-02 2.348454437103345005e-02 5.679000000000000000e+03
6.592966228838450604e+01 1.433675756053826578e-01 -7.812314942541703777e-02 3.151857096383257895e-02 6.385000000000000000e+03
6.803125784825746791e+01 1.345099938941719808e-01 -7.769990848979715925e-02 3.126074402702547911e-02 6.553000000000000000e+03
7.013131008699485847e+01 1.268464610740251408e-01 -6.661310028782875536e-02 3.929967342680763809e-02 7.125000000000000000e+03
7.223032366074338029e+01 1.203180036601535358e-01 -6.558968684240791547e-02 3.270080410381794728e-02 7.447000000000000000e+03
7.432334270720505742e+01 1.144570625336419623e-01 -5.935523628880154390e-02 3.492962818431856464e-02 7.929000000000000000e+03
7.642066756954473306e+01 1.065586273751994717e-01 -5.386460202754657367e-02 3.678091621060769478e-02 8.353000000000000000e+03
7.850471694556040347e+01 1.022909309090180852e-01 -4.967303541052811577e-02 3.689226674823481433e-02 8.775000000000000000e+03
8.059701946059529121e+01 9.620071784694417261e-02 -4.380426382071635899e-02 2.963883661352926038e-02 9.313000000000000000e+03
8.269521798132063850e+01 9.137341126046047424e-02 -4.166421170844283872e-02 2.719007619598224484e-02 9.841000000000000000e+03
8.478307522909847194e+01 8.738298348394274440e-02 -3.815048009422356695e-02 2.780045020637521985e-02 1.019100000000000000e+04
8.687780839616016237e+01 8.347323342430050530e-02 -3.296744439302152357e-02 2.765320503932871404e-02 1.089700000000000000e+04
8.897524569656535220e+01 8.036314064829498671e-02 -2.840344023683377336e-02 2.350576150473270357e-02 1.130100000000000000e+04
9.108077810470518898e+01 7.735947051466837698e-02 -2.299768373391434043e-02 2.815324933696447540e-02 1.202500000000000000e+04
9.318432266948052245e+01 7.491707086634030732e-02 -2.004552009596726955e-02 3.018558862994598357e-02 1.242300000000000000e+04
9.527887641048309320e+01 7.209325823942887290e-02 -1.420809305767344738e-02 2.901828958995213842e-02 1.302100000000000000e+04
9.736254237981037818e+01 6.939330128051444946e-02 -1.093870684642412640e-02 3.371809266154373458e-02 1.340500000000000000e+04
9.944832814799407572e+01 6.636802222983306798e-02 -1.051971897156875856e-02 2.938963619965209717e-02 1.424700000000000000e+04
1.015460879802399035e+02 6.412037177600757309e-02 -4.330231080655716838e-03 3.416932669738770301e-02 1.471300000000000000e+04
1.036426375667732316e+02 6.166491498964363216e-02 -3.273645781723346151e-03 3.123890988200931154e-02 1.548900000000000000e+04
1.057389390539465950e+02 5.996953239138679004e-02 -1.308834548632722408e-03 3.240595987065503919e-02 1.591300000000000000e+04
1.078395855981474227e+02 5.813517472471952524e-02 7.433317744961118450e-04 3.226455150764393626e-02 1.687900000000000000e+04
1.099389405850131709e+02 5.558220692064232138e-02 9.928375486067261228e-04 2.766843645996848108e-02 1.719300000000000000e+04
1.120392143152385387e+02 5.399095735341451902e-02 3.242045019008660354e-03 2.528920068907933652e-02 1.815700000000000000e+04
1.141233458569757744e+02 5.213634679023691071e-02 2.047410822129005874e-03 2.234719693832983717e-02 1.833900000000000000e+04
1.162159397555423084e+02 5.076904608554264065e-02 3.322707813841249865e-03 2.068889786767354189e-02 1.957300000000000000e+04
1.183137204803772420e+02 4.937006357574316717e-02 4.244280401057118519e-03 1.828629902673099134e-02 1.994100000000000000e+04
1.203972311807013256e+02 4.773508899647362774e-02 3.677764178546564719e-03 1.604866620617994774e-02 2.062900000000000000e+04
1.224922363187857286e+02 4.649894774047764329e-02 5.459939648275772064e-03 1.485927809306315447e-02 2.165500000000000000e+04
1.245882598425863534e+02 4.524662263782283644e-02 3.375963600794055185e-03 1.390934529984657123e-02 2.211300000000000000e+04
1.266884677158377315e+02 4.383464258801141045e-02 5.439977410415517897e-03 1.317568960939393546e-02 2.318500000000000000e+04
1.287846620419940962e+02 4.188976308166256213e-02 4.258078469901763544e-03 1.076363028856504311e-02 2.366700000000000000e+04
1.308713393788149801e+02 4.089411369217940684e-02 5.474065683935758903e-03 1.136290156439884874e-02 2.438500000000000000e+04
1.329754833440644575e+02 3.923545121278610576e-02 4.537460435527143100e-03 9.604633149432127703e-03 2.574900000000000000e+04
1.350691081525609434e+02 3.812181691337289402e-02 4.907366714249374734e-03 9.399682958487321979e-03 2.567500000000000000e+04
1.371638825856825576e+02 3.653163188225445196e-02 5.189514058506292798e-03 8.023110009925275843e-03 2.740900000000000000e+04
1.392604757372163533e+02 3.544764072015206546e-02 4.255117380287190727e-03 5.662044210061774156e-03 2.740500000000000000e+04
1.413466882908376760e+02 3.437797584161898790e-02 4.345989006548582612e-03 4.771503928429632509e-03 2.871700000000000000e+04
1.434475230090064031e+02 3.298257555124849832e-02 3.249476361126117131e-03 1.857771631279394675e-03 2.959500000000000000e+04
1.455452853418541679e+02 3.222498170051600608e-02 3.328525973995241378e-03 1.618298028118998018e-03 3.030100000000000000e+04
1.476332061073587738e+02 3.132607861464430099e-02 2.709650423137964417e-03 -9.377345702071914315e-04 3.110100000000000000e+04
1.497211472843286231e+02 3.028971276414100036e-02 2.313086620388789608e-03 -3.212183727464522180e-03 3.202300000000000000e+04
1.518138048751577287e+02 2.954439843714369227e-02 1.723134859230291815e-03 -3.279870079005652982e-03 3.297700000000000000e+04
1.539211490100352648e+02 2.854408223252679483e-02 1.210296296795715853e-03 -4.053242940097441169e-03 3.444900000000000000e+04
1.560214747341236716e+02 2.768206821665183601e-02 6.519669527089211108e-04 -3.634132757226229624e-03 3.454900000000000000e+04
1.581161747588121784e+02 2.677018711959711084e-02 5.447556433703196503e-04 -4.889470893495237794e-03 3.611100000000000000e+04
1.602118712271799836e+02 2.593584360642822717e-02 -4.433960364985898303e-04 -4.443935122684037828e-03 3.654100000000000000e+04
1.623006419462898862e+02 2.522758690762362879e-02 -3.459767880343869809e-05 -4.145654074783618019e-03 3.771700000000000000e+04
1.643899033199985240e+02 2.444291018975408222e-02 -4.573772239911495438e-04 -4.841315791814107018e-03 3.861900000000000000e+04
1.664835582381511756e+02 2.376264171216544915e-02 -5.953983056460787800e-04 -3.787437229607922354e-03 3.966100000000000000e+04
1.685719683778473552e+02 2.320541882110846096e-02 -6.347974557226008108e-04 -3.602116288645106339e-03 4.054500000000000000e+04
1.706641332089364766e+02 2.267721102210295755e-02 -1.157963209752490468e-03 -3.913711531164946501e-03 4.181500000000000000e+04
1.727708699256135390e+02 2.203074952261256311e-02 -7.080112373201098881e-04 -3.663105875828518918e-03 4.312500000000000000e+04
1.748696546009699659e+02 2.140523564840179221e-02 -1.625516270461211830e-03 -4.545245597070536082e-03 4.368100000000000000e+04
1.769585769494445344e+02 2.108784263598422262e-02 -1.238315631991230214e-03 -4.190233112038337614e-03 4.462900000000000000e+04
1.790524509315575301e+02 2.056489646603417917e-02 -1.542421250762884182e-03 -4.485231739835986858e-03 4.622700000000000000e+04
1.811526521261263554e+02 2.002170850997349663e-02 -1.669511453993015749e-03 -3.903669928008991069e-03 4.690900000000000000e+04
1.832476884130738881e+02 1.956555109081466529e-02 -1.421280802227582784e-03 -3.694375056102867320e-03 4.823700000000000000e+04
1.853312475833926101e+02 1.896080591273551982e-02 -1.830077110550144175e-03 -3.586169529226728575e-03 4.858300000000000000e+04
1.874284892203218931e+02 1.860072393970075774e-02 -1.193503806149296244e-03 -2.965157189935131374e-03 5.099700000000000000e+04
1.895337179075755216e+02 1.812703271427388782e-02 -1.504043185786231931e-03 -2.997821028275692024e-03 5.139700000000000000e+04
1.916268196474026126e+02 1.774066010735765586e-02 -7.968370008542037530e-04 -1.740360231316010007e-03 5.248900000000000000e+04
1.937183403446852878e+02 1.730606109813445648e-02 -6.664178242796067958e-04 -1.430515407204572837e-03 5.378700000000000000e+04
1.958131498886989164e+02 1.703787239983111518e-02 -1.404794414047180555e-04 -9.463564261521359086e-04 5.491300000000000000e+04
1.979058740098966211e+02 1.687076943691992806e-02 3.404453130082765624e-04 -5.438022199768427533e-04 5.597700000000000000e+04
1.999990651597893816e+02 1.645215944501396757e-02 7.242324660327028804e-04 2.892391417623699636e-04 5.741500000000000000e+04
2.020893038374759101e+02 1.631585018581346164e-02 1.249211386922686670e-03 7.932439558543638754e-04 5.810500000000000000e+04
2.041823192148177952e+02 1.607277425474161470e-02 1.456471195741054206e-03 4.760915830692152438e-04 6.003300000000000000e+04
2.062825911013838152e+02 1.580905009551661355e-02 1.788771805017670344e-03 1.404848399048934946e-03 6.094900000000000000e+04
2.083770189145966185e+02 1.565086145848590751e-02 1.942774873868077486e-03 1.620043916940819327e-03 6.223500000000000000e+04
2.104675816794403431e+02 1.540331186767606581e-02 2.488539551480295573e-03 2.147942877818802797e-03 6.322900000000000000e+04
2.125667854244018145e+02 1.521279533632276249e-02 2.497813315488726926e-03 2.480062718709701020e-03 6.513300000000000000e+04
2.146619261104851830e+02 1.505046408367545843e-02 2.999559214541366176e-03 2.833241723102571542e-03 6.570700000000000000e+04
2.167561805722037036e+02 1.476275877664720744e-02 3.216980061419631894e-03 3.426843607350395834e-03 6.756100000000000000e+04
2.188528705899679210e+02 1.458518048599783193e-02 3.294422027204953109e-03 3.557375396103799707e-03 6.850500000000000000e+04
2.209456427453084473e+02 1.436361981293428521e-02 3.425645532469190867e-03 3.792716086066114968e-03 6.994300000000000000e+04
2.230395148320731096e+02 1.431606413947351594e-02 3.775745492969594021e-03 4.243033485221985208e-03 7.109700000000000000e+04
2.251356732858534997e+02 1.404541616047971092e-02 3.759147102717082679e-03 4.057232400241159685e-03 7.302100000000000000e+04
2.272278504864401327e+02 1.395045159020725893e-02 4.282886492641665814e-03 4.858344607894039477e-03 7.331700000000000000e+04
2.293197511287232544e+02 1.380272552622104423e-02 4.069338068236201880e-03 4.416017599500918905e-03 7.579900000000000000e+04
2.314114772346510165e+02 1.373776643612794300e-02 4.447711076197826720e-03 5.107513134031459699e-03 7.602100000000000000e+04
2.335058467478245632e+02 1.371631235465988786e-02 4.721667686437194984e-03 5.123093216631022587e-03 7.875300000000000000e+04
2.356041652202905539e+02 1.346437066902194703e-02 4.273292017550413095e-03 4.636429425095472782e-03 7.929100000000000000e+04
2.377006336558306998e+02 1.346460546023468298e-02 4.788468272105481961e-03 5.217647956225267107e-03 8.112900000000000000e+04
2.397972750390475198e+02 1.327828165054063467e-02 4.490752807710869307e-03 4.594710389899536382e-03 8.244100000000000000e+04
2.418944602532704096e+02 1.327334516622354944e-02 4.768462590727437674e-03 5.275961895655617399e-03 8.394900000000000000e+04
2.439884227569783093e+02 1.308741163856767808e-02 4.552822940192377717e-03 4.805583756917653979e-03 8.512300000000000000e+04
2.460835996828307373e+02 1.295363863231918482e-02 4.534723278217761382e-03 4.727165230422230094e-03 8.692900000000000000e+04
2.481755280705312146e+02 1.282014096600226152e-02 4.546458445488452300e-03 4.713457623082522099e-03 8.778900000000000000e+04
2.502623700647570217e+02 1.265593169289760261e-02 4.107145857662348673e-03 4.168091061811539030e-03 8.962300000000000000e+04
2.523586155105348325e+02 1.257430215932378581e-02 4.244350743728645542e-03 4.442322410510486132e-03 9.134100000000000000e+04
2.544547077866985489e+02 1.238612893325171695e-02 3.922442946017659984e-03 4.121022100221156254e-03 9.284500000000000000e+04
2.565487653287422063e+02 1.235083895609627794e-02 4.026369856721528050e-03 4.228036916407460453e-03 9.408700000000000000e+04
2.586464955058470991e+02 1.227079210562539990e-02 3.941151239030117256e-03 3.927879222044201174e-03 9.633300000000000000e+04
2.607443047329861656e+02 1.216335714342951964e-02 3.621453200228877487e-03 3.958239025218665379e-03 9.724900000000000000e+04
2.628438312173413465e+02 1.216242552403498482e-02 3.736821128901523549e-03 4.179090174470362525e-03 9.950100000000000000e+04
2.649298855659840228e+02 1.213406652175995706e-02 3.482959932942261520e-03 4.144722976391509300e-03 9.928300000000000000e+04
2.670163698864117805e+02 1.214604735771144216e-02 3.606756053278216499e-03 4.426885376411180198e-03 1.025370000000000000e+05
2.691120556714307668e+02 1.200475633307081756e-02 3.514651447275703600e-03 3.325492403179681252e-03 1.022830000000000000e+05
2.712074998348403483e+02 1.185651145865033139e-02 3.481398574953103921e-03 1.337131293134482483e-03 1.021060000000000000e+05
2.733050116933233653e+02 1.167209268052759805e-02 3.452352850556213680e-03 -1.189042567167527262e-04 1.007340000000000000e+05
2.753977295572417461e+02 1.159851491508787948e-02 3.276305166576724826e-03 -2.037568199751015659e-03 9.999400000000000000e+04
2.774958294534935703e+02 1.153136272970928418e-02 3.334942628411824775e-03 -2.917430549138198825e-03 9.936000000000000000e+04
2.795977707949222122e+02 1.137545827096506611e-02 3.141509959766779735e-03 -4.540049310488424895e-03 9.860800000000000000e+04
2.816862895118986785e+02 1.124616719272357457e-02 3.101274069773757736e-03 -5.746049366826186215e-03 9.625200000000000000e+04
2.837743515740906446e+02 1.114683541600869528e-02 3.062271292490935208e-03 -6.970023902543190028e-03 9.640000000000000000e+04
2.858713251310674650e+02 1.109621807068171713e-02 2.987423538339489208e-03 -7.998981626707349704e-03 9.539800000000000000e+04
2.879670932628575883e+02 1.102070370327628071e-02 3.011765386726503700e-03 -9.156886703103724046e-03 9.402000000000000000e+04
2.900590582015512382e+02 1.091297097300769625e-02 3.015272566218928779e-03 -1.010746318577023656e-02 9.316000000000000000e+04
2.921519201901450060e+02 1.083336425572578587e-02 2.985541341390101494e-03 -1.105331967287625193e-02 9.177600000000000000e+04
2.942485935102203030e+02 1.071608301268286295e-02 3.000517386290572300e-03 -1.195031476015335006e-02 9.137800000000000000e+04
2.963426645133968691e+02 1.063050517625315460e-02 3.004950849000239191e-03 -1.292341444355660750e-02 8.949000000000000000e+04
2.984329904966970162e+02 1.051677281134351730e-02 3.127570691550323172e-03 -1.366947450785646438e-02 8.845000000000000000e+04
3.005290481640043367e+02 1.038261333892281577e-02 3.097412466917841972e-03 -1.433138488045287463e-02 8.794600000000000000e+04
3.026245947235937592e+02 1.035987995739674067e-02 3.105510309092911116e-03 -1.502146299182778935e-02 8.575200000000000000e+04
3.047205651109674704e+02 1.022553897830683935e-02 3.202546221952371538e-03 -1.570489702096622073e-02 8.574400000000000000e+04
3.068167457111920839e+02 1.017298480779391806e-02 3.249481045594226989e-03 -1.633765852001222915e-02 8.322000000000000000e+04
3.089118625384018060e+02 1.009566683529055514e-02 3.288571305347099284e-03 -1.691517945255313626e-02 8.302000000000000000e+04
3.110099981664167785e+02 1.008650823794641875e-02 3.325223758010815555e-03 -1.763214857356919241e-02 8.106400000000000000e+04
3.131040997612852266e+02 1.004824312819036641e-02 3.276842548460940589e-03 -1.842183245357010071e-02 7.983000000000000000e+04
3.151936712677708670e+02 9.999019846522554794e-03 3.337997329600283364e-03 -1.904403071652392698e-02 7.823800000000000000e+04
3.172858841403398173e+02 1.000733273867798930e-02 3.325841705642886524e-03 -1.970996968234504931e-02 7.715400000000000000e+04
3.193772099476266817e+02 9.979947080073733531e-03 3.339131261544939742e-03 -2.037314982430962762e-02 7.546600000000000000e+04
3.214753775151562536e+02 9.988476582487155336e-03 3.361404943377531603e-03 -2.105137190789978241e-02 7.480200000000000000e+04
3.235746879206847666e+02 9.959600707017405435e-03 3.394682196959606605e-03 -2.173019386707826864e-02 7.258000000000000000e+04
3.256647237020029024e+02 9.983250436834758407e-03 3.426540662808738938e-03 -2.229794740237690462e-02 7.133800000000000000e+04
3.277571324083919535e+02 9.967098046520322940e-03 3.494675825634993571e-03 -2.287114283330869691e-02 6.964200000000000000e+04
3.298487111637800240e+02 9.941781739391350459e-03 3.499502517839240059e-03 -2.342720564939278216e-02 6.832600000000000000e+04
3.319433744068021497e+02 9.986339687952049821e-03 3.562605383746308106e-03 -2.401968207371482644e-02 6.674400000000000000e+04
3.340422322988853239e+02 1.001016885090007420e-02 3.592054511726164821e-03 -2.444520557029655761e-02 6.533800000000000000e+04
3.361307892565458246e+02 1.000924169042821665e-02 3.609015341564770531e-03 -2.496766163602988017e-02 6.315600000000000000e+04
3.382251120895489294e+02 1.002848352673745697e-02 3.603840069737215650e-03 -2.543199916014222614e-02 6.214000000000000000e+04
3.403264013195363304e+02 1.008634921844091779e-02 3.590805979138072569e-03 -2.586364322903142443e-02 6.051400000000000000e+04
3.424148842577288860e+02 1.007078649858459719e-02 3.620389313805386523e-03 -2.634729453044921954e-02 5.799000000000000000e+04
3.445099495577244397e+02 1.011166899917956274e-02 3.643446805745953736e-03 -2.682813591999651595e-02 5.742400000000000000e+04
3.466144105402300397e+02 1.013360939076531249e-02 3.579698170841111304e-03 -2.715456631092597398e-02 5.518200000000000000e+04
3.487067496858389859e+02 1.018246755942061980e-02 3.598885169243211044e-03 -2.770317605676468273e-02 5.306800000000000000e+04
3.507912540595516475e+02 1.024771481087270557e-02 3.624928340802485976e-03 -2.815307870914979596e-02 5.152800000000000000e+04
3.528807167895711814e+02 1.022348850099519257e-02 3.547463898837822580e-03 -2.842475225869484090e-02 4.954600000000000000e+04
3.549828487415276754e+02 1.027284135270541653e-02 3.604675589963057467e-03 -2.877047496039907351e-02 4.846600000000000000e+04
3.570768480370360862e+02 1.031663526876471469e-02 3.609336288322391884e-03 -2.920744625421759985e-02 4.566600000000000000e+04
3.591652111747225717e+02 1.030199944926976814e-02 3.618230718253145819e-03 -2.947344069719959672e-02 4.423000000000000000e+04
3.612627896178847777e+02 1.030663445035987121e-02 3.592327419510081381e-03 -2.973697838821497130e-02 4.254000000000000000e+04
3.633645820428338880e+02 1.031562707754187479e-02 3.543948615411944818e-03 -3.003859166706386932e-02 4.022200000000000000e+04
3.654527365610065885e+02 1.042140279692532756e-02 3.625259060342034788e-03 -3.057475230294744856e-02 3.842200000000000000e+04
3.675441472124314259e+02 1.029652549592079830e-02 3.392646865640629086e-03 -3.049028112527248438e-02 3.624600000000000000e+04
3.696396280380744201e+02 1.033982454384504979e-02 3.415782353764620482e-03 -3.083473239332229845e-02 3.455200000000000000e+04
3.717297223820279441e+02 1.033686398652737884e-02 3.251654103079471263e-03 -3.108461587773412790e-02 3.213600000000000000e+04
3.738176974939287902e+02 1.035791995280137961e-02 3.250573390138794625e-03 -3.152546944098474913e-02 3.029200000000000000e+04
3.759110996783247174e+02 1.029391999228671493e-02 3.015912258516991601e-03 -3.160176376710988749e-02 2.830200000000000000e+04
3.780081394014102898e+02 1.013827507090617717e-02 2.719577972755003650e-03 -3.136597350543714191e-02 2.605600000000000000e+04
3.801051557582653118e+02 1.017703302541605667e-02 2.573631753451140723e-03 -3.184726556552298221e-02 2.421100000000000000e+04
3.821955053587425937e+02 9.986948675769906011e-03 2.293053107459558804e-03 -3.159885353488617321e-02 2.220600000000000000e+04
3.842862749912937943e+02 1.000917165309000295e-02 2.164896989655267813e-03 -3.198127167769245632e-02 2.088400000000000000e+04
3.863841918340856409e+02 9.942959687031023563e-03 2.142600766487188536e-03 -3.206654341108845785e-02 1.939200000000000000e+04
3.884771734501698006e+02 9.988022348721831839e-03 1.900423317925818961e-03 -3.230004122395848526e-02 1.805800000000000000e+04
3.905623371605522607e+02 9.931031432852040555e-03 1.805775677675394448e-03 -3.231014149883436326e-02 1.674600000000000000e+04
3.926667500119167471e+02 9.915784456458518956e-03 1.642936283082082520e-03 -3.239411615875029127e-02 1.589800000000000000e+04
3.947778557744774162e+02 9.968754959784584951e-03 1.516840360859788000e-03 -3.265712121449495381e-02 1.457800000000000000e+04
3.968631060462392952e+02 9.994882738503007083e-03 1.370132061573643137e-03 -3.276666592904609737e-02 1.344300000000000000e+04
3.989413219049817485e+02 9.976645308944957422e-03 1.269869452021562834e-03 -3.288060665532420435e-02 1.251100000000000000e+04
4.010572258526528344e+02 9.944620163054224138e-03 1.228358271765739827e-03 -3.303370004112454045e-02 1.191900000000000000e+04
4.031656962107319373e+02 1.010361296627488269e-02 1.217689980431650460e-03 -3.372503764190137171e-02 1.063900000000000000e+04
4.052249146637423678e+02 1.028414798482679346e-02 1.198254271330171164e-03 -3.457963900001151392e-02 9.775000000000000000e+03
4.073276634718891387e+02 1.015125780248235868e-02 1.136619982941207332e-03 -3.438266800623761277e-02 9.423000000000000000e+03
4.094593776408451049e+02 1.020799662540943474e-02 1.095333655229267312e-03 -3.468573414513720365e-02 8.449000000000000000e+03
4.115405539130957777e+02 1.042152990783269152e-02 1.076319631584072862e-03 -3.560841464668598744e-02 7.596000000000000000e+03
4.135894252671187132e+02 1.036085649610815618e-02 1.097053872797040331e-03 -3.558373145124840708e-02 6.931000000000000000e+03
4.156930049049321951e+02 1.018579636797208379e-02 1.084828650812270315e-03 -3.525873886862165157e-02 6.612000000000000000e+03
4.178272827209258367e+02 1.032031029038003173e-02 1.038370863166952025e-03 -3.581735405026759134e-02 5.899000000000000000e+03
4.199082037741286513e+02 1.023021843957272643e-02 9.459216869034067256e-04 -3.555162181337535865e-02 5.176000000000000000e+03
4.219826095167229028e+02 1.042092656232797808e-02 9.545198142423807954e-04 -3.636453362345378609e-02 4.824000000000000000e+03
4.241028763136273483e+02 1.053979307046742572e-02 8.836573098715116287e-04 -3.688790624695770931e-02 4.312000000000000000e+03
4.262107721966358440e+02 1.066639372726189278e-02 8.264244772064467497e-04 -3.734533996907506148e-02 3.819000000000000000e+03
4.282460731868927724e+02 1.125943864387327596e-02 8.679312690073468428e-04 -3.950469165047663239e-02 3.220000000000000000e+03
4.303287648834323136e+02 1.127021480107518771e-02 7.289696785886891394e-04 -3.954261208595599708e-02 3.132000000000000000e+03
4.325172248853483552e+02 1.215481121733574810e-02 7.238793985749665148e-04 -4.269919577612058675e-02 2.680000000000000000e+03
4.346325070601815810e+02 1.232013160204846643e-02 6.338103936424403177e-04 -4.323314781698033710e-02 2.218000000000000000e+03
4.365567227659553851e+02 1.247844915812682323e-02 5.761595537560323726e-04 -4.372790404278602272e-02 1.728000000000000000e+03
4.386277159174848634e+02 1.228819593398198552e-02 4.506015768428219535e-04 -4.310334509561235955e-02 1.816000000000000000e+03
4.409019266196692683e+02 1.230760216794076455e-02 3.927687799624719864e-04 -4.318794341124492647e-02 1.476000000000000000e+03
4.430735479208619836e+02 1.278908502173014237e-02 4.582514569287387835e-04 -4.498926470625355667e-02 1.108000000000000000e+03
4.448761117541747012e+02 1.313483217831915538e-02 3.436078943779311500e-04 -4.607713726131470316e-02 7.560000000000000000e+02
4.469343758523184533e+02 1.360234338226613306e-02 1.956948529703128983e-04 -4.763499071533851964e-02 8.440000000000000000e+02
4.493013102792758104e+02 1.410101326421084496e-02 4.702757857151978392e-05 -4.926476486843207186e-02 6.280000000000000000e+02
4.515989744176221734e+02 1.450995806365716623e-02 7.018567359529960786e-05 -5.076711431088440363e-02 4.050000000000000000e+02
4.533101867737696580e+02 1.412163970580998518e-02 9.451311246367836560e-05 -4.942767216985583661e-02 2.020000000000000000e+02
4.552338387398290820e+02 1.536092600388227515e-02 -6.322102248460025140e-05 -5.363644115889912301e-02 2.280000000000000000e+02
4.576034578613840722e+02 1.595334693144191684e-02 -9.640034353072078209e-05 -5.570104461117338090e-02 1.240000000000000000e+02
4.599517872444100703e+02 1.507651554388035262e-02 -5.330508465135458927e-05 -5.269758283158711143e-02 5.200000000000000000e+01
4.619205689144050666e+02 1.547243688176414868e-02 2.328687159474476627e-05 -5.416992709448749388e-02 9.000000000000000000e+00
4.634281054380590490e+02 1.729466541643742694e-02 -1.816804446907763036e-05 -6.051056045325092780e-02 4.000000000000000000e+00
