2.966547074898984615e+00 8.778157129698553884e-01 -5.433104894519490413e-01 1.559584812621528371e+00 1.300000000000000000e+01
5.026374055021858744e+00 5.479783051836263352e-01 1.869460712996168505e-01 2.645684231710291878e-01 3.300000000000000000e+01
7.149300621522788113e+00 3.587420779373509672e-01 -2.842970245277427060e-02 1.546538903442097046e-01 7.900000000000000000e+01
9.278869254964254409e+00 2.675822146722646178e-01 -5.447796069282606971e-03 -3.040049687240040446e-02 1.170000000000000000e+02
1.145033261934470126e+01 2.251405930813067668e-01 1.729776257479849477e-02 6.972753226405235816e-02 2.050000000000000000e+02
1.349295587141915043e+01 1.779802029334069946e-01 -3.583597522866650842e-02 -3.590714324997727747e-02 2.350000000000000000e+02
1.558905561191892986e+01 1.656240836153206886e-01 -1.915654749191987452e-03 1.722030882698291285e-02 3.690000000000000000e+02
1.769408367255316961e+01 1.420602105151587413e-01 -1.476474294162742618e-02 -2.011774971391252359e-02 4.330000000000000000e+02
1.981787480313529670e+01 1.203023574964984937e-01 -4.184086570168847954e-03 1.566371068470970296e-02 5.850000000000000000e+02
2.192074938196263645e+01 1.047487347454561929e-01 4.686032546718065482e-03 6.097363297498305246e-03 6.790000000000000000e+02
2.398877635566245203e+01 9.244905351582137498e-02 -1.578394780990633600e-02 -1.198460532759776202e-02 8.130000000000000000e+02
2.609286971896115759e+01 8.123351286257785020e-02 -1.597841249330719283e-03 -1.129108244566163870e-02 9.850000000000000000e+02
2.823466315278179550e+01 7.838803832953700201e-02 -1.514003909946109484e-02 2.790601868562373258e-03 1.183000000000000000e+03
3.032284873509123102e+01 7.431951469196572402e-02 -8.416686173912278288e-03 1.586243133186159351e-03 1.269000000000000000e+03
3.240263258943403457e+01 6.444368458801778832e-02 -3.804654627926576382e-03 -7.185835795466895271e-03 1.537000000000000000e+03
3.449210129864554375e+01 6.123743998471040811e-02 -9.480021253997508723e-03 4.553300376010670225e-03 1.653000000000000000e+03
3.658588147515196454e+01 6.030602944722674580e-02 -1.198792994639912013e-02 -1.687198112847563159e-04 1.963000000000000000e+03
3.868476949266977272e+01 5.333464211561620566e-02 -1.172676117615330769e-02 1.705383861468494616e-03 2.121000000000000000e+03
4.078898888458283523e+01 5.287312827635239770e-02 -1.040187833478177851e-02 5.048484746214896950e-03 2.413000000000000000e+03
4.289390876967645738e+01 4.664260819550277576e-02 -8.229376103321622143e-03 -4.038683716516810996e-05 2.635000000000000000e+03
4.498336005546935468e+01 4.464240523906020525e-02 -7.712956317880899533e-03 1.527052822233996481e-03 2.877000000000000000e+03
4.706498529473824988e+01 4.287605606928843183e-02 -7.832635393355442954e-03 2.502277706535505791e-04 3.169000000000000000e+03
4.917111919158227096e+01 4.021413638629536130e-02 -7.283692253410578576e-03 1.214023946793005813e-03 3.507000000000000000e+03
5.126216914174227668e+01 3.764451056949350005e-02 -6.156732469953212460e-03 2.083630092135368289e-03 3.685000000000000000e+03
5.335525146837034072e+01 3.568857983765511693e-02 -7.334262329275333808e-03 2.759976166047018505e-03 4.165000000000000000e+03
5.546637228956934251e+01 3.274518164767736828e-02 -3.184846610603872443e-03 2.168584568621231140e-03 4.377000000000000000e+03
5.757318819254808773e+01 3.099474669835674406e-02 -3.944091125766581440e-03 1.416965400743486637e-03 4.855000000000000000e+03
5.965884044590281121e+01 2.924255434484566638e-02 -4.288538234802304928e-03 9.417694383331090286e-04 4.929000000000000000e+03
6.174512302159506305e+01 2.841106516435063303e-02 -1.764925115151067805e-03 -1.015352956195048235e-03 5.581000000000000000e+03
6.382689291137189969e+01 2.663705479495218423e-02 -4.183389236782553665e-03 2.056232581768676054e-03 5.679000000000000000e+03
6.592966228838450604e+01 2.543843687842335666e-02 -2.371429938905138517e-03 6.592051871731444438e-04 6.385000000000000000e+03
6.803125784825746791e+01 2.389269842727007390e-02 -4.739348392432912553e-03 2.402450131302164005e-03 6.553000000000000000e+03
7.013131008699485847e+01 2.347795087517036070e-02 -3.681843355810569124e-03 3.806505425665141114e-03 7.125000000000000000e+03
7.223032366074338029e+01 2.196352918021257650e-02 -4.336853465062416417e-03 1.996401090111609225e-03 7.447000000000000000e+03
7.432334270720505742e+01 2.163388727903267292e-02 -3.660502333865233143e-03 2.134798166286514323e-03 7.929000000000000000e+03
7.642066756954473306e+01 2.104241131721322142e-02 -4.249469497912076663e-03 9.054695959490649450e-04 8.353000000000000000e+03
7.850471694556040347e+01 1.956724514692621125e-02 -4.021983257703341981e-03 1.453452137429881320e-03 8.775000000000000000e+03
8.059701946059529121e+01 1.880642185776266323e-02 -3.712067240553769062e-03 3.389148481770559457e-03 9.313000000000000000e+03
8.269521798132063850e+01 1.799244140046967269e-02 -4.257466053980308619e-03 1.414627187057538411e-03 9.841000000000000000e+03
8.478307522909847194e+01 1.729689636471241909e-02 -4.059561520388331110e-03 2.943915772741749134e-03 1.019100000000000000e+04
8.687780839616016237e+01 1.637474654576571986e-02 -4.125527389043184313e-03 2.511742963932086462e-03 1.089700000000000000e+04
8.897524569656535220e+01 1.572591206525258620e-02 -2.867068256215239089e-03 1.718930205962277856e-03 1.130100000000000000e+04
9.108077810470518898e+01 1.476027962216142943e-02 -3.018417060794900166e-03 2.209259562863139653e-03 1.202500000000000000e+04
9.318432266948052245e+01 1.415239686713186396e-02 -2.946836803095164142e-03 1.213969091539381399e-03 1.242300000000000000e+04
9.527887641048309320e+01 1.362454619472216674e-02 -2.530359470890778013e-03 1.450510168947706209e-03 1.302100000000000000e+04
9.736254237981037818e+01 1.301795378694319862e-02 -3.073651057080109463e-03 1.545191766051528214e-03 1.340500000000000000e+04
9.944832814799407572e+01 1.264539033533355721e-02 -2.945970434891785356e-03 1.426139557567439797e-03 1.424700000000000000e+04
1.015460879802399035e+02 1.236576432953396566e-02 -2.948344609057448017e-03 1.128895124288551441e-03 1.471300000000000000e+04
1.036426375667732316e+02 1.186395717462329809e-02 -3.222141222616152056e-03 1.486767476525467039e-03 1.548900000000000000e+04
1.057389390539465950e+02 1.157824512166209102e-02 -2.574387552003734418e-03 1.480655788163651957e-03 1.591300000000000000e+04
1.078395855981474227e+02 1.136189958441707372e-02 -2.608845883488042968e-03 1.362949193488767344e-03 1.687900000000000000e+04
1.099389405850131709e+02 1.097135197677641567e-02 -3.168269393237716294e-03 1.141439193030444228e-03 1.719300000000000000e+04
1.120392143152385387e+02 1.083674344924133795e-02 -3.145782947217324287e-03 1.228974213793131718e-03 1.815700000000000000e+04
1.141233458569757744e+02 1.060855377767335080e-02 -3.334792925721909336e-03 1.436416338349418400e-03 1.833900000000000000e+04
1.162159397555423084e+02 1.052136092134960815e-02 -3.120828471556025534e-03 1.545637353412407941e-03 1.957300000000000000e+04
1.183137204803772420e+02 1.008203089382933570e-02 -2.908880507911609011e-03 1.395420336381079322e-03 1.994100000000000000e+04
1.203972311807013256e+02 9.887947691012222498e-03 -2.940625509463755134e-03 1.443157716301552394e-03 2.062900000000000000e+04
1.224922363187857286e+02 9.686913067116262321e-03 -2.515170674338939021e-03 1.282272853471667137e-03 2.165500000000000000e+04
1.245882598425863534e+02 9.401333849122674516e-03 -2.633304509950248201e-03 1.427289510068649198e-03 2.211300000000000000e+04
1.266884677158377315e+02 9.033696122719432620e-03 -2.163992304457311357e-03 1.329231542596585229e-03 2.318500000000000000e+04
1.287846620419940962e+02 8.839909279335951900e-03 -2.249703894116904246e-03 1.143312858711553314e-03 2.366700000000000000e+04
1.308713393788149801e+02 8.724758279501440214e-03 -1.995432571980917166e-03 1.345533328079126902e-03 2.438500000000000000e+04
1.329754833440644575e+02 8.453606117868025030e-03 -1.997443136254393840e-03 1.610939690594365148e-03 2.574900000000000000e+04
1.350691081525609434e+02 8.320511821442600625e-03 -1.891125866799226590e-03 1.133295387946372601e-03 2.567500000000000000e+04
1.371638825856825576e+02 8.107950683510981374e-03 -1.842032339031909926e-03 1.159818575602458235e-03 2.740900000000000000e+04
1.392604757372163533e+02 7.908101820633338039e-03 -1.881017397343035880e-03 1.438612318878034358e-03 2.740500000000000000e+04
1.413466882908376760e+02 7.851483712540293508e-03 -1.811069242720983940e-03 1.438892249571153883e-03 2.871700000000000000e+04
1.434475230090064031e+02 7.680502250601495794e-03 -1.847248860983216265e-03 1.353216798731176652e-03 2.959500000000000000e+04
1.455452853418541679e+02 7.645512486755357516e-03 -1.842448313957450751e-03 1.654553610054441872e-03 3.030100000000000000e+04
1.476332061073587738e+02 7.579249698315485007e-03 -2.023292133400006639e-03 1.609527971807365402e-03 3.110100000000000000e+04
1.497211472843286231e+02 7.549878266251955697e-03 -1.988681006209151204e-03 1.460627528292445529e-03 3.202300000000000000e+04
1.518138048751577287e+02 7.444813487792629851e-03 -2.059427088133937173e-03 1.585067943813145593e-03 3.297700000000000000e+04
1.539211490100352648e+02 7.281440015921275717e-03 -1.960949417219957393e-03 1.563049631945057213e-03 3.444900000000000000e+04
1.560214747341236716e+02 7.174226426103757007e-03 -1.675698038525997267e-03 1.529993808441525638e-03 3.454900000000000000e+04
1.581161747588121784e+02 7.045866823161915822e-03 -1.810650696181524992e-03 1.344807683712032683e-03 3.611100000000000000e+04
1.602118712271799836e+02 7.004918159684351414e-03 -1.743527557489361023e-03 1.554339057194399458e-03 3.654100000000000000e+04
1.623006419462898862e+02 6.875500231181805137e-03 -1.570528044706675065e-03 1.494530546732691662e-03 3.771700000000000000e+04
1.643899033199985240e+02 6.802922526078637559e-03 -1.578072840214275350e-03 1.278152765946450860e-03 3.861900000000000000e+04
1.664835582381511756e+02 6.657828691630740710e-03 -1.457962752681074515e-03 1.256194906272396512e-03 3.966100000000000000e+04
1.685719683778473552e+02 6.572782674970280292e-03 -1.408088695054904738e-03 1.113110372611372367e-03 4.054500000000000000e+04
1.706641332089364766e+02 6.468382857847990511e-03 -1.341293307593132735e-03 1.181997579262052123e-03 4.181500000000000000e+04
1.727708699256135390e+02 6.336496373196009307e-03 -1.308164494798794717e-03 1.081993409205855459e-03 4.312500000000000000e+04
1.748696546009699659e+02 6.298924378435698593e-03 -1.326584014438021318e-03 9.965539298298579235e-04 4.368100000000000000e+04
1.769585769494445344e+02 6.246527224841679111e-03 -1.263548062655191337e-03 1.009423837164211829e-03 4.462900000000000000e+04
1.790524509315575301e+02 6.198545089025448221e-03 -1.397812952195346889e-03 1.029873149460308439e-03 4.622700000000000000e+04
1.811526521261263554e+02 6.161203113272747597e-03 -1.381039461996718147e-03 1.009506921586879151e-03 4.690900000000000000e+04
1.832476884130738881e+02 6.095587577008494337e-03 -1.464429790979813496e-03 9.725852201019524919e-04 4.823700000000000000e+04
1.853312475833926101e+02 6.016832938619831768e-03 -1.500507132136907852e-03 1.078836890499786441e-03 4.858300000000000000e+04
1.874284892203218931e+02 5.944613979900511928e-03 -1.467712253924307502e-03 1.039428610181320628e-03 5.099700000000000000e+04
1.895337179075755216e+02 5.869085414076318820e-03 -1.434081073694481751e-03 8.226231537372042562e-04 5.139700000000000000e+04
1.916268196474026126e+02 5.805655673274575691e-03 -1.413448263515441547e-03 1.119752678551416561e-03 5.248900000000000000e+04
1.937183403446852878e+02 5.747541204959826996e-03 -1.519505105338125796e-03 9.863767396145076225e-04 5.378700000000000000e+04
1.958131498886989164e+02 5.683173234607960360e-03 -1.397917966706093470e-03 9.710960339996868151e-04 5.491300000000000000e+04
1.979058740098966211e+02 5.581066337523933260e-03 -1.459912641555720066e-03 9.073112001248864441e-04 5.597700000000000000e+04
1.999990651597893816e+02 5.477668870211702817e-03 -1.356100075969400532e-03 8.440810458032549585e-04 5.741500000000000000e+04
2.020893038374759101e+02 5.355854656073722429e-03 -1.216865847568508567e-03 7.427378827389774420e-04 5.810500000000000000e+04
2.041823192148177952e+02 5.315619451488806137e-03 -1.302050923429210827e-03 6.742925569739596304e-04 6.003300000000000000e+04
2.062825911013838152e+02 5.214091812698803778e-03 -1.202173881661340246e-03 7.379932317568362087e-04 6.094900000000000000e+04
2.083770189145966185e+02 5.142866701462203705e-03 -1.209428703226403563e-03 6.530511332292173506e-04 6.223500000000000000e+04
2.104675816794403431e+02 5.090679380925517555e-03 -1.141599293787150726e-03 6.298742439634940401e-04 6.322900000000000000e+04
2.125667854244018145e+02 4.989321520217159835e-03 -1.248823797373825855e-03 5.858392745580571701e-04 6.513300000000000000e+04
2.146619261104851830e+02 4.968640298506367924e-03 -1.247991999401695459e-03 6.033057227989214620e-04 6.570700000000000000e+04
2.167561805722037036e+02 4.923477487213518550e-03 -1.237913746817183823e-03 6.196171755790739989e-04 6.756100000000000000e+04
2.188528705899679210e+02 4.861478700434255541e-03 -1.239191074568299616e-03 5.449787178686243527e-04 6.850500000000000000e+04
2.209456427453084473e+02 4.837172846275050730e-03 -1.332073831743162649e-03 6.440859016006217136e-04 6.994300000000000000e+04
2.230395148320731096e+02 4.767805928665955727e-03 -1.358408472192132368e-03 5.541645031671752451e-04 7.109700000000000000e+04
2.251356732858534997e+02 4.709066378112857464e-03 -1.327036488547419721e-03 6.660988084929667531e-04 7.302100000000000000e+04
2.272278504864401327e+02 4.667774816624581727e-03 -1.392265612229608759e-03 5.704003640140920765e-04 7.331700000000000000e+04
2.293197511287232544e+02 4.641456217309799896e-03 -1.388875345513378460e-03 4.968347012251217313e-04 7.579900000000000000e+04
2.314114772346510165e+02 4.600729069321040678e-03 -1.441283975800557128e-03 5.955902251403227344e-04 7.602100000000000000e+04
2.335058467478245632e+02 4.522736275199569153e-03 -1.436153696441827294e-03 5.438169872613291380e-04 7.875300000000000000e+04
2.356041652202905539e+02 4.472043262045474060e-03 -1.362972375651762356e-03 4.935305780465112100e-04 7.929100000000000000e+04
2.377006336558306998e+02 4.391000969287671765e-03 -1.374811764334793679e-03 5.440161506071877762e-04 8.112900000000000000e+04
2.397972750390475198e+02 4.360538956673610730e-03 -1.424716606810433848e-03 4.946174375191764172e-04 8.244100000000000000e+04
2.418944602532704096e+02 4.331004523004623394e-03 -1.377592309991425941e-03 5.692218908025076761e-04 8.394900000000000000e+04
2.439884227569783093e+02 4.300218026270947839e-03 -1.460466577412497481e-03 4.761168158949515960e-04 8.512300000000000000e+04
2.460835996828307373e+02 4.262550170539241082e-03 -1.491811618071490694e-03 6.184106788155990103e-04 8.692900000000000000e+04
2.481755280705312146e+02 4.228189746142417202e-03 -1.426554372880616374e-03 5.636046781222578839e-04 8.778900000000000000e+04
2.502623700647570217e+02 4.192402657312886000e-03 -1.456852906812081822e-03 6.459155689647174065e-04 8.962300000000000000e+04
2.523586155105348325e+02 4.154673228118872103e-03 -1.502707892320983207e-03 6.004505680427339297e-04 9.134100000000000000e+04
2.544547077866985489e+02 4.169591978110991776e-03 -1.587812114300795685e-03 7.006769030187890964e-04 9.284500000000000000e+04
2.565487653287422063e+02 4.163794690093997747e-03 -1.597601148747720664e-03 7.513748720821205674e-04 9.408700000000000000e+04
2.586464955058470991e+02 4.134420390592033305e-03 -1.616113194687844590e-03 7.756085793605735183e-04 9.633300000000000000e+04
2.607443047329861656e+02 4.130844153104037964e-03 -1.658288933079317753e-03 8.854469769542418081e-04 9.724900000000000000e+04
2.628438312173413465e+02 4.107513695519242163e-03 -1.649092843476250006e-03 9.046121137134875787e-04 9.950100000000000000e+04
2.649298855659840228e+02 4.099099893232299036e-03 -1.703381434675644993e-03 1.064053040084721267e-03 9.928300000000000000e+04
2.670163698864117805e+02 4.089045480842871949e-03 -1.681514686149706769e-03 1.101667564107333512e-03 1.025370000000000000e+05
2.691120556714307668e+02 4.064596623956428373e-03 -1.623423738239260661e-03 8.684364211178247387e-04 1.022830000000000000e+05
2.712074998348403483e+02 4.001614949358434439e-03 -1.531400933994897301e-03 3.870692235580131153e-04 1.021060000000000000e+05
2.733050116933233653e+02 3.948746611489426309e-03 -1.408707826782091719e-03 -6.217462988055670744e-05 1.007340000000000000e+05
2.753977295572417461e+02 3.915094414799655601e-03 -1.302271838197480202e-03 -5.601823865351197732e-04 9.999400000000000000e+04
2.774958294534935703e+02 3.890570695525445710e-03 -1.237269929677914338e-03 -8.444721602372371903e-04 9.936000000000000000e+04
2.795977707949222122e+02 3.845452875030169054e-03 -1.189722538598128165e-03 -1.278166602320766898e-03 9.860800000000000000e+04
2.816862895118986785e+02 3.813505021709288467e-03 -1.067283644464160023e-03 -1.668908213592493932e-03 9.625200000000000000e+04
2.837743515740906446e+02 3.747390430565558650e-03 -9.781471496451226398e-04 -2.017484578523175490e-03 9.640000000000000000e+04
2.858713251310674650e+02 3.707160114683143767e-03 -9.142300537419849630e-04 -2.317016591637766423e-03 9.539800000000000000e+04
2.879670932628575883e+02 3.679102305908619683e-03 -8.380173228698074243e-04 -2.640283373419002530e-03 9.402000000000000000e+04
2.900590582015512382e+02 3.659237820682937053e-03 -7.525633450109084441e-04 -2.965944357511978227e-03 9.316000000000000000e+04
2.921519201901450060e+02 3.589344888373270301e-03 -6.986589342482965679e-04 -3.238004849115617718e-03 9.177600000000000000e+04
2.942485935102203030e+02 3.546164299686357414e-03 -6.095631387163640566e-04 -3.473433131310464401e-03 9.137800000000000000e+04
2.963426645133968691e+02 3.513977364589077838e-03 -5.318317561730067766e-04 -3.754991136117159702e-03 8.949000000000000000e+04
2.984329904966970162e+02 3.451898954942301135e-03 -4.568199782415269185e-04 -3.980076135493507833e-03 8.845000000000000000e+04
3.005290481640043367e+02 3.414549854700344583e-03 -4.139730253048187758e-04 -4.175989873888293936e-03 8.794600000000000000e+04
3.026245947235937592e+02 3.395177743213123080e-03 -3.676942671638401029e-04 -4.390657365094267385e-03 8.575200000000000000e+04
3.047205651109674704e+02 3.330364924550844458e-03 -3.135008928297504838e-04 -4.558632304072367941e-03 8.574400000000000000e+04
3.068167457111920839e+02 3.292759590089517317e-03 -2.943772350790588841e-04 -4.731980032398490355e-03 8.322000000000000000e+04
3.089118625384018060e+02 3.271383726862011222e-03 -2.131397292771629304e-04 -4.949514397983160660e-03 8.302000000000000000e+04
3.110099981664167785e+02 3.207921796637995884e-03 -2.112554159138814425e-04 -5.045040904733275045e-03 8.106400000000000000e+04
3.131040997612852266e+02 3.157048900288640485e-03 -1.566233269170686328e-04 -5.206288615254065465e-03 7.983000000000000000e+04
3.151936712677708670e+02 3.150836918537203938e-03 -5.453331885738094993e-05 -5.436396747663699638e-03 7.823800000000000000e+04
3.172858841403398173e+02 3.095004889768768370e-03 -3.541196097313729782e-05 -5.556682259166433394e-03 7.715400000000000000e+04
3.193772099476266817e+02 3.055984493478040853e-03 7.161028423637619302e-06 -5.678247428025803151e-03 7.546600000000000000e+04
3.214753775151562536e+02 3.065218743013305158e-03 9.325151411432033518e-05 -5.888335999608934439e-03 7.480200000000000000e+04
3.235746879206847666e+02 3.016716837835342786e-03 1.142094226952345987e-04 -6.002496196891943248e-03 7.258000000000000000e+04
3.256647237020029024e+02 2.993432239477626829e-03 1.273474804266768877e-04 -6.078690380553204708e-03 7.133800000000000000e+04
3.277571324083919535e+02 2.981736356717757351e-03 2.088422055888922277e-04 -6.263408009177407788e-03 6.964200000000000000e+04
3.298487111637800240e+02 2.963271579283372533e-03 2.386788689879722994e-04 -6.377002173699836303e-03 6.832600000000000000e+04
3.319433744068021497e+02 2.938165305715919554e-03 2.543185405797198360e-04 -6.443658365145513330e-03 6.674400000000000000e+04
3.340422322988853239e+02 2.944056431623016858e-03 3.439300362884973759e-04 -6.657760162032103426e-03 6.533800000000000000e+04
3.361307892565458246e+02 2.903188246062677301e-03 3.654492264013046630e-04 -6.692775197715911117e-03 6.315600000000000000e+04
3.382251120895489294e+02 2.884987701693881267e-03 4.190435042752925499e-04 -6.859135814336200614e-03 6.214000000000000000e+04
3.403264013195363304e+02 2.854833207750036121e-03 4.759292102815565885e-04 -6.902971959327647636e-03 6.051400000000000000e+04
3.424148842577288860e+02 2.852465508166174279e-03 5.211002399841573648e-04 -7.062443359761191169e-03 5.799000000000000000e+04
3.445099495577244397e+02 2.813402218748472898e-03 5.437196232790436276e-04 -7.096040675598941014e-03 5.742400000000000000e+04
3.466144105402300397e+02 2.804833343912646257e-03 5.711541569525651349e-04 -7.200099637781768105e-03 5.518200000000000000e+04
3.487067496858389859e+02 2.813924607929794378e-03 6.217133935543097756e-04 -7.354815478060958665e-03 5.306800000000000000e+04
3.507912540595516475e+02 2.793898749346942524e-03 6.425880753659339063e-04 -7.420845107499963490e-03 5.152800000000000000e+04
3.528807167895711814e+02 2.777859743991455393e-03 6.444454613431723237e-04 -7.489570424543757869e-03 4.954600000000000000e+04
3.549828487415276754e+02 2.798063182676072125e-03 7.143141627138331487e-04 -7.655966121521514366e-03 4.846600000000000000e+04
3.570768480370360862e+02 2.784741753487230808e-03 7.326813007327033890e-04 -7.756830404560716673e-03 4.566600000000000000e+04
3.591652111747225717e+02 2.783965955173522099e-03 7.498630073520846798e-04 -7.852291117478222421e-03 4.423000000000000000e+04
3.612627896178847777e+02 2.764783938267888989e-03 7.722510019583442428e-04 -7.921116411760298348e-03 4.254000000000000000e+04
3.633645820428338880e+02 2.764227022014328905e-03 7.892917601159500163e-04 -8.038656293234034203e-03 4.022200000000000000e+04
3.654527365610065885e+02 2.777922771868473160e-03 8.129002283201754555e-04 -8.136456144272708607e-03 3.842200000000000000e+04
3.675441472124314259e+02 2.754937021972381217e-03 7.912214692011093273e-04 -8.209074976600229737e-03 3.624600000000000000e+04
3.696396280380744201e+02 2.772457480262555292e-03 8.134910928263468233e-04 -8.315801571051184907e-03 3.455200000000000000e+04
3.717297223820279441e+02 2.750260508400917316e-03 7.878678644034041445e-04 -8.352673651573447669e-03 3.213600000000000000e+04
3.738176974939287902e+02 2.746737900361736519e-03 7.460441694842592699e-04 -8.393991240044883229e-03 3.029200000000000000e+04
3.759110996783247174e+02 2.703090060256187199e-03 7.007761020828119983e-04 -8.357480614631417407e-03 2.830200000000000000e+04
3.780081394014102898e+02 2.670490383313177396e-03 6.238758719509271237e-04 -8.307647936771850664e-03 2.605600000000000000e+04
3.801051557582653118e+02 2.635066966457517458e-03 5.614527415477968452e-04 -8.255934784569554652e-03 2.421100000000000000e+04
3.821955053587425937e+02 2.586745049561093614e-03 4.966789849242906349e-04 -8.191359472829397650e-03 2.220600000000000000e+04
3.842862749912937943e+02 2.539502683050707914e-03 4.373387039738828286e-04 -8.088495626326547283e-03 2.088400000000000000e+04
3.863841918340856409e+02 2.516783611513071384e-03 4.129028362854320023e-04 -8.075287124040484918e-03 1.939200000000000000e+04
3.884771734501698006e+02 2.503973029910505979e-03 3.495266195041743735e-04 -8.054736075237415097e-03 1.805800000000000000e+04
3.905623371605522607e+02 2.457965780986108139e-03 3.146480714250612866e-04 -7.952005475272843488e-03 1.674600000000000000e+04
3.926667500119167471e+02 2.434236185779218610e-03 2.739484347461693895e-04 -7.901216671677573772e-03 1.589800000000000000e+04
3.947778557744774162e+02 2.457528729882283575e-03 2.639037433666152361e-04 -8.034739254057692362e-03 1.457800000000000000e+04
3.968631060462392952e+02 2.412669006024621005e-03 2.094443300307157645e-04 -7.881249624749401411e-03 1.344300000000000000e+04
3.989413219049817485e+02 2.409550352138731255e-03 2.037827862510767861e-04 -7.929146715475786020e-03 1.251100000000000000e+04
4.010572258526528344e+02 2.392263282588208851e-03 1.666927733876202714e-04 -7.888330783251252740e-03 1.191900000000000000e+04
4.031656962107319373e+02 2.364177506751857349e-03 1.442885463491973405e-04 -7.815368536800768387e-03 1.063900000000000000e+04
4.052249146637423678e+02 2.361823566005819344e-03 1.367441013710639993e-04 -7.854728665269180080e-03 9.775000000000000000e+03
4.073276634718891387e+02 2.297133099878297720e-03 1.348333541852359647e-04 -7.700764672831284310e-03 9.423000000000000000e+03
4.094593776408451049e+02 2.330448121355053331e-03 1.348746339142890317e-04 -7.850880617635117714e-03 8.449000000000000000e+03
4.115405539130957777e+02 2.256434331770252200e-03 1.215448878925671957e-04 -7.640058601275998527e-03 7.596000000000000000e+03
4.135894252671187132e+02 2.283615465195436983e-03 1.036218546470627855e-04 -7.732361017921567103e-03 6.931000000000000000e+03
4.156930049049321951e+02 2.265951601523952166e-03 1.090922480289547745e-04 -7.729268851122635987e-03 6.612000000000000000e+03
4.178272827209258367e+02 2.280697181447423425e-03 1.067240129780939990e-04 -7.805334424229893112e-03 5.899000000000000000e+03
4.199082037741286513e+02 2.293901613465176327e-03 8.963825242968716353e-05 -7.857849058970434522e-03 5.176000000000000000e+03
4.219826095167229028e+02 2.329711590863441008e-03 9.987711796326217072e-05 -8.011143703117423742e-03 4.824000000000000000e+03
4.241028763136273483e+02 2.322136739302098091e-03 6.265573347882749547e-05 -7.984445502722946342e-03 4.312000000000000000e+03
4.262107721966358440e+02 2.393788040184747883e-03 7.664045688057145953e-05 -8.256722686119630922e-03 3.819000000000000000e+03
4.282460731868927724e+02 2.454916563889098739e-03 6.167021521751244221e-05 -8.476667137822951198e-03 3.220000000000000000e+03
4.303287648834323136e+02 2.425525556358612382e-03 7.040204371276038878e-05 -8.419783805139496868e-03 3.132000000000000000e+03
4.325172248853483552e+02 2.479185575302306731e-03 5.395948644405187841e-05 -8.601239785616937930e-03 2.680000000000000000e+03
4.346325070601815810e+02 2.638508026058271772e-03 4.641157268287434833e-05 -9.162611720619598041e-03 2.218000000000000000e+03
4.365567227659553851e+02 2.614736159447301166e-03 3.703660135803375899e-05 -9.076025393523503432e-03 1.728000000000000000e+03
4.386277159174848634e+02 2.636819775064005479e-03 1.556217489524125525e-05 -9.160825678466082839e-03 1.816000000000000000e+03
4.409019266196692683e+02 2.633104656010336157e-03 4.603249656208978228e-05 -9.196857811343040617e-03 1.476000000000000000e+03
4.430735479208619836e+02 2.743059156486478672e-03 1.322243175232638870e-05 -9.552060511145253965e-03 1.108000000000000000e+03
4.448761117541747012e+02 2.651779102829348277e-03 4.992381741623587763e-05 -9.273517209289965785e-03 7.560000000000000000e+02
4.469343758523184533e+02 2.732147132522810308e-03 2.826634267259832851e-05 -9.554261521719238648e-03 8.440000000000000000e+02
4.493013102792758104e+02 2.537633535621817375e-03 2.693439565012036517e-06 -8.857714015013286660e-03 6.280000000000000000e+02
4.515989744176221734e+02 2.680828949460208489e-03 2.727973677010760460e-05 -9.392783416234416760e-03 4.050000000000000000e+02
4.533101867737696580e+02 2.537748728041804621e-03 -1.828991668842925298e-05 -8.843554781273924026e-03 2.020000000000000000e+02
4.552338387398290820e+02 2.698243876789077449e-03 -3.561854324918621264e-05 -9.397760721531304984e-03 2.280000000000000000e+02
4.576034578613840722e+02 2.777578273084524343e-03 -9.671455345872679169e-06 -9.704329706777394676e-03 1.240000000000000000e+02
4.599517872444100703e+02 3.939568748509624137e-03 4.522856458348844966e-07 -1.378513261059082645e-02 5.200000000000000000e+01
4.619205689144050666e+02 4.077700611942643334e-03 1.087877480075979702e-05 -1.428129697984469038e-02 9.000000000000000000e+00
4.634281054380590490e+02 2.507303710637246753e-05 -2.440973265916546306e-06 -8.528251767325654390e-05 4.000000000000000000e+00
