2.966547074898984615e+00 1.297864955757764616e+00 -6.477317481359051721e-01 2.241022309241063493e+00 1.300000000000000000e+01
5.026374055021858744e+00 8.209195882821241907e-01 2.551286086729850355e-01 4.701941343330477974e-01 3.300000000000000000e+01
7.149300621522788113e+00 5.812276027587470750e-01 -2.429074886086902973e-02 2.188916012597484362e-01 7.900000000000000000e+01
9.278869254964254409e+00 4.343513335828282917e-01 -1.023370520025733421e-02 2.346908781669308254e-03 1.170000000000000000e+02
1.145033261934470126e+01 3.512842104552403866e-01 9.316772043028451189e-02 1.747430275404752709e-01 2.050000000000000000e+02
1.349295587141915043e+01 2.948967172166724326e-01 -4.028149873154572569e-02 -2.157843337973364140e-02 2.350000000000000000e+02
1.558905561191892986e+01 2.649902422325061124e-01 2.430135703568283081e-02 -9.024499947952792714e-03 3.690000000000000000e+02
1.769408367255316961e+01 2.587146850483618699e-01 -4.947343131188715153e-03 1.934317176443367536e-02 4.330000000000000000e+02
1.981787480313529670e+01 2.502318721472435725e-01 -5.613208133566719577e-02 -3.830876326073986808e-03 5.850000000000000000e+02
2.192074938196263645e+01 2.374569797874485078e-01 1.244288289774207572e-02 2.740475570877818831e-02 6.790000000000000000e+02
2.398877635566245203e+01 2.116389181582114809e-01 -2.437720282612177575e-02 -3.720280673179580944e-02 8.130000000000000000e+02
2.609286971896115759e+01 2.005840131704222373e-01 -2.613908753999508953e-03 1.281787661368189758e-02 9.850000000000000000e+02
2.823466315278179550e+01 1.806958913788329346e-01 -5.532896678558598021e-03 -1.642359170582464740e-03 1.183000000000000000e+03
3.032284873509123102e+01 1.638041967855431991e-01 1.089288667251024720e-03 1.830808995754578186e-02 1.269000000000000000e+03
3.240263258943403457e+01 1.541419726228093756e-01 9.370262344970782054e-04 1.445026775337813693e-02 1.537000000000000000e+03
3.449210129864554375e+01 1.423897976681731403e-01 -4.305625675925398542e-03 8.373150779835104255e-04 1.653000000000000000e+03
3.658588147515196454e+01 1.420689551772533754e-01 2.108330215013696791e-03 1.988366468399979659e-02 1.963000000000000000e+03
3.868476949266977272e+01 1.334612141026475796e-01 -1.749127739192541178e-02 9.776022551298776259e-03 2.121000000000000000e+03
4.078898888458283523e+01 1.279573920686149502e-01 -2.921205055414174186e-04 2.304801812807736033e-03 2.413000000000000000e+03
4.289390876967645738e+01 1.198945614059140768e-01 -3.521720327578436050e-03 -3.216696179955268794e-03 2.635000000000000000e+03
4.498336005546935468e+01 1.138805112300172173e-01 -2.483114276321585646e-03 5.822317794793222152e-03 2.877000000000000000e+03
4.706498529473824988e+01 1.046460121421378120e-01 2.923784816179582271e-03 -3.720815911717598374e-04 3.169000000000000000e+03
4.917111919158227096e+01 9.928331533587078650e-02 -3.969383668615094653e-03 -1.576398598689684267e-04 3.507000000000000000e+03
5.126216914174227668e+01 9.328531060883779591e-02 3.011668265293798979e-03 3.012568848961136390e-03 3.685000000000000000e+03
5.335525146837034072e+01 8.810622633909356849e-02 -2.350320261974334080e-03 8.039945723268415376e-03 4.165000000000000000e+03
5.546637228956934251e+01 8.536050339934392328e-02 -3.257538815027260018e-03 1.100383965221701267e-02 4.377000000000000000e+03
5.757318819254808773e+01 8.034668005677826630e-02 -3.751994362814252415e-03 5.316424807505640629e-03 4.855000000000000000e+03
5.965884044590281121e+01 7.587933361179056979e-02 -3.818865471504201414e-03 6.971563663196287883e-03 4.929000000000000000e+03
6.174512302159506305e+01 7.222485139457310299e-02 -2.550632457469615300e-03 6.448819070282780196e-03 5.581000000000000000e+03
6.382689291137189969e+01 6.847883923050908372e-02 -3.545155830194468647e-03 3.077605535176378224e-03 5.679000000000000000e+03
6.592966228838450604e+01 6.449995640742682557e-02 8.165765202728144777e-04 3.605100480567170014e-04 6.385000000000000000e+03
6.803125784825746791e+01 6.199440609633188881e-02 -2.297297632875488788e-03 6.222253191176740743e-03 6.553000000000000000e+03
7.013131008699485847e+01 5.896349196445238583e-02 -2.160313578471496909e-03 3.470410553371839832e-03 7.125000000000000000e+03
7.223032366074338029e+01 5.690712371096138394e-02 -2.415011216062053993e-03 2.305751162928279356e-03 7.447000000000000000e+03
7.432334270720505742e+01 5.466970666468207868e-02 -5.807577934780225846e-03 6.172360401991454880e-03 7.929000000000000000e+03
7.642066756954473306e+01 5.289208509455425866e-02 -3.974194496070540886e-03 3.085851328040919214e-03 8.353000000000000000e+03
7.850471694556040347e+01 4.960898043190540424e-02 -3.849915568183858230e-03 3.762657835835334520e-03 8.775000000000000000e+03
8.059701946059529121e+01 4.829896297077952705e-02 -3.102593768238802712e-03 7.841090716269235109e-03 9.313000000000000000e+03
8.269521798132063850e+01 4.562940849840867868e-02 -2.369258428719743254e-03 2.403457683021446595e-03 9.841000000000000000e+03
8.478307522909847194e+01 4.374624019616930176e-02 -2.247402671419318921e-03 3.619737270210587887e-03 1.019100000000000000e+04
8.687780839616016237e+01 4.175806368781317252e-02 -2.417486937282893600e-03 2.389232774696152528e-03 1.089700000000000000e+04
8.897524569656535220e+01 4.058720135758226571e-02 -1.311338821330317777e-03 1.390123773057983349e-03 1.130100000000000000e+04
9.108077810470518898e+01 3.934792600818610986e-02 -1.392382049987023153e-03 2.649159730710959077e-03 1.202500000000000000e+04
9.318432266948052245e+01 3.828341915515749011e-02 -3.426665330072754465e-03 1.875528324506837204e-03 1.242300000000000000e+04
9.527887641048309320e+01 3.699515947004209521e-02 -2.800071371767036323e-03 9.553997689228333964e-04 1.302100000000000000e+04
9.736254237981037818e+01 3.613875087223728660e-02 -2.181181518771893851e-03 1.724979214849597280e-03 1.340500000000000000e+04
9.944832814799407572e+01 3.473010453575511164e-02 -2.621662637777927123e-03 2.762884784757877778e-03 1.424700000000000000e+04
1.015460879802399035e+02 3.358833490757229950e-02 -1.442963349293237361e-03 1.768237126305437007e-03 1.471300000000000000e+04
1.036426375667732316e+02 3.226822291527971232e-02 -1.593725007898102791e-03 9.636700540798663660e-04 1.548900000000000000e+04
1.057389390539465950e+02 3.162389198564572595e-02 -1.237281475747215075e-03 2.817488561137448510e-03 1.591300000000000000e+04
1.078395855981474227e+02 3.063830350148002285e-02 -1.322419563613513741e-03 1.239623448481786457e-03 1.687900000000000000e+04
1.099389405850131709e+02 3.001666630245608189e-02 -1.288646892395921327e-03 2.438248088113201262e-03 1.719300000000000000e+04
1.120392143152385387e+02 2.954764786709108276e-02 -2.522745580247016083e-03 8.511654641346362961e-04 1.815700000000000000e+04
1.141233458569757744e+02 2.881999879566025588e-02 -1.653109998335662665e-03 1.383060927423679929e-03 1.833900000000000000e+04
1.162159397555423084e+02 2.825654909199645792e-02 -1.977326249646728807e-03 2.184538791020272912e-03 1.957300000000000000e+04
1.183137204803772420e+02 2.736451557114345789e-02 -2.058547829980083340e-03 1.056759769819155250e-03 1.994100000000000000e+04
1.203972311807013256e+02 2.667278272806229006e-02 -1.622000189852948644e-03 3.043380010887161875e-03 2.062900000000000000e+04
1.224922363187857286e+02 2.593760755908479723e-02 -1.707729518154402042e-03 1.661822817693174538e-03 2.165500000000000000e+04
1.245882598425863534e+02 2.541277900508739571e-02 -1.525128203621613004e-03 3.098465004906748518e-03 2.211300000000000000e+04
1.266884677158377315e+02 2.473187646996283240e-02 -1.635780419840430740e-03 2.121655144669802682e-03 2.318500000000000000e+04
1.287846620419940962e+02 2.457949354981269624e-02 -2.321077745716169753e-03 2.789488703074250418e-03 2.366700000000000000e+04
1.308713393788149801e+02 2.432584049683217051e-02 -2.347218470376562227e-03 3.110139572584283418e-03 2.438500000000000000e+04
1.329754833440644575e+02 2.389570312891095907e-02 -2.546190972683264921e-03 2.507838617915065117e-03 2.574900000000000000e+04
1.350691081525609434e+02 2.354834829792185752e-02 -2.144818053783529872e-03 2.970338050607170249e-03 2.567500000000000000e+04
1.371638825856825576e+02 2.302289052412432452e-02 -2.584113478970544511e-03 2.445102336937825076e-03 2.740900000000000000e+04
1.392604757372163533e+02 2.261770336927244884e-02 -2.430378272283908493e-03 2.729046294895889988e-03 2.740500000000000000e+04
1.413466882908376760e+02 2.238116858387493788e-02 -2.637429175599294382e-03 3.091432663746279154e-03 2.871700000000000000e+04
1.434475230090064031e+02 2.189489790440838149e-02 -2.564809442607240281e-03 3.141175346784181623e-03 2.959500000000000000e+04
1.455452853418541679e+02 2.156260573922602619e-02 -2.819016842488116306e-03 3.363606604752480186e-03 3.030100000000000000e+04
1.476332061073587738e+02 2.153167815793271059e-02 -3.565503977748608454e-03 3.066172356051427312e-03 3.110100000000000000e+04
1.497211472843286231e+02 2.125951634638804585e-02 -3.695444017404896087e-03 2.868465678489308737e-03 3.202300000000000000e+04
1.518138048751577287e+02 2.108852762245868456e-02 -3.875627565416256762e-03 3.033645723571418672e-03 3.297700000000000000e+04
1.539211490100352648e+02 2.082698243082281575e-02 -4.101897421981370168e-03 2.926160319490781186e-03 3.444900000000000000e+04
1.560214747341236716e+02 2.049744009464555053e-02 -3.955248052899333969e-03 2.849031938940168370e-03 3.454900000000000000e+04
1.581161747588121784e+02 2.027301262960574946e-02 -4.291179378520557780e-03 2.497922742002535446e-03 3.611100000000000000e+04
1.602118712271799836e+02 2.020714250288226099e-02 -4.517275453941548696e-03 3.323602149475151594e-03 3.654100000000000000e+04
1.623006419462898862e+02 1.984619544134349003e-02 -4.794069435633119616e-03 2.810045181543513026e-03 3.771700000000000000e+04
1.643899033199985240e+02 1.972721787158353626e-02 -5.114688580218711665e-03 2.654111905084671503e-03 3.861900000000000000e+04
1.664835582381511756e+02 1.957602454340515510e-02 -5.651513394424450068e-03 2.959451316676581321e-03 3.966100000000000000e+04
1.685719683778473552e+02 1.945980592560241085e-02 -5.884808072849167723e-03 2.881837438861956265e-03 4.054500000000000000e+04
1.706641332089364766e+02 1.929864277125350677e-02 -6.101324631596103526e-03 2.939779472014681684e-03 4.181500000000000000e+04
1.727708699256135390e+02 1.908670369074215792e-02 -6.152608037643456443e-03 2.536894355233700570e-03 4.312500000000000000e+04
1.748696546009699659e+02 1.887229205293539450e-02 -6.293181269883378788e-03 2.262089138515018145e-03 4.368100000000000000e+04
1.769585769494445344e+02 1.868155778150992416e-02 -6.243773221308356394e-03 2.274625384633668403e-03 4.462900000000000000e+04
1.790524509315575301e+02 1.862316374567023897e-02 -6.609543353518891086e-03 2.470643532196761718e-03 4.622700000000000000e+04
1.811526521261263554e+02 1.846141502186410960e-02 -7.031814344475523573e-03 2.221488279536999212e-03 4.690900000000000000e+04
1.832476884130738881e+02 1.841300467631482377e-02 -7.252184784329028001e-03 2.209437648726718471e-03 4.823700000000000000e+04
1.853312475833926101e+02 1.829901329528327986e-02 -7.876940533831150101e-03 2.791256691841967601e-03 4.858300000000000000e+04
1.874284892203218931e+02 1.825153290791476507e-02 -7.826456857915720100e-03 2.101706615163536490e-03 5.099700000000000000e+04
1.895337179075755216e+02 1.802798650366780817e-02 -8.088616172975965010e-03 2.254677584342496769e-03 5.139700000000000000e+04
1.916268196474026126e+02 1.782428954118036452e-02 -8.297491252633543146e-03 2.035181030165472606e-03 5.248900000000000000e+04
1.937183403446852878e+02 1.772545377772874464e-02 -8.231632048598764781e-03 1.908344935675917575e-03 5.378700000000000000e+04
1.958131498886989164e+02 1.761115963421770389e-02 -8.647733504836678867e-03 1.960024147108587779e-03 5.491300000000000000e+04
1.979058740098966211e+02 1.755998739752313159e-02 -9.101487502867369392e-03 1.860375603034912203e-03 5.597700000000000000e+04
1.999990651597893816e+02 1.753450506120430435e-02 -9.321131717314809842e-03 2.018447022072362637e-03 5.741500000000000000e+04
2.020893038374759101e+02 1.744007190535409521e-02 -9.854850208434733083e-03 1.928875142515838574e-03 5.810500000000000000e+04
2.041823192148177952e+02 1.741888423938058039e-02 -9.881063256918969431e-03 1.908388747166680317e-03 6.003300000000000000e+04
2.062825911013838152e+02 1.728535446763448946e-02 -1.037353493222923848e-02 1.806672315113201427e-03 6.094900000000000000e+04
2.083770189145966185e+02 1.714985821473714867e-02 -1.040485835593914742e-02 1.942582277891612271e-03 6.223500000000000000e+04
2.104675816794403431e+02 1.702692544382751472e-02 -1.065617861225145145e-02 1.598836280715200614e-03 6.322900000000000000e+04
2.125667854244018145e+02 1.688109412639485912e-02 -1.085258641161599216e-02 1.444779681411033920e-03 6.513300000000000000e+04
2.146619261104851830e+02 1.687497025005974330e-02 -1.119999186714302000e-02 1.772482491928177150e-03 6.570700000000000000e+04
2.167561805722037036e+02 1.687995046647071742e-02 -1.183032801936671936e-02 1.930501886420895718e-03 6.756100000000000000e+04
2.188528705899679210e+02 1.687208415887329893e-02 -1.198530014890554669e-02 1.947454162233044862e-03 6.850500000000000000e+04
2.209456427453084473e+02 1.686982257141732625e-02 -1.262809767405973123e-02 2.240862197529994247e-03 6.994300000000000000e+04
2.230395148320731096e+02 1.687824289334177719e-02 -1.281580550639346838e-02 2.194905299732261613e-03 7.109700000000000000e+04
2.251356732858534997e+02 1.670552224013549525e-02 -1.298552872922075635e-02 2.208649785716842746e-03 7.302100000000000000e+04
2.272278504864401327e+02 1.667777066028450217e-02 -1.345111621153562836e-02 2.263671788820814743e-03 7.331700000000000000e+04
2.293197511287232544e+02 1.655629207741891873e-02 -1.347112838705872770e-02 2.045085096255910232e-03 7.579900000000000000e+04
2.314114772346510165e+02 1.656214652339961513e-02 -1.408701552747416812e-02 2.402857363515556195e-03 7.602100000000000000e+04
2.335058467478245632e+02 1.662162171327506363e-02 -1.443129822274961255e-02 2.776995669585708478e-03 7.875300000000000000e+04
2.356041652202905539e+02 1.660704487032723872e-02 -1.486206591384530568e-02 2.635692637774403411e-03 7.929100000000000000e+04
2.377006336558306998e+02 1.673291970126601635e-02 -1.541807876369692167e-02 3.149346695032348431e-03 8.112900000000000000e+04
2.397972750390475198e+02 1.672460057093865665e-02 -1.578363696834702429e-02 3.290338391429092121e-03 8.244100000000000000e+04
2.418944602532704096e+02 1.674685855534567558e-02 -1.631158312525260792e-02 3.471882038071765278e-03 8.394900000000000000e+04
2.439884227569783093e+02 1.667047049492453512e-02 -1.626527886921580110e-02 3.517290930215182833e-03 8.512300000000000000e+04
2.460835996828307373e+02 1.662350302702553587e-02 -1.689446519268699570e-02 3.529727561440032350e-03 8.692900000000000000e+04
2.481755280705312146e+02 1.665330685499990387e-02 -1.713395065691368513e-02 3.928144050220212270e-03 8.778900000000000000e+04
2.502623700647570217e+02 1.671530095517053879e-02 -1.770382421013337593e-02 4.162370172059340172e-03 8.962300000000000000e+04
2.523586155105348325e+02 1.672585371377033336e-02 -1.813880533935650213e-02 4.278204233201798011e-03 9.134100000000000000e+04
2.544547077866985489e+02 1.697651111758913950e-02 -1.877091230210358244e-02 5.158187631118933865e-03 9.284500000000000000e+04
2.565487653287422063e+02 1.704864386844355886e-02 -1.953721358388729734e-02 5.350676566629831120e-03 9.408700000000000000e+04
2.586464955058470991e+02 1.718761056075265165e-02 -1.991970695970656999e-02 5.976363901220753568e-03 9.633300000000000000e+04
2.607443047329861656e+02 1.722280051263815059e-02 -2.046451664683695756e-02 6.199566463491843968e-03 9.724900000000000000e+04
2.628438312173413465e+02 1.725438230571868861e-02 -2.077467694739553242e-02 6.419145778139149702e-03 9.950100000000000000e+04
2.649298855659840228e+02 1.733521007873906061e-02 -2.124632108438084116e-02 6.909357426942510511e-03 9.928300000000000000e+04
2.670163698864117805e+02 1.747887770926372791e-02 -2.192067592134648926e-02 7.204313749677818471e-03 1.025370000000000000e+05
2.691120556714307668e+02 1.751719875129297346e-02 -2.192082681265712998e-02 6.864869003068383227e-03 1.022830000000000000e+05
2.712074998348403483e+02 1.750654783785303079e-02 -2.182308956928401961e-02 5.237326863715914375e-03 1.021060000000000000e+05
2.733050116933233653e+02 1.749333988161599213e-02 -2.160913477508235800e-02 4.029356376904115120e-03 1.007340000000000000e+05
2.753977295572417461e+02 1.738891452198435689e-02 -2.125271813682547833e-02 2.612893737910864170e-03 9.999400000000000000e+04
2.774958294534935703e+02 1.727149414084701295e-02 -2.091388802112133238e-02 1.580591019572387661e-03 9.936000000000000000e+04
2.795977707949222122e+02 1.710512312400550711e-02 -2.040315862898362323e-02 2.036452985289536656e-04 9.860800000000000000e+04
2.816862895118986785e+02 1.699875419884144812e-02 -2.013300325384637102e-02 -8.970334312747026790e-04 9.625200000000000000e+04
2.837743515740906446e+02 1.684221204403660299e-02 -1.973824950640146181e-02 -1.680890198271008541e-03 9.640000000000000000e+04
2.858713251310674650e+02 1.684913010846338446e-02 -1.966949032139367337e-02 -2.550123656600810675e-03 9.539800000000000000e+04
2.879670932628575883e+02 1.674916414693650504e-02 -1.942512997375614101e-02 -3.268076337747078969e-03 9.402000000000000000e+04
2.900590582015512382e+02 1.672715157246001602e-02 -1.933981878075566319e-02 -4.010176041462467852e-03 9.316000000000000000e+04
2.921519201901450060e+02 1.660035861913547114e-02 -1.904121857999966499e-02 -4.694689638444471055e-03 9.177600000000000000e+04
2.942485935102203030e+02 1.661653808683876202e-02 -1.895685729892682830e-02 -5.093898592287792945e-03 9.137800000000000000e+04
2.963426645133968691e+02 1.649034219882787936e-02 -1.873295610096950212e-02 -5.527329302392241552e-03 8.949000000000000000e+04
2.984329904966970162e+02 1.640418712101387316e-02 -1.850636031138099685e-02 -6.028306544380983636e-03 8.845000000000000000e+04
3.005290481640043367e+02 1.630068351313063851e-02 -1.841168370719587985e-02 -6.372261363874236022e-03 8.794600000000000000e+04
3.026245947235937592e+02 1.620890972751824061e-02 -1.828413344978770116e-02 -6.700389777060841191e-03 8.575200000000000000e+04
3.047205651109674704e+02 1.614034603745108029e-02 -1.814374344396056660e-02 -6.832389977610146825e-03 8.574400000000000000e+04
3.068167457111920839e+02 1.606893679909213168e-02 -1.799396375787452179e-02 -7.207763060754162829e-03 8.322000000000000000e+04
3.089118625384018060e+02 1.601220490132073196e-02 -1.798322516451401551e-02 -7.147626888436358142e-03 8.302000000000000000e+04
3.110099981664167785e+02 1.593424156701776437e-02 -1.782757717514140555e-02 -7.395829638983306836e-03 8.106400000000000000e+04
3.131040997612852266e+02 1.590022702063936116e-02 -1.787856392063219557e-02 -7.352703861399581368e-03 7.983000000000000000e+04
3.151936712677708670e+02 1.583960517224488121e-02 -1.786863557377738401e-02 -7.239034323384762638e-03 7.823800000000000000e+04
3.172858841403398173e+02 1.581561770909435671e-02 -1.783619080297616302e-02 -7.573835463317878970e-03 7.715400000000000000e+04
3.193772099476266817e+02 1.571523063790274469e-02 -1.785450366075237369e-02 -7.102550720398171681e-03 7.546600000000000000e+04
3.214753775151562536e+02 1.570792115952949000e-02 -1.788033904800954629e-02 -7.226415970988411125e-03 7.480200000000000000e+04
3.235746879206847666e+02 1.562740940786953858e-02 -1.789092770313742420e-02 -7.079776444506640995e-03 7.258000000000000000e+04
3.256647237020029024e+02 1.559923276140845472e-02 -1.798841302866728206e-02 -6.786823917417745058e-03 7.133800000000000000e+04
3.277571324083919535e+02 1.557794186588237068e-02 -1.794298880407278751e-02 -7.041411620186751805e-03 6.964200000000000000e+04
3.298487111637800240e+02 1.551357789669758659e-02 -1.807594902052807664e-02 -6.428626827510130516e-03 6.832600000000000000e+04
3.319433744068021497e+02 1.549773675376374393e-02 -1.813954301525902077e-02 -6.502168556069389330e-03 6.674400000000000000e+04
3.340422322988853239e+02 1.550565933726934936e-02 -1.832918298432512430e-02 -6.050184905665453340e-03 6.533800000000000000e+04
3.361307892565458246e+02 1.542493583118877305e-02 -1.837068602900685313e-02 -5.848167640553039899e-03 6.315600000000000000e+04
3.382251120895489294e+02 1.539972277260087501e-02 -1.839767007862252307e-02 -5.917914652888998754e-03 6.214000000000000000e+04
3.403264013195363304e+02 1.538981604837901321e-02 -1.862599154768603688e-02 -5.364053056952482364e-03 6.051400000000000000e+04
3.424148842577288860e+02 1.535531533642717911e-02 -1.859170284476435731e-02 -5.596559070013912285e-03 5.799000000000000000e+04
3.445099495577244397e+02 1.538757996865037538e-02 -1.889875108532167169e-02 -4.980722759421949732e-03 5.742400000000000000e+04
3.466144105402300397e+02 1.541510921268017704e-02 -1.897855135813236380e-02 -5.114062127669775741e-03 5.518200000000000000e+04
3.487067496858389859e+02 1.539671958708157748e-02 -1.906001048030381978e-02 -5.059020851626964271e-03 5.306800000000000000e+04
3.507912540595516475e+02 1.546368537232702643e-02 -1.932327791251393923e-02 -4.802388016763581291e-03 5.152800000000000000e+04
3.528807167895711814e+02 1.539617578295929441e-02 -1.916201238953222849e-02 -5.349542431301853272e-03 4.954600000000000000e+04
3.549828487415276754e+02 1.547538830522157162e-02 -1.960825731469001756e-02 -4.530813034447375362e-03 4.846600000000000000e+04
3.570768480370360862e+02 1.553659366463860068e-02 -1.965077353006101576e-02 -5.036062654484353002e-03 4.566600000000000000e+04
3.591652111747225717e+02 1.555469879857060249e-02 -1.982335675007193890e-02 -4.856533269704563054e-03 4.423000000000000000e+04
3.612627896178847777e+02 1.554817280719650655e-02 -1.970211548696722964e-02 -5.437317183240789401e-03 4.254000000000000000e+04
3.633645820428338880e+02 1.548856502525569612e-02 -1.943871372442552981e-02 -6.241401979780365067e-03 4.022200000000000000e+04
3.654527365610065885e+02 1.561524647178167552e-02 -1.982935079312221280e-02 -5.834324122020853598e-03 3.842200000000000000e+04
3.675441472124314259e+02 1.549349293881417157e-02 -1.921339197854203540e-02 -7.504549003505933506e-03 3.624600000000000000e+04
3.696396280380744201e+02 1.560667569684096902e-02 -1.949184747349565552e-02 -7.286814160670601788e-03 3.455200000000000000e+04
3.717297223820279441e+02 1.547817658023813679e-02 -1.891487001707334303e-02 -8.879584527439832523e-03 3.213600000000000000e+04
3.738176974939287902e+02 1.540785113067729903e-02 -1.842113036837016507e-02 -1.026590806924345366e-02 3.029200000000000000e+04
3.759110996783247174e+02 1.509972577811574158e-02 -1.734785140773682094e-02 -1.243935174077694800e-02 2.830200000000000000e+04
3.780081394014102898e+02 1.475347457450791946e-02 -1.606189532634911057e-02 -1.511939008105288307e-02 2.605600000000000000e+04
3.801051557582653118e+02 1.457679191724941918e-02 -1.528249374853900798e-02 -1.702116185310188420e-02 2.421100000000000000e+04
3.821955053587425937e+02 1.427563307675691791e-02 -1.412940323161204770e-02 -1.929661621235999672e-02 2.220600000000000000e+04
3.842862749912937943e+02 1.396713675744794096e-02 -1.313456375997775621e-02 -2.096554869663732820e-02 2.088400000000000000e+04
3.863841918340856409e+02 1.368100425912813743e-02 -1.229873008351074250e-02 -2.219194928221934066e-02 1.939200000000000000e+04
3.884771734501698006e+02 1.334979301534532960e-02 -1.134686947270293830e-02 -2.361363660848871809e-02 1.805800000000000000e+04
3.905623371605522607e+02 1.312817431740244921e-02 -1.063788318934420253e-02 -2.464555320828908797e-02 1.674600000000000000e+04
3.926667500119167471e+02 1.284397798556509082e-02 -9.835092349078535315e-03 -2.563681392546230536e-02 1.589800000000000000e+04
3.947778557744774162e+02 1.261828499482985783e-02 -9.323050896830394063e-03 -2.612120214929065931e-02 1.457800000000000000e+04
3.968631060462392952e+02 1.241736275329739965e-02 -8.749690383960024437e-03 -2.682109308663555708e-02 1.344300000000000000e+04
3.989413219049817485e+02 1.205343489306430829e-02 -8.055767872970855462e-03 -2.712326907503490730e-02 1.251100000000000000e+04
4.010572258526528344e+02 1.178762038346284867e-02 -7.443724277043293341e-03 -2.757473173823207085e-02 1.191900000000000000e+04
4.031656962107319373e+02 1.159417421225586095e-02 -7.073752836800414542e-03 -2.778024050371516798e-02 1.063900000000000000e+04
4.052249146637423678e+02 1.122522076479115505e-02 -6.484333197318367485e-03 -2.779042221770491872e-02 9.775000000000000000e+03
4.073276634718891387e+02 1.087016861403515729e-02 -5.851822649889776989e-03 -2.786967918995161483e-02 9.423000000000000000e+03
4.094593776408451049e+02 1.057061606226695864e-02 -5.399580264101182941e-03 -2.775446677070545626e-02 8.449000000000000000e+03
4.115405539130957777e+02 1.019944673981761259e-02 -4.876425201333660017e-03 -2.755788603586110941e-02 7.596000000000000000e+03
4.135894252671187132e+02 9.936260458248613245e-03 -4.518269899144384920e-03 -2.731725110736065235e-02 6.931000000000000000e+03
4.156930049049321951e+02 9.336804396769458197e-03 -3.799009549386393042e-03 -2.655917590010027987e-02 6.612000000000000000e+03
4.178272827209258367e+02 9.082561401451106145e-03 -3.493711722869391988e-03 -2.626428877312059207e-02 5.899000000000000000e+03
4.199082037741286513e+02 8.754581184296688148e-03 -3.176648025778084760e-03 -2.571407772912386730e-02 5.176000000000000000e+03
4.219826095167229028e+02 8.393760596446376773e-03 -2.854587471091738979e-03 -2.501145055013913321e-02 4.824000000000000000e+03
4.241028763136273483e+02 8.043117477140317509e-03 -2.446414799496620870e-03 -2.448152081830955173e-02 4.312000000000000000e+03
4.262107721966358440e+02 7.950910868666163575e-03 -2.323364163782796858e-03 -2.437795041572024188e-02 3.819000000000000000e+03
4.282460731868927724e+02 7.711705539026509314e-03 -2.149304372957302946e-03 -2.387580059326035661e-02 3.220000000000000000e+03
4.303287648834323136e+02 7.248630238294991208e-03 -1.788358383666256842e-03 -2.281886440553232073e-02 3.132000000000000000e+03
4.325172248853483552e+02 6.858352189054026625e-03 -1.492709252011663974e-03 -2.189738969018317771e-02 2.680000000000000000e+03
4.346325070601815810e+02 6.597379361931324758e-03 -1.392968284337585015e-03 -2.115749211569905447e-02 2.218000000000000000e+03
4.365567227659553851e+02 6.470445064279634582e-03 -1.311931930349461437e-03 -2.085768397936577437e-02 1.728000000000000000e+03
4.386277159174848634e+02 5.773137077245089899e-03 -8.820910386433998898e-04 -1.903479237635581980e-02 1.816000000000000000e+03
4.409019266196692683e+02 5.449944278024972805e-03 -7.029747944706037609e-04 -1.815120475116619586e-02 1.476000000000000000e+03
4.430735479208619836e+02 5.003470295280223329e-03 -5.364296968830470878e-04 -1.681293060092137540e-02 1.108000000000000000e+03
4.448761117541747012e+02 4.692875739784607703e-03 -4.571177859266093227e-04 -1.582857717099105457e-02 7.560000000000000000e+02
4.469343758523184533e+02 4.327866989190564187e-03 -2.416934832923083997e-04 -1.483677333372352379e-02 8.440000000000000000e+02
4.493013102792758104e+02 3.787270357267281430e-03 -1.221531842140916339e-04 -1.309129774801888989e-02 6.280000000000000000e+02
4.515989744176221734e+02 3.283511002042979309e-03 -6.439765993571687291e-05 -1.140590194345175376e-02 4.050000000000000000e+02
4.533101867737696580e+02 2.741794257274723316e-03 5.530984370692691596e-06 -9.587023676500133762e-03 2.020000000000000000e+02
4.552338387398290820e+02 2.492448214618715133e-03 -3.043250436668643589e-05 -8.682613507616130169e-03 2.280000000000000000e+02
4.576034578613840722e+02 3.160383718100913484e-03 -1.857611839191767827e-05 -1.103658381423635801e-02 1.240000000000000000e+02
4.599517872444100703e+02 3.838913792610051164e-03 -2.589419585794029200e-05 -1.340633546792684497e-02 5.200000000000000000e+01
4.619205689144050666e+02 3.848693991231560627e-03 6.159675151043247216e-07 -1.346724406142979849e-02 9.000000000000000000e+00
4.634281054380590490e+02 9.594963487658411672e-03 4.351242883814470216e-05 -3.362502662541332066e-02 4.000000000000000000e+00
