1.779928244939390725e+00 4.144435571314184462e-03 2.327712362336094136e-04 -3.393809372822935520e-03 1.300000000000000000e+01
3.015824433013115424e+00 7.642654424506034735e-04 -3.029557377183461435e-04 -3.366643858217280554e-04 3.300000000000000000e+01
4.289580372913673223e+00 2.901118727809750566e-04 -1.025273232539295505e-05 -8.102618466975910539e-05 7.900000000000000000e+01
5.567321552978553356e+00 1.853305885072976521e-04 6.314496674688019817e-05 6.768616095700426456e-05 1.170000000000000000e+02
6.870199571606820932e+00 9.270707178433012661e-05 -2.342444795011778270e-05 4.712510665195562358e-06 2.050000000000000000e+02
8.095773522851491322e+00 7.087508828907853719e-05 1.672350869466477310e-05 5.584495767125742950e-06 2.350000000000000000e+02
9.353433367151358979e+00 4.751316409663684976e-05 9.074850841214591570e-06 9.621858776553463723e-06 3.690000000000000000e+02
1.061645020353190283e+01 3.138587143000472006e-05 -3.438947888730952040e-06 7.537091739028578901e-06 4.330000000000000000e+02
1.189072488188118015e+01 2.442894586129336926e-05 1.686086246137687449e-06 1.410153003799507569e-06 5.850000000000000000e+02
1.315244962917758365e+01 1.788703804792543650e-05 -8.116576900190780819e-07 1.042443446968057454e-06 6.790000000000000000e+02
1.439326581339747158e+01 1.337906448496542090e-05 4.475675657417954943e-07 2.759763317904093162e-07 8.130000000000000000e+02
1.565572183137669526e+01 1.166111145676227045e-05 7.885127347488641341e-07 -2.848802317008993352e-06 9.850000000000000000e+02
1.694079789166907801e+01 9.164577593082190812e-06 -7.113973659140616833e-07 2.785902979100906385e-06 1.183000000000000000e+03
1.819370924105474074e+01 8.271976777307430285e-06 -3.926703741834517871e-07 -5.566459200279258504e-07 1.269000000000000000e+03
1.944157955366042501e+01 6.150393190579675133e-06 -4.533164245987614862e-07 -9.529609888106776996e-08 1.537000000000000000e+03
2.069526077918732909e+01 5.345289343884252714e-06 3.399260613837718404e-07 -3.650932929907346537e-07 1.653000000000000000e+03
2.195152888509118227e+01 4.554224341625799427e-06 1.528829696647053201e-07 8.798789959998261191e-07 1.963000000000000000e+03
2.321086169560186363e+01 4.046053326553576256e-06 1.481111570808238398e-07 -2.487338958004957647e-07 2.121000000000000000e+03
2.447339333074970469e+01 3.456792428698790898e-06 4.348073778396093633e-09 3.407730980471965848e-07 2.413000000000000000e+03
2.573634526180587656e+01 3.147853560220339591e-06 3.281320436241342554e-08 -1.907221378253170866e-07 2.635000000000000000e+03
2.699001603328161281e+01 2.598477082136605094e-06 -1.738616459831624260e-07 2.366841804554708394e-07 2.877000000000000000e+03
2.823899117684295135e+01 2.380565819264114947e-06 5.316871343703492988e-08 -8.486645944099338164e-08 3.169000000000000000e+03
2.950267151494936613e+01 2.025814327107180299e-06 2.044786839177143219e-08 3.263731496294306776e-07 3.507000000000000000e+03
3.075730148504536743e+01 1.844492898690377961e-06 1.399392769909914792e-07 -1.771381656897273326e-08 3.685000000000000000e+03
3.201315088102220585e+01 1.620181819579594127e-06 3.131660259286247438e-08 2.109247835275838661e-07 4.165000000000000000e+03
3.327982337374160693e+01 1.469550231783415338e-06 3.611052699384696208e-09 6.837247972769132265e-09 4.377000000000000000e+03
3.454391291552884979e+01 1.327247256845794878e-06 -2.793185000829596814e-09 3.516644129080338817e-08 4.855000000000000000e+03
3.579530426754168815e+01 1.225404278963285686e-06 -1.151415939202940930e-08 1.078068834095663369e-07 4.929000000000000000e+03
3.704707381295703783e+01 1.106320165825126438e-06 4.590827748421203113e-08 3.130278854295287485e-08 5.581000000000000000e+03
3.829613574682314692e+01 1.007510454211364690e-06 -2.412492863549773357e-09 2.169288671124783294e-08 5.679000000000000000e+03
3.955779737303070931e+01 9.224272216549472752e-07 1.818240635892485855e-08 2.105976105303436525e-08 6.385000000000000000e+03
4.081875470895448643e+01 8.382031578663965360e-07 3.508012824566631224e-09 -1.255017403803465206e-08 6.553000000000000000e+03
4.207878605219691792e+01 7.717686250669337842e-07 1.012216614973231155e-08 5.504181351309378858e-08 7.125000000000000000e+03
4.333819419644603244e+01 6.894832364414484686e-07 1.013439416182834265e-08 2.233926492076824115e-08 7.447000000000000000e+03
4.459400562432303872e+01 6.507298060890538564e-07 -4.567412352326679951e-09 6.933884009620197708e-08 7.929000000000000000e+03
4.585240054172683699e+01 5.889313291866518860e-07 6.754817551211727461e-09 1.667957727856300932e-08 8.353000000000000000e+03
4.710283016733624351e+01 5.517521808835067360e-07 -1.954954404861302071e-08 2.156886476647578196e-08 8.775000000000000000e+03
4.835821167635717899e+01 5.040972642853662425e-07 -9.562108303167097191e-09 6.250070041107933860e-08 9.313000000000000000e+03
4.961713078879238736e+01 4.691890513930137384e-07 -5.714762529388351348e-09 1.549991030613734532e-08 9.841000000000000000e+03
5.086984513745908743e+01 4.354130532391679745e-07 4.587353371183052534e-09 1.337249717164440765e-08 1.019100000000000000e+04
5.212668503769609885e+01 4.016687092662796812e-07 -1.409817518436406909e-08 2.070771239195166517e-08 1.089700000000000000e+04
5.338514741793920848e+01 3.721773716188684570e-07 8.441636433503496847e-09 2.931282067447561497e-08 1.130100000000000000e+04
5.464846686282311339e+01 3.541821747292656261e-07 1.431531034195702178e-08 2.784674561410854749e-08 1.202500000000000000e+04
5.591059360168831915e+01 3.308453033588135686e-07 -1.021108875634972682e-08 2.130125773526551966e-08 1.242300000000000000e+04
5.716732584628986302e+01 3.088382201080727813e-07 2.089791680559786327e-09 3.731771778477915849e-08 1.302100000000000000e+04
5.841752542788622549e+01 2.902346476162902614e-07 -2.685884679946459491e-09 3.231004239376437150e-08 1.340500000000000000e+04
5.966899688879644970e+01 2.697527456788060050e-07 3.462584650525969910e-09 2.694301267148053388e-08 1.424700000000000000e+04
6.092765278814394492e+01 2.561995878182734410e-07 -3.581033517693937451e-09 2.933411193100630022e-08 1.471300000000000000e+04
6.218558254006394037e+01 2.374417384212289739e-07 -8.008575158084339673e-10 3.048774696258912578e-08 1.548900000000000000e+04
6.344336343236795983e+01 2.236991459367166568e-07 -4.222508439146750594e-09 3.110062958142717085e-08 1.591300000000000000e+04
6.470375135888845364e+01 2.107381760255527281e-07 1.409584512212018308e-09 2.635255738717040785e-08 1.687900000000000000e+04
6.596336435100791107e+01 1.966992513162368828e-07 2.381811539262811161e-09 3.242376310689920441e-08 1.719300000000000000e+04
6.722352858914312890e+01 1.848421537476762283e-07 5.312357298482100015e-10 1.812171499721045934e-08 1.815700000000000000e+04
6.847400751418547316e+01 1.770211101112787245e-07 4.111040919332434501e-09 1.919159576829013140e-08 1.833900000000000000e+04
6.972956385332538787e+01 1.639359706221129997e-07 -9.000004732478588307e-10 2.709816709042634147e-08 1.957300000000000000e+04
7.098823228822635656e+01 1.564737880934566927e-07 -2.865933761930193748e-09 1.925347660999190850e-08 1.994100000000000000e+04
7.223833870842079818e+01 1.478516415377550801e-07 1.475615026164309222e-09 3.600590004781818575e-08 2.062900000000000000e+04
7.349534179127144284e+01 1.391930668036653589e-07 -2.697136226975641164e-09 1.970354942889805853e-08 2.165500000000000000e+04
7.475295590555181491e+01 1.329421859554542593e-07 2.418349449306694288e-09 2.324441467716738424e-08 2.211300000000000000e+04
7.601308062950263889e+01 1.255956598544154108e-07 -1.876384179194973038e-09 1.790507176392623022e-08 2.318500000000000000e+04
7.727079722519646054e+01 1.183270580585911318e-07 1.337774271926566119e-09 2.545823354509658539e-08 2.366700000000000000e+04
7.852280362728899377e+01 1.115654181305454335e-07 2.488798048218581069e-09 1.820393942225246803e-08 2.438500000000000000e+04
7.978529000643868585e+01 1.070370725863323301e-07 -2.781109938184840516e-09 1.986453164870909859e-08 2.574900000000000000e+04
8.104146489153656319e+01 1.007827294777856425e-07 4.040764568989550597e-10 2.149375624918872738e-08 2.567500000000000000e+04
8.229832955140953743e+01 9.633534746097687314e-08 -1.125229465885920203e-09 1.671213917939844718e-08 2.740900000000000000e+04
8.355628544232982335e+01 9.091356626321125647e-08 1.388546912637697630e-09 2.037655749545243957e-08 2.740500000000000000e+04
8.480801297450261700e+01 8.605887883858310278e-08 1.727365386280415224e-09 1.923826845789639880e-08 2.871700000000000000e+04
8.606851380540383900e+01 8.226946866355487472e-08 -5.363538527574350070e-10 1.992974912883659303e-08 2.959500000000000000e+04
8.732717120511250641e+01 7.819261023879812803e-08 2.066510494974125598e-10 2.127458592545927817e-08 3.030100000000000000e+04
8.857992366441526144e+01 7.395805709600511097e-08 1.207972827751571627e-09 2.198581952936572851e-08 3.110100000000000000e+04
8.983268837059718237e+01 7.123944918734966660e-08 -3.916635215303535493e-10 1.797508438423969231e-08 3.202300000000000000e+04
9.108828292509464575e+01 6.740717321435242898e-08 -1.329475236557542697e-10 1.857906166563418451e-08 3.297700000000000000e+04
9.235268940602115606e+01 6.483974099000543846e-08 -2.969654514294845308e-10 1.795327918346337413e-08 3.444900000000000000e+04
9.361288484047420866e+01 6.080000672776089832e-08 9.281771627739583097e-10 1.749890950753315633e-08 3.454900000000000000e+04
9.486970485528730990e+01 5.816618068928130351e-08 3.479439042059036794e-10 1.630340941326056411e-08 3.611100000000000000e+04
9.612712273630799586e+01 5.593097473078796339e-08 7.723126087152578279e-11 1.653174605241890906e-08 3.654100000000000000e+04
9.738038516777393738e+01 5.278524290906487267e-08 6.924227528546714535e-10 1.669820464401900598e-08 3.771700000000000000e+04
9.863394199199912293e+01 5.064775637673141572e-08 1.940892989548793280e-10 1.594194233281859384e-08 3.861900000000000000e+04
9.989013494289071105e+01 4.850467895066853991e-08 -6.507723248536592741e-10 1.437709775656649969e-08 3.966100000000000000e+04
1.011431810267084188e+02 4.599240184869529369e-08 -3.349470234646488160e-10 1.604173766378827585e-08 4.054500000000000000e+04
1.023984799253618974e+02 4.424910847815918056e-08 -1.875450517409619042e-10 1.563814998293685113e-08 4.181500000000000000e+04
1.036625219553681205e+02 4.230434397918936329e-08 2.897813487135505882e-10 1.603952574648538921e-08 4.312500000000000000e+04
1.049217927605819938e+02 4.018202540787484570e-08 1.181017697684453265e-10 1.612727705112465715e-08 4.368100000000000000e+04
1.061751461696667320e+02 3.822649150088936853e-08 -4.647328524774462447e-11 1.430518840164626334e-08 4.462900000000000000e+04
1.074314705589345209e+02 3.685938107894928583e-08 -1.360020580177348115e-10 1.542433092443362914e-08 4.622700000000000000e+04
1.086915912756758331e+02 3.536917660778187431e-08 3.718282322821371002e-10 1.392946729151548629e-08 4.690900000000000000e+04
1.099486130478443471e+02 3.401415688043324917e-08 -1.267215084058996924e-10 1.377169166558268247e-08 4.823700000000000000e+04
1.111987485500355604e+02 3.263901545555321196e-08 3.333514772931906888e-10 1.506915947527470827e-08 4.858300000000000000e+04
1.124570935321931415e+02 3.093362442969202889e-08 4.289861252641038179e-10 1.328435725165464306e-08 5.099700000000000000e+04
1.137202307445453187e+02 2.987857165156278804e-08 2.901079107338316672e-10 1.311669639367907959e-08 5.139700000000000000e+04
1.149760917884415790e+02 2.831834371636308296e-08 2.144702056993496126e-10 1.306814629634821789e-08 5.248900000000000000e+04
1.162310042068111926e+02 2.713290007461566839e-08 -3.421215281592950111e-11 1.319039613873811864e-08 5.378700000000000000e+04
1.174878899332193640e+02 2.617383508653080172e-08 -8.751926741489657514e-11 1.254225172500483106e-08 5.491300000000000000e+04
1.187435244059379897e+02 2.522338676152621951e-08 -3.098610548360462610e-11 1.257754207307502107e-08 5.597700000000000000e+04
1.199994390958736403e+02 2.415624210886325760e-08 8.418008632065421048e-10 1.312086343534186239e-08 5.741500000000000000e+04
1.212535823024855404e+02 2.311260485147918472e-08 -3.570979973716971888e-11 1.211993486139589384e-08 5.810500000000000000e+04
1.225093915288906885e+02 2.217386988806766865e-08 3.095754822618661967e-10 1.207134021949546776e-08 6.003300000000000000e+04
1.237695546608302948e+02 2.136569270361872379e-08 2.571834013008267473e-10 1.180339665431076549e-08 6.094900000000000000e+04
1.250262113487579825e+02 2.057279225601874723e-08 9.058667540072338970e-11 1.191627456301031817e-08 6.223500000000000000e+04
1.262805490076642059e+02 1.981025158587177252e-08 -1.069151543948812369e-10 1.156820583943604830e-08 6.322900000000000000e+04
1.275400712546411057e+02 1.898935786353976666e-08 -3.106602356249908293e-11 1.158364684658364195e-08 6.513300000000000000e+04
1.287971556662911325e+02 1.839435880853261388e-08 1.121525515939558378e-10 1.209163667943180170e-08 6.570700000000000000e+04
1.300537083433222278e+02 1.780153028599024746e-08 3.774617345592570065e-10 1.182761004539188504e-08 6.756100000000000000e+04
1.313117223539807696e+02 1.706673559474674962e-08 5.979089822903596789e-10 1.147749930851421089e-08 6.850500000000000000e+04
1.325673856471850627e+02 1.637704903152225908e-08 4.082473042224870344e-10 1.113100866396127266e-08 6.994300000000000000e+04
1.338237088992438828e+02 1.579587243926402730e-08 1.483794631924232673e-10 1.112623164529634173e-08 7.109700000000000000e+04
1.350814039715121169e+02 1.542455915257700683e-08 5.189419792253181620e-10 1.100863553709615778e-08 7.302100000000000000e+04
1.363367102918640796e+02 1.482548094253300490e-08 1.910254374414770538e-10 1.110284249618294659e-08 7.331700000000000000e+04
1.375918506772339640e+02 1.423957371586291066e-08 2.200834681856465645e-10 1.057824337143642807e-08 7.579900000000000000e+04
1.388468863407906326e+02 1.394284475093987122e-08 -1.527731492896118829e-11 1.084372475356700642e-08 7.602100000000000000e+04
1.401035080486947493e+02 1.348152543753453341e-08 1.546592258274719844e-10 1.109111020949320141e-08 7.875300000000000000e+04
1.413624991321743494e+02 1.295813843427875873e-08 2.741281061616243642e-10 1.128574067055436635e-08 7.929100000000000000e+04
1.426203801934984199e+02 1.254471358497553855e-08 5.172866496128865525e-11 1.102762185046450553e-08 8.112900000000000000e+04
1.438783650234285290e+02 1.219415368071807174e-08 1.460694377199103807e-10 1.077597299881885855e-08 8.244100000000000000e+04
1.451366761519622628e+02 1.182706347674132166e-08 7.372438951259065420e-11 1.080110002133927525e-08 8.394900000000000000e+04
1.463930536541869856e+02 1.147105275748671086e-08 5.232047389216369693e-11 1.094931485381130540e-08 8.512300000000000000e+04
1.476501598096984651e+02 1.110511803400342670e-08 2.470860860019473890e-10 1.089525385923097496e-08 8.692900000000000000e+04
1.489053168423187401e+02 1.079480080129114894e-08 8.120687670418415734e-11 1.095432129754332804e-08 8.778900000000000000e+04
1.501574220388542358e+02 1.043442739773621503e-08 8.537861117141234695e-11 1.088012851508565687e-08 8.962300000000000000e+04
1.514151693063209052e+02 1.018626874629380717e-08 2.643464735277444845e-10 1.092662979905566939e-08 9.134100000000000000e+04
1.526728246720191464e+02 9.895843241324248726e-09 8.218937536178067302e-11 1.114319097232351171e-08 9.284500000000000000e+04
1.539292591972453295e+02 9.602128225807550441e-09 2.813970716436012151e-10 1.127835636974109586e-08 9.408700000000000000e+04
1.551878973035082652e+02 9.344684777132415688e-09 2.059642181570769170e-10 1.137640141880487026e-08 9.633300000000000000e+04
1.564465828397917164e+02 8.972821077848218565e-09 1.988454098391942570e-11 1.136611701320281330e-08 9.724900000000000000e+04
1.577062987304047965e+02 8.519566753966932786e-09 3.729784251651509032e-10 1.148970548805647752e-08 9.950100000000000000e+04
1.589579313395904308e+02 7.940918493008201540e-09 6.377740371115649083e-11 1.114179455841683203e-08 9.928300000000000000e+04
1.602098219318470740e+02 7.194211785838544943e-09 3.060475306530586814e-10 1.109115089122878852e-08 1.025370000000000000e+05
1.614672334028584828e+02 6.329109346520218331e-09 9.004618881373491942e-11 9.805037940251228618e-09 1.022830000000000000e+05
1.627244999009042203e+02 5.247778552810650327e-09 4.667616298170855089e-11 7.040139746045164677e-09 1.021060000000000000e+05
1.639830070159940192e+02 4.506319012084476678e-09 1.636773381573430119e-10 5.328749086204033952e-09 1.007340000000000000e+05
1.652386377343450476e+02 3.843323190848999842e-09 1.045392517660134423e-11 3.710529263698821260e-09 9.999400000000000000e+04
1.664974976720961592e+02 3.447913280823032787e-09 9.403191803743847191e-11 2.841572868141829646e-09 9.936000000000000000e+04
1.677586624769533330e+02 3.083508330091598714e-09 5.381995352592115559e-11 1.938953170242165051e-09 9.860800000000000000e+04
1.690117737071392412e+02 2.846580906798490526e-09 4.667705333014986979e-11 1.309075540519068011e-09 9.625200000000000000e+04
1.702646109444544038e+02 2.600186332466374118e-09 4.161108137285271065e-11 7.189920710012856230e-10 9.640000000000000000e+04
1.715227950786405131e+02 2.442381586298989881e-09 9.905923066590679803e-11 3.280239475551424730e-10 9.539800000000000000e+04
1.727802559577145587e+02 2.266602653476444928e-09 4.093476389694768555e-11 -3.141895310878021817e-11 9.402000000000000000e+04
1.740354349209307543e+02 2.110819674284152786e-09 2.573552508514504617e-11 -3.846419200497108141e-10 9.316000000000000000e+04
1.752911521140869979e+02 2.003596520156970131e-09 3.305555588217933419e-11 -6.231201172021668698e-10 9.177600000000000000e+04
1.765491561061322159e+02 1.887942036166056310e-09 3.159620555060025017e-11 -8.020810177889141484e-10 9.137800000000000000e+04
1.778055987080381328e+02 1.778054913017792307e-09 3.197607734153314211e-11 -9.865720409962416732e-10 8.949000000000000000e+04
1.790597942980182324e+02 1.686989741150518961e-09 9.761162469040054024e-12 -1.154496044541750373e-09 8.845000000000000000e+04
1.803174288984025964e+02 1.602263023724295527e-09 4.369338242300860463e-11 -1.277406039906892112e-09 8.794600000000000000e+04
1.815747568341562896e+02 1.546007728567055524e-09 3.018121920628138223e-11 -1.381193984474379798e-09 8.575200000000000000e+04
1.828323390665805164e+02 1.475144752671825018e-09 1.357810417053866766e-11 -1.470783584656004025e-09 8.574400000000000000e+04
1.840900474267152731e+02 1.422460474149842392e-09 3.091905428905108447e-12 -1.540069615552271353e-09 8.322000000000000000e+04
1.853471175230410779e+02 1.370102619646021438e-09 1.099805922898875463e-11 -1.590141961081315411e-09 8.302000000000000000e+04
1.866059988998500785e+02 1.320543912453882280e-09 8.358543517308904614e-12 -1.655377497159913163e-09 8.106400000000000000e+04
1.878624598567711246e+02 1.278046681984099450e-09 7.612567547500075148e-12 -1.692352086689713824e-09 7.983000000000000000e+04
1.891162027606625315e+02 1.241885434997901621e-09 -1.765992776766935960e-12 -1.720776784051146885e-09 7.823800000000000000e+04
1.903715304842039018e+02 1.195660177754497831e-09 1.334040553418777410e-12 -1.746147490105192972e-09 7.715400000000000000e+04
1.916263259685760261e+02 1.171509255263414540e-09 4.104070667455602981e-12 -1.782696669756469662e-09 7.546600000000000000e+04
1.928852265090937692e+02 1.144689581798801327e-09 4.916272217228301381e-12 -1.793539602852533034e-09 7.480200000000000000e+04
1.941448127524108713e+02 1.113145989921413655e-09 -1.985513431379581246e-12 -1.816947772556548724e-09 7.258000000000000000e+04
1.953988342212017528e+02 1.099371985177828065e-09 9.219844141351815784e-12 -1.866633839144083070e-09 7.133800000000000000e+04
1.966542794450352005e+02 1.076324076406231151e-09 7.364426695693303999e-12 -1.880159639537971132e-09 6.964200000000000000e+04
1.979092266982680428e+02 1.059135261581782230e-09 4.605025598279523399e-12 -1.880786244931450507e-09 6.832600000000000000e+04
1.991660246440812898e+02 1.049888945547858403e-09 5.681352732754849523e-12 -1.908489413766656204e-09 6.674400000000000000e+04
2.004253393793312057e+02 1.036982979281495110e-09 7.646699560168689865e-12 -1.927055698749004339e-09 6.533800000000000000e+04
2.016784735539275175e+02 1.034139758537089804e-09 1.367593035492230592e-11 -1.952673973721184217e-09 6.315600000000000000e+04
2.029350672537293860e+02 1.016841505687162261e-09 1.394271061407222924e-11 -1.986693054331937043e-09 6.214000000000000000e+04
2.041958407917217926e+02 1.008285910536355302e-09 7.354594807570737044e-12 -1.962652420720072786e-09 6.051400000000000000e+04
2.054489305546373430e+02 1.000915232071953579e-09 1.845970995013569870e-11 -2.004049745860439398e-09 5.799000000000000000e+04
2.067059697346346923e+02 1.004245521248317101e-09 1.435870991706118443e-11 -2.025351493615248350e-09 5.742400000000000000e+04
2.079686463241380636e+02 9.904045695893160975e-10 1.507580785806675230e-11 -2.041077143737621208e-09 5.518200000000000000e+04
2.092240498115034200e+02 9.961008071300606683e-10 7.003643827567442626e-12 -2.047864205715346636e-09 5.306800000000000000e+04
2.104747524357310056e+02 1.006344037383356063e-09 1.123243371975870875e-11 -2.111908753777955970e-09 5.152800000000000000e+04
2.117284300737427145e+02 1.001314448393554350e-09 2.465839013333700070e-11 -2.150163174542119679e-09 4.954600000000000000e+04
2.129897092449166394e+02 1.015777283194503348e-09 1.671599387318322699e-11 -2.186876405426002784e-09 4.846600000000000000e+04
2.142461088222216574e+02 1.007059752057507505e-09 1.064160926264570123e-11 -2.194730104730972205e-09 4.566600000000000000e+04
2.154991267048335430e+02 1.009726658206665605e-09 1.701761021886420601e-11 -2.238118669705993738e-09 4.423000000000000000e+04
2.167576737707308894e+02 1.016831105655808594e-09 1.274785586168818584e-11 -2.269032896591058896e-09 4.254000000000000000e+04
2.180187492257003612e+02 1.009271319623580768e-09 2.110059734238329594e-11 -2.310312404765551288e-09 4.022200000000000000e+04
2.192716419366039702e+02 1.030531665608730723e-09 1.758862986799108125e-11 -2.371734072519620035e-09 3.842200000000000000e+04
2.205264883274588783e+02 1.022773369651380072e-09 1.676997809650682043e-11 -2.413724952745905598e-09 3.624600000000000000e+04
2.217837768228446578e+02 1.045163109097567806e-09 1.780069109644157319e-11 -2.482853448354288010e-09 3.455200000000000000e+04
2.230378334292167892e+02 1.020668526691477954e-09 -2.734097673045238223e-12 -2.454611338131127514e-09 3.213600000000000000e+04
2.242906184963572684e+02 1.014394490752777984e-09 3.585632167423025330e-11 -2.560564108736367053e-09 3.029200000000000000e+04
2.255466598069948532e+02 9.988302788903731487e-10 1.099297891168481275e-11 -2.554111897954059919e-09 2.830200000000000000e+04
2.268048836408461852e+02 9.823876916842660830e-10 1.041321627019519277e-11 -2.597503513870735322e-09 2.605600000000000000e+04
2.280630934549591871e+02 9.520137747836929598e-10 2.139366319725518347e-11 -2.620651356137857636e-09 2.421100000000000000e+04
2.293173032152455733e+02 9.275343447136370211e-10 1.287973846479471587e-11 -2.620039002448519623e-09 2.220600000000000000e+04
2.305717649947762879e+02 9.389187387990457010e-10 1.100766552143048683e-13 -2.692806387847398710e-09 2.088400000000000000e+04
2.318305151004514073e+02 9.166159797389469327e-10 5.308997616739785246e-12 -2.690703112102669773e-09 1.939200000000000000e+04
2.330863040701019031e+02 9.075251802291116610e-10 -9.263698083886038922e-13 -2.699841115264912200e-09 1.805800000000000000e+04
2.343374022963313905e+02 9.070385844265083468e-10 -3.059531173901530664e-12 -2.732705601888639051e-09 1.674600000000000000e+04
2.356000500071500596e+02 9.132048913201161281e-10 -8.350157339812568905e-12 -2.784476155215053124e-09 1.589800000000000000e+04
2.368667134646864554e+02 9.301739018449593617e-10 -5.896085628526580408e-12 -2.879434983078689423e-09 1.457800000000000000e+04
2.381178636277435885e+02 9.399346096988890321e-10 -9.515455901894888609e-12 -2.927782479280861873e-09 1.344300000000000000e+04
2.393647931429890434e+02 9.440306370805341189e-10 4.443205425088174092e-12 -2.999064099822392996e-09 1.251100000000000000e+04
2.406343355115917007e+02 9.657118944955025775e-10 1.269232950820855055e-13 -3.090044996311487243e-09 1.191900000000000000e+04
2.418994177264391681e+02 9.684114699840204235e-10 -9.900374685177787800e-13 -3.124180970447994649e-09 1.063900000000000000e+04
2.431349487982454320e+02 9.625375059122214157e-10 -2.683334590477789480e-12 -3.132527872451181373e-09 9.775000000000000000e+03
2.443965980831335116e+02 9.653066560482065167e-10 -4.270846736790525267e-12 -3.161793156024929501e-09 9.423000000000000000e+03
2.456756265845070857e+02 1.013831557372718579e-09 -9.106305486697249912e-13 -3.343154605812022651e-09 8.449000000000000000e+03
2.469243323478575007e+02 1.034518024169596746e-09 9.942590396891236522e-12 -3.451130685286814025e-09 7.596000000000000000e+03
2.481536551602712279e+02 1.051642930137322862e-09 5.621075174961776983e-12 -3.517873753315819999e-09 6.931000000000000000e+03
2.494158029429593455e+02 1.106865030583190158e-09 1.224213048378978349e-11 -3.732137750814594236e-09 6.612000000000000000e+03
2.506963696325555020e+02 1.103939894135079130e-09 7.927975935641189846e-12 -3.730997163132021993e-09 5.899000000000000000e+03
2.519449222644772135e+02 1.153095986456567949e-09 8.231581771037911256e-12 -3.910960943330460298e-09 5.176000000000000000e+03
2.531895657100337758e+02 1.173127043101114291e-09 -2.800763515364873692e-12 -3.978414191973319554e-09 4.824000000000000000e+03
2.544617257881764374e+02 1.194640105872117483e-09 1.104784795823878035e-11 -4.085646906356850845e-09 4.312000000000000000e+03
2.557264633179815121e+02 1.231841976548022160e-09 1.794524221311112940e-11 -4.230750477318469220e-09 3.819000000000000000e+03
2.569476439121356748e+02 1.306665982479564956e-09 -4.209432237238780408e-12 -4.473003958974442474e-09 3.220000000000000000e+03
2.581972589300593768e+02 1.343171793706063969e-09 -5.702052264147036573e-12 -4.612944582788545505e-09 3.132000000000000000e+03
2.595103349312090018e+02 1.386306933360115095e-09 1.243068002329060391e-11 -4.794663717921085939e-09 2.680000000000000000e+03
2.607795042361089486e+02 1.504190438267151173e-09 8.170654125007620405e-12 -5.205644636541150697e-09 2.218000000000000000e+03
2.619340336595732879e+02 1.565938000801671454e-09 -1.202418388799446780e-11 -5.400548027530997436e-09 1.728000000000000000e+03
2.631766295504909294e+02 1.442574975116766518e-09 -1.635754308687940568e-11 -4.986653464975312349e-09 1.816000000000000000e+03
2.645411559718015724e+02 1.578139758034146811e-09 -7.505686867076802755e-12 -5.476929838616784586e-09 1.476000000000000000e+03
2.658441287525172356e+02 1.662712677110991770e-09 4.726973531657656477e-12 -5.790043097032719251e-09 1.108000000000000000e+03
2.669256670525048776e+02 1.722722248390196840e-09 7.868922425546652228e-13 -5.992046208412538325e-09 7.560000000000000000e+02
2.681606255113911175e+02 1.808479392344658662e-09 6.238697512332698522e-13 -6.306455480009602205e-09 8.440000000000000000e+02
2.695807861675655204e+02 1.882845291734581071e-09 2.067401595022969335e-12 -6.573134295358914733e-09 6.280000000000000000e+02
2.709593846505733268e+02 1.829490825282460994e-09 -9.979668133172252590e-12 -6.381718627947534593e-09 4.050000000000000000e+02
2.719861120642618175e+02 2.155129647095723037e-09 1.070055972283765460e-11 -7.541371834926995511e-09 2.020000000000000000e+02
2.731403032438974492e+02 2.200253050134425811e-09 -4.591987616303515741e-12 -7.688077596137204521e-09 2.280000000000000000e+02
2.745620747168304661e+02 2.302055010352256633e-09 -1.501484789301477717e-12 -8.050150399455132080e-09 1.240000000000000000e+02
2.759710723466460536e+02 3.074262545033000531e-09 -2.225236933241811458e-11 -1.073340638808355642e-08 5.200000000000000000e+01
2.771523413486430627e+02 3.154848182366395275e-09 4.002675687637419175e-11 -1.108044002800952197e-08 9.000000000000000000e+00
2.780568632628354635e+02 1.535356997252510326e-09 1.602907157553316938e-11 -5.389628396243645076e-09 4.000000000000000000e+00
