2.966547074898984615e+00 1.791373443285756151e-01 1.520681847756648157e-02 -1.428005830769883133e-01 1.300000000000000000e+01
5.026374055021858744e+00 5.000659393495621857e-02 4.725505005370684436e-03 -9.917864353053001958e-03 3.300000000000000000e+01
7.149300621522788113e+00 2.545555061253365267e-02 -9.368289578239032090e-04 -8.322843130056769081e-03 7.900000000000000000e+01
9.278869254964254409e+00 1.652202711351683645e-02 4.057250296082099360e-04 -2.643104749830321384e-03 1.170000000000000000e+02
1.145033261934470126e+01 9.587921859027358912e-03 1.938626980907559973e-03 1.714836706640888130e-03 2.050000000000000000e+02
1.349295587141915043e+01 8.096456049530229016e-03 1.747642237074351025e-03 1.567099731167481344e-03 2.350000000000000000e+02
1.558905561191892986e+01 6.358917285299066011e-03 1.435947915950784972e-03 9.241381260577335001e-04 3.690000000000000000e+02
1.769408367255316961e+01 5.372677073735785021e-03 1.434429638214917415e-03 5.187193299911464469e-04 4.330000000000000000e+02
1.981787480313529670e+01 4.529107128418570147e-03 8.005202392011555052e-04 7.454277467934339535e-04 5.850000000000000000e+02
2.192074938196263645e+01 3.433986387199584010e-03 7.971383862402681457e-04 7.482045002492320471e-04 6.790000000000000000e+02
2.398877635566245203e+01 3.180596878798730778e-03 5.481119199609648263e-04 5.554331679502027153e-04 8.130000000000000000e+02
2.609286971896115759e+01 2.788510974639230554e-03 2.670916488080877756e-04 1.485173039916431385e-04 9.850000000000000000e+02
2.823466315278179550e+01 2.449359629169907925e-03 7.934672345525730676e-04 8.504445141756597363e-04 1.183000000000000000e+03
3.032284873509123102e+01 2.212772544157344187e-03 5.023478631472261041e-04 5.340472231278650932e-04 1.269000000000000000e+03
3.240263258943403457e+01 2.094519556740401158e-03 6.825942282451131484e-04 4.138112368842607278e-04 1.537000000000000000e+03
3.449210129864554375e+01 1.944087753057937564e-03 4.087083630276910559e-04 5.432135036215487251e-04 1.653000000000000000e+03
3.658588147515196454e+01 1.816803320756956233e-03 4.290932304231027646e-04 5.370791924804495330e-04 1.963000000000000000e+03
3.868476949266977272e+01 1.650178902851733237e-03 2.142381776451943490e-04 4.051117904598142941e-04 2.121000000000000000e+03
4.078898888458283523e+01 1.579589209363191664e-03 2.103927343190832697e-04 4.462637872552366607e-04 2.413000000000000000e+03
4.289390876967645738e+01 1.456616974671604914e-03 1.835590364167604988e-04 1.693644397310553878e-04 2.635000000000000000e+03
4.498336005546935468e+01 1.315612613182559707e-03 1.752415313293514726e-04 3.021127875488096920e-04 2.877000000000000000e+03
4.706498529473824988e+01 1.229232234583907879e-03 2.286697466098661915e-04 9.755946413407049736e-05 3.169000000000000000e+03
4.917111919158227096e+01 1.167185974827909421e-03 2.033027035109667528e-04 1.540834501121630181e-04 3.507000000000000000e+03
5.126216914174227668e+01 1.070282346885389644e-03 1.779971690734092411e-04 7.413747171093592193e-05 3.685000000000000000e+03
5.335525146837034072e+01 1.019445661182358112e-03 2.178925639022209456e-04 1.843883782957165130e-04 4.165000000000000000e+03
5.546637228956934251e+01 9.890428613193271486e-04 1.711498595584952061e-04 8.676955685018940853e-05 4.377000000000000000e+03
5.757318819254808773e+01 8.793926580655745794e-04 1.231561235506882057e-04 4.333183700354506187e-05 4.855000000000000000e+03
5.965884044590281121e+01 8.383196932720082904e-04 1.578115856250794603e-04 1.435355054144213068e-04 4.929000000000000000e+03
6.174512302159506305e+01 8.078358566528315906e-04 1.238821383202763659e-04 3.283511434209073398e-05 5.581000000000000000e+03
6.382689291137189969e+01 7.544993511969877789e-04 9.830641969328521518e-05 1.438352345433301321e-04 5.679000000000000000e+03
6.592966228838450604e+01 7.309793906903162353e-04 1.121063775649082665e-04 8.231312096843520251e-05 6.385000000000000000e+03
6.803125784825746791e+01 6.882948265662348301e-04 1.207017730847332693e-04 7.336231901388328260e-05 6.553000000000000000e+03
7.013131008699485847e+01 6.648679063968437322e-04 6.883555018937218461e-05 9.759320009054696756e-05 7.125000000000000000e+03
7.223032366074338029e+01 6.389335757513337107e-04 7.971445087974016273e-05 7.835485242564355589e-05 7.447000000000000000e+03
7.432334270720505742e+01 5.892295588647761045e-04 5.804827796523990001e-05 4.614799681462236489e-05 7.929000000000000000e+03
7.642066756954473306e+01 5.654996724198527776e-04 7.266668689652948192e-05 5.534428697303470860e-05 8.353000000000000000e+03
7.850471694556040347e+01 5.373366524464879158e-04 6.777409404035782234e-05 6.468000313256420594e-05 8.775000000000000000e+03
8.059701946059529121e+01 5.113833109359228624e-04 6.377502396053058630e-05 5.930352661731645670e-05 9.313000000000000000e+03
8.269521798132063850e+01 4.889571924605491671e-04 5.880008643487298457e-05 6.559934856046669707e-05 9.841000000000000000e+03
8.478307522909847194e+01 4.696376150130903305e-04 6.266889682792753098e-05 4.358205407059922531e-05 1.019100000000000000e+04
8.687780839616016237e+01 4.514128697036799438e-04 5.025673956562671092e-05 2.377446006985325680e-05 1.089700000000000000e+04
8.897524569656535220e+01 4.293336331433586549e-04 5.584113636593806212e-05 3.790501362532902509e-05 1.130100000000000000e+04
9.108077810470518898e+01 4.151958316792954580e-04 4.707746173829992865e-05 1.084814623772125476e-05 1.202500000000000000e+04
9.318432266948052245e+01 4.006828567308469880e-04 5.737365721185270974e-05 1.778139451354903450e-05 1.242300000000000000e+04
9.527887641048309320e+01 3.823410460731481897e-04 5.289172980363384519e-05 1.277088200268231185e-05 1.302100000000000000e+04
9.736254237981037818e+01 3.724741851428462294e-04 5.769965335583786075e-05 1.958173060770821762e-05 1.340500000000000000e+04
9.944832814799407572e+01 3.589818590452526544e-04 5.153303572701784354e-05 2.845232778491161104e-05 1.424700000000000000e+04
1.015460879802399035e+02 3.373236560981417945e-04 4.703018367275436923e-05 2.528179604778560917e-05 1.471300000000000000e+04
1.036426375667732316e+02 3.264082732687938605e-04 4.663667565282189089e-05 1.180240241019796422e-05 1.548900000000000000e+04
1.057389390539465950e+02 3.153637735718271286e-04 3.959952200419595669e-05 2.936211090934979340e-05 1.591300000000000000e+04
1.078395855981474227e+02 2.995531780964334713e-04 4.229177441570900782e-05 2.330789610184560507e-05 1.687900000000000000e+04
1.099389405850131709e+02 2.866976307953824905e-04 3.580059570747051717e-05 4.783196154160265014e-06 1.719300000000000000e+04
1.120392143152385387e+02 2.766369065004320362e-04 3.803936488704797825e-05 -5.589012830065503955e-06 1.815700000000000000e+04
1.141233458569757744e+02 2.647445743668272911e-04 3.746923900386315838e-05 1.567473959972992916e-05 1.833900000000000000e+04
1.162159397555423084e+02 2.572936103896440122e-04 3.598282725613802425e-05 1.105367501543433503e-05 1.957300000000000000e+04
1.183137204803772420e+02 2.524757467995692849e-04 2.966122791835625584e-05 2.222611234979237594e-05 1.994100000000000000e+04
1.203972311807013256e+02 2.432824113598471927e-04 3.292037667516987259e-05 3.382944810593204409e-05 2.062900000000000000e+04
1.224922363187857286e+02 2.339170633081988967e-04 3.011306524116213074e-05 1.892376445787342237e-05 2.165500000000000000e+04
1.245882598425863534e+02 2.260084992610430523e-04 3.312360482490790464e-05 2.314300960566146600e-05 2.211300000000000000e+04
1.266884677158377315e+02 2.163432966271910702e-04 2.937492256921242801e-05 3.057711362747765485e-05 2.318500000000000000e+04
1.287846620419940962e+02 2.088598728118376839e-04 3.218399284577822071e-05 2.095683055743177719e-05 2.366700000000000000e+04
1.308713393788149801e+02 2.029459394025381284e-04 3.536787038619097263e-05 2.836720719608618678e-05 2.438500000000000000e+04
1.329754833440644575e+02 1.961954780240821787e-04 3.676186598548508570e-05 2.394331431079304431e-05 2.574900000000000000e+04
1.350691081525609434e+02 1.887154458106806332e-04 2.806369512289223254e-05 2.353455315501163183e-05 2.567500000000000000e+04
1.371638825856825576e+02 1.852551404383814110e-04 3.150191363339115272e-05 2.081069228252082132e-05 2.740900000000000000e+04
1.392604757372163533e+02 1.779690996084300821e-04 2.900988198150899526e-05 1.486527222303352422e-05 2.740500000000000000e+04
1.413466882908376760e+02 1.740870488247533651e-04 2.482142827034494688e-05 1.352476958318186557e-05 2.871700000000000000e+04
1.434475230090064031e+02 1.692642190420537798e-04 2.068851124632395424e-05 1.265630055669883793e-05 2.959500000000000000e+04
1.455452853418541679e+02 1.636634480544444932e-04 2.041593766730087373e-05 1.516174022898576070e-05 3.030100000000000000e+04
1.476332061073587738e+02 1.596491483413164871e-04 1.657961003971569470e-05 1.611168221234506566e-05 3.110100000000000000e+04
1.497211472843286231e+02 1.551735979110806588e-04 1.882701663592582290e-05 1.206397346928770261e-05 3.202300000000000000e+04
1.518138048751577287e+02 1.514446649962543606e-04 1.246517693108991843e-05 1.952995814912916904e-05 3.297700000000000000e+04
1.539211490100352648e+02 1.465685299827951141e-04 1.610404718783608723e-05 1.451677238483622762e-05 3.444900000000000000e+04
1.560214747341236716e+02 1.418272274674672211e-04 1.717989173908826786e-05 1.499213164731383346e-05 3.454900000000000000e+04
1.581161747588121784e+02 1.392146398939458267e-04 1.786211840640725398e-05 1.461034490065061907e-05 3.611100000000000000e+04
1.602118712271799836e+02 1.337648985924853623e-04 1.467176981927395393e-05 1.522996254540319431e-05 3.654100000000000000e+04
1.623006419462898862e+02 1.302638174501584629e-04 1.715177500213446097e-05 1.107004996903353170e-05 3.771700000000000000e+04
1.643899033199985240e+02 1.277044293367649746e-04 1.647385908024753495e-05 1.106603393271716783e-05 3.861900000000000000e+04
1.664835582381511756e+02 1.235977492695123226e-04 1.473746857614315733e-05 1.419610596875190857e-05 3.966100000000000000e+04
1.685719683778473552e+02 1.200685849399069527e-04 1.532333842395810315e-05 1.550032732507105037e-05 4.054500000000000000e+04
1.706641332089364766e+02 1.168060041980086461e-04 1.451261579235830709e-05 1.319010936045617065e-05 4.181500000000000000e+04
1.727708699256135390e+02 1.135492760651049462e-04 1.296534301613170045e-05 6.019016693357847474e-06 4.312500000000000000e+04
1.748696546009699659e+02 1.112244114373786102e-04 1.405293606306033819e-05 1.048321733939024180e-05 4.368100000000000000e+04
1.769585769494445344e+02 1.084401842690911003e-04 1.290071555507274127e-05 1.013541083984620838e-05 4.462900000000000000e+04
1.790524509315575301e+02 1.053422917112093149e-04 1.162137482192971380e-05 7.755023449243184124e-06 4.622700000000000000e+04
1.811526521261263554e+02 1.037493987996324356e-04 1.121114252280287372e-05 7.420474936219165611e-06 4.690900000000000000e+04
1.832476884130738881e+02 1.005724393269765571e-04 1.425607263736120569e-05 9.003726648863766058e-06 4.823700000000000000e+04
1.853312475833926101e+02 9.891287925617516950e-05 1.233019269445236481e-05 7.431779066460261418e-06 4.858300000000000000e+04
1.874284892203218931e+02 9.583583127991298072e-05 1.387292586617682258e-05 5.042330887640674449e-06 5.099700000000000000e+04
1.895337179075755216e+02 9.346721515417162401e-05 1.200259655896906126e-05 4.985935807270390665e-06 5.139700000000000000e+04
1.916268196474026126e+02 9.143623221213799694e-05 1.311860044486748920e-05 4.352685895937180155e-06 5.248900000000000000e+04
1.937183403446852878e+02 8.895137484083315976e-05 1.159768048012125728e-05 3.415186262857528814e-06 5.378700000000000000e+04
1.958131498886989164e+02 8.581796975939069130e-05 1.211523165995291908e-05 4.474285244101638796e-06 5.491300000000000000e+04
1.979058740098966211e+02 8.410505249510924757e-05 1.084660751544559427e-05 5.915552164171555793e-06 5.597700000000000000e+04
1.999990651597893816e+02 8.269382334330050929e-05 1.196720114084182863e-05 5.294542419059116667e-06 5.741500000000000000e+04
2.020893038374759101e+02 8.102025959164140261e-05 1.192716589476205021e-05 6.428506960427817913e-06 5.810500000000000000e+04
2.041823192148177952e+02 8.007374111845411287e-05 1.348185409575354218e-05 3.588804603638028120e-06 6.003300000000000000e+04
2.062825911013838152e+02 7.728766256308087742e-05 1.072198245038093917e-05 4.257193438812838013e-06 6.094900000000000000e+04
2.083770189145966185e+02 7.507340510158113658e-05 1.124597846562323721e-05 2.847628313427483722e-06 6.223500000000000000e+04
2.104675816794403431e+02 7.349326424291497978e-05 1.017743795995860700e-05 3.606804357570250486e-06 6.322900000000000000e+04
2.125667854244018145e+02 7.169787694539728196e-05 1.038220353459699115e-05 3.167099005551631710e-06 6.513300000000000000e+04
2.146619261104851830e+02 7.000489775265001378e-05 1.004763048866167652e-05 3.726100017653587724e-06 6.570700000000000000e+04
2.167561805722037036e+02 6.883867781854851589e-05 1.069775407976135076e-05 5.853727279253225500e-06 6.756100000000000000e+04
2.188528705899679210e+02 6.718245157459434944e-05 8.025202095511148304e-06 3.742925968879654255e-06 6.850500000000000000e+04
2.209456427453084473e+02 6.588065904083496589e-05 8.585212484298144960e-06 5.496447187458225105e-06 6.994300000000000000e+04
2.230395148320731096e+02 6.443354470103378738e-05 8.194559558180982469e-06 5.490858218114710359e-06 7.109700000000000000e+04
2.251356732858534997e+02 6.354875911600364052e-05 8.575888391653400632e-06 4.869366044414227469e-06 7.302100000000000000e+04
2.272278504864401327e+02 6.225700244104160144e-05 8.093574871572232490e-06 4.943502465494927410e-06 7.331700000000000000e+04
2.293197511287232544e+02 6.060662263941467233e-05 7.799616995945634956e-06 4.380275436131926711e-06 7.579900000000000000e+04
2.314114772346510165e+02 5.942904933005959187e-05 8.064551336780438704e-06 4.769677112917945094e-06 7.602100000000000000e+04
2.335058467478245632e+02 5.846612951508506372e-05 6.772801184060530495e-06 3.000515777651223769e-06 7.875300000000000000e+04
2.356041652202905539e+02 5.675668815973479328e-05 8.109876751419610067e-06 2.849146259257361803e-06 7.929100000000000000e+04
2.377006336558306998e+02 5.614931851252600643e-05 6.877277716022216243e-06 3.648288426815457698e-06 8.112900000000000000e+04
2.397972750390475198e+02 5.490157580466473321e-05 6.389801645084326512e-06 2.470731586302055687e-06 8.244100000000000000e+04
2.418944602532704096e+02 5.369745659831598472e-05 6.227951637098653215e-06 3.979384690807604955e-06 8.394900000000000000e+04
2.439884227569783093e+02 5.290953735301171445e-05 6.264482490325555124e-06 2.486167992035181886e-06 8.512300000000000000e+04
2.460835996828307373e+02 5.154375497832065550e-05 5.988200576921632917e-06 3.168810400182065582e-06 8.692900000000000000e+04
2.481755280705312146e+02 5.089472828490086237e-05 6.910004527462265610e-06 3.554989388944706323e-06 8.778900000000000000e+04
2.502623700647570217e+02 5.015894064168221101e-05 6.684674003106863752e-06 3.251276727479571492e-06 8.962300000000000000e+04
2.523586155105348325e+02 4.925211429041795205e-05 6.233795487222153630e-06 1.645274999287521724e-06 9.134100000000000000e+04
2.544547077866985489e+02 4.825275402722471030e-05 5.871313244895589308e-06 3.069587621784149750e-06 9.284500000000000000e+04
2.565487653287422063e+02 4.739755218547174535e-05 6.007173908764381655e-06 3.555190664390123768e-06 9.408700000000000000e+04
2.586464955058470991e+02 4.641393253723403539e-05 6.173007390136870294e-06 2.711445917746140744e-06 9.633300000000000000e+04
2.607443047329861656e+02 4.564383381714329777e-05 5.884537203373102458e-06 3.259921778623489440e-06 9.724900000000000000e+04
2.628438312173413465e+02 4.457228198237816823e-05 5.447546507561317062e-06 3.068560815349458254e-06 9.950100000000000000e+04
2.649298855659840228e+02 4.400079933303618841e-05 6.046163975368445036e-06 2.754979053271564715e-06 9.928300000000000000e+04
2.670163698864117805e+02 4.312833791860083411e-05 6.007538373940215724e-06 2.466055789842136269e-06 1.025370000000000000e+05
2.691121353909120444e+02 4.252063331677548671e-05 5.834136619824360132e-06 2.539266462771947794e-06 1.034770000000000000e+05
2.712076496124621485e+02 4.178143078116585080e-05 6.488923216916278075e-06 2.177771464177396614e-06 1.057510000000000000e+05
2.733050999653678446e+02 4.100795374347805590e-05 5.705953328885037813e-06 3.277792434976133116e-06 1.068690000000000000e+05
2.753984212130929450e+02 4.012188876194159627e-05 5.653411257224779269e-06 2.290521717913870445e-06 1.086970000000000000e+05
2.774965690026801326e+02 3.953805311853688558e-05 5.140158763075191913e-06 2.032961666829937621e-06 1.105770000000000000e+05
2.795986436403592279e+02 3.890647169693777212e-05 5.505163111130163500e-06 2.077776093308299058e-06 1.125550000000000000e+05
2.816878213234347754e+02 3.818919281370746085e-05 4.718792967932878082e-06 2.079917191579028739e-06 1.125930000000000000e+05
2.837760955854215581e+02 3.779338759440861061e-05 4.746526175625480443e-06 1.870199533436300746e-06 1.155730000000000000e+05
2.858732754634002617e+02 3.696855705607166964e-05 4.723197185139487057e-06 2.306617222012975352e-06 1.172830000000000000e+05
2.879686159020804439e+02 3.630094833212268383e-05 4.464626188813834463e-06 2.181662590577232030e-06 1.185810000000000000e+05
2.900612915162532204e+02 3.570328356303161698e-05 4.477879665297307051e-06 1.973692047859647704e-06 1.206250000000000000e+05
2.921547032025089266e+02 3.513445329444082795e-05 4.435740933389969611e-06 1.615739317427742584e-06 1.219350000000000000e+05
2.942501291133244763e+02 3.443707763814797470e-05 4.414343321250205218e-06 1.250350599259757660e-06 1.244410000000000000e+05
2.963444256131289194e+02 3.408997208682038645e-05 4.311322867440545819e-06 1.596924074879569379e-06 1.255170000000000000e+05
2.984361415704375418e+02 3.360347544886241940e-05 3.902618072362872338e-06 1.520006316800190854e-06 1.273570000000000000e+05
3.005318840555698330e+02 3.293175608052104753e-05 4.186699629445543889e-06 1.488472102639846189e-06 1.298950000000000000e+05
3.026277776031609505e+02 3.246953153991032992e-05 3.732923636075492293e-06 2.004418863577450897e-06 1.307010000000000000e+05
3.047248035439953924e+02 3.200444325575486183e-05 3.615403657196620665e-06 1.882474816640603707e-06 1.339210000000000000e+05
3.068210272572537747e+02 3.129887975186633790e-05 3.198885815634056133e-06 2.207535691860950565e-06 1.341870000000000000e+05
3.089144805088236581e+02 3.078423838894992615e-05 2.937216450760927998e-06 2.082162948780558230e-06 1.371250000000000000e+05
3.110108065784975793e+02 3.026253359656365537e-05 2.723298969585202999e-06 1.958338311609027395e-06 1.384570000000000000e+05
3.131088595191292256e+02 2.971358461398723339e-05 2.670117034675320970e-06 1.780970864950917888e-06 1.409370000000000000e+05
3.151991603466065044e+02 2.940575340057388526e-05 2.503031359860410079e-06 1.971697598969511452e-06 1.413670000000000000e+05
3.172886672848389935e+02 2.887088888977520438e-05 2.534894045740086533e-06 1.301849752896138863e-06 1.443810000000000000e+05
3.193804418510612209e+02 2.852364939865063205e-05 2.672917223738426985e-06 1.177080429750527278e-06 1.455490000000000000e+05
3.214783648369701723e+02 2.802411804223294838e-05 2.263275721753356520e-06 1.540053708331799621e-06 1.491390000000000000e+05
3.235785211189415804e+02 2.759301230665196241e-05 2.393695455826260077e-06 1.207308517859696457e-06 1.496410000000000000e+05
3.256693589483342635e+02 2.715089672989513155e-05 2.059347606939538711e-06 1.452644848875694980e-06 1.518250000000000000e+05
3.277607775121137479e+02 2.673148071640538121e-05 2.245438441891445139e-06 1.405784836913179655e-06 1.534530000000000000e+05
3.298523230655557654e+02 2.643229171614628194e-05 2.000667657692035717e-06 1.120535207475068836e-06 1.558870000000000000e+05
3.319485433973702015e+02 2.592928456594952805e-05 1.922489299271385601e-06 1.311755122479900415e-06 1.581210000000000000e+05
3.340454035812790607e+02 2.564879196804321440e-05 1.907202486453187240e-06 1.410025230821818565e-06 1.598410000000000000e+05
3.361349417783784475e+02 2.529056228654073349e-05 2.228297741668842705e-06 1.023470653994795071e-06 1.611750000000000000e+05
3.382313832787477850e+02 2.489167243781437720e-05 2.251671747410020356e-06 1.275996806101267870e-06 1.646770000000000000e+05
3.403308518124323996e+02 2.457338910560413167e-05 1.885787235894867203e-06 9.990630550816952872e-07 1.660570000000000000e+05
3.424246601457981001e+02 2.418250743968346634e-05 2.123568983288274236e-06 1.177481558387249454e-06 1.677030000000000000e+05
3.445197272986724215e+02 2.384306804704182931e-05 2.169271872942284088e-06 1.004516620025474958e-06 1.702690000000000000e+05
3.466158524641982694e+02 2.354345725670717334e-05 2.083799550979311244e-06 1.343313825568200905e-06 1.722570000000000000e+05
3.487089916477683005e+02 2.317067098777455554e-05 1.895197918423242612e-06 1.188098837755046037e-06 1.736530000000000000e+05
3.508011456036761615e+02 2.280124349385337005e-05 1.966117072839555975e-06 1.301679109145613319e-06 1.766190000000000000e+05
3.528935682172028692e+02 2.242504604831284376e-05 1.757323056378936584e-06 8.857761728466421660e-07 1.775650000000000000e+05
3.549881110219296829e+02 2.210996964262480354e-05 1.665231555056503416e-06 8.311496094216011591e-07 1.812850000000000000e+05
3.570855924802784216e+02 2.177595614665674394e-05 1.769237894910461702e-06 8.815723392922330238e-07 1.825470000000000000e+05
3.591813496003592832e+02 2.139501155707239805e-05 1.807271845028567541e-06 6.348601331684123460e-07 1.849930000000000000e+05
3.612749400626811394e+02 2.127368842909794960e-05 1.905089030060731835e-06 7.879823604451197085e-07 1.867770000000000000e+05
3.633693413142722193e+02 2.101721016086729454e-05 1.691024352912926203e-06 5.024974503001948499e-07 1.890730000000000000e+05
3.654632219855477047e+02 2.064908369068620863e-05 1.738667921823062517e-06 4.012214391800379325e-07 1.914910000000000000e+05
3.675603773529471141e+02 2.044567058004533424e-05 1.860077120811786847e-06 3.740776289385941352e-07 1.938450000000000000e+05
3.696543491982932892e+02 2.003874499175988886e-05 1.720489554833318312e-06 3.381940255560212013e-07 1.951810000000000000e+05
3.717418094879196815e+02 1.979599843768713093e-05 1.701794514175640709e-06 1.503595001690844957e-07 1.973190000000000000e+05
3.738340425382559147e+02 1.945192343116180196e-05 1.614810746151572733e-06 3.640480483267389300e-07 2.002330000000000000e+05
3.759308579415973099e+02 1.935278212776068608e-05 1.592702108826511706e-06 3.995171389393183128e-07 2.030370000000000000e+05
3.780298508894609313e+02 1.902327937959924563e-05 1.551341571768563816e-06 6.083557735316248192e-07 2.048710000000000000e+05
3.801213498834686106e+02 1.884877844902642396e-05 1.677726379968907141e-06 4.101389434955187963e-07 2.062210000000000000e+05
3.822130601069931117e+02 1.854750983386837084e-05 1.479493536162564506e-06 5.388994212230113397e-07 2.095290000000000000e+05
3.843141376638832867e+02 1.833136847160444274e-05 1.517370202198456834e-06 2.597824094437185447e-07 2.125450000000000000e+05
3.864096355836928751e+02 1.802650529196911743e-05 1.279156917522009108e-06 4.796894400926303149e-07 2.132070000000000000e+05
3.885029072957560174e+02 1.780160825607466959e-05 1.192895776935033925e-06 5.891692393802547091e-07 2.165770000000000000e+05
3.905976920854033665e+02 1.757046069207228228e-05 9.776514588567791906e-07 4.941878965960020256e-07 2.181930000000000000e+05
3.926958121232195822e+02 1.726180202251367506e-05 1.112367121046057403e-06 3.875735232361860751e-07 2.221510000000000000e+05
3.947892180838422291e+02 1.713632431683066430e-05 1.066943667786680167e-06 4.995827178934521924e-07 2.216410000000000000e+05
3.968782140997554961e+02 1.696386784989342331e-05 9.139315083876658004e-07 5.020511138012926782e-07 2.261730000000000000e+05
3.989707362781335291e+02 1.671100797126012972e-05 1.020604438361276941e-06 6.391489628703813004e-07 2.269810000000000000e+05
4.010671924513820272e+02 1.656449069236227777e-05 8.883561684853375617e-07 6.112112695524292528e-07 2.319030000000000000e+05
4.031622814805685380e+02 1.639289395211197635e-05 1.002247732891650881e-06 4.959226149932788659e-07 2.314930000000000000e+05
4.052546340249365926e+02 1.621646029567618656e-05 7.395537497376428993e-07 6.473693956187670789e-07 2.360410000000000000e+05
4.073499183903821859e+02 1.607387724952107213e-05 7.851753602629662460e-07 5.647408286955219926e-07 2.372310000000000000e+05
4.094468722071623006e+02 1.579563319393844774e-05 9.906015980622909778e-07 4.458448109031037278e-07 2.409250000000000000e+05
4.115443288589775648e+02 1.570467550293071560e-05 1.025013255446028750e-06 1.919035004850023390e-07 2.427690000000000000e+05
4.136340823922854497e+02 1.540395445245493523e-05 8.679771378600222617e-07 6.442508153150400414e-07 2.437570000000000000e+05
4.157249463815624608e+02 1.527557823078649289e-05 9.039246404232730116e-07 3.302294606905835395e-07 2.479830000000000000e+05
4.178218199778140161e+02 1.513740638001999672e-05 8.589778017397734795e-07 4.664048657034249298e-07 2.502730000000000000e+05
4.199166506307261102e+02 1.493009257800040189e-05 7.060049496545909278e-07 5.617250897703191991e-07 2.523730000000000000e+05
4.220107143757512631e+02 1.472234923969275357e-05 7.702562031890473848e-07 4.174432520828418360e-07 2.554470000000000000e+05
4.241054294906687687e+02 1.462855678438378379e-05 6.616815577757478883e-07 4.483009046189743632e-07 2.570890000000000000e+05
4.262013850195404530e+02 1.447580755966452822e-05 7.256964591213635816e-07 4.290738454236197469e-07 2.612370000000000000e+05
4.282955296445312570e+02 1.432915429308216565e-05 8.183879501911583821e-07 5.582992543906591758e-07 2.616670000000000000e+05
4.303918066888609815e+02 1.412817745126655549e-05 7.940831157331351775e-07 4.605127819447124314e-07 2.668890000000000000e+05
4.324885754579240142e+02 1.395901566700673377e-05 7.553484860047987704e-07 4.405116920173381972e-07 2.670490000000000000e+05
4.345806090039813512e+02 1.374610609159499888e-05 6.763734350723073719e-07 4.400731396750417433e-07 2.705770000000000000e+05
4.366724409742538455e+02 1.366726048005544614e-05 7.494394785966465456e-07 3.464839246644830102e-07 2.726430000000000000e+05
4.387671492209622102e+02 1.347338610965216618e-05 7.540258871837470610e-07 5.031658031922682674e-07 2.762050000000000000e+05
4.408622534544343239e+02 1.329369724436739720e-05 6.570027837148492775e-07 4.008062505802560587e-07 2.781690000000000000e+05
4.429551641509581259e+02 1.317240563597296015e-05 6.861496614686370991e-07 5.359031927424108914e-07 2.808190000000000000e+05
4.450482683181851371e+02 1.302994173489034804e-05 5.815811320913130376e-07 6.175094091125591929e-07 2.836290000000000000e+05
4.471468387574249732e+02 1.286506374395538048e-05 5.676030845992513959e-07 6.537433514134808361e-07 2.877370000000000000e+05
4.492436228056981236e+02 1.271617855322612384e-05 5.584611170482434113e-07 7.638987493206587411e-07 2.882290000000000000e+05
4.513338633316258210e+02 1.263712438706544446e-05 5.879766357653065209e-07 8.384654895844219869e-07 2.915190000000000000e+05
4.534275364325927740e+02 1.250856018482986652e-05 6.281506227746253975e-07 9.990900750141784735e-07 2.946970000000000000e+05
4.555218954858658549e+02 1.235982226458910643e-05 5.232898821945669270e-07 1.036094905494027269e-06 2.968170000000000000e+05
4.576171661608108252e+02 1.232689130878347658e-05 5.435628419229287542e-07 1.037751405731675583e-06 3.007390000000000000e+05
4.597117909764672277e+02 1.220434795125914991e-05 4.887829056322381134e-07 1.133307546400713784e-06 3.019210000000000000e+05
4.618031890496856704e+02 1.202943323912110321e-05 4.503103628317474468e-07 1.067477662149588152e-06 3.054570000000000000e+05
4.638995470730997681e+02 1.195169843970948264e-05 5.541271984329486087e-07 1.165311069503120323e-06 3.088390000000000000e+05
4.659948171464902202e+02 1.184280787937488135e-05 5.330852337822200344e-07 1.290311633560158676e-06 3.106410000000000000e+05
4.680892944697272355e+02 1.172388664736380494e-05 3.926630768368375406e-07 1.268644057106089880e-06 3.144850000000000000e+05
4.701849264949563576e+02 1.163786657276035127e-05 5.618584879276902244e-07 1.349033101678778775e-06 3.161130000000000000e+05
4.722792778491551076e+02 1.156484768021834134e-05 5.318541204174402341e-07 1.482011383695651915e-06 3.202750000000000000e+05
4.743727257290456691e+02 1.142770343854285395e-05 4.408401069969595619e-07 1.480707635254264599e-06 3.211090000000000000e+05
4.764659337214132506e+02 1.133900989766421867e-05 4.820823029025330594e-07 1.538589283162265845e-06 3.261210000000000000e+05
4.785623072742623663e+02 1.124479032295531144e-05 5.269268401934653354e-07 1.630850773581300044e-06 3.277270000000000000e+05
4.806590405897664482e+02 1.113494143358059847e-05 3.555269380150889039e-07 1.592862110782823206e-06 3.318210000000000000e+05
4.827512226177773869e+02 1.102890048646189283e-05 4.015014051010702508e-07 1.817308158278873211e-06 3.324970000000000000e+05
4.848441163240574951e+02 1.100551077472828087e-05 4.828568495809689155e-07 1.776449081047115470e-06 3.373530000000000000e+05
4.869397730506265702e+02 1.092442098707255511e-05 4.496453428776673203e-07 1.930604712327238404e-06 3.395590000000000000e+05
4.890367881340087592e+02 1.083640423918717559e-05 4.101538673352155142e-07 1.946403826220450298e-06 3.433090000000000000e+05
4.911309696496539914e+02 1.076169386448474637e-05 3.725603577863402508e-07 2.011312196598909363e-06 3.447570000000000000e+05
4.932233217478662368e+02 1.067562987383282160e-05 3.492956152234458219e-07 2.124431700253683983e-06 3.487030000000000000e+05
4.953187148676144602e+02 1.059880860297831938e-05 3.681203027887836302e-07 2.042707622740515439e-06 3.512610000000000000e+05
4.974112035877049607e+02 1.056049310246823104e-05 3.241910976589343545e-07 2.298839658943704381e-06 3.540610000000000000e+05
4.995008234599932848e+02 1.049013866528909459e-05 3.552683370507408538e-07 2.331716085673136511e-06 3.561150000000000000e+05
5.015952506837274996e+02 1.047887623615924848e-05 3.618416547404723717e-07 2.439536911633079476e-06 3.616690000000000000e+05
5.036919972981919500e+02 1.038882184058825844e-05 3.549970137477179701e-07 2.372816989216285705e-06 3.628930000000000000e+05
5.057872116617206757e+02 1.031246618408647538e-05 3.954485277631406479e-07 2.528659449362762399e-06 3.671010000000000000e+05
5.078828569897101488e+02 1.028007777193102218e-05 4.599639064031939083e-07 2.629554287373863056e-06 3.694390000000000000e+05
5.099793452386306853e+02 1.019311269520466843e-05 4.289321589471282168e-07 2.739257809200050043e-06 3.732570000000000000e+05
5.120767256379639321e+02 1.018677348483851813e-05 3.330365888923334147e-07 2.762707052817393141e-06 3.759490000000000000e+05
5.141702395931293950e+02 1.014054760848048754e-05 3.608128718439835210e-07 3.026604409323556596e-06 3.780430000000000000e+05
5.162613210276599602e+02 1.008325107206184955e-05 3.792518997464409203e-07 2.976019963206450372e-06 3.811170000000000000e+05
5.183576899265503926e+02 1.003867492675272347e-05 3.670425071341298095e-07 3.119320012925211653e-06 3.864490000000000000e+05
5.204524416424112587e+02 9.997852067457221081e-06 3.180036914837205157e-07 3.169829048529910631e-06 3.863970000000000000e+05
5.225430403510470114e+02 9.976970513312371792e-06 3.890398125686427589e-07 3.357172548665430529e-06 3.913150000000000000e+05
5.246378991347941110e+02 9.958482048595036117e-06 3.801172407525038441e-07 3.540970867742280751e-06 3.943050000000000000e+05
5.267345150769579050e+02 9.926220734585011746e-06 4.347039614936681296e-07 3.712713869111690462e-06 3.980770000000000000e+05
5.288284644781792849e+02 9.900251553966757471e-06 4.124152821170854384e-07 3.886471617560593333e-06 3.999190000000000000e+05
5.309200047543351957e+02 9.882037194383177831e-06 3.772195272670885105e-07 3.881576453473023277e-06 4.031130000000000000e+05
5.330154787982235121e+02 9.889809934498959568e-06 3.693907983076123337e-07 4.153854495612694449e-06 4.082290000000000000e+05
5.351140455458262295e+02 9.890381997478649018e-06 4.092333900067126643e-07 4.405193317731074120e-06 4.103130000000000000e+05
5.372065894545165747e+02 9.826205419754025666e-06 2.960170340515364100e-07 4.052587341682283865e-06 4.102750000000000000e+05
5.392990561174625554e+02 9.761443670410636976e-06 3.490340503848547366e-07 3.269456864123082366e-06 4.093020000000000000e+05
5.413942361800155822e+02 9.709321299517944360e-06 3.594511788726679669e-07 2.515617973974352139e-06 4.077820000000000000e+05
5.434880266486542268e+02 9.637227897553492522e-06 3.772844553388559688e-07 1.970642251437220073e-06 4.058980000000000000e+05
5.455827489438945577e+02 9.554525214866596810e-06 3.778137674973217094e-07 1.347197235581933891e-06 4.043220000000000000e+05
5.476767127561543020e+02 9.482542914148876076e-06 3.809176236105292308e-07 5.694819708193086463e-07 4.026280000000000000e+05
5.497693602110763322e+02 9.375098386589383420e-06 3.950418782327635476e-07 -1.414944040110137239e-08 3.997920000000000000e+05
5.518640828781375376e+02 9.314523493923297168e-06 3.849583222848709728e-07 -5.516780545026265542e-07 4.002640000000000000e+05
5.539594253277234657e+02 9.259936514296024628e-06 3.904638380950560652e-07 -1.186087199050069817e-06 3.963360000000000000e+05
5.560560799784258279e+02 9.173699224139834638e-06 4.161360600861111370e-07 -1.701378307044233866e-06 3.969640000000000000e+05
5.581498537014841759e+02 9.123546361882950442e-06 3.769258712442190060e-07 -2.180040675968325675e-06 3.918340000000000000e+05
5.602404618770235629e+02 9.054035171757858849e-06 3.854839858172428890e-07 -2.796766138994776499e-06 3.917040000000000000e+05
5.623373847462706863e+02 8.996643172987835112e-06 4.208335827438558779e-07 -3.240665033047800030e-06 3.907360000000000000e+05
5.644358269329779887e+02 8.941479875378632002e-06 3.495759739329331932e-07 -3.728270593757181703e-06 3.882660000000000000e+05
5.665268810116216400e+02 8.847445709089676955e-06 3.236927839225999783e-07 -4.129807940258374952e-06 3.839200000000000000e+05
5.686205978146614370e+02 8.811624521485806385e-06 3.097496188255606835e-07 -4.571966803309802704e-06 3.856120000000000000e+05
5.707172413959774531e+02 8.726903227886964826e-06 2.973689540369424811e-07 -5.057837094858822983e-06 3.807900000000000000e+05
5.728117953900567727e+02 8.652877137849918106e-06 3.138634961448550834e-07 -5.381389806000654253e-06 3.809500000000000000e+05
5.749061489786814718e+02 8.585366267984876257e-06 3.342236435344396378e-07 -5.822206263957029794e-06 3.765360000000000000e+05
5.769983061453493747e+02 8.513495108987473905e-06 2.575412493904522180e-07 -6.078890621476157993e-06 3.758500000000000000e+05
5.790954534396886402e+02 8.466923014539040794e-06 2.605351673640849035e-07 -6.451724634146876988e-06 3.745800000000000000e+05
5.811887675251532528e+02 8.393471613501214408e-06 2.639722940956906461e-07 -6.794992869573770402e-06 3.697240000000000000e+05
5.832786692590009352e+02 8.350076807584851834e-06 2.728026669381744770e-07 -7.167175102000054488e-06 3.694540000000000000e+05
5.853744262304652466e+02 8.329332589748081263e-06 2.533220918337190280e-07 -7.417183053160596751e-06 3.672900000000000000e+05
5.874702053520854861e+02 8.272075079446740301e-06 2.765858201394629108e-07 -7.778856416605867894e-06 3.649120000000000000e+05
5.895645263196835231e+02 8.213257362939533935e-06 2.444558540982954225e-07 -8.057765816229274712e-06 3.627360000000000000e+05
5.916589161290351058e+02 8.186687038768017158e-06 2.674318002224768279e-07 -8.368525254344547516e-06 3.599260000000000000e+05
5.937545405354702552e+02 8.115478451331831431e-06 2.222141006055798786e-07 -8.649946169985794786e-06 3.591180000000000000e+05
5.958485825352667007e+02 8.058349205272345736e-06 2.061545966161854720e-07 -8.882017053790912533e-06 3.543400000000000000e+05
5.979424307662475258e+02 8.008547097387319917e-06 2.518650978134580901e-07 -9.133410670875791873e-06 3.547300000000000000e+05
6.000359072472176649e+02 7.982641603109395849e-06 2.521474838924948662e-07 -9.544782340173582852e-06 3.494820000000000000e+05
6.021303046355956212e+02 7.946375680515935108e-06 1.834396776976228467e-07 -9.678916228624113131e-06 3.499900000000000000e+05
6.042248380914445534e+02 7.893972365039313930e-06 1.703313202083722634e-07 -9.887367532875905701e-06 3.451500000000000000e+05
6.063178784116851148e+02 7.882501972479435341e-06 1.801168852146103064e-07 -1.008660241807659401e-05 3.441700000000000000e+05
6.084128343028867221e+02 7.879721636923169614e-06 1.656199673556922521e-07 -1.032064820019774011e-05 3.414340000000000000e+05
6.105078954002700584e+02 7.824823829791274427e-06 1.982114968841125820e-07 -1.053021019043708796e-05 3.388500000000000000e+05
6.126034696602193890e+02 7.763419021053487946e-06 2.217304263408559289e-07 -1.069342507810976329e-05 3.366040000000000000e+05
6.146988087070261599e+02 7.729878260028913268e-06 2.253536244507012881e-07 -1.089403043243171032e-05 3.339600000000000000e+05
6.167923071676593736e+02 7.685081306503369728e-06 1.667714663812346283e-07 -1.099511278945297765e-05 3.307600000000000000e+05
6.188869153128759990e+02 7.642170191857643985e-06 1.798606207922752546e-07 -1.124736891283803150e-05 3.291900000000000000e+05
6.209811993625415880e+02 7.626208689868616621e-06 1.713144287237378641e-07 -1.137604538688734590e-05 3.253720000000000000e+05
6.230740163913213792e+02 7.589498527538362477e-06 1.379910718462003676e-07 -1.152588072910232150e-05 3.236140000000000000e+05
6.251692711909930722e+02 7.549145321195101161e-06 1.838135419750129651e-07 -1.172491562162057274e-05 3.208740000000000000e+05
6.272649983552782942e+02 7.493414295605542146e-06 1.755748522012685027e-07 -1.177716205343186734e-05 3.180760000000000000e+05
6.293592710458332249e+02 7.456008144691700826e-06 1.900773697193290494e-07 -1.196854202537840364e-05 3.153660000000000000e+05
6.314508150052482733e+02 7.443397344949300596e-06 1.759008079324164319e-07 -1.212889513043155561e-05 3.116620000000000000e+05
6.335459896170088996e+02 7.401027488317886945e-06 2.086516744038796723e-07 -1.227791384150770427e-05 3.110280000000000000e+05
6.356427790761956658e+02 7.350832910168626625e-06 1.478254494680973291e-07 -1.236217417269165142e-05 3.064960000000000000e+05
6.377340719528424415e+02 7.316940475501461036e-06 1.538627422542255272e-07 -1.238721884150689905e-05 3.036940000000000000e+05
6.398274114846987004e+02 7.298250738463450575e-06 1.489097550915941585e-07 -1.252714133622679382e-05 3.019080000000000000e+05
6.419233685823935502e+02 7.263611837656081079e-06 1.593364405723058571e-07 -1.274221028168322109e-05 2.981560000000000000e+05
6.440216367839542499e+02 7.231670933019348833e-06 1.582966729607232770e-07 -1.280124892711113037e-05 2.972040000000000000e+05
6.461135705040136372e+02 7.238273858908990491e-06 1.442990915142939209e-07 -1.299420660844538715e-05 2.903800000000000000e+05
6.482027620419783034e+02 7.194926255460490713e-06 1.252506652801403615e-07 -1.304351611265037109e-05 2.906340000000000000e+05
6.502989538008154113e+02 7.210726883012843195e-06 1.566361775511107183e-07 -1.325432902128061060e-05 2.865940000000000000e+05
6.523960399107609192e+02 7.160877077062898212e-06 1.362258708669966634e-07 -1.326439590850876482e-05 2.843980000000000000e+05
6.544916973579389605e+02 7.139302187620108562e-06 1.558010434732717750e-07 -1.334991727000233701e-05 2.808840000000000000e+05
6.565851093673111336e+02 7.114745061228962028e-06 1.380344421983558916e-07 -1.349503752175071981e-05 2.772460000000000000e+05
6.586804591655151171e+02 7.131728674063891997e-06 1.535229856635197019e-07 -1.364574462086408217e-05 2.754660000000000000e+05
6.607775344549748979e+02 7.084140241591351221e-06 1.149160967145564506e-07 -1.367031865540044480e-05 2.715280000000000000e+05
6.628705731018673077e+02 7.026920530178386141e-06 1.817258048167503539e-07 -1.378098731834627111e-05 2.680480000000000000e+05
6.649626428961414604e+02 7.037118143558165270e-06 1.433123641997497217e-07 -1.391584117974895184e-05 2.654580000000000000e+05
6.670576804481555655e+02 7.029538390965637805e-06 1.741231811413676002e-07 -1.405388851029311179e-05 2.618920000000000000e+05
6.691508741625193579e+02 7.044264219112943750e-06 1.496526999005010981e-07 -1.414480881765678488e-05 2.591340000000000000e+05
6.712424062066879742e+02 7.024200021235361223e-06 1.410283840103234529e-07 -1.429518125782387595e-05 2.549260000000000000e+05
6.733370267950843981e+02 7.027634632153967414e-06 1.536818578869780913e-07 -1.437677542505996850e-05 2.533140000000000000e+05
6.754346842769356272e+02 7.018195617179910302e-06 1.201203905153640461e-07 -1.446422233512314224e-05 2.493460000000000000e+05
6.775291194257562211e+02 7.003647584406432648e-06 1.778030388526809890e-07 -1.461490702766679684e-05 2.456800000000000000e+05
6.796203345896714154e+02 7.019525246036917697e-06 1.636703264324545775e-07 -1.473581143460144526e-05 2.424420000000000000e+05
6.817149665035004773e+02 6.995603427806101170e-06 9.591594386125832472e-08 -1.473022385215592747e-05 2.393860000000000000e+05
6.838122787538907232e+02 6.983604066658145095e-06 1.624142387249742331e-07 -1.488759007541583143e-05 2.365440000000000000e+05
6.859079406781141870e+02 6.993988817808707101e-06 1.130516183390664180e-07 -1.491821845929536367e-05 2.322940000000000000e+05
6.880014878013496400e+02 6.998696651627494114e-06 1.416289226573555215e-07 -1.508480291147156362e-05 2.290440000000000000e+05
6.900975947368352763e+02 6.997573025806245359e-06 9.667590494566429003e-08 -1.511582698594172544e-05 2.263000000000000000e+05
6.921949061753139176e+02 6.983073290875340356e-06 1.268335580432255148e-07 -1.523659928520669615e-05 2.219380000000000000e+05
6.942847476892718532e+02 6.997755758469849990e-06 1.387351239524403484e-07 -1.535391760845623312e-05 2.182620000000000000e+05
6.963741971262456900e+02 7.014988630757104529e-06 1.625705564566931770e-07 -1.557692240403556294e-05 2.145940000000000000e+05
6.984724339261314299e+02 7.005152225546720898e-06 9.749171977198090161e-08 -1.552499535068582382e-05 2.128920000000000000e+05
7.005676815460799389e+02 7.031367067824150562e-06 1.279730690607306106e-07 -1.576764924223153321e-05 2.071900000000000000e+05
7.026575777886681635e+02 7.026549767136854464e-06 1.174633002279080986e-07 -1.581194602561917489e-05 2.043540000000000000e+05
7.047519322523187384e+02 7.017994060471763076e-06 1.746391347266802487e-07 -1.594791180809967447e-05 2.012320000000000000e+05
7.068459632832323223e+02 6.996958013080307339e-06 1.606711403701407998e-07 -1.604868530624709648e-05 1.966000000000000000e+05
7.089402502640591592e+02 7.079488957256886678e-06 1.622102039182584025e-07 -1.626629453666218674e-05 1.942380000000000000e+05
7.110355673471533464e+02 7.089049409575912307e-06 1.864051558510964161e-07 -1.644696988722206744e-05 1.895260000000000000e+05
7.131333730770313650e+02 7.068051107891070955e-06 2.132283426027124662e-07 -1.648344683108281670e-05 1.868280000000000000e+05
7.152297995286576224e+02 7.135342795518414255e-06 1.774564069571517184e-07 -1.665276826974670870e-05 1.822960000000000000e+05
7.173192989414097838e+02 7.121702739695065729e-06 1.283006499987944400e-07 -1.667638367449919207e-05 1.777480000000000000e+05
7.194134444897839558e+02 7.121886645033773846e-06 1.639697027669439533e-07 -1.678944481878669485e-05 1.758060000000000000e+05
7.215101603067968199e+02 7.116122167678589418e-06 2.154120463545977222e-07 -1.700617916314394544e-05 1.704700000000000000e+05
7.236057227625441328e+02 7.130045281749597647e-06 1.823952259062109921e-07 -1.704745651054155882e-05 1.676460000000000000e+05
7.256997099768309454e+02 7.162185747403993929e-06 1.417580854603512980e-07 -1.717697524849914808e-05 1.631200000000000000e+05
7.277922467555420099e+02 7.140984775640025976e-06 1.480149730378818812e-07 -1.730270768007173042e-05 1.589820000000000000e+05
7.298848421535342368e+02 7.229727567858911045e-06 1.909642104797630970e-07 -1.760253510780317274e-05 1.558780000000000000e+05
7.319793806126314166e+02 7.170652007502068494e-06 1.516429229153648008e-07 -1.763305199837697407e-05 1.510300000000000000e+05
7.340724095566490632e+02 7.241493472522112032e-06 8.887085092073104797e-08 -1.769210019617307070e-05 1.479480000000000000e+05
7.361661669496161267e+02 7.238564678837364506e-06 8.713166917319968835e-08 -1.794194650422212278e-05 1.432480000000000000e+05
7.382645748820824565e+02 7.260378101320325891e-06 6.591951845170735391e-08 -1.800056601789235339e-05 1.401240000000000000e+05
7.403586061146017983e+02 7.277515407819546598e-06 6.160953907944716651e-08 -1.822463362560212806e-05 1.352020000000000000e+05
7.424460406642261887e+02 7.224376071125457376e-06 5.449000822327148860e-08 -1.828540981156356193e-05 1.306620000000000000e+05
7.445426408783455372e+02 7.268974838086734248e-06 7.300677128396652799e-08 -1.849532719941570245e-05 1.285780000000000000e+05
7.466429299010975456e+02 7.241924512384945182e-06 3.784305268149159428e-08 -1.862904195209742953e-05 1.225660000000000000e+05
7.487336140757349767e+02 7.216363419903597412e-06 1.025886114375124339e-07 -1.876495547963347464e-05 1.193040000000000000e+05
7.508270240678629079e+02 7.166769828612005831e-06 -5.875639247347253238e-09 -1.877490203756411981e-05 1.147000000000000000e+05
7.529199776701107112e+02 7.125514644021196976e-06 1.794541934304857602e-08 -1.897841442185268346e-05 1.105920000000000000e+05
7.550125888924296760e+02 7.118643359400664549e-06 3.129558196137013291e-08 -1.919545573742310239e-05 1.065100000000000000e+05
7.571013038148125815e+02 7.037360591520519149e-06 6.213807425754440497e-08 -1.932833184121300155e-05 1.017160000000000000e+05
7.591965760733420439e+02 6.994845055246110498e-06 3.810824017557989453e-08 -1.950419743011980747e-05 9.871500000000000000e+04
7.612994351408076454e+02 6.949519723876473049e-06 4.431953905168862829e-08 -1.966021628284757655e-05 9.461500000000000000e+04
7.633900040839596386e+02 6.999352206949820303e-06 -6.201181786013873492e-09 -1.990056207250597613e-05 9.051300000000000000e+04
7.654845246727142012e+02 6.976362453989163263e-06 7.259860340466180109e-08 -2.014999507825943553e-05 8.835100000000000000e+04
7.675845761735887436e+02 6.895193652364276594e-06 4.713278595431515940e-08 -2.008758159068855148e-05 8.455500000000000000e+04
7.696777532858808399e+02 6.943851597533575052e-06 4.618287302170962639e-08 -2.038991102147085489e-05 8.170900000000000000e+04
7.717689134972549709e+02 6.911386490712668458e-06 -5.832244674012890173e-09 -2.037729201597590569e-05 7.872400000000000000e+04
7.738616343519329348e+02 6.849163335548195577e-06 3.756675170788155894e-08 -2.041581375223072009e-05 7.623300000000000000e+04
7.759586162661141771e+02 6.840157412554423142e-06 1.693366589460657958e-08 -2.051529669046768455e-05 7.356100000000000000e+04
7.780518126648190673e+02 6.832580042503182299e-06 2.689247790095351955e-08 -2.061294519219197924e-05 7.083000000000000000e+04
7.801397895704053553e+02 6.831665697999075927e-06 2.227421007572292130e-08 -2.074466958024770628e-05 6.823000000000000000e+04
7.822357002276578442e+02 6.825961492874366725e-06 -1.436148048384319526e-08 -2.081990983584932896e-05 6.649800000000000000e+04
7.843344305330714405e+02 6.820290784775006533e-06 3.321989345229905484e-08 -2.102016059743915444e-05 6.358600000000000000e+04
7.864299648164494556e+02 6.851258463948806222e-06 4.272822093387550426e-08 -2.120389434178678528e-05 6.177400000000000000e+04
7.885179589970517782e+02 6.893102744808877413e-06 -3.257023864450442770e-08 -2.138346098405228675e-05 5.879400000000000000e+04
7.906085952377693502e+02 6.855905212355111504e-06 1.746976363130657035e-08 -2.143681027000545201e-05 5.754700000000000000e+04
7.927136344001445423e+02 6.919473000334649890e-06 -2.805814565808619651e-08 -2.168595559357628706e-05 5.535000000000000000e+04
7.948093641956113515e+02 6.912162721261864736e-06 -3.183714017849095239e-08 -2.176049140174063704e-05 5.302300000000000000e+04
7.968975274777668574e+02 6.990552578328562558e-06 -3.745981119356214458e-08 -2.209847299192538880e-05 5.109900000000000000e+04
7.989960461285467090e+02 6.976977711334441224e-06 2.192088934929369878e-08 -2.223787685896947479e-05 4.955500000000000000e+04
8.011011828091563984e+02 7.029437743352028796e-06 4.754841745589396285e-09 -2.247441566915326416e-05 4.765900000000000000e+04
8.031910245513622613e+02 6.996103427759196970e-06 -1.049681623654177784e-08 -2.243731688502223593e-05 4.529100000000000000e+04
8.052769337949931696e+02 6.968227263126939692e-06 2.277442864135530860e-08 -2.249199028027288550e-05 4.399900000000000000e+04
8.073812855876360572e+02 6.997579129320204421e-06 3.658960164952746975e-08 -2.267432806798455909e-05 4.248300000000000000e+04
8.094766858512334693e+02 7.130348575573702899e-06 6.708584336483922795e-08 -2.323422806645523213e-05 4.032700000000000000e+04
8.115592562593724324e+02 7.064819579977193618e-06 5.353113256449236293e-08 -2.306236616917118032e-05 3.882700000000000000e+04
8.136567375259069195e+02 7.038119368855391850e-06 4.324575843383364384e-08 -2.310259436559757866e-05 3.768300000000000000e+04
8.157663270894909147e+02 7.105120315150311141e-06 5.163992169010283132e-08 -2.341572341404066831e-05 3.605500000000000000e+04
8.178563728186526305e+02 7.184804760012613720e-06 4.195507705821171945e-08 -2.371426554869120775e-05 3.409800000000000000e+04
8.199333460481224165e+02 7.231140870775161696e-06 1.496404628632444865e-08 -2.387650517181885579e-05 3.277900000000000000e+04
8.220364116349165897e+02 7.255293223689574920e-06 8.270679117746449023e-08 -2.412513610622807458e-05 3.199200000000000000e+04
8.241381024298764260e+02 7.309651095067399920e-06 3.595337629587697804e-08 -2.434086456728163175e-05 2.995900000000000000e+04
8.262211838965614561e+02 7.316268648763075391e-06 7.509941575817229533e-08 -2.446174570685506910e-05 2.882800000000000000e+04
8.283114387597532868e+02 7.358740883760201611e-06 9.247939208975499560e-08 -2.468686686450834088e-05 2.761500000000000000e+04
8.304142770377928855e+02 7.348995992903263371e-06 4.270325826383443600e-08 -2.465802878470746000e-05 2.648800000000000000e+04
8.325184587527894564e+02 7.405024448581909940e-06 3.495726642228564083e-08 -2.490714868960748510e-05 2.520300000000000000e+04
8.346012634025569241e+02 7.369820035249303906e-06 3.682088901900928246e-08 -2.482845341771649275e-05 2.365600000000000000e+04
8.366834844536283526e+02 7.524279637424024523e-06 -1.228217166442590550e-08 -2.536471071606955996e-05 2.288700000000000000e+04
8.387960511190381112e+02 7.535308131589548104e-06 3.914865009667516208e-08 -2.550191503945529436e-05 2.195200000000000000e+04
8.408989830964536623e+02 7.511396104595920755e-06 -6.507259528520164269e-09 -2.543848195452735596e-05 2.050000000000000000e+04
8.429707059924822943e+02 7.737697522900566018e-06 1.820329182203546417e-08 -2.626409554522153984e-05 1.932300000000000000e+04
8.450649836591013582e+02 7.721307255360830782e-06 -1.436997461087880063e-08 -2.624225106616498299e-05 1.881400000000000000e+04
8.471843383640474485e+02 7.682486617188645861e-06 2.796695539600822214e-08 -2.619264614480497464e-05 1.768800000000000000e+04
8.492778662800251368e+02 7.826342544110072028e-06 1.972998045448289528e-08 -2.671000891786483601e-05 1.650400000000000000e+04
8.513425754106416434e+02 7.995237165906211060e-06 3.301328290120925044e-08 -2.732932968765019522e-05 1.544400000000000000e+04
8.534452399857551654e+02 7.951486145199622847e-06 1.296569757236615194e-08 -2.723085826382258963e-05 1.515100000000000000e+04
8.555746058226856121e+02 8.072033534705777346e-06 -1.951907218184664627e-09 -2.766634694504505290e-05 1.403200000000000000e+04
8.576491711351226286e+02 8.194947482218198402e-06 1.201624241213120029e-08 -2.813081716119790330e-05 1.279200000000000000e+04
8.597041751021378104e+02 8.158402298927329310e-06 1.954449610774662303e-08 -2.805882849365662555e-05 1.225600000000000000e+04
8.618251653739599760e+02 8.406418857082387295e-06 5.179838950190296880e-10 -2.894055835253906707e-05 1.184400000000000000e+04
8.639500650156841175e+02 8.507911317224166179e-06 -2.626602580077912145e-08 -2.928390320405194205e-05 1.078000000000000000e+04
8.660197738272561310e+02 8.770518767475073810e-06 -5.186719396577337007e-09 -3.023816106650348531e-05 9.868000000000000000e+03
8.680990532976293252e+02 8.663651474045545490e-06 1.246394862553902618e-08 -2.993143648963671717e-05 9.486000000000000000e+03
8.702248325038777921e+02 9.033920905481777880e-06 -1.872645953531812164e-08 -3.122028753931203139e-05 8.824000000000000000e+03
8.723109447277366826e+02 8.968335071614354714e-06 -2.318156645405556099e-08 -3.100084758411064575e-05 7.896000000000000000e+03
8.743361816731862746e+02 9.046710041998886928e-06 2.752130937338863828e-08 -3.134003882280314839e-05 7.228000000000000000e+03
8.764658436495250271e+02 9.026594766429149212e-06 -1.393839972389274026e-08 -3.128214898323577862e-05 7.332000000000000000e+03
8.786368585693095383e+02 9.716917143835421944e-06 -1.523510876520117209e-08 -3.370197204884219685e-05 6.292000000000000000e+03
8.806765954142658757e+02 9.786658536975024897e-06 -6.269934960014521660e-08 -3.390544875327415912e-05 5.524000000000000000e+03
8.826798373970119655e+02 9.985885465753227091e-06 -2.878826131506172316e-08 -3.466172551995613717e-05 5.172000000000000000e+03
8.848469874314355366e+02 1.006382632457086832e-05 -1.503401645970914521e-08 -3.499298789193585750e-05 5.188000000000000000e+03
8.870600941920195055e+02 1.026851060904704577e-05 -1.497291246997671547e-09 -3.574261490273961123e-05 4.386000000000000000e+03
8.890650491529471537e+02 1.072032190231889321e-05 2.195794759156313858e-08 -3.733885478771795070e-05 3.520000000000000000e+03
8.910303003350863946e+02 1.072865402223820658e-05 2.211331126448079090e-08 -3.738748641502129131e-05 3.516000000000000000e+03
8.932439214818294886e+02 1.069238563739019398e-05 -8.623094319895013058e-09 -3.726254641019610491e-05 3.388000000000000000e+03
8.954889770077427329e+02 1.106209796940483440e-05 6.577368999454892377e-08 -3.865214358071672853e-05 2.800000000000000000e+03
8.973994521566129379e+02 1.146423671794472757e-05 -1.024738012444308232e-08 -3.996727375755965644e-05 1.932000000000000000e+03
8.993215590711535015e+02 1.161831176279678812e-05 3.763780155352278492e-08 -4.057761822952155294e-05 2.236000000000000000e+03
9.016306464564273710e+02 1.180162097965800546e-05 3.380065360572387955e-08 -4.124413935916437915e-05 2.013000000000000000e+03
9.039400877163226369e+02 1.222841223419975388e-05 3.970318565711179982e-08 -4.276694407659934339e-05 1.576000000000000000e+03
9.056993011289710012e+02 1.299565480488021959e-05 4.635808020250997834e-09 -4.539885705049361844e-05 8.460000000000000000e+02
9.075954821997991075e+02 1.203090714780145333e-05 -1.964791615636352416e-08 -4.202761208284975971e-05 1.228000000000000000e+03
9.099826156231260939e+02 1.332638481717423075e-05 6.332479709100069127e-08 -4.665457756855713299e-05 9.640000000000000000e+02
9.123550959351615575e+02 1.292289356703465004e-05 2.421078651746305723e-09 -4.519651478104520293e-05 7.170000000000000000e+02
9.141627346362355411e+02 1.429922924280899039e-05 1.644080971575735591e-08 -5.002508554579357608e-05 3.040000000000000000e+02
9.159577727906530527e+02 1.484530046283666629e-05 4.263295833844346408e-08 -5.197556650143733621e-05 4.440000000000000000e+02
9.183477127816340726e+02 1.386949381145308686e-05 -4.260308899615654794e-08 -4.848314679266706168e-05 2.920000000000000000e+02
9.207331147904719728e+02 1.712871082666114574e-05 -9.292446811995823116e-08 -5.984323132526744296e-05 1.720000000000000000e+02
9.226309293958033777e+02 2.452705396960164620e-05 2.456320469125341575e-08 -8.585888165102864935e-05 5.100000000000000000e+01
9.242773274894232145e+02 2.086643777688210397e-05 2.079568269927799326e-08 -7.304826848567540611e-05 5.200000000000000000e+01
9.265519372403930447e+02 1.639249834380121756e-05 1.326719623384273848e-08 -5.738579435413616647e-05 1.200000000000000000e+01
9.286652744879194188e+02 1.804544313070753045e-06 1.001723322663768426e-21 -6.315905095747638199e-06 1.000000000000000000e+00
