2.966547074898984615e+00 1.178282777429343203e-01 9.461735879318233441e-03 -9.356327048643819921e-02 1.300000000000000000e+01
5.026374055021858744e+00 2.960988286532248437e-02 4.412210309054548135e-05 -7.373024984503910410e-03 3.300000000000000000e+01
7.149300621522788113e+00 1.396412173191899364e-02 -1.262838261106240863e-03 -5.321162735932835446e-03 7.900000000000000000e+01
9.278869254964254409e+00 8.842972429514149232e-03 5.575682459072230091e-04 -9.631178555691966405e-04 1.170000000000000000e+02
1.145033261934470126e+01 4.811159825786970670e-03 6.916726213812070690e-04 7.675830845498332394e-04 2.050000000000000000e+02
1.349295587141915043e+01 3.993401689228652171e-03 7.335960440845437289e-04 5.784834482557779526e-04 2.350000000000000000e+02
1.558905561191892986e+01 2.997254348399716606e-03 6.813977121098078972e-04 6.370478865330437678e-04 3.690000000000000000e+02
1.769408367255316961e+01 2.422936404231792670e-03 7.419218894329037252e-04 5.145912125012903340e-04 4.330000000000000000e+02
1.981787480313529670e+01 1.893905837320075886e-03 3.250491075309775552e-04 3.988224230037432636e-04 5.850000000000000000e+02
2.192074938196263645e+01 1.500602928776270705e-03 3.187241319214617575e-04 5.677746825353116372e-04 6.790000000000000000e+02
2.398877635566245203e+01 1.343392432517052665e-03 3.584988393369890804e-04 3.739407357490707323e-04 8.130000000000000000e+02
2.609286971896115759e+01 1.144408290570016152e-03 2.609123439522946768e-04 1.401003553338103259e-04 9.850000000000000000e+02
2.823466315278179550e+01 1.024500370469407992e-03 4.384476764633040043e-04 4.764098260254702585e-04 1.183000000000000000e+03
3.032284873509123102e+01 9.053199515220930211e-04 2.143367631156572561e-04 2.782168984217694551e-04 1.269000000000000000e+03
3.240263258943403457e+01 8.612098038063538755e-04 2.872938361512089697e-04 2.487355522232486652e-04 1.537000000000000000e+03
3.449210129864554375e+01 7.462246127394305678e-04 1.843947042129915736e-04 3.056594055886710016e-04 1.653000000000000000e+03
3.658588147515196454e+01 7.020021343256497431e-04 1.842598292763841740e-04 2.356155574887365436e-04 1.963000000000000000e+03
3.868476949266977272e+01 6.274944636680429046e-04 1.507928045488500838e-04 2.068225444858290429e-04 2.121000000000000000e+03
4.078898888458283523e+01 5.926958251892108700e-04 1.471732549134759159e-04 2.253456278440839106e-04 2.413000000000000000e+03
4.289390876967645738e+01 5.524399997866127118e-04 1.512175769318050767e-04 1.475963738938855800e-04 2.635000000000000000e+03
4.498336005546935468e+01 5.037784405490259437e-04 1.284100754545742823e-04 1.817788712291389423e-04 2.877000000000000000e+03
4.706498529473824988e+01 4.908674377890046752e-04 1.344713361846458977e-04 8.507496882268989825e-05 3.169000000000000000e+03
4.917111919158227096e+01 4.495384080019577174e-04 1.224715029789581527e-04 1.538139394309544271e-04 3.507000000000000000e+03
5.126216914174227668e+01 4.232374441884857166e-04 9.962088646109514651e-05 9.710650240445419521e-05 3.685000000000000000e+03
5.335525146837034072e+01 4.069975339787552352e-04 9.683399731334842761e-05 1.263940585105449840e-04 4.165000000000000000e+03
5.546637228956934251e+01 3.777317067286159696e-04 9.718741022892304568e-05 1.150745795867373037e-04 4.377000000000000000e+03
5.757318819254808773e+01 3.569289140311354561e-04 8.997516943465111536e-05 1.155704901200813538e-04 4.855000000000000000e+03
5.965884044590281121e+01 3.446937184305012619e-04 7.755153245731630555e-05 1.139746809779606834e-04 4.929000000000000000e+03
6.174512302159506305e+01 3.235966684989186526e-04 5.854710390414043247e-05 7.121047891366773339e-05 5.581000000000000000e+03
6.382689291137189969e+01 3.022623189016425340e-04 5.705102812305324982e-05 7.756965362997339053e-05 5.679000000000000000e+03
6.592966228838450604e+01 2.894451411214670421e-04 3.046647308432490469e-05 6.686860818706377794e-05 6.385000000000000000e+03
6.803125784825746791e+01 2.794132485749449731e-04 3.836242734332238018e-05 7.582713124826155799e-05 6.553000000000000000e+03
7.013131008699485847e+01 2.665957013007416590e-04 2.926448559012317506e-05 5.103542468212731635e-05 7.125000000000000000e+03
7.223032366074338029e+01 2.575803833601012427e-04 2.315240708422089042e-05 5.651872178567563789e-05 7.447000000000000000e+03
7.432334270720505742e+01 2.428551559896246104e-04 3.076149940431338028e-05 6.469433359989186592e-05 7.929000000000000000e+03
7.642066756954473306e+01 2.307042016357036093e-04 3.306310887752803121e-05 3.826300371779534792e-05 8.353000000000000000e+03
7.850471694556040347e+01 2.246398266393312610e-04 2.544078744962122255e-05 5.672697987917282983e-05 8.775000000000000000e+03
8.059701946059529121e+01 2.168208193885585511e-04 2.401156293891193750e-05 4.671517534752533409e-05 9.313000000000000000e+03
8.269521798132063850e+01 2.079105633819156159e-04 2.142404832911450749e-05 4.062613400833155181e-05 9.841000000000000000e+03
8.478307522909847194e+01 1.998196112053685493e-04 2.717359836677399538e-05 4.426644408137604149e-05 1.019100000000000000e+04
8.687780839616016237e+01 1.917370963911577077e-04 2.406877213099480650e-05 3.656060314541198763e-05 1.089700000000000000e+04
8.897524569656535220e+01 1.861719083967561760e-04 1.984126416308246607e-05 3.460897044978606014e-05 1.130100000000000000e+04
9.108077810470518898e+01 1.789371098304375486e-04 1.475911849481511953e-05 3.937307620108055153e-05 1.202500000000000000e+04
9.318432266948052245e+01 1.733292154397502209e-04 1.580019097737819314e-05 3.232348348936025785e-05 1.242300000000000000e+04
9.527887641048309320e+01 1.645685684696908630e-04 1.501472080958222927e-05 3.421033342486880951e-05 1.302100000000000000e+04
9.736254237981037818e+01 1.591221523995092844e-04 8.125238566134660527e-06 3.834814113809823085e-05 1.340500000000000000e+04
9.944832814799407572e+01 1.548535859700175875e-04 7.809298759870806806e-06 2.619010575738981960e-05 1.424700000000000000e+04
1.015460879802399035e+02 1.474434521906125683e-04 -5.127344768396972152e-07 3.159501968338272276e-05 1.471300000000000000e+04
1.036426375667732316e+02 1.441494302364024584e-04 5.072543721079113536e-06 2.607889634508990753e-05 1.548900000000000000e+04
1.057389390539465950e+02 1.409700823607504901e-04 4.042366545421754347e-06 2.426765627334074511e-05 1.591300000000000000e+04
1.078395855981474227e+02 1.364822128203047535e-04 5.393667481984905146e-06 2.385498302452560991e-05 1.687900000000000000e+04
1.099389405850131709e+02 1.316091274052579810e-04 2.296839250313472545e-06 1.516810310974862195e-05 1.719300000000000000e+04
1.120392143152385387e+02 1.280232404947679844e-04 2.800260228331340061e-06 2.012623367198786357e-05 1.815700000000000000e+04
1.141233458569757744e+02 1.218442561545892333e-04 -1.897018510419990723e-06 2.288525547903440060e-05 1.833900000000000000e+04
1.162159397555423084e+02 1.205289556634299512e-04 -1.587943642460759711e-07 1.628522985005465991e-05 1.957300000000000000e+04
1.183137204803772420e+02 1.156331920851303628e-04 3.264055072968003530e-06 8.042096831054139475e-06 1.994100000000000000e+04
1.203972311807013256e+02 1.135434464386619245e-04 3.104152641268849433e-06 1.394919694133158292e-05 2.062900000000000000e+04
1.224922363187857286e+02 1.100460403294484902e-04 3.956970652623156453e-06 1.071515070538608581e-05 2.165500000000000000e+04
1.245882598425863534e+02 1.060714926968989126e-04 2.212815009612468704e-06 1.065772277131145926e-05 2.211300000000000000e+04
1.266884677158377315e+02 1.028651593117935463e-04 -1.616072215986802998e-07 4.444190503419252204e-06 2.318500000000000000e+04
1.287846620419940962e+02 1.005024196586205788e-04 8.158205074571185304e-07 7.560663109285596847e-06 2.366700000000000000e+04
1.308713393788149801e+02 9.641922621236745459e-05 6.413451568547080320e-07 7.510832335334457130e-06 2.438500000000000000e+04
1.329754833440644575e+02 9.375106508154620833e-05 2.687448230026239524e-06 6.696900542301630815e-06 2.574900000000000000e+04
1.350691081525609434e+02 9.188965731915732993e-05 3.138177726778195602e-06 8.104696587072252010e-06 2.567500000000000000e+04
1.371638825856825576e+02 8.961719414360014172e-05 1.836361024019759978e-06 8.186783621294048226e-06 2.740900000000000000e+04
1.392604757372163533e+02 8.668892515467089730e-05 2.332607853487771038e-06 7.669096396084472934e-06 2.740500000000000000e+04
1.413466882908376760e+02 8.263031018942891147e-05 4.263747947199683687e-06 5.712177722842932033e-06 2.871700000000000000e+04
1.434475230090064031e+02 8.055232956031597807e-05 1.268562544336856098e-07 5.148949299685282004e-06 2.959500000000000000e+04
1.455452853418541679e+02 7.778703150577747142e-05 2.299388650568435418e-06 4.346808889406696084e-06 3.030100000000000000e+04
1.476332061073587738e+02 7.495169979664457669e-05 1.685070881185482964e-06 4.993257521418907423e-06 3.110100000000000000e+04
1.497211472843286231e+02 7.366054090887764842e-05 1.390057390252555635e-06 2.485090878189815725e-06 3.202300000000000000e+04
1.518138048751577287e+02 7.183141078359618203e-05 1.611611756664524909e-06 3.739152591325199874e-06 3.297700000000000000e+04
1.539211490100352648e+02 6.919167165478466860e-05 3.759525063743186847e-06 6.086367393350135956e-06 3.444900000000000000e+04
1.560214747341236716e+02 6.760351759494191931e-05 2.624478202940119693e-06 3.711887396782872323e-06 3.454900000000000000e+04
1.581161747588121784e+02 6.580729090358945429e-05 3.088333931799379390e-06 7.031105031940042929e-07 3.611100000000000000e+04
1.602118712271799836e+02 6.370858175136087729e-05 2.783472718058856973e-06 1.839090165914400762e-06 3.654100000000000000e+04
1.623006419462898862e+02 6.268265670466472187e-05 2.568060653449307695e-06 2.757187774134260605e-06 3.771700000000000000e+04
1.643899033199985240e+02 6.099970558415192690e-05 1.164657864530129422e-06 1.698913640140424596e-06 3.861900000000000000e+04
1.664835582381511756e+02 5.923371660751727694e-05 1.444511858975033098e-06 2.762482626653686343e-06 3.966100000000000000e+04
1.685719683778473552e+02 5.807713995621653771e-05 2.650344246202309635e-06 1.270930328800246961e-06 4.054500000000000000e+04
1.706641332089364766e+02 5.627248136741331587e-05 1.704717985370358463e-06 3.403089480516045540e-06 4.181500000000000000e+04
1.727708699256135390e+02 5.487427417727138487e-05 1.039116919987978380e-06 2.863662344101194167e-06 4.312500000000000000e+04
1.748696546009699659e+02 5.333751264194479843e-05 6.906039754152841834e-07 3.599491559167571483e-06 4.368100000000000000e+04
1.769585769494445344e+02 5.267342245023476903e-05 1.235487091967143427e-06 3.115654210995537942e-06 4.462900000000000000e+04
1.790524509315575301e+02 5.123644092360659492e-05 3.547973013739502006e-07 3.573068399210858656e-06 4.622700000000000000e+04
1.811526521261263554e+02 4.968061241928778648e-05 2.516904752900841851e-06 2.048400769249707731e-06 4.690900000000000000e+04
1.832476884130738881e+02 4.890057167147297313e-05 4.318776174871666170e-07 1.224625828810223630e-06 4.823700000000000000e+04
1.853312475833926101e+02 4.763763585095872997e-05 1.487803752666135535e-06 3.374647466919854778e-06 4.858300000000000000e+04
1.874284892203218931e+02 4.620684646365869178e-05 1.071428394525955901e-06 1.166187842771250494e-06 5.099700000000000000e+04
1.895337179075755216e+02 4.493468294495928621e-05 9.587089386450884860e-07 1.040058190827486348e-06 5.139700000000000000e+04
1.916268196474026126e+02 4.422646387946816267e-05 9.781186522929398929e-07 1.678033888432355441e-06 5.248900000000000000e+04
1.937183403446852878e+02 4.322808830736570604e-05 2.135812818300544300e-06 2.207356045026449385e-06 5.378700000000000000e+04
1.958131498886989164e+02 4.254493026662731870e-05 1.243630586897247212e-06 1.728748884418449887e-06 5.491300000000000000e+04
1.979058740098966211e+02 4.110989136886432181e-05 7.504119239438465848e-07 1.833486310168971847e-06 5.597700000000000000e+04
1.999990651597893816e+02 4.016686698667793322e-05 6.424758950012817775e-07 1.863693611686708726e-06 5.741500000000000000e+04
2.020893038374759101e+02 3.942303435085278137e-05 1.022106767815747160e-06 2.741511143184020244e-06 5.810500000000000000e+04
2.041823192148177952e+02 3.889530832452317945e-05 9.269556516142559421e-07 5.571827895038275545e-07 6.003300000000000000e+04
2.062825911013838152e+02 3.809817628602824209e-05 3.664935462319399551e-07 1.734078928307155590e-06 6.094900000000000000e+04
2.083770189145966185e+02 3.694411038772020219e-05 1.196907715175860410e-06 9.350150415152251295e-07 6.223500000000000000e+04
2.104675816794403431e+02 3.623839339611065083e-05 9.956733612434481588e-07 1.714225438540722103e-06 6.322900000000000000e+04
2.125667854244018145e+02 3.550821979726359378e-05 5.669361841802841809e-07 6.820758642309198249e-07 6.513300000000000000e+04
2.146619261104851830e+02 3.455346867073002517e-05 8.432801734391286774e-07 7.162584443073601487e-07 6.570700000000000000e+04
2.167561805722037036e+02 3.374871003583985963e-05 1.253596497302411621e-07 1.177140934634822148e-06 6.756100000000000000e+04
2.188528705899679210e+02 3.307823782723164026e-05 6.021074932850618391e-07 3.492594095213456744e-07 6.850500000000000000e+04
2.209456427453084473e+02 3.223130761219326933e-05 3.367311482066388825e-07 9.528750119685701061e-07 6.994300000000000000e+04
2.230395148320731096e+02 3.157451504454239478e-05 6.928777053095799353e-07 9.704377858247244404e-07 7.109700000000000000e+04
2.251356732858534997e+02 3.094291616337903041e-05 5.289359668394478216e-07 1.547568861803304479e-06 7.302100000000000000e+04
2.272278504864401327e+02 3.022142171413621457e-05 4.716891106954021495e-07 1.480960975429479252e-06 7.331700000000000000e+04
2.293197511287232544e+02 2.978899393458714795e-05 2.999892627526831628e-07 1.100388981537449636e-06 7.579900000000000000e+04
2.314114772346510165e+02 2.939844409725202005e-05 6.719582265221270039e-08 1.499513135370533824e-06 7.602100000000000000e+04
2.335058467478245632e+02 2.870517179723092502e-05 7.102038392823354006e-07 1.478766313547454777e-06 7.875300000000000000e+04
2.356041652202905539e+02 2.831625929150713395e-05 9.216480094722799237e-07 1.097154084442006931e-06 7.929100000000000000e+04
2.377006336558306998e+02 2.764903841789699923e-05 7.322166990297009635e-07 1.097417139745234927e-06 8.112900000000000000e+04
2.397972750390475198e+02 2.717034863038668424e-05 5.211729881742496463e-07 9.586830661514367957e-07 8.244100000000000000e+04
2.418944602532704096e+02 2.668023940850891917e-05 6.698701892991900361e-07 1.052345252106323286e-06 8.394900000000000000e+04
2.439884227569783093e+02 2.603980710542562384e-05 7.558523376099766313e-07 3.470283887218224527e-07 8.512300000000000000e+04
2.460835996828307373e+02 2.587211931052950991e-05 4.337400572275081922e-07 1.229422319220641073e-06 8.692900000000000000e+04
2.481755280705312146e+02 2.513515122307068248e-05 4.384279847107839737e-07 1.121648720402271303e-06 8.778900000000000000e+04
2.502623700647570217e+02 2.455101053653032327e-05 5.309081443494022270e-07 1.388414076832226115e-06 8.962300000000000000e+04
2.523586155105348325e+02 2.397936038026924146e-05 4.361767329460311763e-07 5.079869585871907289e-07 9.134100000000000000e+04
2.544547077866985489e+02 2.367715153284587930e-05 2.875866254729142531e-07 9.388327529060479830e-07 9.284500000000000000e+04
2.565487653287422063e+02 2.332270696525031611e-05 2.165794771329446333e-07 8.400792434196037068e-07 9.408700000000000000e+04
2.586464955058470991e+02 2.293113380970139480e-05 3.552717570965131030e-07 3.668502181735809029e-07 9.633300000000000000e+04
2.607443047329861656e+02 2.263469671421366241e-05 4.521627815819655505e-07 6.603243845186554201e-07 9.724900000000000000e+04
2.628438312173413465e+02 2.217468804220131949e-05 2.720136588182361497e-07 2.393153903637691595e-07 9.950100000000000000e+04
2.649298855659840228e+02 2.188551745950041081e-05 5.499180729775161867e-07 3.002851612674041923e-07 9.928300000000000000e+04
2.670163698864117805e+02 2.130206748111140413e-05 3.500473394651281020e-07 -2.943075781910837129e-08 1.025370000000000000e+05
2.691121353909120444e+02 2.110545886749137288e-05 3.906490477516179727e-07 1.794539531835770552e-07 1.034770000000000000e+05
2.712076496124621485e+02 2.074892061447897946e-05 4.808830754825173340e-07 4.208734677995509928e-07 1.057510000000000000e+05
2.733050999653678446e+02 2.032882444524838450e-05 6.130831630448382387e-07 3.304123093951283929e-07 1.068690000000000000e+05
2.753984212130929450e+02 1.990764915154108537e-05 5.667064822818385869e-07 9.331243797522626759e-08 1.086970000000000000e+05
2.774965690026801326e+02 1.963396854634900173e-05 5.369743424590591386e-07 3.107482619409316232e-07 1.105770000000000000e+05
2.795986436403592279e+02 1.935823154938254591e-05 6.351480135112958330e-07 -2.365995741814476699e-07 1.125550000000000000e+05
2.816878213234347754e+02 1.896124177676410986e-05 5.317773228106873338e-07 1.307018381617720393e-07 1.125930000000000000e+05
2.837760955854215581e+02 1.862242493911025207e-05 5.238743708534010090e-07 -3.354517574491442731e-07 1.155730000000000000e+05
2.858732754634002617e+02 1.815911480383254438e-05 4.518852175196783432e-07 8.437169105847595199e-08 1.172830000000000000e+05
2.879686159020804439e+02 1.793766596169539106e-05 5.749687268388070434e-07 -1.047451854757985751e-07 1.185810000000000000e+05
2.900612915162532204e+02 1.766497727450450108e-05 5.283934571777945207e-07 -2.643006035722217048e-07 1.206250000000000000e+05
2.921547032025089266e+02 1.729376873528605500e-05 3.078921498873329216e-07 -1.158082511749069147e-07 1.219350000000000000e+05
2.942501291133244763e+02 1.697291074924366309e-05 3.928665763216911131e-07 -3.580579499310509818e-07 1.244410000000000000e+05
2.963444256131289194e+02 1.681947813285533932e-05 3.328537176734008311e-07 -2.376457830989983087e-08 1.255170000000000000e+05
2.984361415704375418e+02 1.655725426558834175e-05 5.550905321516939133e-07 -1.951097563647240687e-07 1.273570000000000000e+05
3.005318840555698330e+02 1.620722323338775084e-05 4.597029051373146517e-07 -1.403667919804213516e-07 1.298950000000000000e+05
3.026277776031609505e+02 1.596230468145831002e-05 5.936151327704350840e-07 7.846104443915221651e-08 1.307010000000000000e+05
3.047248035439953924e+02 1.574789327906132296e-05 4.161655897000602773e-07 -2.634944335553823239e-07 1.339210000000000000e+05
3.068210272572537747e+02 1.560883427677032796e-05 4.560057291575053366e-07 -1.462629959807841241e-08 1.341870000000000000e+05
3.089144805088236581e+02 1.532845217045305399e-05 2.488294576749783485e-07 -2.672900110047607951e-07 1.371250000000000000e+05
3.110108065784975793e+02 1.503374549582138407e-05 3.664056438446355603e-07 -2.418238194485143355e-07 1.384570000000000000e+05
3.131088595191292256e+02 1.482168589010070138e-05 3.697452607370323220e-07 -1.653747251253603123e-07 1.409370000000000000e+05
3.151991603466065044e+02 1.453778716621532953e-05 4.127935272270494200e-07 -1.425513647434045681e-07 1.413670000000000000e+05
3.172886672848389935e+02 1.440028564526549181e-05 3.414648181381988738e-07 -1.572509822012453641e-07 1.443810000000000000e+05
3.193804418510612209e+02 1.419546104028011972e-05 3.270990469041503817e-07 -2.855659065730362257e-08 1.455490000000000000e+05
3.214783648369701723e+02 1.405086168785201525e-05 2.406975145557931221e-07 1.885635469619904468e-08 1.491390000000000000e+05
3.235785211189415804e+02 1.375953061461359958e-05 3.075479947341253614e-07 -1.012548181716651141e-07 1.496410000000000000e+05
3.256693589483342635e+02 1.368451730449457078e-05 4.872177745568067062e-07 -7.375218082392922569e-08 1.518250000000000000e+05
3.277607775121137479e+02 1.344022300837482490e-05 3.827753946197099618e-07 -4.218210108858855137e-08 1.534530000000000000e+05
3.298523230655557654e+02 1.323059482329884717e-05 3.739414499890103738e-07 -7.618412677563201008e-08 1.558870000000000000e+05
3.319485433973702015e+02 1.307973887226705496e-05 3.028925978298036404e-07 -2.006473611349100834e-07 1.581210000000000000e+05
3.340454035812790607e+02 1.288686646485479740e-05 2.555522246823037825e-07 6.853075760825827561e-08 1.598410000000000000e+05
3.361349417783784475e+02 1.278272869401842268e-05 2.060862111323271739e-07 3.717001122732305106e-08 1.611750000000000000e+05
3.382313832787477850e+02 1.255044656402016624e-05 1.672068079207273657e-07 1.358499039704259618e-07 1.646770000000000000e+05
3.403308518124323996e+02 1.241493486121255494e-05 5.904883988816274282e-08 8.344638069553107948e-08 1.660570000000000000e+05
3.424246601457981001e+02 1.225297444994082512e-05 1.271283821674260490e-07 1.514628855843568245e-07 1.677030000000000000e+05
3.445197272986724215e+02 1.211326947647773881e-05 4.296555740402455489e-08 2.749173538156099930e-07 1.702690000000000000e+05
3.466158524641982694e+02 1.187459592672072724e-05 5.443448588313257363e-08 1.363086073900434888e-07 1.722570000000000000e+05
3.487089916477683005e+02 1.167538461186195876e-05 2.354744716137942156e-07 2.372728142230496063e-07 1.736530000000000000e+05
3.508011456036761615e+02 1.153767792670006199e-05 1.153136906401651576e-07 4.609083553695164467e-08 1.766190000000000000e+05
3.528935682172028692e+02 1.142105681568898545e-05 1.572153990104890076e-07 4.334051477515604220e-08 1.775650000000000000e+05
3.549881110219296829e+02 1.130217767480569952e-05 1.909079182459328646e-07 7.508160195061816027e-08 1.812850000000000000e+05
3.570855924802784216e+02 1.110978644776508377e-05 2.706693129099599449e-07 1.343821771084139426e-07 1.825470000000000000e+05
3.591813496003592832e+02 1.097180095084692874e-05 8.250474229501118657e-08 2.145682149166021204e-08 1.849930000000000000e+05
3.612749400626811394e+02 1.082052130048408925e-05 1.865760459665565161e-07 1.162855581179211455e-07 1.867770000000000000e+05
3.633693413142722193e+02 1.075324723467857995e-05 1.681225835255608874e-07 9.597358027449405774e-08 1.890730000000000000e+05
3.654632219855477047e+02 1.056580124130664993e-05 2.487389455539675153e-07 9.974471607358961326e-08 1.914910000000000000e+05
3.675603773529471141e+02 1.045624312117336306e-05 1.942509164822886718e-07 -4.899599580393295210e-08 1.938450000000000000e+05
3.696543491982932892e+02 1.031361094948255090e-05 1.951512283730460732e-07 7.049042559553152524e-08 1.951810000000000000e+05
3.717418094879196815e+02 1.022626748109641174e-05 2.345744447870583452e-07 -5.940456006893722589e-08 1.973190000000000000e+05
3.738340425382559147e+02 1.003574046785510840e-05 2.206425172438063313e-07 2.126239286723980359e-07 2.002330000000000000e+05
3.759308579415973099e+02 9.916692273066643376e-06 2.635150181391304555e-07 1.174123243939814308e-07 2.030370000000000000e+05
3.780298508894609313e+02 9.812370784018655228e-06 1.393814527846798288e-07 1.462707215485758263e-07 2.048710000000000000e+05
3.801213498834686106e+02 9.692792883169186669e-06 2.973067813364927086e-07 5.886473564906232523e-08 2.062210000000000000e+05
3.822130601069931117e+02 9.522850715014900120e-06 3.505944067632324967e-07 1.985509494040568868e-07 2.095290000000000000e+05
3.843141376638832867e+02 9.426266303518812038e-06 3.669253812385521032e-07 2.138391192312465010e-07 2.125450000000000000e+05
3.864096355836928751e+02 9.317572446958693647e-06 3.009455444311052409e-07 1.977657009739189551e-07 2.132070000000000000e+05
3.885029072957560174e+02 9.225197679259723111e-06 3.492860472474944842e-07 3.079835333098124519e-07 2.165770000000000000e+05
3.905976920854033665e+02 9.114671288293291283e-06 3.625155252550688438e-07 2.327163997423762519e-07 2.181930000000000000e+05
3.926958121232195822e+02 8.992657351731514042e-06 2.819308461504317633e-07 1.675141117557131930e-07 2.221510000000000000e+05
3.947892180838422291e+02 8.922445236299155616e-06 3.109838378012901422e-07 2.245540312502752537e-07 2.216410000000000000e+05
3.968782140997554961e+02 8.781548989789861030e-06 3.490414747568732854e-07 2.415523174729517812e-07 2.261730000000000000e+05
3.989707362781335291e+02 8.727795915787754411e-06 3.543612581148761588e-07 3.571662531251846683e-07 2.269810000000000000e+05
4.010671924513820272e+02 8.620916759339806995e-06 3.184132632193465750e-07 2.268532822235306353e-07 2.319030000000000000e+05
4.031622814805685380e+02 8.561160631497296747e-06 2.551157221874667781e-07 2.291570314155924789e-07 2.314930000000000000e+05
4.052546340249365926e+02 8.446683973924640801e-06 2.466600674375028848e-07 3.973465311892286002e-07 2.360410000000000000e+05
4.073499183903821859e+02 8.401918332460469962e-06 2.495955419955207707e-07 3.300170092343205898e-07 2.372310000000000000e+05
4.094468722071623006e+02 8.283801971902316933e-06 2.747729948530513541e-07 4.172973672672913999e-07 2.409250000000000000e+05
4.115443288589775648e+02 8.230178229176985950e-06 2.865998299639393234e-07 4.256864784440387893e-07 2.427690000000000000e+05
4.136340823922854497e+02 8.106324341801182095e-06 2.980317472110859179e-07 4.745765043395532500e-07 2.437570000000000000e+05
4.157249463815624608e+02 8.029785722430820709e-06 2.674320478880376738e-07 3.905982016848717214e-07 2.479830000000000000e+05
4.178218199778140161e+02 7.958661332585081707e-06 2.313892669668397957e-07 5.452709075415482049e-07 2.502730000000000000e+05
4.199166506307261102e+02 7.896666557852082799e-06 2.165218014968606373e-07 5.383479385087929294e-07 2.523730000000000000e+05
4.220107143757512631e+02 7.771260015704727959e-06 2.654606704013418306e-07 5.520979129453769896e-07 2.554470000000000000e+05
4.241054294906687687e+02 7.698678391595590947e-06 2.470762462789769193e-07 6.450899747358363940e-07 2.570890000000000000e+05
4.262013850195404530e+02 7.619069630632693569e-06 2.631774041781172756e-07 6.775143609038607815e-07 2.612370000000000000e+05
4.282955296445312570e+02 7.537191998905232161e-06 2.884082578291517145e-07 6.809121130486452237e-07 2.616670000000000000e+05
4.303918066888609815e+02 7.480382853669692986e-06 2.715045740192225506e-07 6.411448192923796202e-07 2.668890000000000000e+05
4.324885754579240142e+02 7.398860464320349716e-06 3.377390812820026331e-07 6.537192755026379507e-07 2.670490000000000000e+05
4.345806090039813512e+02 7.301191699156520818e-06 3.023639812414266286e-07 7.248908184429331991e-07 2.705770000000000000e+05
4.366724409742538455e+02 7.250849683311969873e-06 3.292413304499653513e-07 6.765897017190787998e-07 2.726430000000000000e+05
4.387671492209622102e+02 7.167689674447566728e-06 3.709863997603167075e-07 7.933815042762264744e-07 2.762050000000000000e+05
4.408622534544343239e+02 7.141501801308453201e-06 3.317046476986073189e-07 6.919778359234795380e-07 2.781690000000000000e+05
4.429551641509581259e+02 7.058270103519636405e-06 3.139344909595537978e-07 7.762709339908924921e-07 2.808190000000000000e+05
4.450482683181851371e+02 6.990528410723121092e-06 3.509657544988786644e-07 6.868455716052925636e-07 2.836290000000000000e+05
4.471468387574249732e+02 6.924206464451014835e-06 3.410714510574223674e-07 7.726798460390009752e-07 2.877370000000000000e+05
4.492436228056981236e+02 6.861763522962982989e-06 3.153310392957168992e-07 8.031495044089755543e-07 2.882290000000000000e+05
4.513338633316258210e+02 6.794159279299109658e-06 3.439603435800121015e-07 8.658392656340354583e-07 2.915190000000000000e+05
4.534275364325927740e+02 6.749182923682061102e-06 3.429978542114870656e-07 8.960769319440204948e-07 2.946970000000000000e+05
4.555218954858658549e+02 6.682887573405280410e-06 3.097543634522769765e-07 9.450711570466705027e-07 2.968170000000000000e+05
4.576171661608108252e+02 6.627262894810584619e-06 3.126495183633239126e-07 9.727784632671075412e-07 3.007390000000000000e+05
4.597117909764672277e+02 6.578900922351124358e-06 3.375155038686170540e-07 1.075470274093608651e-06 3.019210000000000000e+05
4.618031890496856704e+02 6.518195391839382993e-06 3.328972304416032015e-07 1.069728477571920211e-06 3.054570000000000000e+05
4.638995470730997681e+02 6.483251532164950542e-06 2.957756223718332955e-07 1.092387873598894715e-06 3.088390000000000000e+05
4.659948171464902202e+02 6.433148071233690323e-06 3.455218868048923156e-07 1.156039842163972797e-06 3.106410000000000000e+05
4.680892944697272355e+02 6.370298211802017582e-06 3.523284697835181129e-07 1.108739278877776473e-06 3.144850000000000000e+05
4.701849264949563576e+02 6.318306261340595209e-06 3.469839856369095938e-07 1.105455005405957255e-06 3.161130000000000000e+05
4.722792778491551076e+02 6.288050633730342249e-06 3.321693924259261837e-07 1.170143536704462463e-06 3.202750000000000000e+05
4.743727257290456691e+02 6.246939940228389623e-06 3.594688872504725805e-07 1.224421183914511991e-06 3.211090000000000000e+05
4.764659337214132506e+02 6.203664256376189711e-06 3.344312997915163016e-07 1.304240346388710377e-06 3.261210000000000000e+05
4.785623072742623663e+02 6.167033438521463080e-06 3.459498628680886774e-07 1.283151502081747885e-06 3.277270000000000000e+05
4.806590405897664482e+02 6.109933689566600098e-06 3.522926216312606925e-07 1.267391361247039100e-06 3.318210000000000000e+05
4.827512226177773869e+02 6.057384914740061083e-06 3.799217011347969882e-07 1.364917080790881616e-06 3.324970000000000000e+05
4.848441163240574951e+02 6.048370180886867438e-06 3.713433154042232831e-07 1.420438448814954447e-06 3.373530000000000000e+05
4.869397730506265702e+02 6.004532167489032957e-06 3.696937265247633147e-07 1.443309909823413287e-06 3.395590000000000000e+05
4.890367881340087592e+02 5.948295447670973312e-06 4.017274639766648216e-07 1.498034469853431526e-06 3.433090000000000000e+05
4.911309696496539914e+02 5.923740193523433469e-06 3.978759272561174138e-07 1.587849237496000953e-06 3.447570000000000000e+05
4.932233217478662368e+02 5.900403226345405561e-06 3.773271638938653296e-07 1.632684596371222435e-06 3.487030000000000000e+05
4.953187148676144602e+02 5.842047902009670202e-06 3.735622913652333710e-07 1.629204676019695235e-06 3.512610000000000000e+05
4.974112035877049607e+02 5.795214264722963882e-06 3.594697181513953453e-07 1.685463580651891190e-06 3.540610000000000000e+05
4.995008234599932848e+02 5.776602737105314962e-06 3.617987000138125858e-07 1.844532691632853025e-06 3.561150000000000000e+05
5.015952506837274996e+02 5.748044491338258787e-06 4.081317866329175329e-07 1.869881320388391377e-06 3.616690000000000000e+05
5.036919972981919500e+02 5.716180525438460658e-06 3.854302115512905488e-07 1.868043789216041759e-06 3.628930000000000000e+05
5.057872116617206757e+02 5.691777409532776922e-06 3.530231120968460216e-07 1.966260403993089974e-06 3.671010000000000000e+05
5.078828569897101488e+02 5.658245735586227989e-06 3.814504647807511435e-07 1.977453386176283878e-06 3.694390000000000000e+05
5.099793452386306853e+02 5.633456568581992459e-06 3.660478958096930478e-07 2.050454044090015726e-06 3.732570000000000000e+05
5.120767256379639321e+02 5.617496722503047544e-06 3.641861522762928283e-07 2.095378520056562628e-06 3.759490000000000000e+05
5.141702395931293950e+02 5.617691506746673006e-06 4.587939564969385050e-07 2.178247721137244700e-06 3.780430000000000000e+05
5.162613210276599602e+02 5.575692888810305038e-06 4.302968413387783023e-07 2.137804994497108181e-06 3.811170000000000000e+05
5.183576899265503926e+02 5.569148853738303396e-06 4.464674731188664021e-07 2.234533745104198887e-06 3.864490000000000000e+05
5.204524416424112587e+02 5.536525877045603419e-06 4.620390710996979932e-07 2.373495904379794945e-06 3.863970000000000000e+05
5.225430403510470114e+02 5.523422280401042845e-06 4.414176936939256942e-07 2.386467218058448054e-06 3.913150000000000000e+05
5.246378991347941110e+02 5.526894400286080706e-06 4.796851941424646015e-07 2.539957311851443528e-06 3.943050000000000000e+05
5.267345150769579050e+02 5.478608088395259514e-06 4.792193909192627652e-07 2.538149926755369950e-06 3.980770000000000000e+05
5.288284644781792849e+02 5.491905519637656672e-06 4.817808623364678707e-07 2.691574022515845803e-06 3.999190000000000000e+05
5.309200047543351957e+02 5.469807228226128241e-06 4.732188737148359722e-07 2.770305844458382462e-06 4.031130000000000000e+05
5.330154787982235121e+02 5.453023502865487306e-06 5.127483136457104778e-07 2.785615744103712407e-06 4.082290000000000000e+05
5.351140455458262295e+02 5.462779037805019800e-06 4.786547050544566835e-07 2.999821128488863418e-06 4.103130000000000000e+05
5.372065894545165747e+02 5.438136406185462737e-06 4.557154658475365818e-07 2.756636013970975132e-06 4.102750000000000000e+05
5.392990561174625554e+02 5.400215152501962202e-06 3.910433843298305331e-07 2.243034846778802688e-06 4.093020000000000000e+05
5.413942361800155822e+02 5.337175397499319063e-06 3.593034970353175426e-07 1.758244922155976525e-06 4.077820000000000000e+05
5.434880266486542268e+02 5.295054014351669206e-06 2.789468895686341657e-07 1.379005225232859364e-06 4.058980000000000000e+05
5.455827489438945577e+02 5.255384446583543253e-06 2.361184641640287635e-07 1.028023906436474011e-06 4.043220000000000000e+05
5.476767127561543020e+02 5.190028727919738009e-06 2.634031959183575010e-07 6.209326034924410878e-07 4.026280000000000000e+05
5.497693602110763322e+02 5.165261896832343880e-06 2.418771051741137365e-07 2.736198420932357689e-07 3.997920000000000000e+05
5.518640828781375376e+02 5.103457599560715018e-06 2.292919551725183585e-07 -1.008838056347399540e-07 4.002640000000000000e+05
5.539594253277234657e+02 5.070008596278833933e-06 2.358358150949006836e-07 -4.345746353471806317e-07 3.963360000000000000e+05
5.560560799784258279e+02 5.031439526424836398e-06 2.175671772591958261e-07 -7.638331989464287017e-07 3.969640000000000000e+05
5.581498537014841759e+02 4.986784099825327169e-06 2.419427812016970580e-07 -1.062495350139782947e-06 3.918340000000000000e+05
5.602404618770235629e+02 4.969101058376614373e-06 1.900188515796117992e-07 -1.369083229042098585e-06 3.917040000000000000e+05
5.623373847462706863e+02 4.928193772692346471e-06 2.188424767244288205e-07 -1.661476443068025520e-06 3.907360000000000000e+05
5.644358269329779887e+02 4.894483725220254444e-06 1.755600759471048599e-07 -1.918156009207354612e-06 3.882660000000000000e+05
5.665268810116216400e+02 4.856245599216816832e-06 1.259446962605268630e-07 -2.149943287061089239e-06 3.839200000000000000e+05
5.686205978146614370e+02 4.804205703080120562e-06 1.606492820343127376e-07 -2.377220395206752118e-06 3.856120000000000000e+05
5.707172413959774531e+02 4.793157538171145585e-06 1.155938625984822048e-07 -2.590434050679659094e-06 3.807900000000000000e+05
5.728117953900567727e+02 4.733222886310557075e-06 1.196019615999472215e-07 -2.802377457918569874e-06 3.809500000000000000e+05
5.749061489786814718e+02 4.712194069899590436e-06 1.277961791449727619e-07 -3.077211266907565255e-06 3.765360000000000000e+05
5.769983061453493747e+02 4.687267526023104666e-06 1.417200938074490538e-07 -3.215517812017398680e-06 3.758500000000000000e+05
5.790954534396886402e+02 4.659729185600595413e-06 1.379713336280417129e-07 -3.390402574890516646e-06 3.745800000000000000e+05
5.811887675251532528e+02 4.627656108770303824e-06 8.850387401500721605e-08 -3.573692788650325502e-06 3.697240000000000000e+05
5.832786692590009352e+02 4.593621460060322164e-06 1.097911820786315561e-07 -3.820929382666948857e-06 3.694540000000000000e+05
5.853744262304652466e+02 4.556669265270603872e-06 1.423928459690238137e-07 -4.015492402297465369e-06 3.672900000000000000e+05
5.874702053520854861e+02 4.522707451245840244e-06 1.583411478045097282e-07 -4.201772745949390813e-06 3.649120000000000000e+05
5.895645263196835231e+02 4.495302790433071993e-06 1.294738196724943609e-07 -4.297316721382728779e-06 3.627360000000000000e+05
5.916589161290351058e+02 4.463873842135309624e-06 9.138219500902788552e-08 -4.490934554816200362e-06 3.599260000000000000e+05
5.937545405354702552e+02 4.453107726506249622e-06 7.255122025909069229e-08 -4.605730229877075591e-06 3.591180000000000000e+05
5.958485825352667007e+02 4.411514751786780811e-06 6.720352629970481927e-08 -4.768420185920724610e-06 3.543400000000000000e+05
5.979424307662475258e+02 4.394810375099476278e-06 1.100565691376366623e-07 -4.910515640903484114e-06 3.547300000000000000e+05
6.000359072472176649e+02 4.378308464238943199e-06 8.524611933688980798e-08 -5.021089247092637180e-06 3.494820000000000000e+05
6.021303046355956212e+02 4.350220235418609723e-06 7.548431593275246378e-08 -5.148215436801945158e-06 3.499900000000000000e+05
6.042248380914445534e+02 4.316501316325369279e-06 6.039597824362433750e-08 -5.275119099638105115e-06 3.451500000000000000e+05
6.063178784116851148e+02 4.304392416218554242e-06 7.256167089844265134e-08 -5.406230883563173060e-06 3.441700000000000000e+05
6.084128343028867221e+02 4.280030257911103006e-06 7.780135244239947444e-08 -5.506690896571167180e-06 3.414340000000000000e+05
6.105078954002700584e+02 4.267461768979461069e-06 6.975459769836257024e-08 -5.644877089665278472e-06 3.388500000000000000e+05
6.126034696602193890e+02 4.224430279533751025e-06 7.138674239334454436e-08 -5.724305675702255454e-06 3.366040000000000000e+05
6.146988087070261599e+02 4.195221953044812694e-06 6.554707407748940794e-08 -5.829950139251473657e-06 3.339600000000000000e+05
6.167923071676593736e+02 4.173478158088880552e-06 6.169755918961429685e-08 -5.937889611962653838e-06 3.307600000000000000e+05
6.188869153128759990e+02 4.155154288959998162e-06 4.311305743693529395e-08 -6.006706115360958717e-06 3.291900000000000000e+05
6.209811993625415880e+02 4.126226766908992016e-06 9.081446362087768528e-08 -6.105540592614819818e-06 3.253720000000000000e+05
6.230740163913213792e+02 4.128237852827069449e-06 2.995543353813946843e-08 -6.161589724703563358e-06 3.236140000000000000e+05
6.251692711909930722e+02 4.112572964040837144e-06 6.412973833072293732e-08 -6.304955997550599503e-06 3.208740000000000000e+05
6.272649983552782942e+02 4.090830132692466699e-06 7.646780277932930266e-08 -6.412282136886132831e-06 3.180760000000000000e+05
6.293592710458332249e+02 4.070744120275125411e-06 4.353039012320322381e-08 -6.432436941551108951e-06 3.153660000000000000e+05
6.314508150052482733e+02 4.042001929844158243e-06 4.569425038668399934e-08 -6.506729015239605933e-06 3.116620000000000000e+05
6.335459896170088996e+02 4.034039648243486904e-06 5.449729296641900722e-08 -6.593375572461935514e-06 3.110280000000000000e+05
6.356427790761956658e+02 4.026924684525448108e-06 3.545579878679156546e-08 -6.633124230180446055e-06 3.064960000000000000e+05
6.377340719528424415e+02 4.010561334629088732e-06 5.994418429372376526e-08 -6.771078078735586866e-06 3.036940000000000000e+05
6.398274114846987004e+02 4.006990298743905930e-06 7.409442605362807630e-08 -6.854892903248042153e-06 3.019080000000000000e+05
6.419233685823935502e+02 3.986784861380002406e-06 4.723071134915225337e-08 -6.897545685198835953e-06 2.981560000000000000e+05
6.440216367839542499e+02 3.972153065743418111e-06 3.697174150879256970e-08 -6.962228211003624424e-06 2.972040000000000000e+05
6.461135705040136372e+02 3.941282292073111220e-06 3.565373075326207496e-08 -7.002875991684136812e-06 2.903800000000000000e+05
6.482027620419783034e+02 3.948354363451448139e-06 1.723224694914608179e-08 -7.065890806103954953e-06 2.906340000000000000e+05
6.502989538008154113e+02 3.947330924089862824e-06 9.718929279233690118e-09 -7.145686618167169990e-06 2.865940000000000000e+05
6.523960399107609192e+02 3.924274713299342209e-06 2.985747051997449277e-08 -7.221446229914299957e-06 2.843980000000000000e+05
6.544916973579389605e+02 3.916461712107184107e-06 1.129016006095703399e-08 -7.238271329741642864e-06 2.808840000000000000e+05
6.565851093673111336e+02 3.908422552355009501e-06 7.105894165119658292e-09 -7.303975980582076359e-06 2.772460000000000000e+05
6.586804591655151171e+02 3.903375590748812218e-06 8.227605228262021087e-09 -7.354506058892072453e-06 2.754660000000000000e+05
6.607775344549748979e+02 3.893269396924269653e-06 4.839332624570647029e-09 -7.420895957836561095e-06 2.715280000000000000e+05
6.628705731018673077e+02 3.882583736280922053e-06 7.462252520628609299e-09 -7.477130742863986183e-06 2.680480000000000000e+05
6.649626428961414604e+02 3.873762303452935010e-06 3.288193810404385244e-08 -7.533703475586187856e-06 2.654580000000000000e+05
6.670576804481555655e+02 3.880694406651891166e-06 -5.367413666308703403e-09 -7.578437637180171732e-06 2.618920000000000000e+05
6.691508741625193579e+02 3.878727084412491719e-06 1.094447413890301684e-09 -7.644597397786304308e-06 2.591340000000000000e+05
6.712424062066879742e+02 3.875893266903255979e-06 3.895667798813685557e-10 -7.712339626214701047e-06 2.549260000000000000e+05
6.733370267950843981e+02 3.875410686395778896e-06 1.401096956272811255e-08 -7.771097265058001159e-06 2.533140000000000000e+05
6.754346842769356272e+02 3.864150393851840003e-06 -1.584199334422906697e-10 -7.814215432945827212e-06 2.493460000000000000e+05
6.775291194257562211e+02 3.873748515077155154e-06 6.853828321455168752e-09 -7.874808423066090733e-06 2.456800000000000000e+05
6.796203345896714154e+02 3.854232683805868372e-06 -3.475624423834808369e-09 -7.897741934078004607e-06 2.424420000000000000e+05
6.817149665035004773e+02 3.847308699779293073e-06 -2.759106192111616766e-08 -7.933125234631064284e-06 2.393860000000000000e+05
6.838122787538907232e+02 3.847036847396154041e-06 -2.041424800215513935e-08 -7.974704318145608200e-06 2.365440000000000000e+05
6.859079406781141870e+02 3.859165521164136362e-06 -3.403451247991322756e-08 -8.032645031914169997e-06 2.322940000000000000e+05
6.880014878013496400e+02 3.855955275023310008e-06 -4.422276830990316736e-08 -8.085604886305736830e-06 2.290440000000000000e+05
6.900975947368352763e+02 3.839927505468017470e-06 -2.327637970083917445e-08 -8.149673010164483857e-06 2.263000000000000000e+05
6.921949061753139176e+02 3.830412201830529671e-06 -2.052507167725379859e-08 -8.204235326189691945e-06 2.219380000000000000e+05
6.942847476892718532e+02 3.823787396878456328e-06 -1.847914016219255330e-08 -8.212758454536907735e-06 2.182620000000000000e+05
6.963741971262456900e+02 3.842176768319520984e-06 -1.249325915584786798e-08 -8.326305253063116352e-06 2.145940000000000000e+05
6.984724339261314299e+02 3.851548324518372997e-06 -1.830886852764969134e-08 -8.346927618026358495e-06 2.128920000000000000e+05
7.005676815460799389e+02 3.858192085027443603e-06 -2.111707032474521126e-08 -8.421193599513300394e-06 2.071900000000000000e+05
7.026575777886681635e+02 3.850381053925522620e-06 -6.230129228667002614e-08 -8.385779494667899644e-06 2.043540000000000000e+05
7.047519322523187384e+02 3.853151724249294095e-06 -1.197844089811881399e-08 -8.553394753374730816e-06 2.012320000000000000e+05
7.068459632832323223e+02 3.857662076146379577e-06 -1.372071081053263603e-08 -8.632800768813325262e-06 1.966000000000000000e+05
7.089402502640591592e+02 3.873675678719411275e-06 -3.007476829167605526e-08 -8.662261532492590167e-06 1.942380000000000000e+05
7.110355673471533464e+02 3.879644154275345805e-06 -3.453803455008185604e-08 -8.759912195178915444e-06 1.895260000000000000e+05
7.131333730770313650e+02 3.886462476485984111e-06 -3.890415200299276358e-08 -8.793577906794359435e-06 1.868280000000000000e+05
7.152297995286576224e+02 3.894107309194291418e-06 -3.440093312112817310e-08 -8.859697483848317406e-06 1.822960000000000000e+05
7.173192989414097838e+02 3.903981357345630359e-06 -4.020937962254699946e-08 -8.981336413495157400e-06 1.777480000000000000e+05
7.194134444897839558e+02 3.911226939591169200e-06 -1.897927810375349586e-08 -9.049979091446616150e-06 1.758060000000000000e+05
7.215101603067968199e+02 3.888909277015070230e-06 -2.109375811240101313e-08 -9.093055872871649668e-06 1.704700000000000000e+05
7.236057227625441328e+02 3.916516235077137836e-06 -1.981240766685601925e-08 -9.175039644003757074e-06 1.676460000000000000e+05
7.256997099768309454e+02 3.934727235027785650e-06 -1.476611143962060844e-08 -9.271310375609961672e-06 1.631200000000000000e+05
7.277922467555420099e+02 3.913979193566605263e-06 -1.675658869820867952e-08 -9.320295520944150562e-06 1.589820000000000000e+05
7.298848421535342368e+02 3.978750150334160146e-06 -3.410301153903066253e-08 -9.444971186088087692e-06 1.558780000000000000e+05
7.319793806126314166e+02 3.947178805997880375e-06 -2.769106852807471176e-08 -9.514087462628747198e-06 1.510300000000000000e+05
7.340724095566490632e+02 3.978763386105814620e-06 -3.362475763152104122e-08 -9.573483362845498448e-06 1.479480000000000000e+05
7.361661669496161267e+02 3.952041753536798418e-06 -5.065347450287282910e-08 -9.639184914650764492e-06 1.432480000000000000e+05
7.382645748820824565e+02 3.988794225750203898e-06 1.296597825720744697e-08 -9.857784187971718956e-06 1.401240000000000000e+05
7.403586061146017983e+02 3.937579169118224129e-06 1.222681259064766675e-08 -9.854629354078723268e-06 1.352020000000000000e+05
7.424460406642261887e+02 3.926755134483578226e-06 4.463504669206811447e-08 -9.961574602612484900e-06 1.306620000000000000e+05
7.445426408783455372e+02 3.972446661373228164e-06 4.933952857250737092e-08 -1.013115724224701280e-05 1.285780000000000000e+05
7.466429299010975456e+02 3.936095322411983345e-06 3.323780688439451237e-08 -1.015875648897999908e-05 1.225660000000000000e+05
7.487336140757349767e+02 3.956069120444543979e-06 2.769850019758683116e-08 -1.026402512982574987e-05 1.193040000000000000e+05
7.508270240678629079e+02 3.960497030234856032e-06 3.628453426550830796e-08 -1.046935650341103159e-05 1.147000000000000000e+05
7.529199776701107112e+02 3.914298362090920237e-06 5.953308078688826125e-08 -1.051755132886114658e-05 1.105920000000000000e+05
7.550125888924296760e+02 3.911441689538533671e-06 5.701772678424129648e-08 -1.064171671080717661e-05 1.065100000000000000e+05
7.571013038148125815e+02 3.906264293628554505e-06 6.403479521955001497e-08 -1.079426377705218605e-05 1.017160000000000000e+05
7.591965760733420439e+02 3.863251388327928997e-06 7.147578015802289704e-08 -1.086189274938487990e-05 9.871500000000000000e+04
7.612994351408076454e+02 3.871829038014830296e-06 7.324507728789055716e-08 -1.102406899960075296e-05 9.461500000000000000e+04
7.633900040839596386e+02 3.844224171928756471e-06 5.349892328249105327e-08 -1.102588433582016781e-05 9.051300000000000000e+04
7.654845246727142012e+02 3.849029588819381647e-06 3.072396627662589938e-08 -1.111325961368646504e-05 8.835100000000000000e+04
7.675845761735887436e+02 3.828133807509138965e-06 5.931180406130723131e-08 -1.121210544684276754e-05 8.455500000000000000e+04
7.696777532858808399e+02 3.836660181316057977e-06 3.524101952030002037e-08 -1.129386814710610883e-05 8.170900000000000000e+04
7.717689134972549709e+02 3.795818842095804608e-06 5.493315942076498704e-08 -1.127573338365045943e-05 7.872400000000000000e+04
7.738616343519329348e+02 3.762149929368306981e-06 6.131597555028818236e-08 -1.128387177079051336e-05 7.623300000000000000e+04
7.759586162661141771e+02 3.788248644146681816e-06 4.800038068456405565e-08 -1.141306754956853949e-05 7.356100000000000000e+04
7.780518126648190673e+02 3.802872131161863192e-06 3.770149484858489017e-08 -1.154196888803003621e-05 7.083000000000000000e+04
7.801397895704053553e+02 3.812614228514857624e-06 2.910146409011943118e-08 -1.162559066469743860e-05 6.823000000000000000e+04
7.822357002276578442e+02 3.818926308204781345e-06 4.875408104778847758e-08 -1.175788878518151406e-05 6.649800000000000000e+04
7.843344305330714405e+02 3.837226591023342407e-06 5.093997949793994634e-08 -1.188170260910410854e-05 6.358600000000000000e+04
7.864299648164494556e+02 3.821416424501518706e-06 5.215491421061097556e-08 -1.189880121686776458e-05 6.177400000000000000e+04
7.885179589970517782e+02 3.822164811177599889e-06 4.069297855300630334e-08 -1.195262328209514561e-05 5.879400000000000000e+04
7.906085952377693502e+02 3.836727488450169866e-06 2.225782666567176887e-08 -1.205578067092552688e-05 5.754700000000000000e+04
7.927136344001445423e+02 3.852489529058350817e-06 4.076150068019031735e-08 -1.217163998115743689e-05 5.535000000000000000e+04
7.948093641956113515e+02 3.833998634641186122e-06 3.176046694378140535e-08 -1.215680728010650376e-05 5.302300000000000000e+04
7.968975274777668574e+02 3.846881444060974081e-06 5.481554716564096931e-08 -1.228537248543349724e-05 5.109900000000000000e+04
7.989960461285467090e+02 3.897285352709237793e-06 2.282195430881832548e-08 -1.246443281401565006e-05 4.955500000000000000e+04
8.011011828091563984e+02 3.903998005487348540e-06 -8.510041635213811355e-09 -1.249932142034856687e-05 4.765900000000000000e+04
8.031910245513622613e+02 3.913860055277097051e-06 2.016131327142452292e-08 -1.261460636636230300e-05 4.529100000000000000e+04
8.052769337949931696e+02 3.961978962743179143e-06 9.204372757141342821e-09 -1.280912644926806604e-05 4.399900000000000000e+04
8.073812855876360572e+02 3.952370685578983353e-06 5.027858726819804103e-08 -1.287585750069395909e-05 4.248300000000000000e+04
8.094766858512334693e+02 4.010013617001110769e-06 3.509060191138822250e-08 -1.309220411209122150e-05 4.032700000000000000e+04
8.115592562593724324e+02 4.028735676468594184e-06 1.511547119011648672e-08 -1.316451825232215675e-05 3.882700000000000000e+04
8.136567375259069195e+02 4.026353477457896494e-06 3.426113398464106382e-08 -1.324153060149353108e-05 3.768300000000000000e+04
8.157663270894909147e+02 4.037420667742214515e-06 4.490962651175058850e-08 -1.332077417426082360e-05 3.605500000000000000e+04
8.178563728186526305e+02 4.148900915086109612e-06 4.456112900227139417e-08 -1.373567374245650871e-05 3.409800000000000000e+04
8.199333460481224165e+02 4.218409407913923198e-06 3.259817910461652906e-08 -1.397356642595994667e-05 3.277900000000000000e+04
8.220364116349165897e+02 4.254854237653699825e-06 3.698499053181039042e-08 -1.414664568916141932e-05 3.199200000000000000e+04
8.241381024298764260e+02 4.217073704148587517e-06 7.733181304532437947e-08 -1.411149306796123402e-05 2.995900000000000000e+04
8.262211838965614561e+02 4.242799788100420765e-06 6.465800383660898259e-08 -1.420414469002508932e-05 2.882800000000000000e+04
8.283114387597532868e+02 4.282107607549068153e-06 5.533008606784843832e-08 -1.437040103580198872e-05 2.761500000000000000e+04
8.304142770377928855e+02 4.333002341703964613e-06 4.500289973644072604e-08 -1.457608895260852777e-05 2.648800000000000000e+04
8.325184587527894564e+02 4.322644150468211206e-06 5.102963306118316160e-08 -1.458466150183010191e-05 2.520300000000000000e+04
8.346012634025569241e+02 4.375909530974776053e-06 2.312835758348949007e-08 -1.475722198437654177e-05 2.365600000000000000e+04
8.366834844536283526e+02 4.434107562032647762e-06 2.770461637871808783e-08 -1.499105966127622721e-05 2.288700000000000000e+04
8.387960511190381112e+02 4.453251482908936834e-06 2.785883386176311612e-08 -1.508318292950882209e-05 2.195200000000000000e+04
8.408989830964536623e+02 4.477998933713623978e-06 5.908346516859106850e-08 -1.523576089849446578e-05 2.050000000000000000e+04
8.429707059924822943e+02 4.556713993337956164e-06 5.125907497025304003e-08 -1.550295825461602591e-05 1.932300000000000000e+04
8.450649836591013582e+02 4.584063424203123756e-06 6.855144189965714666e-08 -1.567117194204114384e-05 1.881400000000000000e+04
8.471843383640474485e+02 4.612982649987475859e-06 5.408913029066073614e-08 -1.576511852525430747e-05 1.768800000000000000e+04
8.492778662800251368e+02 4.667215490382414244e-06 4.581230088914975792e-08 -1.597297726398271196e-05 1.650400000000000000e+04
8.513425754106416434e+02 4.737780327353837087e-06 7.021166516272610287e-08 -1.626914492097737534e-05 1.544400000000000000e+04
8.534452399857551654e+02 4.752848173244276456e-06 6.888783887859753324e-08 -1.635325568438591621e-05 1.515100000000000000e+04
8.555746058226856121e+02 4.834333278753399640e-06 2.328218845387817772e-08 -1.660111430491268517e-05 1.403200000000000000e+04
8.576491711351226286e+02 4.800070949451714593e-06 6.425968762916784990e-09 -1.647919201238698728e-05 1.279200000000000000e+04
8.597041751021378104e+02 4.985054138134696241e-06 1.654427749443200896e-09 -1.713190697543764734e-05 1.225600000000000000e+04
8.618251653739599760e+02 5.020239834499719045e-06 9.582620075579995642e-09 -1.729134899088730342e-05 1.184400000000000000e+04
8.639500650156841175e+02 5.020321241800949590e-06 2.463253685781285824e-08 -1.732455852393355959e-05 1.078000000000000000e+04
8.660197738272561310e+02 5.053758642977111276e-06 3.432965723530934954e-08 -1.746454079589659041e-05 9.868000000000000000e+03
8.680990532976293252e+02 5.100494653281894787e-06 6.909523096219500563e-09 -1.762555331939306228e-05 9.486000000000000000e+03
8.702248325038777921e+02 5.152185547959743142e-06 -2.990093275214435066e-10 -1.781584028347937859e-05 8.824000000000000000e+03
8.723109447277366826e+02 5.221497832746136580e-06 -4.076751083829499588e-08 -1.802607326317071036e-05 7.896000000000000000e+03
8.743361816731862746e+02 5.310388243992510677e-06 3.525652193893033690e-10 -1.837927051611269237e-05 7.228000000000000000e+03
8.764658436495250271e+02 5.306184769966111625e-06 3.368278694153141290e-08 -1.843316572207903911e-05 7.332000000000000000e+03
8.786368585693095383e+02 5.723999765467859976e-06 -6.991537915984570903e-10 -1.986126834795689096e-05 6.292000000000000000e+03
8.806765954142658757e+02 5.666221868929676448e-06 -2.220304263038859478e-08 -1.964854313545032706e-05 5.524000000000000000e+03
8.826798373970119655e+02 5.823599579534661473e-06 1.606688623749141300e-08 -2.024896550425727676e-05 5.172000000000000000e+03
8.848469874314355366e+02 5.865096400761443272e-06 -4.317050878585332440e-08 -2.035569966973429726e-05 5.188000000000000000e+03
8.870600941920195055e+02 6.073731202671388250e-06 -2.123378758757732071e-08 -2.112196473943164508e-05 4.386000000000000000e+03
8.890650491529471537e+02 5.928030746988578265e-06 -2.314601667421435630e-08 -2.060959919808865031e-05 3.520000000000000000e+03
8.910303003350863946e+02 6.024967858877803957e-06 -6.331607875680277019e-09 -2.098093982148146758e-05 3.516000000000000000e+03
8.932439214818294886e+02 6.213324589030580031e-06 7.661200523716910247e-09 -2.167330244728081997e-05 3.388000000000000000e+03
8.954889770077427329e+02 6.261639257019969546e-06 1.034554716412670386e-08 -2.184958630931514134e-05 2.800000000000000000e+03
8.973994521566129379e+02 6.473697921571708205e-06 3.048298450967142128e-08 -2.260763030335484041e-05 1.932000000000000000e+03
8.993215590711535015e+02 6.430334597482329474e-06 3.926934838830536451e-08 -2.248055607963931420e-05 2.236000000000000000e+03
9.016306464564273710e+02 6.511377741692648985e-06 2.479551992127000313e-08 -2.276371830407878990e-05 2.013000000000000000e+03
9.039400877163226369e+02 6.908379302124193123e-06 2.688944416057533728e-08 -2.416512763106012585e-05 1.576000000000000000e+03
9.056993011289710012e+02 6.586677484128005348e-06 3.507333716591377368e-08 -2.304374453513941527e-05 8.460000000000000000e+02
9.075954821997991075e+02 6.808816412772506502e-06 -4.975607072461806469e-10 -2.379683460943228944e-05 1.228000000000000000e+03
9.099826156231260939e+02 6.645512452049133849e-06 3.653157254343768608e-08 -2.327166746684599939e-05 9.640000000000000000e+02
9.123550959351615575e+02 7.334845624278035990e-06 5.559593599348610135e-08 -2.570929142341566657e-05 7.170000000000000000e+02
9.141627346362355411e+02 8.579386318321254287e-06 8.738571992989141634e-08 -3.009469062911394269e-05 3.040000000000000000e+02
9.159577727906530527e+02 8.456132874694643938e-06 2.737268193156146919e-08 -2.961007800246775201e-05 4.440000000000000000e+02
9.183477127816340726e+02 9.087842480793954035e-06 2.448776898507392930e-08 -3.182312367883348805e-05 2.920000000000000000e+02
9.207331147904719728e+02 8.718706454235246425e-06 1.537794222949293348e-09 -3.051127390378530319e-05 1.720000000000000000e+02
9.226309293958033777e+02 7.925991645263045322e-06 -2.271742112405319569e-08 -2.771482198328457510e-05 5.100000000000000000e+01
9.242773274894232145e+02 1.070347242354924042e-05 1.908415122709481638e-08 -3.747866518813408989e-05 5.200000000000000000e+01
9.265519372403930447e+02 7.292401178179120876e-06 6.535550651951005189e-09 -2.552948769270858704e-05 1.200000000000000000e+01
9.286652744879194188e+02 1.622997933524817106e-05 9.009448373591506373e-21 -5.680492767336862411e-05 1.000000000000000000e+00
