2.966547074898984615e+00 1.152146067251791139e+00 6.113123624328564015e-02 -8.325871262298878417e-01 1.300000000000000000e+01
5.026374055021858744e+00 6.143770596686554120e-01 1.357623925591043557e-01 4.023223404825221339e-02 3.300000000000000000e+01
7.149300621522788113e+00 4.631036071976206703e-01 -3.704717740045444796e-02 -3.334044159500274950e-03 7.900000000000000000e+01
9.278869254964254409e+00 3.847401863340151329e-01 4.100089978341354274e-02 5.315669305699632918e-02 1.170000000000000000e+02
1.145033261934470126e+01 3.317704091631125674e-01 4.507313215812881052e-02 -3.775095436129221466e-02 2.050000000000000000e+02
1.349295587141915043e+01 2.798224108221871731e-01 5.124917946223093296e-02 8.022169197129376539e-02 2.350000000000000000e+02
1.558905561191892986e+01 2.398224647773612994e-01 4.870811910213485030e-02 2.872492006326879399e-02 3.690000000000000000e+02
1.769408367255316961e+01 2.147369047370852602e-01 2.084747050891821649e-02 1.724609097475168426e-02 4.330000000000000000e+02
1.981787480313529670e+01 1.893903142831029063e-01 3.337020632888907518e-02 2.590407198880113546e-02 5.850000000000000000e+02
2.192074938196263645e+01 1.633522417658168358e-01 2.918323920650012226e-02 3.023557829902900895e-02 6.790000000000000000e+02
2.398877635566245203e+01 1.446359995256929765e-01 2.926509699711372578e-02 8.828207922473116365e-03 8.130000000000000000e+02
2.609286971896115759e+01 1.189644865246939076e-01 7.554764032230642037e-03 1.375104033843791741e-03 9.850000000000000000e+02
2.823466315278179550e+01 1.077314847612846627e-01 1.684080139269081983e-02 2.390412317863384317e-02 1.183000000000000000e+03
3.032284873509123102e+01 9.549671965148100183e-02 5.058451274081985673e-03 1.310621308614202257e-02 1.269000000000000000e+03
3.240263258943403457e+01 8.538878120896520318e-02 1.669082443792402337e-02 6.958790784981442115e-03 1.537000000000000000e+03
3.449210129864554375e+01 7.818573846809695471e-02 4.837186356661251144e-03 1.256536131921512367e-02 1.653000000000000000e+03
3.658588147515196454e+01 7.070509693967912124e-02 7.353601801880727158e-03 7.001032352180126123e-03 1.963000000000000000e+03
3.868476949266977272e+01 6.350045632593169509e-02 5.085956394170264988e-03 9.628749370780939620e-03 2.121000000000000000e+03
4.078898888458283523e+01 5.579294255149675613e-02 6.097105683903605855e-03 1.224758213082035847e-04 2.413000000000000000e+03
4.289390876967645738e+01 5.054656642261139837e-02 7.049018276326948947e-03 2.071236291329264269e-03 2.635000000000000000e+03
4.498336005546935468e+01 4.570749247570997376e-02 6.404441819273347380e-03 4.660558829375011786e-03 2.877000000000000000e+03
4.706498529473824988e+01 4.236567873788917721e-02 7.022167758674521809e-03 5.411100935766229329e-04 3.169000000000000000e+03
4.917111919158227096e+01 3.785871896390591296e-02 7.014164544339246236e-03 3.638489866210717696e-03 3.507000000000000000e+03
5.126216914174227668e+01 3.549588704696471364e-02 6.980124333216227925e-03 1.963878074310497924e-03 3.685000000000000000e+03
5.335525146837034072e+01 3.258104079853977458e-02 5.716091780970899462e-03 3.999061880453260581e-03 4.165000000000000000e+03
5.546637228956934251e+01 2.954146888852272196e-02 5.581346396539377773e-03 3.165686507359501654e-03 4.377000000000000000e+03
5.757318819254808773e+01 2.707081532552660028e-02 5.800820682620918059e-03 1.903050420875720874e-03 4.855000000000000000e+03
5.965884044590281121e+01 2.484252843943325281e-02 5.307672305521206682e-03 3.004273671393681115e-03 4.929000000000000000e+03
6.174512302159506305e+01 2.319554432284583190e-02 5.088039776122673004e-03 1.393698961151962996e-03 5.581000000000000000e+03
6.382689291137189969e+01 2.162269225649804394e-02 5.227370043262143280e-03 2.065702277697572392e-03 5.679000000000000000e+03
6.592966228838450604e+01 1.996934987711038514e-02 5.159746487206373980e-03 1.906692260692829282e-03 6.385000000000000000e+03
6.803125784825746791e+01 1.901141405402523299e-02 3.685691476893777994e-03 2.674165475671019983e-03 6.553000000000000000e+03
7.013131008699485847e+01 1.786060413051157938e-02 3.261386565995668969e-03 2.227576302881380775e-03 7.125000000000000000e+03
7.223032366074338029e+01 1.686010176196314075e-02 3.647811014833413946e-03 1.636698109984616482e-03 7.447000000000000000e+03
7.432334270720505742e+01 1.557052396072608827e-02 3.185427558896832250e-03 1.641889851215574047e-03 7.929000000000000000e+03
7.642066756954473306e+01 1.461141681102712947e-02 2.427090754861220209e-03 1.487840571236511041e-03 8.353000000000000000e+03
7.850471694556040347e+01 1.376135383169063697e-02 2.454568702955914686e-03 1.918551495261307336e-03 8.775000000000000000e+03
8.059701946059529121e+01 1.286422866332606954e-02 2.427444142199283120e-03 1.534090277697019999e-03 9.313000000000000000e+03
8.269521798132063850e+01 1.228000292709823318e-02 2.543083064718450019e-03 1.836802389638166576e-03 9.841000000000000000e+03
8.478307522909847194e+01 1.162917556367475819e-02 2.071397728896348656e-03 2.171886493255390134e-03 1.019100000000000000e+04
8.687780839616016237e+01 1.118125046086296780e-02 1.666931234403932647e-03 1.810745666632005996e-03 1.089700000000000000e+04
8.897524569656535220e+01 1.053550868622542616e-02 1.503736264861726393e-03 1.656316712710943556e-03 1.130100000000000000e+04
9.108077810470518898e+01 9.965206661600924110e-03 1.537440247244755863e-03 1.873731741059834598e-03 1.202500000000000000e+04
9.318432266948052245e+01 9.474906273214673061e-03 1.701005844345712930e-03 1.695992645814113024e-03 1.242300000000000000e+04
9.527887641048309320e+01 9.084481208584656645e-03 1.266079950976619749e-03 1.368546589347166987e-03 1.302100000000000000e+04
9.736254237981037818e+01 8.606035957031792083e-03 1.170087727505577692e-03 1.520474282335154128e-03 1.340500000000000000e+04
9.944832814799407572e+01 8.195058369176045493e-03 1.280713351165058134e-03 1.444218595029489374e-03 1.424700000000000000e+04
1.015460879802399035e+02 7.802861603976130739e-03 8.838526971930039250e-04 1.624956615917897080e-03 1.471300000000000000e+04
1.036426375667732316e+02 7.543808124594479636e-03 9.282263081822683193e-04 1.143265866784600338e-03 1.548900000000000000e+04
1.057389390539465950e+02 7.265534670442599582e-03 8.593627685698164214e-04 1.698327110928533846e-03 1.591300000000000000e+04
1.078395855981474227e+02 6.900222398781361358e-03 9.201954401275221638e-04 1.212110280042190142e-03 1.687900000000000000e+04
1.099389405850131709e+02 6.601081284689820292e-03 7.170969332833075898e-04 1.393798900103072934e-03 1.719300000000000000e+04
1.120392143152385387e+02 6.356516824229895696e-03 8.367272297637800508e-04 1.164935089605513736e-03 1.815700000000000000e+04
1.141233458569757744e+02 6.114313291974036654e-03 7.075364386268207743e-04 1.069438744164881872e-03 1.833900000000000000e+04
1.162159397555423084e+02 5.835213466067726631e-03 4.454726418751618882e-04 1.189796691776131080e-03 1.957300000000000000e+04
1.183137204803772420e+02 5.546629042141086596e-03 5.133950887107400747e-04 1.086406850904774856e-03 1.994100000000000000e+04
1.203972311807013256e+02 5.419817216476211473e-03 4.124816495463099375e-04 1.292181372985331958e-03 2.062900000000000000e+04
1.224922363187857286e+02 5.199143827903728900e-03 3.959644371995380799e-04 9.278705012639858500e-04 2.165500000000000000e+04
1.245882598425863534e+02 4.962908552506535564e-03 4.038020133921114019e-04 1.195619506416552768e-03 2.211300000000000000e+04
1.266884677158377315e+02 4.785812537861904720e-03 4.311364488730970988e-04 8.138663030452597882e-04 2.318500000000000000e+04
1.287846620419940962e+02 4.609236843610866989e-03 4.348171665311359349e-04 9.240635805134992829e-04 2.366700000000000000e+04
1.308713393788149801e+02 4.473664381759508146e-03 3.418856991073137034e-04 8.555552323830779805e-04 2.438500000000000000e+04
1.329754833440644575e+02 4.296789142279542825e-03 4.312513860613477750e-04 7.833870096998875668e-04 2.574900000000000000e+04
1.350691081525609434e+02 4.134646171356918740e-03 2.937882421533714243e-04 8.402205997619749227e-04 2.567500000000000000e+04
1.371638825856825576e+02 3.989292403626826591e-03 2.845025609978488776e-04 7.817047064763367773e-04 2.740900000000000000e+04
1.392604757372163533e+02 3.902366534462850707e-03 2.791410531659728749e-04 8.039591678535440303e-04 2.740500000000000000e+04
1.413466882908376760e+02 3.714423988413781061e-03 3.969789688197573625e-04 7.130045289594777198e-04 2.871700000000000000e+04
1.434475230090064031e+02 3.585296114950786272e-03 3.461949168167484142e-04 6.592519700908212790e-04 2.959500000000000000e+04
1.455452853418541679e+02 3.439851589142258262e-03 3.145214433145745092e-04 6.308364371675507110e-04 3.030100000000000000e+04
1.476332061073587738e+02 3.344176812755932787e-03 2.221906030945029796e-04 6.289504981733429374e-04 3.110100000000000000e+04
1.497211472843286231e+02 3.261641038306566705e-03 2.412250005355815840e-04 4.701570802543862172e-04 3.202300000000000000e+04
1.518138048751577287e+02 3.125916276648538564e-03 2.315397842716577961e-04 5.819883871754356723e-04 3.297700000000000000e+04
1.539211490100352648e+02 3.052906639140547974e-03 1.702764345670249100e-04 6.376173667242564756e-04 3.444900000000000000e+04
1.560214747341236716e+02 2.957831935889380058e-03 2.601128408095914994e-04 5.086122516689307871e-04 3.454900000000000000e+04
1.581161747588121784e+02 2.854558266630149044e-03 2.030494853939583037e-04 4.177456655022922368e-04 3.611100000000000000e+04
1.602118712271799836e+02 2.740028200043316368e-03 2.733915797488401336e-04 4.897745718832967983e-04 3.654100000000000000e+04
1.623006419462898862e+02 2.655747859479899546e-03 2.401506824723308013e-04 4.601564806868443090e-04 3.771700000000000000e+04
1.643899033199985240e+02 2.606277211460594854e-03 2.202822235094021783e-04 3.794974359754381670e-04 3.861900000000000000e+04
1.664835582381511756e+02 2.488559575150974153e-03 1.956228937707522105e-04 4.622295323681679230e-04 3.966100000000000000e+04
1.685719683778473552e+02 2.430841541206783807e-03 1.924199731132158911e-04 4.230188926530519477e-04 4.054500000000000000e+04
1.706641332089364766e+02 2.345227344850432574e-03 2.058144687929651861e-04 4.669290090753726568e-04 4.181500000000000000e+04
1.727708699256135390e+02 2.288705539411913393e-03 1.950020086646658552e-04 4.149555092962421698e-04 4.312500000000000000e+04
1.748696546009699659e+02 2.228725648290021035e-03 2.278051144732152274e-04 3.767355851648895838e-04 4.368100000000000000e+04
1.769585769494445344e+02 2.144700559979291488e-03 2.199771210433393851e-04 3.718797237698102335e-04 4.462900000000000000e+04
1.790524509315575301e+02 2.098765500427023870e-03 2.084422400996406165e-04 3.449839588288904579e-04 4.622700000000000000e+04
1.811526521261263554e+02 2.033313770853727338e-03 1.896908051893143204e-04 3.605845738898080192e-04 4.690900000000000000e+04
1.832476884130738881e+02 1.984818282055521906e-03 2.238614873700962968e-04 3.448017024061610070e-04 4.823700000000000000e+04
1.853312475833926101e+02 1.932473419857180363e-03 2.195319300010775004e-04 3.856746399306249505e-04 4.858300000000000000e+04
1.874284892203218931e+02 1.877025946542404834e-03 1.987751580811808428e-04 3.948866834343157050e-04 5.099700000000000000e+04
1.895337179075755216e+02 1.832466357131248445e-03 2.014148340294322345e-04 3.484144678075181615e-04 5.139700000000000000e+04
1.916268196474026126e+02 1.776463701058979792e-03 2.316822271865722979e-04 3.544130819412157855e-04 5.248900000000000000e+04
1.937183403446852878e+02 1.723870213556702013e-03 2.272264005027814884e-04 3.587423848079910292e-04 5.378700000000000000e+04
1.958131498886989164e+02 1.696392457871921710e-03 2.176102778150557353e-04 3.357268510239738973e-04 5.491300000000000000e+04
1.979058740098966211e+02 1.651143674150604580e-03 2.081961444394924950e-04 3.448486543108377454e-04 5.597700000000000000e+04
1.999990651597893816e+02 1.604496064641932392e-03 1.769189248061846242e-04 3.436285991556508311e-04 5.741500000000000000e+04
2.020893038374759101e+02 1.571781167168764684e-03 1.773717802313881306e-04 3.292587588722553161e-04 5.810500000000000000e+04
2.041823192148177952e+02 1.530259088200703645e-03 1.743849831108868636e-04 3.062256953910331980e-04 6.003300000000000000e+04
2.062825911013838152e+02 1.503594963626727265e-03 1.759289685268620909e-04 3.238869213453062098e-04 6.094900000000000000e+04
2.083770189145966185e+02 1.456292815128447686e-03 1.790580087307973680e-04 2.933604824456833887e-04 6.223500000000000000e+04
2.104675816794403431e+02 1.421801388474828575e-03 1.591245691488959437e-04 2.825478577047366244e-04 6.322900000000000000e+04
2.125667854244018145e+02 1.381295083965833684e-03 1.753779079136023704e-04 2.586658522096829129e-04 6.513300000000000000e+04
2.146619261104851830e+02 1.357986932570468810e-03 1.744161677825347106e-04 2.572440182157664118e-04 6.570700000000000000e+04
2.167561805722037036e+02 1.322270933928160024e-03 1.433620100347159380e-04 2.710550991428930861e-04 6.756100000000000000e+04
2.188528705899679210e+02 1.289230182295040541e-03 1.750258706565771202e-04 2.201633746942213146e-04 6.850500000000000000e+04
2.209456427453084473e+02 1.252787838043132500e-03 1.801081419182348721e-04 2.348002132486524485e-04 6.994300000000000000e+04
2.230395148320731096e+02 1.231712420459201568e-03 1.565710500501251118e-04 2.277435271358391883e-04 7.109700000000000000e+04
2.251356732858534997e+02 1.203048078581472674e-03 1.646214551739448898e-04 2.169152491523506396e-04 7.302100000000000000e+04
2.272278504864401327e+02 1.168492118563885414e-03 1.665730911030406311e-04 1.978264135730535024e-04 7.331700000000000000e+04
2.293197511287232544e+02 1.142394288106480214e-03 1.527098567559444600e-04 1.782080535704080231e-04 7.579900000000000000e+04
2.314114772346510165e+02 1.125586573382102466e-03 1.595752250066699151e-04 1.817637527986565153e-04 7.602100000000000000e+04
2.335058467478245632e+02 1.093573002731736089e-03 1.647362408314966616e-04 1.819078516310562623e-04 7.875300000000000000e+04
2.356041652202905539e+02 1.073648897703609762e-03 1.668552323732057341e-04 1.620786719258980753e-04 7.929100000000000000e+04
2.377006336558306998e+02 1.045187615685187667e-03 1.450807648806355134e-04 1.690251462135245798e-04 8.112900000000000000e+04
2.397972750390475198e+02 1.024004648758560995e-03 1.450050122184334302e-04 1.628518529959737033e-04 8.244100000000000000e+04
2.418944602532704096e+02 1.002482234456150310e-03 1.512132792734930612e-04 1.409415690201769561e-04 8.394900000000000000e+04
2.439884227569783093e+02 9.779774846167782303e-04 1.480030030207471036e-04 1.283955745620972335e-04 8.512300000000000000e+04
2.460835996828307373e+02 9.611393297556139427e-04 1.458190215309904450e-04 1.245660582694476705e-04 8.692900000000000000e+04
2.481755280705312146e+02 9.422567289526026383e-04 1.446782044886784312e-04 1.215822881210224313e-04 8.778900000000000000e+04
2.502623700647570217e+02 9.190974820941504204e-04 1.431774704537469242e-04 1.167995719422478391e-04 8.962300000000000000e+04
2.523586155105348325e+02 8.991163666034603054e-04 1.383904808848439977e-04 1.076787532334199131e-04 9.134100000000000000e+04
2.544547077866985489e+02 8.804524124099349707e-04 1.465900700533676385e-04 1.098765015285098600e-04 9.284500000000000000e+04
2.565487653287422063e+02 8.581378263966641263e-04 1.365443935284079932e-04 1.239577379137608902e-04 9.408700000000000000e+04
2.586464955058470991e+02 8.412169519039331637e-04 1.354441120815481707e-04 9.766670356196786396e-05 9.633300000000000000e+04
2.607443047329861656e+02 8.264855569839253029e-04 1.433940393256952640e-04 1.078049914569497830e-04 9.724900000000000000e+04
2.628438312173413465e+02 8.081625763016710628e-04 1.266698817748600952e-04 8.813414898581601426e-05 9.950100000000000000e+04
2.649298855659840228e+02 7.937099167625992924e-04 1.333835366227735270e-04 8.656059840363692932e-05 9.928300000000000000e+04
2.670163698864117805e+02 7.730029781681181829e-04 1.414863436222389464e-04 1.038171787795941822e-04 1.025370000000000000e+05
2.691121353909120444e+02 7.586566771895367819e-04 1.286451647532329060e-04 8.729008339584629907e-05 1.034770000000000000e+05
2.712076496124621485e+02 7.386622630906225940e-04 1.250525318421540923e-04 8.678812608856048745e-05 1.057510000000000000e+05
2.733050999653678446e+02 7.264643635003726133e-04 1.259567812811757798e-04 9.405895564687168119e-05 1.068690000000000000e+05
2.753984212130929450e+02 7.143886027643817473e-04 1.181655470834724008e-04 7.286664690176206051e-05 1.086970000000000000e+05
2.774965690026801326e+02 6.994860317432374103e-04 1.232434154899777221e-04 7.642525736445193512e-05 1.105770000000000000e+05
2.795986436403592279e+02 6.819477625128300257e-04 1.176794613770494358e-04 7.907636654237532264e-05 1.125550000000000000e+05
2.816878213234347754e+02 6.705226814669342080e-04 1.160584641191256516e-04 7.864792916796616820e-05 1.125930000000000000e+05
2.837760955854215581e+02 6.581257874938231537e-04 1.087894946229924712e-04 7.175810345465643528e-05 1.155730000000000000e+05
2.858732754634002617e+02 6.429882089554493424e-04 1.067654700154200696e-04 7.275250037830363549e-05 1.172830000000000000e+05
2.879686159020804439e+02 6.311564008099482866e-04 1.070120187779420085e-04 6.758660287840171450e-05 1.185810000000000000e+05
2.900612915162532204e+02 6.200837522556705214e-04 1.044999343726604242e-04 5.871376386569576543e-05 1.206250000000000000e+05
2.921547032025089266e+02 6.042785117682324776e-04 9.679645682393267178e-05 5.729421640487187731e-05 1.219350000000000000e+05
2.942501291133244763e+02 5.952387378774646369e-04 1.003543504247608997e-04 5.262827948079927369e-05 1.244410000000000000e+05
2.963444256131289194e+02 5.845125084014039058e-04 1.028940218008213286e-04 6.371219667657326412e-05 1.255170000000000000e+05
2.984361415704375418e+02 5.747686224458194116e-04 9.779268380769582563e-05 6.232477872686673082e-05 1.273570000000000000e+05
3.005318840555698330e+02 5.632409555698858136e-04 9.153269025965123941e-05 5.944591084878326310e-05 1.298950000000000000e+05
3.026277776031609505e+02 5.534459300211328706e-04 9.440986830841180909e-05 6.553893855734232695e-05 1.307010000000000000e+05
3.047248035439953924e+02 5.424505774599259990e-04 9.560535380393862402e-05 5.518437693936487217e-05 1.339210000000000000e+05
3.068210272572537747e+02 5.347830015728999515e-04 9.478060437303451220e-05 5.384507888854482956e-05 1.341870000000000000e+05
3.089144805088236581e+02 5.242019244523835313e-04 9.225354759977316980e-05 5.030587436329488185e-05 1.371250000000000000e+05
3.110108065784975793e+02 5.167257499655999271e-04 9.251359767118246978e-05 5.035102259334464804e-05 1.384570000000000000e+05
3.131088595191292256e+02 5.055030061709237183e-04 9.257852129532481212e-05 5.061351396698723389e-05 1.409370000000000000e+05
3.151991603466065044e+02 4.988697093310271672e-04 8.751408487824346093e-05 4.787117368592966880e-05 1.413670000000000000e+05
3.172886672848389935e+02 4.901997229264193302e-04 8.500824904035058055e-05 5.010924583275798335e-05 1.443810000000000000e+05
3.193804418510612209e+02 4.802959826486200207e-04 8.106306183342156804e-05 4.656998313075705526e-05 1.455490000000000000e+05
3.214783648369701723e+02 4.729701443136944241e-04 8.200881297786675344e-05 4.824247988563654858e-05 1.491390000000000000e+05
3.235785211189415804e+02 4.670949332118191650e-04 8.107330180186737975e-05 4.883458977264292059e-05 1.496410000000000000e+05
3.256693589483342635e+02 4.576068980124611547e-04 8.133850865598130748e-05 4.772192891800057735e-05 1.518250000000000000e+05
3.277607775121137479e+02 4.486289715324310711e-04 7.651152130269796238e-05 4.836334110435167787e-05 1.534530000000000000e+05
3.298523230655557654e+02 4.417237703768101269e-04 7.771650658185219010e-05 4.656061091989095046e-05 1.558870000000000000e+05
3.319485433973702015e+02 4.358216232196307689e-04 7.035449341805702058e-05 4.571848805573556070e-05 1.581210000000000000e+05
3.340454035812790607e+02 4.275457771304333964e-04 7.090874493175930969e-05 4.817847267220665104e-05 1.598410000000000000e+05
3.361349417783784475e+02 4.209062069153654551e-04 6.524159667386418776e-05 4.514662171137258731e-05 1.611750000000000000e+05
3.382313832787477850e+02 4.118070726334201485e-04 6.611920328285537398e-05 5.053971405296416204e-05 1.646770000000000000e+05
3.403308518124323996e+02 4.045365418502255405e-04 6.074896947104612061e-05 4.643831423709326046e-05 1.660570000000000000e+05
3.424246601457981001e+02 3.980028190920319414e-04 6.367961918442900128e-05 4.372675261272384554e-05 1.677030000000000000e+05
3.445197272986724215e+02 3.909052207482997788e-04 6.450505321729368339e-05 3.662986911526257137e-05 1.702690000000000000e+05
3.466158524641982694e+02 3.841276852203907941e-04 6.550877455178503864e-05 3.963027338087514624e-05 1.722570000000000000e+05
3.487089916477683005e+02 3.771461060343463665e-04 6.502823244580328886e-05 3.708849141439442119e-05 1.736530000000000000e+05
3.508011456036761615e+02 3.712790663647746450e-04 5.865293843642963939e-05 3.858713406268381429e-05 1.766190000000000000e+05
3.528935682172028692e+02 3.638236345400463101e-04 6.107527613682305024e-05 3.540169980460982469e-05 1.775650000000000000e+05
3.549881110219296829e+02 3.564964836183106916e-04 6.210496132703503922e-05 3.744070031145220088e-05 1.812850000000000000e+05
3.570855924802784216e+02 3.512886214441439219e-04 6.232066349496942861e-05 4.031823420169674171e-05 1.825470000000000000e+05
3.591813496003592832e+02 3.457746147855147870e-04 6.044389402612575820e-05 3.658710229698121629e-05 1.849930000000000000e+05
3.612749400626811394e+02 3.401099065957700874e-04 5.969587290570462461e-05 3.829121128331873150e-05 1.867770000000000000e+05
3.633693413142722193e+02 3.341084208302565542e-04 5.735194822710270641e-05 3.683535835015962722e-05 1.890730000000000000e+05
3.654632219855477047e+02 3.303259892461992450e-04 5.790578436825569858e-05 4.248087304681693531e-05 1.914910000000000000e+05
3.675603773529471141e+02 3.242597938616848040e-04 5.530924911913755876e-05 3.994174133767485770e-05 1.938450000000000000e+05
3.696543491982932892e+02 3.198040510280786026e-04 5.273753229840965516e-05 3.870690033523891028e-05 1.951810000000000000e+05
3.717418094879196815e+02 3.151300066824068522e-04 5.461774692982464079e-05 3.844041902269855590e-05 1.973190000000000000e+05
3.738340425382559147e+02 3.097374924003056754e-04 5.251897761544518147e-05 4.082975714677723251e-05 2.002330000000000000e+05
3.759308579415973099e+02 3.048614138369271499e-04 5.152971260236477853e-05 4.022651423182020892e-05 2.030370000000000000e+05
3.780298508894609313e+02 2.994768416222929252e-04 5.137779707858663238e-05 3.751171009847539589e-05 2.048710000000000000e+05
3.801213498834686106e+02 2.959774262264468800e-04 4.931968959143336729e-05 3.473279625817894537e-05 2.062210000000000000e+05
3.822130601069931117e+02 2.910368882393123396e-04 4.549670117035862436e-05 3.894655268078094513e-05 2.095290000000000000e+05
3.843141376638832867e+02 2.877756044648994006e-04 4.500526807767590962e-05 3.596746884985785287e-05 2.125450000000000000e+05
3.864096355836928751e+02 2.822083925400789388e-04 4.567100383565068640e-05 3.662337094712325648e-05 2.132070000000000000e+05
3.885029072957560174e+02 2.793018548143800074e-04 4.162753158626955721e-05 3.495410963717331370e-05 2.165770000000000000e+05
3.905976920854033665e+02 2.745705364535176978e-04 4.208258034260304269e-05 3.328498363058738339e-05 2.181930000000000000e+05
3.926958121232195822e+02 2.701290625782628587e-04 4.262158150140216281e-05 3.268863864981547568e-05 2.221510000000000000e+05
3.947892180838422291e+02 2.672579585333470617e-04 3.940438592424979616e-05 3.237603982349891241e-05 2.216410000000000000e+05
3.968782140997554961e+02 2.630769008389565442e-04 3.913056789468878009e-05 3.363743569848822357e-05 2.261730000000000000e+05
3.989707362781335291e+02 2.597931920808845886e-04 3.971064634878660365e-05 3.185967771000823730e-05 2.269810000000000000e+05
4.010671924513820272e+02 2.556050829908961680e-04 3.681740245697991598e-05 3.136540695304094952e-05 2.319030000000000000e+05
4.031622814805685380e+02 2.526016824076784636e-04 3.702897467922420372e-05 2.991334894924173809e-05 2.314930000000000000e+05
4.052546340249365926e+02 2.492025035453789678e-04 3.606109059253756010e-05 3.090853184737624843e-05 2.360410000000000000e+05
4.073499183903821859e+02 2.453284306557752077e-04 3.753466723165494048e-05 2.963470264440619810e-05 2.372310000000000000e+05
4.094468722071623006e+02 2.428034688349763341e-04 3.519519729535441530e-05 3.144749191053627658e-05 2.409250000000000000e+05
4.115443288589775648e+02 2.401922756650200197e-04 3.428580877745718476e-05 3.052069239964761251e-05 2.427690000000000000e+05
4.136340823922854497e+02 2.359854576677921170e-04 3.371135999058292595e-05 3.357104022720068797e-05 2.437570000000000000e+05
4.157249463815624608e+02 2.334520792277201015e-04 3.234656518592891292e-05 2.906906919424113918e-05 2.479830000000000000e+05
4.178218199778140161e+02 2.307238262790487968e-04 2.968707887090485875e-05 3.304890254446556189e-05 2.502730000000000000e+05
4.199166506307261102e+02 2.286204275267480698e-04 3.022261078254607415e-05 3.217056870699107823e-05 2.523730000000000000e+05
4.220107143757512631e+02 2.251422021644224167e-04 3.089814297147570383e-05 3.242839393533725374e-05 2.554470000000000000e+05
4.241054294906687687e+02 2.232317916370442519e-04 2.854052269608021647e-05 2.980064279817719018e-05 2.570890000000000000e+05
4.262013850195404530e+02 2.206395367027251086e-04 2.875591228629685131e-05 3.046136831787019634e-05 2.612370000000000000e+05
4.282955296445312570e+02 2.174664863579450823e-04 2.847013126058871909e-05 3.350779006181804734e-05 2.616670000000000000e+05
4.303918066888609815e+02 2.146761910044756526e-04 2.921376219773546824e-05 2.860182332906236336e-05 2.668890000000000000e+05
4.324885754579240142e+02 2.115093435694554076e-04 2.793846496601854707e-05 3.209710800144908018e-05 2.670490000000000000e+05
4.345806090039813512e+02 2.088206805440657858e-04 2.733805996201147927e-05 3.132836284580611065e-05 2.705770000000000000e+05
4.366724409742538455e+02 2.065164726248609728e-04 2.735220759902059367e-05 3.286980389608867387e-05 2.726430000000000000e+05
4.387671492209622102e+02 2.038781816108922338e-04 2.806928128330949556e-05 3.042944413168041022e-05 2.762050000000000000e+05
4.408622534544343239e+02 2.010466413171676375e-04 2.580298219801625638e-05 3.166013124511149755e-05 2.781690000000000000e+05
4.429551641509581259e+02 1.980788874908894501e-04 2.556577198173925561e-05 3.131694564449347964e-05 2.808190000000000000e+05
4.450482683181851371e+02 1.959585891646283896e-04 2.419710516854543084e-05 3.235256305597876560e-05 2.836290000000000000e+05
4.471468387574249732e+02 1.933448920222649429e-04 2.370592345040686513e-05 3.104252565075507245e-05 2.877370000000000000e+05
4.492436228056981236e+02 1.909287802845465148e-04 2.465519489799717577e-05 3.283390888173751278e-05 2.882290000000000000e+05
4.513338633316258210e+02 1.888664720920172702e-04 2.397201484468819589e-05 3.190590678035819857e-05 2.915190000000000000e+05
4.534275364325927740e+02 1.872705844451038454e-04 2.384888389197707936e-05 3.113006766088924262e-05 2.946970000000000000e+05
4.555218954858658549e+02 1.855576595179495155e-04 2.359307229416697982e-05 3.041943821389988113e-05 2.968170000000000000e+05
4.576171661608108252e+02 1.832656486000837988e-04 2.386003279325089803e-05 3.244519896023551270e-05 3.007390000000000000e+05
4.597117909764672277e+02 1.815806757976392368e-04 2.455221807152001403e-05 3.362735929255695067e-05 3.019210000000000000e+05
4.618031890496856704e+02 1.788318690040628374e-04 2.387575560437136006e-05 3.039378492002762746e-05 3.054570000000000000e+05
4.638995470730997681e+02 1.779486694048310839e-04 2.320454973617159990e-05 3.315010978750899191e-05 3.088390000000000000e+05
4.659948171464902202e+02 1.763850904391965906e-04 2.342724472212841713e-05 3.374498665340624147e-05 3.106410000000000000e+05
4.680892944697272355e+02 1.744554476469698217e-04 2.278895721862296168e-05 3.293484936511511982e-05 3.144850000000000000e+05
4.701849264949563576e+02 1.725647890519243545e-04 2.416389789270649110e-05 3.367182858245244327e-05 3.161130000000000000e+05
4.722792778491551076e+02 1.712717719027404776e-04 2.275616788876872422e-05 3.474971475764940449e-05 3.202750000000000000e+05
4.743727257290456691e+02 1.691999051547966599e-04 2.160334094339704615e-05 3.658993266593217451e-05 3.211090000000000000e+05
4.764659337214132506e+02 1.672189765770667558e-04 2.181132322968557593e-05 3.608467363799656926e-05 3.261210000000000000e+05
4.785623072742623663e+02 1.658295222868052903e-04 2.261637920766555154e-05 3.773492550523972880e-05 3.277270000000000000e+05
4.806590405897664482e+02 1.643380147457975846e-04 2.304213809624472320e-05 3.811649712248275159e-05 3.318210000000000000e+05
4.827512226177773869e+02 1.629769903864977264e-04 2.209283531962720032e-05 4.083434043414637028e-05 3.324970000000000000e+05
4.848441163240574951e+02 1.624071754550326561e-04 2.154026167947859971e-05 4.054127233702114282e-05 3.373530000000000000e+05
4.869397730506265702e+02 1.603027865086216290e-04 2.253354359829495750e-05 4.108463137252851334e-05 3.395590000000000000e+05
4.890367881340087592e+02 1.593697077432487165e-04 2.222892100603277263e-05 4.114108449065287534e-05 3.433090000000000000e+05
4.911309696496539914e+02 1.579552057955482607e-04 2.270288877639990276e-05 4.213785601048078064e-05 3.447570000000000000e+05
4.932233217478662368e+02 1.567207977834678991e-04 2.272023255004191572e-05 4.375082014470421118e-05 3.487030000000000000e+05
4.953187148676144602e+02 1.556725942296853244e-04 2.309297075131580025e-05 4.198183144573388686e-05 3.512610000000000000e+05
4.974112035877049607e+02 1.545247931317648136e-04 2.307944740975571854e-05 4.529056100793063701e-05 3.540610000000000000e+05
4.995008234599932848e+02 1.538094285405836384e-04 2.427470311080360676e-05 4.706711705450198453e-05 3.561150000000000000e+05
5.015952506837274996e+02 1.529676000190420754e-04 2.398394861129061391e-05 4.552125759260618101e-05 3.616690000000000000e+05
5.036919972981919500e+02 1.518889641984844346e-04 2.378409223020372057e-05 4.895186624833012607e-05 3.628930000000000000e+05
5.057872116617206757e+02 1.506794721126981094e-04 2.369574416359193647e-05 5.183353059389331533e-05 3.671010000000000000e+05
5.078828569897101488e+02 1.498243761673267061e-04 2.387007461770360750e-05 5.324330223507425976e-05 3.694390000000000000e+05
5.099793452386306853e+02 1.487146546043378436e-04 2.400739103301040398e-05 5.509671862410857980e-05 3.732570000000000000e+05
5.120767256379639321e+02 1.483183076179712284e-04 2.475632564426615882e-05 5.540036394395721079e-05 3.759490000000000000e+05
5.141702395931293950e+02 1.475414154538613114e-04 2.550927444827605177e-05 5.733052702562113721e-05 3.780430000000000000e+05
5.162613210276599602e+02 1.468095434984522676e-04 2.591844024662779328e-05 6.038723068436846784e-05 3.811170000000000000e+05
5.183576899265503926e+02 1.463713071990223628e-04 2.572884400357712558e-05 6.296680764515952473e-05 3.864490000000000000e+05
5.204524416424112587e+02 1.457429121884653623e-04 2.504847998551691001e-05 6.381359693717335063e-05 3.863970000000000000e+05
5.225430403510470114e+02 1.449511080535271330e-04 2.580479045462180703e-05 6.577606359419238677e-05 3.913150000000000000e+05
5.246378991347941110e+02 1.445198804449665162e-04 2.681248900619979440e-05 6.789064453348667020e-05 3.943050000000000000e+05
5.267345150769579050e+02 1.438867890057794914e-04 2.709472609899591633e-05 6.940031705376156074e-05 3.980770000000000000e+05
5.288284644781792849e+02 1.434725450397832558e-04 2.696143662023183649e-05 7.145134853024985805e-05 3.999190000000000000e+05
5.309200047543351957e+02 1.431669317757817397e-04 2.660844124167416290e-05 7.338085335212835947e-05 4.031130000000000000e+05
5.330154787982235121e+02 1.427285152068124674e-04 2.660415599065214250e-05 7.642696400038754819e-05 4.082290000000000000e+05
5.351140455458262295e+02 1.424676496233156337e-04 2.732890665752339785e-05 7.877643375751286459e-05 4.103130000000000000e+05
5.372065894545165747e+02 1.416752891611433682e-04 2.620769080722618917e-05 7.296309959136327227e-05 4.102750000000000000e+05
5.392990561174625554e+02 1.405867844725145345e-04 2.579457686492174067e-05 6.190527291710572829e-05 4.093020000000000000e+05
5.413942361800155822e+02 1.394814826411031375e-04 2.576641645118867233e-05 5.115282303107005499e-05 4.077820000000000000e+05
5.434880266486542268e+02 1.381016710058106597e-04 2.511810143697079106e-05 4.022814459973290540e-05 4.058980000000000000e+05
5.455827489438945577e+02 1.366993496762041436e-04 2.380951821330527020e-05 2.972124804272176072e-05 4.043220000000000000e+05
5.476767127561543020e+02 1.353826096741125721e-04 2.225020953013848784e-05 1.960248138754625268e-05 4.026280000000000000e+05
5.497693602110763322e+02 1.342499940876180984e-04 2.172606020458664176e-05 9.114701256411703389e-06 3.997920000000000000e+05
5.518640828781375376e+02 1.327776928659318574e-04 2.078773029564556397e-05 -1.040621351935235640e-06 4.002640000000000000e+05
5.539594253277234657e+02 1.317997938345539621e-04 2.013898297925088946e-05 -9.941000582220464867e-06 3.963360000000000000e+05
5.560560799784258279e+02 1.304389294932412459e-04 1.886872770804946545e-05 -1.875728667716568962e-05 3.969640000000000000e+05
5.581498537014841759e+02 1.294927307201120632e-04 1.768758480279593610e-05 -2.566761689879618280e-05 3.918340000000000000e+05
5.602404618770235629e+02 1.281477456512282399e-04 1.700242962906246344e-05 -3.430375912578665216e-05 3.917040000000000000e+05
5.623373847462706863e+02 1.267463927861285015e-04 1.665704520980279996e-05 -4.039719565097816569e-05 3.907360000000000000e+05
5.644358269329779887e+02 1.261300882409575777e-04 1.632681439673856977e-05 -4.844658056691582098e-05 3.882660000000000000e+05
5.665268810116216400e+02 1.250927190793537204e-04 1.670583642162299620e-05 -5.494217285019625682e-05 3.839200000000000000e+05
5.686205978146614370e+02 1.237553873288734256e-04 1.554187383580670853e-05 -6.144797123323570505e-05 3.856120000000000000e+05
5.707172413959774531e+02 1.231237873040400975e-04 1.389375063808884417e-05 -6.681038983740011906e-05 3.807900000000000000e+05
5.728117953900567727e+02 1.218153682382121515e-04 1.267730514907994349e-05 -7.375447147524126631e-05 3.809500000000000000e+05
5.749061489786814718e+02 1.207591780430156337e-04 1.206959672018720994e-05 -8.042151077480978489e-05 3.765360000000000000e+05
5.769983061453493747e+02 1.199738004653736568e-04 1.269159030741291358e-05 -8.516847354987186372e-05 3.758500000000000000e+05
5.790954534396886402e+02 1.187433254545583206e-04 1.116477596678393458e-05 -9.032004213519213430e-05 3.745800000000000000e+05
5.811887675251532528e+02 1.174774668086140756e-04 1.062681227074224257e-05 -9.451990648178937836e-05 3.697240000000000000e+05
5.832786692590009352e+02 1.169541003659754373e-04 1.103335990301860765e-05 -1.001790643244152511e-04 3.694540000000000000e+05
5.853744262304652466e+02 1.157982761405474586e-04 9.996844260016784576e-06 -1.040729035347333624e-04 3.672900000000000000e+05
5.874702053520854861e+02 1.150299934839771457e-04 1.066209152581612685e-05 -1.082360268605442913e-04 3.649120000000000000e+05
5.895645263196835231e+02 1.138376866251976182e-04 9.537210870235590118e-06 -1.124536033564810174e-04 3.627360000000000000e+05
5.916589161290351058e+02 1.128948725739509809e-04 1.032596679852528743e-05 -1.180228121881649647e-04 3.599260000000000000e+05
5.937545405354702552e+02 1.121416161703628838e-04 9.856834086161377133e-06 -1.215191394395669349e-04 3.591180000000000000e+05
5.958485825352667007e+02 1.113509181962368940e-04 8.638204597958737315e-06 -1.249840772574694594e-04 3.543400000000000000e+05
5.979424307662475258e+02 1.102850186582241817e-04 9.131941350845668422e-06 -1.285327141377052651e-04 3.547300000000000000e+05
6.000359072472176649e+02 1.097696293628270571e-04 9.523007262886035856e-06 -1.316504899535575447e-04 3.494820000000000000e+05
6.021303046355956212e+02 1.089416908301920418e-04 9.187511932449972065e-06 -1.352475931046933570e-04 3.499900000000000000e+05
6.042248380914445534e+02 1.080338337720366425e-04 8.411686364767443564e-06 -1.372690028056870824e-04 3.451500000000000000e+05
6.063178784116851148e+02 1.069724220659790413e-04 8.273423147713783294e-06 -1.399126757596816763e-04 3.441700000000000000e+05
6.084128343028867221e+02 1.064560594814232847e-04 8.319014182811759406e-06 -1.434049765139914384e-04 3.414340000000000000e+05
6.105078954002700584e+02 1.057469405043178450e-04 7.867588279674103766e-06 -1.458322802381450088e-04 3.388500000000000000e+05
6.126034696602193890e+02 1.049376276080280900e-04 7.195091668301142869e-06 -1.477749710922392668e-04 3.366040000000000000e+05
6.146988087070261599e+02 1.040093509167000626e-04 7.401183731038295980e-06 -1.508768657974934153e-04 3.339600000000000000e+05
6.167923071676593736e+02 1.033170638691369625e-04 7.132663340567980396e-06 -1.523493314240894269e-04 3.307600000000000000e+05
6.188869153128759990e+02 1.025402501182592110e-04 7.021045250123752171e-06 -1.547324599745208290e-04 3.291900000000000000e+05
6.209811993625415880e+02 1.018658982635913858e-04 6.631219537637029939e-06 -1.562264520004345088e-04 3.253720000000000000e+05
6.230740163913213792e+02 1.015484559646811976e-04 6.500319316394813514e-06 -1.582074399990849624e-04 3.236140000000000000e+05
6.251692711909930722e+02 1.009282243032280435e-04 6.736460127948026905e-06 -1.600465559715067126e-04 3.208740000000000000e+05
6.272649983552782942e+02 1.006249385089041405e-04 6.799915804504348879e-06 -1.627266474305759207e-04 3.180760000000000000e+05
6.293592710458332249e+02 9.974983619977653238e-05 7.285825658598600181e-06 -1.643616212912023982e-04 3.153660000000000000e+05
6.314508150052482733e+02 9.971461242938072856e-05 6.624202714968169176e-06 -1.663595359858980368e-04 3.116620000000000000e+05
6.335459896170088996e+02 9.876185490917890213e-05 6.540871213435465565e-06 -1.674852893026246758e-04 3.110280000000000000e+05
6.356427790761956658e+02 9.845172322919598304e-05 6.906305315384609880e-06 -1.692275986623694990e-04 3.064960000000000000e+05
6.377340719528424415e+02 9.820121302657846391e-05 6.236588541900214305e-06 -1.706437775649175361e-04 3.036940000000000000e+05
6.398274114846987004e+02 9.730054375928605869e-05 5.928310861804357698e-06 -1.710444109537106745e-04 3.019080000000000000e+05
6.419233685823935502e+02 9.671213484015005061e-05 5.530106589709887169e-06 -1.727900406372837982e-04 2.981560000000000000e+05
6.440216367839542499e+02 9.606887098713356109e-05 5.132674581073320882e-06 -1.728687650616413574e-04 2.972040000000000000e+05
6.461135705040136372e+02 9.556430218820010378e-05 5.466516593406926102e-06 -1.747494396844921334e-04 2.903800000000000000e+05
6.482027620419783034e+02 9.471294153735509080e-05 5.135866480735233691e-06 -1.749047824428921392e-04 2.906340000000000000e+05
6.502989538008154113e+02 9.450764917201689118e-05 5.401069626855831485e-06 -1.772639969158655191e-04 2.865940000000000000e+05
6.523960399107609192e+02 9.389892665326321107e-05 5.184309652617168886e-06 -1.777497735652645470e-04 2.843980000000000000e+05
6.544916973579389605e+02 9.385062077845136646e-05 5.519324688415442997e-06 -1.792085575578083903e-04 2.808840000000000000e+05
6.565851093673111336e+02 9.302575883507195240e-05 4.989024869207794450e-06 -1.803359805964878805e-04 2.772460000000000000e+05
6.586804591655151171e+02 9.231717106883886739e-05 5.236361883277179958e-06 -1.806608798594441681e-04 2.754660000000000000e+05
6.607775344549748979e+02 9.177048414818289948e-05 5.920035747786812546e-06 -1.827319194438756591e-04 2.715280000000000000e+05
6.628705731018673077e+02 9.144387469476790854e-05 5.785242280919282482e-06 -1.831926371818362554e-04 2.680480000000000000e+05
6.649626428961414604e+02 9.103767910109056337e-05 5.507840832134230065e-06 -1.843121902317442634e-04 2.654580000000000000e+05
6.670576804481555655e+02 9.079190910896849001e-05 5.443900674203443966e-06 -1.848643497926166085e-04 2.618920000000000000e+05
6.691508741625193579e+02 9.073226454229685268e-05 5.732148023890394220e-06 -1.875683285503638260e-04 2.591340000000000000e+05
6.712424062066879742e+02 9.013300827228702932e-05 5.146136533686272042e-06 -1.870500459962970690e-04 2.549260000000000000e+05
6.733370267950843981e+02 8.971368666495627261e-05 5.315918991824136129e-06 -1.878007610385620959e-04 2.533140000000000000e+05
6.754346842769356272e+02 8.970376530892029947e-05 5.562049288346870504e-06 -1.902377284100430861e-04 2.493460000000000000e+05
6.775291194257562211e+02 8.970989455323700470e-05 5.640122850968058806e-06 -1.922920100428707722e-04 2.456800000000000000e+05
6.796203345896714154e+02 8.912303923322186232e-05 5.701313754626785398e-06 -1.927115771414049036e-04 2.424420000000000000e+05
6.817149665035004773e+02 8.920983709218057171e-05 6.120259320291472833e-06 -1.951419720670907417e-04 2.393860000000000000e+05
6.838122787538907232e+02 8.871594679715968251e-05 5.611554103407296468e-06 -1.952247523063621983e-04 2.365440000000000000e+05
6.859079406781141870e+02 8.856099074218564435e-05 5.927665955595501720e-06 -1.965649689206296665e-04 2.322940000000000000e+05
6.880014878013496400e+02 8.800079342732671276e-05 5.664074882478162649e-06 -1.964036676362075726e-04 2.290440000000000000e+05
6.900975947368352763e+02 8.833894354181735711e-05 5.544829491718943124e-06 -1.983298470229806628e-04 2.263000000000000000e+05
6.921949061753139176e+02 8.797745141545181382e-05 5.466220018892616713e-06 -1.994106205710320244e-04 2.219380000000000000e+05
6.942847476892718532e+02 8.786359001755039678e-05 5.986225288101611558e-06 -2.009023513312624312e-04 2.182620000000000000e+05
6.963741971262456900e+02 8.790048061498392275e-05 5.358120153515538283e-06 -2.018117158104677940e-04 2.145940000000000000e+05
6.984724339261314299e+02 8.837130080101424903e-05 5.634002467813315451e-06 -2.037803058688708439e-04 2.128920000000000000e+05
7.005676815460799389e+02 8.788391028371996861e-05 5.553972066303203694e-06 -2.045192027416807144e-04 2.071900000000000000e+05
7.026575777886681635e+02 8.767260153692967993e-05 5.295588023036483432e-06 -2.050304965831238038e-04 2.043540000000000000e+05
7.047519322523187384e+02 8.817558387951524121e-05 4.629431637106711307e-06 -2.058539892367038462e-04 2.012320000000000000e+05
7.068459632832323223e+02 8.793629580033286990e-05 5.064694743547751713e-06 -2.076353832595624193e-04 1.966000000000000000e+05
7.089402502640591592e+02 8.777811511083908594e-05 5.762928194971655967e-06 -2.091570257374987920e-04 1.942380000000000000e+05
7.110355673471533464e+02 8.742555751547890271e-05 5.311148978965029151e-06 -2.088054181523887496e-04 1.895260000000000000e+05
7.131333730770313650e+02 8.811625005667158487e-05 5.072529005389537963e-06 -2.110339805160490068e-04 1.868280000000000000e+05
7.152297995286576224e+02 8.802165477928656644e-05 4.945447807511579527e-06 -2.112631828212402699e-04 1.822960000000000000e+05
7.173192989414097838e+02 8.778133425213082114e-05 5.727261490588078093e-06 -2.137424445894915790e-04 1.777480000000000000e+05
7.194134444897839558e+02 8.812668759658416531e-05 6.168351758795035937e-06 -2.155298475403618968e-04 1.758060000000000000e+05
7.215101603067968199e+02 8.812618656100696161e-05 5.122555282032870044e-06 -2.156164432190386363e-04 1.704700000000000000e+05
7.236057227625441328e+02 8.756642842226109520e-05 5.132057187727382957e-06 -2.155244671828446072e-04 1.676460000000000000e+05
7.256997099768309454e+02 8.821163742686667403e-05 5.699882157390556535e-06 -2.187468619645510821e-04 1.631200000000000000e+05
7.277922467555420099e+02 8.743561040451247721e-05 6.032083332364332922e-06 -2.189058915273494005e-04 1.589820000000000000e+05
7.298848421535342368e+02 8.824149689140044607e-05 6.265615104088852419e-06 -2.220430318409531614e-04 1.558780000000000000e+05
7.319793806126314166e+02 8.796270411203971937e-05 6.325000780356887461e-06 -2.242946229321475060e-04 1.510300000000000000e+05
7.340724095566490632e+02 8.859606870452487446e-05 6.706009497764879091e-06 -2.257299988649702082e-04 1.479480000000000000e+05
7.361661669496161267e+02 8.769081142177004838e-05 6.973704266634533398e-06 -2.269903531391614070e-04 1.432480000000000000e+05
7.382645748820824565e+02 8.762059912381160200e-05 7.078914174380719351e-06 -2.278459973431681872e-04 1.401240000000000000e+05
7.403586061146017983e+02 8.784943697475431929e-05 6.062371145139871834e-06 -2.290481451516591450e-04 1.352020000000000000e+05
7.424460406642261887e+02 8.771718174589830674e-05 6.528036309884332367e-06 -2.314196046960019992e-04 1.306620000000000000e+05
7.445426408783455372e+02 8.799388254347860103e-05 5.396643668535833612e-06 -2.314093114504010796e-04 1.285780000000000000e+05
7.466429299010975456e+02 8.755860925992887533e-05 5.613168104475494883e-06 -2.341714625212990702e-04 1.225660000000000000e+05
7.487336140757349767e+02 8.763235036924825309e-05 5.177347234043227897e-06 -2.340648772268280435e-04 1.193040000000000000e+05
7.508270240678629079e+02 8.658783148022020939e-05 5.266361494163272763e-06 -2.355757292184121289e-04 1.147000000000000000e+05
7.529199776701107112e+02 8.620321971366223638e-05 5.227844349455838397e-06 -2.369786325357457529e-04 1.105920000000000000e+05
7.550125888924296760e+02 8.582936645871314107e-05 5.044881488261222789e-06 -2.388524725017134108e-04 1.065100000000000000e+05
7.571013038148125815e+02 8.486942688159661665e-05 4.529843364279211272e-06 -2.389290851728312738e-04 1.017160000000000000e+05
7.591965760733420439e+02 8.422901973074108485e-05 4.382862042374912190e-06 -2.406547681305515188e-04 9.871500000000000000e+04
7.612994351408076454e+02 8.322437851429046916e-05 3.849776134511529131e-06 -2.396170114486230213e-04 9.461500000000000000e+04
7.633900040839596386e+02 8.288979532746986963e-05 3.606743447743062061e-06 -2.407845144347788100e-04 9.051300000000000000e+04
7.654845246727142012e+02 8.217312969784508882e-05 2.369893076965405632e-06 -2.392207600029802031e-04 8.835100000000000000e+04
7.675845761735887436e+02 8.199382465591295945e-05 2.178146377633473434e-06 -2.409942073444941847e-04 8.455500000000000000e+04
7.696777532858808399e+02 8.174880099800043484e-05 2.036546204955887060e-06 -2.417446533743753908e-04 8.170900000000000000e+04
7.717689134972549709e+02 8.133055107990661101e-05 2.092888112137374744e-06 -2.427557609334154423e-04 7.872400000000000000e+04
7.738616343519329348e+02 8.088964669532178208e-05 1.406969278072955987e-06 -2.424373862920972645e-04 7.623300000000000000e+04
7.759586162661141771e+02 8.115970008104062417e-05 1.634485162540271435e-06 -2.454064835718053079e-04 7.356100000000000000e+04
7.780518126648190673e+02 7.994133079053726782e-05 1.642236171890239410e-06 -2.439893371081143297e-04 7.083000000000000000e+04
7.801397895704053553e+02 8.026231477654757209e-05 1.794809798564400417e-06 -2.464299714076437177e-04 6.823000000000000000e+04
7.822357002276578442e+02 7.997712943222815636e-05 1.159772882720213679e-06 -2.462193938912755485e-04 6.649800000000000000e+04
7.843344305330714405e+02 8.023120121032270699e-05 1.470476460990466005e-06 -2.490418286817961736e-04 6.358600000000000000e+04
7.864299648164494556e+02 7.994806934350117051e-05 1.638501025015669766e-06 -2.496452715333337402e-04 6.177400000000000000e+04
7.885179589970517782e+02 8.041908456984827973e-05 1.624328548442396482e-06 -2.520682647666844744e-04 5.879400000000000000e+04
7.906085952377693502e+02 8.074034132397467508e-05 1.902855173184933279e-06 -2.548484846750874552e-04 5.754700000000000000e+04
7.927136344001445423e+02 7.973191870545296627e-05 1.865436111379578527e-06 -2.529576507762818188e-04 5.535000000000000000e+04
7.948093641956113515e+02 7.981967369929193962e-05 1.261769869462843369e-06 -2.535708874106163985e-04 5.302300000000000000e+04
7.968975274777668574e+02 8.019300792014996486e-05 1.197561965346399384e-06 -2.556642719055517957e-04 5.109900000000000000e+04
7.989960461285467090e+02 8.053775645223103241e-05 1.242427285945137296e-06 -2.583032075122987229e-04 4.955500000000000000e+04
8.011011828091563984e+02 8.015624056241041503e-05 1.660355073181677126e-06 -2.585513167117688290e-04 4.765900000000000000e+04
8.031910245513622613e+02 8.095088223235738880e-05 1.764113670054344586e-06 -2.623939328591386568e-04 4.529100000000000000e+04
8.052769337949931696e+02 8.050427383433664892e-05 1.552979654451074150e-06 -2.614355274868096772e-04 4.399900000000000000e+04
8.073812855876360572e+02 8.117833342088606220e-05 1.933321794833878366e-06 -2.650880064537422922e-04 4.248300000000000000e+04
8.094766858512334693e+02 8.091560569134429554e-05 2.251013627017931806e-06 -2.654360720661835577e-04 4.032700000000000000e+04
8.115592562593724324e+02 8.158738135506798396e-05 1.712061530803005959e-06 -2.675274549192825169e-04 3.882700000000000000e+04
8.136567375259069195e+02 8.092977652732902131e-05 1.633877718842081613e-06 -2.662774269417798748e-04 3.768300000000000000e+04
8.157663270894909147e+02 8.067284485217282944e-05 2.377797896345535141e-06 -2.673485195485748867e-04 3.605500000000000000e+04
8.178563728186526305e+02 8.151510158371822487e-05 2.883617019146877864e-06 -2.714193889489421299e-04 3.409800000000000000e+04
8.199333460481224165e+02 8.150699196814438735e-05 2.794870957123482279e-06 -2.722154171350503189e-04 3.277900000000000000e+04
8.220364116349165897e+02 8.188794002962117096e-05 2.148259588239449632e-06 -2.735749566135676635e-04 3.199200000000000000e+04
8.241381024298764260e+02 8.215750236201599258e-05 2.182797637069254144e-06 -2.754120924469367145e-04 2.995900000000000000e+04
8.262211838965614561e+02 8.306128820024521347e-05 2.678287906141096006e-06 -2.792745908585460464e-04 2.882800000000000000e+04
8.283114387597532868e+02 8.371939434064560291e-05 2.463408936320566619e-06 -2.817886240738041287e-04 2.761500000000000000e+04
8.304142770377928855e+02 8.451533315604848413e-05 2.122536540684713478e-06 -2.850980997999701138e-04 2.648800000000000000e+04
8.325184587527894564e+02 8.623940131663576495e-05 2.723394277583024570e-06 -2.922049008978492776e-04 2.520300000000000000e+04
8.346012634025569241e+02 8.561820781541273852e-05 2.824962482867280545e-06 -2.907839088449096741e-04 2.365600000000000000e+04
8.366834844536283526e+02 8.518033718418116442e-05 2.730730210937967508e-06 -2.900534158856338967e-04 2.288700000000000000e+04
8.387960511190381112e+02 8.615600540822388343e-05 2.836403860795205212e-06 -2.940461264226439022e-04 2.195200000000000000e+04
8.408989830964536623e+02 8.636093649524409803e-05 2.902845008448752312e-06 -2.954930439546049007e-04 2.050000000000000000e+04
8.429707059924822943e+02 8.725327036863726813e-05 2.821851202336999521e-06 -2.987237865346909263e-04 1.932300000000000000e+04
8.450649836591013582e+02 8.508867552318556216e-05 2.428181150897956057e-06 -2.921168798130626071e-04 1.881400000000000000e+04
8.471843383640474485e+02 8.730820683252011694e-05 1.999273187255376941e-06 -2.993617792926477690e-04 1.768800000000000000e+04
8.492778662800251368e+02 8.633325061759232727e-05 1.407455484548194384e-06 -2.958422928159929605e-04 1.650400000000000000e+04
8.513425754106416434e+02 8.734507738646611619e-05 1.144263673743129149e-06 -2.993419691208380013e-04 1.544400000000000000e+04
8.534452399857551654e+02 8.789553674416439820e-05 1.278212922710697668e-06 -3.020750969629789977e-04 1.515100000000000000e+04
8.555746058226856121e+02 8.856577464607289028e-05 1.443151860021259971e-06 -3.049551375315223407e-04 1.403200000000000000e+04
8.576491711351226286e+02 8.932797925511466698e-05 9.726898050646669329e-07 -3.073521089301360643e-04 1.279200000000000000e+04
8.597041751021378104e+02 8.924499667943006965e-05 4.614089500225977834e-07 -3.069890030978290928e-04 1.225600000000000000e+04
8.618251653739599760e+02 9.126238341882874500e-05 6.745319476848112230e-07 -3.146566843892819178e-04 1.184400000000000000e+04
8.639500650156841175e+02 9.319245070373222747e-05 -6.216270225559191206e-09 -3.209967273998257445e-04 1.078000000000000000e+04
8.660197738272561310e+02 9.339641720493466030e-05 -4.281998764411095164e-07 -3.215706954318018522e-04 9.868000000000000000e+03
8.680990532976293252e+02 9.536110832278827710e-05 -2.567125059782172890e-07 -3.290487752968374968e-04 9.486000000000000000e+03
8.702248325038777921e+02 9.782207053670622266e-05 -4.891100357419794592e-07 -3.377418370071855842e-04 8.824000000000000000e+03
8.723109447277366826e+02 9.679979820918560357e-05 -7.454704743731725839e-07 -3.342079238502610426e-04 7.896000000000000000e+03
8.743361816731862746e+02 9.830728349241330682e-05 -1.110321505151508319e-06 -3.391021582309496443e-04 7.228000000000000000e+03
8.764658436495250271e+02 1.000892913622739852e-04 -6.007007250824974176e-07 -3.465487122945790218e-04 7.332000000000000000e+03
8.786368585693095383e+02 1.015156773447209405e-04 -2.582274395070790576e-07 -3.521088142585755611e-04 6.292000000000000000e+03
8.806765954142658757e+02 1.063652133734655593e-04 -1.284043366928331470e-06 -3.679083711081807678e-04 5.524000000000000000e+03
8.826798373970119655e+02 1.098276441268264116e-04 -9.671693912916227089e-07 -3.805318578902538778e-04 5.172000000000000000e+03
8.848469874314355366e+02 1.145887142231488931e-04 -8.213767434881108930e-07 -3.977629195131631118e-04 5.188000000000000000e+03
8.870600941920195055e+02 1.184727748910010696e-04 -1.251590833222751246e-07 -4.123768735831469527e-04 4.386000000000000000e+03
8.890650491529471537e+02 1.202759698534635268e-04 2.957284910288535360e-07 -4.190553617818954489e-04 3.520000000000000000e+03
8.910303003350863946e+02 1.216700599051164633e-04 -8.658756081784891630e-08 -4.238214321577793496e-04 3.516000000000000000e+03
8.932439214818294886e+02 1.320046106202157053e-04 8.659085795178906708e-08 -4.603709741541986444e-04 3.388000000000000000e+03
8.954889770077427329e+02 1.269529605774855823e-04 3.723282763628204145e-07 -4.433011110055858029e-04 2.800000000000000000e+03
8.973994521566129379e+02 1.326209523999144003e-04 1.278284036738701468e-06 -4.639359951523960445e-04 1.932000000000000000e+03
8.993215590711535015e+02 1.304559164701906413e-04 5.599964353381162001e-07 -4.558499743243694816e-04 2.236000000000000000e+03
9.016306464564273710e+02 1.377506432302381576e-04 9.592637593988867461e-08 -4.811857816526978306e-04 2.013000000000000000e+03
9.039400877163226369e+02 1.434220201355642331e-04 -1.471760742437154905e-07 -5.009814616538476977e-04 1.576000000000000000e+03
9.056993011289710012e+02 1.432784258342944411e-04 8.735273057840813845e-07 -5.013660647922679563e-04 8.460000000000000000e+02
9.075954821997991075e+02 1.355467026018010728e-04 2.186520836717377332e-07 -4.739725762758156629e-04 1.228000000000000000e+03
9.099826156231260939e+02 1.423491788320179895e-04 2.029677972083348998e-07 -4.978550548609207748e-04 9.640000000000000000e+02
9.123550959351615575e+02 1.473091369122744409e-04 -4.347938508868608937e-07 -5.147482821384890975e-04 7.170000000000000000e+02
9.141627346362355411e+02 1.514645659944851381e-04 -1.872735413256675610e-07 -5.295721951049390044e-04 3.040000000000000000e+02
9.159577727906530527e+02 1.453357153303332604e-04 3.635916669824568366e-07 -5.088013796555650387e-04 4.440000000000000000e+02
9.183477127816340726e+02 1.481274485817166532e-04 4.953294149628221734e-08 -5.183254591929046563e-04 2.920000000000000000e+02
9.207331147904719728e+02 1.672542915616229435e-04 2.457780466472292309e-07 -5.855306228401576090e-04 1.720000000000000000e+02
9.226309293958033777e+02 1.656414661102732170e-04 -1.666398503685019224e-07 -5.795133435179863337e-04 5.100000000000000000e+01
9.242773274894232145e+02 1.556190638574226205e-04 6.017674478749911471e-07 -5.452301910591471909e-04 5.200000000000000000e+01
9.265519372403930447e+02 1.605160536419219922e-04 -2.427470800570540437e-07 -5.615495076205364797e-04 1.200000000000000000e+01
9.286652744879194188e+02 1.881441285720940044e-04 1.044409717443872761e-19 -6.585044500023293137e-04 1.000000000000000000e+00
