2.966547074898984615e+00 1.036181935733098358e+00 -1.357290997063055782e+00 1.768733848021907473e+00 1.300000000000000000e+01
5.026374055021858744e+00 5.067185199127343109e-01 -1.967643437010354601e-01 3.671665058522770586e-01 3.300000000000000000e+01
7.149300621522788113e+00 2.937631319993612711e-01 -7.528326056219377359e-03 -6.904697594318476295e-02 7.900000000000000000e+01
9.278869254964254409e+00 2.276324216378713683e-01 -1.018353892373829450e-01 1.498180392288249799e-02 1.170000000000000000e+02
1.145033261934470126e+01 2.196488413285833385e-01 -2.793887638970641261e-03 -4.914322627427145096e-02 2.050000000000000000e+02
1.349295587141915043e+01 1.853638405722795868e-01 -4.256625199632806111e-02 3.843654787507896214e-02 2.350000000000000000e+02
1.558905561191892986e+01 1.704727720274713254e-01 -3.306853288309807848e-02 2.636780227746966798e-02 3.690000000000000000e+02
1.769408367255316961e+01 1.437332201181877045e-01 -2.671629867088939903e-02 -7.327299548163786723e-03 4.330000000000000000e+02
1.981787480313529670e+01 1.362448144459946497e-01 -2.941682103895772518e-02 3.808689290065829514e-03 5.850000000000000000e+02
2.192074938196263645e+01 1.230376800123267611e-01 5.437072736684153175e-03 1.674779749334848189e-02 6.790000000000000000e+02
2.398877635566245203e+01 1.099048692728693405e-01 -9.074775518664753710e-03 -2.454422620990314666e-03 8.130000000000000000e+02
2.609286971896115759e+01 1.084932882464871851e-01 8.861669623779698871e-03 -1.123514772300684451e-02 9.850000000000000000e+02
2.823466315278179550e+01 9.855926132258722994e-02 -2.294344981006506481e-02 -5.591963732048579883e-03 1.183000000000000000e+03
3.032284873509123102e+01 9.450690194846703140e-02 -9.216013357327787481e-03 2.639743603531053903e-02 1.269000000000000000e+03
3.240263258943403457e+01 9.035961591839355989e-02 -1.990592784290324407e-02 6.893657878347167652e-03 1.537000000000000000e+03
3.449210129864554375e+01 8.431596082690884231e-02 -1.232268941796427209e-02 1.082686490860690657e-03 1.653000000000000000e+03
3.658588147515196454e+01 8.159741406590967361e-02 -2.065414222181483940e-03 7.565588520799347919e-03 1.963000000000000000e+03
3.868476949266977272e+01 7.423947433252546524e-02 -7.595709633200492007e-03 -1.077799914211968876e-03 2.121000000000000000e+03
4.078898888458283523e+01 7.080669594989197346e-02 4.745142134406310670e-03 -2.362770544102325409e-03 2.413000000000000000e+03
4.289390876967645738e+01 6.598190534666692475e-02 -1.775838162138382650e-03 -5.026428917535701382e-03 2.635000000000000000e+03
4.498336005546935468e+01 6.402350607138017347e-02 -4.603767232314515644e-03 4.279192495307670985e-03 2.877000000000000000e+03
4.706498529473824988e+01 6.031278163927661362e-02 -7.784706616894772639e-04 -2.056623584078251955e-03 3.169000000000000000e+03
4.917111919158227096e+01 5.540798347778572164e-02 -3.188367513538533423e-03 1.701906668683525643e-03 3.507000000000000000e+03
5.126216914174227668e+01 5.469377709047626435e-02 -3.949124820215906516e-03 2.858939167986230840e-03 3.685000000000000000e+03
5.335525146837034072e+01 5.101203868773490635e-02 -1.088039307513220897e-03 -2.936538225471357661e-04 4.165000000000000000e+03
5.546637228956934251e+01 4.896882219242048445e-02 3.497336947797450961e-04 -3.279714924531494744e-04 4.377000000000000000e+03
5.757318819254808773e+01 4.511701695206266766e-02 -1.433781267385205631e-03 -5.964513382358037005e-03 4.855000000000000000e+03
5.965884044590281121e+01 4.625241962741272195e-02 -1.285871606185683743e-03 2.545429536841252319e-04 4.929000000000000000e+03
6.174512302159506305e+01 4.388533502268429642e-02 -6.432964748144706342e-04 -3.345218579115345151e-03 5.581000000000000000e+03
6.382689291137189969e+01 4.357203563043592770e-02 -3.428097305752844225e-03 1.027529529867948245e-03 5.679000000000000000e+03
6.592966228838450604e+01 3.956985122512254177e-02 -2.137026615461821467e-03 7.089800696150470763e-05 6.385000000000000000e+03
6.803125784825746791e+01 3.871302186527415812e-02 -3.230787293325102644e-03 1.159887212145827235e-03 6.553000000000000000e+03
7.013131008699485847e+01 3.674545053968921587e-02 -9.008242670355213469e-04 1.881299614446755751e-03 7.125000000000000000e+03
7.223032366074338029e+01 3.495219297789173979e-02 2.378233207483302671e-03 7.308438789187958256e-04 7.447000000000000000e+03
7.432334270720505742e+01 3.485285784700833944e-02 3.978195748003043528e-04 -3.634416733287980914e-04 7.929000000000000000e+03
7.642066756954473306e+01 3.389618261204557781e-02 -4.521982145700821436e-04 6.160279881887837337e-04 8.353000000000000000e+03
7.850471694556040347e+01 3.353222093967316020e-02 -5.763452067899014174e-04 2.028443473200113208e-03 8.775000000000000000e+03
8.059701946059529121e+01 3.143482247282633479e-02 -3.692416766200626831e-03 7.349594889343477426e-04 9.313000000000000000e+03
8.269521798132063850e+01 3.045043073564468808e-02 -2.225550205445437323e-03 -2.063121463859250715e-03 9.841000000000000000e+03
8.478307522909847194e+01 2.949672168455907961e-02 -9.134908385288820556e-04 -2.846279001801234679e-03 1.019100000000000000e+04
8.687780839616016237e+01 2.850000016509325260e-02 -6.120319637400820642e-04 -2.651978360435207436e-03 1.089700000000000000e+04
8.897524569656535220e+01 2.808097968020264665e-02 -1.154866717834685869e-04 -3.653500969233486502e-03 1.130100000000000000e+04
9.108077810470518898e+01 2.656890465730510006e-02 -3.069039283282796061e-03 -2.919792066370502457e-03 1.202500000000000000e+04
9.318432266948052245e+01 2.582790150217478126e-02 -2.256611943765547430e-03 -1.925579308746615476e-03 1.242300000000000000e+04
9.527887641048309320e+01 2.516853342387408154e-02 -2.123342624007645753e-03 -3.594860731868244463e-03 1.302100000000000000e+04
9.736254237981037818e+01 2.452373472372647648e-02 -3.419929411601960569e-04 -4.405518813282446357e-03 1.340500000000000000e+04
9.944832814799407572e+01 2.378940848091334534e-02 -1.393352703396823038e-03 -5.078698420114606711e-03 1.424700000000000000e+04
1.015460879802399035e+02 2.298051135470892403e-02 -1.786426245415403524e-03 -3.868336658437382305e-03 1.471300000000000000e+04
1.036426375667732316e+02 2.258427520929572746e-02 -2.886778346845751339e-03 -3.040253458794564979e-03 1.548900000000000000e+04
1.057389390539465950e+02 2.171025610933734543e-02 -3.315213273993086480e-03 -2.587879452140936197e-03 1.591300000000000000e+04
1.078395855981474227e+02 2.178169499029116232e-02 -1.928888480204058072e-03 -2.223968482862269912e-03 1.687900000000000000e+04
1.099389405850131709e+02 2.092408532836003560e-02 -1.350361977892220334e-03 -2.356393462308255509e-03 1.719300000000000000e+04
1.120392143152385387e+02 2.044622328538789335e-02 -1.643391685052473204e-03 -3.371147753684314730e-03 1.815700000000000000e+04
1.141233458569757744e+02 1.954414853117264830e-02 -1.664399518047237269e-03 -2.199345347319224282e-03 1.833900000000000000e+04
1.162159397555423084e+02 1.854892315347509216e-02 -2.074979839298751825e-03 -2.234979643141662108e-03 1.957300000000000000e+04
1.183137204803772420e+02 1.836757694882418940e-02 -2.712017263171809267e-04 -1.411047485139383002e-03 1.994100000000000000e+04
1.203972311807013256e+02 1.828432506678725686e-02 -3.846556113442471669e-04 -3.033132844000560862e-03 2.062900000000000000e+04
1.224922363187857286e+02 1.756665339865851050e-02 1.012932639497997957e-04 -3.213223426215125120e-03 2.165500000000000000e+04
1.245882598425863534e+02 1.723377948620203812e-02 -4.463266926748322961e-04 -1.999136598603070206e-03 2.211300000000000000e+04
1.266884677158377315e+02 1.672243943855562451e-02 -9.191313441903228420e-04 -2.269361158021744682e-03 2.318500000000000000e+04
1.287846620419940962e+02 1.622201045651599019e-02 -9.009484066664835223e-04 -1.165118011336059838e-03 2.366700000000000000e+04
1.308713393788149801e+02 1.585210185384139034e-02 -5.560090600442931007e-04 -1.204273664884287446e-03 2.438500000000000000e+04
1.329754833440644575e+02 1.543235863589993359e-02 -3.004680497145707004e-04 -1.417292004954650306e-03 2.574900000000000000e+04
1.350691081525609434e+02 1.538331030072187175e-02 -3.479780638887255625e-04 -2.157670700272913862e-03 2.567500000000000000e+04
1.371638825856825576e+02 1.525978804776063381e-02 -3.620540648135584373e-04 -1.109152464146921603e-03 2.740900000000000000e+04
1.392604757372163533e+02 1.482417575816089884e-02 -1.164013715896693255e-03 -4.870855141146144900e-04 2.740500000000000000e+04
1.413466882908376760e+02 1.422917975419421555e-02 -9.099505206236613427e-04 -1.870441624475979692e-04 2.871700000000000000e+04
1.434475230090064031e+02 1.393838307010357436e-02 -6.075331637746669497e-04 -6.171829316804770718e-05 2.959500000000000000e+04
1.455452853418541679e+02 1.358841078921072844e-02 -4.151675826137881374e-04 -8.852379702213629756e-04 3.030100000000000000e+04
1.476332061073587738e+02 1.326704711730729638e-02 -4.282536673253039780e-04 -1.289012505822146942e-03 3.110100000000000000e+04
1.497211472843286231e+02 1.282391111669799015e-02 -5.031842744695262616e-04 -1.808816359984546278e-03 3.202300000000000000e+04
1.518138048751577287e+02 1.267342859686540826e-02 -5.855168821857300752e-04 -9.505074118226150299e-04 3.297700000000000000e+04
1.539211490100352648e+02 1.241963892415315004e-02 -4.544708354500655236e-04 -9.440864702123740425e-04 3.444900000000000000e+04
1.560214747341236716e+02 1.202389460021281893e-02 -7.433018922201011089e-04 -9.715072347612685108e-04 3.454900000000000000e+04
1.581161747588121784e+02 1.186501905863263442e-02 -6.254865593654526873e-04 -9.561076508337993827e-04 3.611100000000000000e+04
1.602118712271799836e+02 1.142479930012353477e-02 -5.942715726503574204e-04 -5.978223028547767623e-04 3.654100000000000000e+04
1.623006419462898862e+02 1.139220012259875917e-02 -6.217648426198773203e-04 -4.222007751455797929e-04 3.771700000000000000e+04
1.643899033199985240e+02 1.098815389693699046e-02 -4.335841049834054202e-04 -9.168521841977894096e-04 3.861900000000000000e+04
1.664835582381511756e+02 1.081795665127026698e-02 -4.866273159357782457e-04 -4.798351475283946818e-04 3.966100000000000000e+04
1.685719683778473552e+02 1.059692245071252453e-02 -5.884455249333479234e-04 -5.105670159527604538e-04 4.054500000000000000e+04
1.706641332089364766e+02 1.038677553604684146e-02 -5.309864044583700090e-04 -3.957183464886373505e-04 4.181500000000000000e+04
1.727708699256135390e+02 1.028180605049073583e-02 -4.497905396621196131e-04 -3.243845588056645996e-04 4.312500000000000000e+04
1.748696546009699659e+02 9.887695714711715322e-03 -3.684299573692283061e-04 -3.631187685250590234e-04 4.368100000000000000e+04
1.769585769494445344e+02 9.690007620373268862e-03 -3.299529282132721421e-04 -1.181882923101833699e-04 4.462900000000000000e+04
1.790524509315575301e+02 9.688024142567284308e-03 -1.897781915388555344e-04 -3.955529412238481795e-04 4.622700000000000000e+04
1.811526521261263554e+02 9.490549402322091474e-03 -4.374673153630052728e-04 -4.359452728711954482e-04 4.690900000000000000e+04
1.832476884130738881e+02 9.392191677813395076e-03 -2.680658110921182221e-04 -3.852562789311916739e-04 4.823700000000000000e+04
1.853312475833926101e+02 9.216151414358388430e-03 -5.050950516089208736e-05 -8.745234502045247380e-06 4.858300000000000000e+04
1.874284892203218931e+02 8.977624700718632444e-03 -2.618102698018747051e-04 -1.998786827600400058e-04 5.099700000000000000e+04
1.895337179075755216e+02 8.877129677654973031e-03 -5.310193110512958782e-05 -8.417534036708045357e-05 5.139700000000000000e+04
1.916268196474026126e+02 8.698001536130718289e-03 -2.244463341924304010e-04 -5.609944736331984056e-04 5.248900000000000000e+04
1.937183403446852878e+02 8.633600082153828834e-03 -3.002613508594772110e-05 -1.288360708779942403e-04 5.378700000000000000e+04
1.958131498886989164e+02 8.562329195182035932e-03 1.757007180335017581e-04 -4.565676819014352687e-05 5.491300000000000000e+04
1.979058740098966211e+02 8.296208984423382449e-03 2.545484205766018277e-05 -8.925259983976705511e-05 5.597700000000000000e+04
1.999990651597893816e+02 8.166792546936771022e-03 -1.519022895484283214e-05 1.185724551414778807e-04 5.741500000000000000e+04
2.020893038374759101e+02 8.027206206811507427e-03 -3.429037018231164747e-04 -3.471265602686461572e-04 5.810500000000000000e+04
2.041823192148177952e+02 7.881217839509475215e-03 -2.264164181650902912e-04 -3.719963583628419857e-04 6.003300000000000000e+04
2.062825911013838152e+02 7.791933898674005890e-03 -1.687558758170198253e-04 -3.161300600261644019e-04 6.094900000000000000e+04
2.083770189145966185e+02 7.660328360911600187e-03 -1.353982574322845352e-04 -4.089169633755581463e-04 6.223500000000000000e+04
2.104675816794403431e+02 7.541196970550727470e-03 -1.650375553774132331e-04 -1.204593749379878224e-04 6.322900000000000000e+04
2.125667854244018145e+02 7.362515988056585366e-03 -4.132440685002140759e-04 -2.284086466542417225e-04 6.513300000000000000e+04
2.146619261104851830e+02 7.274904348510753682e-03 -2.584783453643029936e-04 -1.976818477128407942e-04 6.570700000000000000e+04
2.167561805722037036e+02 7.199043671434808382e-03 -3.655587721028046911e-04 -1.537098888698861714e-04 6.756100000000000000e+04
2.188528705899679210e+02 7.133768596499705066e-03 -2.678338785394519979e-04 -2.269994768845579112e-04 6.850500000000000000e+04
2.209456427453084473e+02 6.974006524407839677e-03 -2.339859984232343915e-04 6.040997372806691785e-05 6.994300000000000000e+04
2.230395148320731096e+02 6.860355765440702414e-03 -2.754629094968201681e-04 5.089777652531249358e-05 7.109700000000000000e+04
2.251356732858534997e+02 6.780408777798990934e-03 -1.027320522302688753e-04 2.212552770476644611e-05 7.302100000000000000e+04
2.272278504864401327e+02 6.704145836027839735e-03 -3.446888039102675148e-04 3.025704167698200356e-05 7.331700000000000000e+04
2.293197511287232544e+02 6.676110961635871484e-03 5.759397412840170418e-05 2.700974068051080587e-04 7.579900000000000000e+04
2.314114772346510165e+02 6.618135703611950638e-03 -6.156243928517131283e-05 3.713003563049685745e-04 7.602100000000000000e+04
2.335058467478245632e+02 6.510815062470086054e-03 -6.532324312695613323e-05 5.519955054381439239e-04 7.875300000000000000e+04
2.356041652202905539e+02 6.452542273180790836e-03 -9.544298394953306926e-05 6.181079288540701662e-04 7.929100000000000000e+04
2.377006336558306998e+02 6.371117387314460812e-03 -1.336650256907370693e-04 6.767673245923221982e-04 8.112900000000000000e+04
2.397972750390475198e+02 6.420077792964232200e-03 2.541409288615964468e-05 8.011950273043178666e-04 8.244100000000000000e+04
2.418944602532704096e+02 6.398124733742341017e-03 9.002472025878251118e-05 8.963132724865611285e-04 8.394900000000000000e+04
2.439884227569783093e+02 6.290201611499872045e-03 7.482569373213958060e-05 9.159217310076971791e-04 8.512300000000000000e+04
2.460835996828307373e+02 6.288948291132682999e-03 1.719826016791880748e-04 1.060108016903008434e-03 8.692900000000000000e+04
2.481755280705312146e+02 6.162822216176621834e-03 -5.152936080989262493e-05 1.177412963670631868e-03 8.778900000000000000e+04
2.502623700647570217e+02 6.126187870504253702e-03 9.405444141546475875e-05 1.394300678632679142e-03 8.962300000000000000e+04
2.523586155105348325e+02 6.120039320442101534e-03 -7.318212630803193688e-05 1.253082339070077334e-03 9.134100000000000000e+04
2.544547077866985489e+02 6.039675084305829236e-03 2.194697633969966609e-05 1.423612002301446458e-03 9.284500000000000000e+04
2.565487653287422063e+02 6.137130392034379975e-03 1.218428133934680211e-05 1.449042062120067548e-03 9.408700000000000000e+04
2.586464955058470991e+02 6.136220049079827397e-03 1.349003391146331293e-04 1.923543557668928611e-03 9.633300000000000000e+04
2.607443047329861656e+02 6.193718264447724969e-03 -7.225705037198805910e-06 2.036733375212947290e-03 9.724900000000000000e+04
2.628438312173413465e+02 6.168328389949281031e-03 -1.127973154867445280e-04 2.184898076241156405e-03 9.950100000000000000e+04
2.649298855659840228e+02 6.129890902715052700e-03 -1.080794940810341490e-04 2.225805511195212867e-03 9.928300000000000000e+04
2.670163698864117805e+02 6.202943401252584803e-03 -1.281172857354075773e-04 2.433988876417946673e-03 1.025370000000000000e+05
2.691120556714307668e+02 6.204249556112864314e-03 -6.633148047811000991e-07 2.148952408106876832e-03 1.022830000000000000e+05
2.712074998348403483e+02 6.223270471439325442e-03 -4.001641706274030479e-05 1.506478526533242684e-03 1.021060000000000000e+05
2.733050116933233653e+02 6.108650097385800136e-03 -1.592672368756622243e-04 6.116185493051346607e-04 1.007340000000000000e+05
2.753977295572417461e+02 6.102509648414800036e-03 -7.755198707201626238e-05 -1.649980425045898490e-04 9.999400000000000000e+04
2.774958294534935703e+02 6.022898138945588162e-03 -1.187370205038344549e-04 -9.729403405639272572e-04 9.936000000000000000e+04
2.795977707949222122e+02 5.985088305133332183e-03 6.153331451641652736e-05 -1.682714435764703920e-03 9.860800000000000000e+04
2.816862895118986785e+02 5.926541382589602808e-03 2.530514248229660443e-04 -2.200119541101657351e-03 9.625200000000000000e+04
2.837743515740906446e+02 5.882041595890167250e-03 1.465531526263492805e-04 -3.067036869524768575e-03 9.640000000000000000e+04
2.858713251310674650e+02 5.886516553906477600e-03 1.791548719755065022e-04 -3.519839111231110127e-03 9.539800000000000000e+04
2.879670932628575883e+02 5.811339803632697282e-03 1.348137751673429783e-04 -4.068444914057134723e-03 9.402000000000000000e+04
2.900590582015512382e+02 5.829550496745341225e-03 2.384807555836744922e-04 -4.572917247037650013e-03 9.316000000000000000e+04
2.921519201901450060e+02 5.747692492628185199e-03 2.263478786915286433e-04 -5.149266615425925932e-03 9.177600000000000000e+04
2.942485935102203030e+02 5.775784246826219138e-03 1.855551472380156789e-04 -5.542491329740179690e-03 9.137800000000000000e+04
2.963426645133968691e+02 5.738951831618220416e-03 2.086249452028386328e-04 -5.895925612287597137e-03 8.949000000000000000e+04
2.984329904966970162e+02 5.681949312865422312e-03 7.691498267230781295e-05 -6.311434426129596334e-03 8.845000000000000000e+04
3.005290481640043367e+02 5.684967706914951027e-03 1.684143418269389643e-04 -6.676217236931031133e-03 8.794600000000000000e+04
3.026245947235937592e+02 5.740283181950070999e-03 2.686014063235974206e-04 -7.136765858881061533e-03 8.575200000000000000e+04
3.047205651109674704e+02 5.712409158217071278e-03 1.202459725272152111e-04 -7.410789540841461985e-03 8.574400000000000000e+04
3.068167457111920839e+02 5.684482881634592838e-03 2.070605727172693472e-04 -7.741919165611199118e-03 8.322000000000000000e+04
3.089118625384018060e+02 5.570889409628306845e-03 2.539311570558328490e-04 -8.120442262864719860e-03 8.302000000000000000e+04
3.110099981664167785e+02 5.567003844845577233e-03 3.302766002509395634e-04 -8.498188538732014130e-03 8.106400000000000000e+04
3.131040997612852266e+02 5.599817548766795883e-03 3.695267950420151452e-04 -8.933600431845351020e-03 7.983000000000000000e+04
3.151936712677708670e+02 5.629883811131459331e-03 5.697266547395367841e-04 -9.275180552283443861e-03 7.823800000000000000e+04
3.172858841403398173e+02 5.625657973143110419e-03 4.459324484060023372e-04 -9.416493609480989721e-03 7.715400000000000000e+04
3.193772099476266817e+02 5.635010788526600978e-03 2.163689968498230776e-04 -9.524428842929833286e-03 7.546600000000000000e+04
3.214753775151562536e+02 5.644278507471523973e-03 2.595226584145006411e-04 -9.868904109238307160e-03 7.480200000000000000e+04
3.235746879206847666e+02 5.640441512836132446e-03 2.436498718013977534e-04 -1.007643992475463351e-02 7.258000000000000000e+04
3.256647237020029024e+02 5.614581573730894823e-03 1.982654181658090407e-04 -1.022113092332850234e-02 7.133800000000000000e+04
3.277571324083919535e+02 5.607579444929149635e-03 2.475011163495941988e-04 -1.049831004124163192e-02 6.964200000000000000e+04
3.298487111637800240e+02 5.704582271068068741e-03 1.462201365999239917e-04 -1.080199502523859940e-02 6.832600000000000000e+04
3.319433744068021497e+02 5.723953933064504507e-03 1.347509790803970339e-05 -1.087746549904652221e-02 6.674400000000000000e+04
3.340422322988853239e+02 5.773093024048279835e-03 8.795220415886697093e-06 -1.127451115536627461e-02 6.533800000000000000e+04
3.361307892565458246e+02 5.774630747214543058e-03 6.413747732894650971e-05 -1.152850397438777777e-02 6.315600000000000000e+04
3.382251120895489294e+02 5.789240633523315589e-03 1.360747466061056868e-04 -1.190566191047758710e-02 6.214000000000000000e+04
3.403264013195363304e+02 5.791685599948285905e-03 1.776872284027168733e-04 -1.221155617523953310e-02 6.051400000000000000e+04
3.424148842577288860e+02 5.854414647760096922e-03 1.707988778384840868e-04 -1.251748518120860722e-02 5.799000000000000000e+04
3.445099495577244397e+02 5.849523584651716498e-03 1.949984348154863972e-04 -1.270073000616828499e-02 5.742400000000000000e+04
3.466144105402300397e+02 5.910353623619321248e-03 2.015057954204980387e-04 -1.308362770573567001e-02 5.518200000000000000e+04
3.487067496858389859e+02 5.913395794340930815e-03 1.816441322726776583e-04 -1.317951289278400384e-02 5.306800000000000000e+04
3.507912540595516475e+02 5.934304344112761344e-03 7.157049946900553698e-05 -1.320585532601297428e-02 5.152800000000000000e+04
3.528807167895711814e+02 6.030599189006818212e-03 2.179323801679379421e-05 -1.359974253960067811e-02 4.954600000000000000e+04
3.549828487415276754e+02 6.156147653438859280e-03 -7.800651606795656879e-05 -1.370603661790522829e-02 4.846600000000000000e+04
3.570768480370360862e+02 6.204121369670517229e-03 -1.196106855603741099e-04 -1.398105552776594818e-02 4.566600000000000000e+04
3.591652111747225717e+02 6.376977659434629117e-03 -1.551551949679811596e-04 -1.445403477347009455e-02 4.423000000000000000e+04
3.612627896178847777e+02 6.435311448565746162e-03 -1.936647447524819556e-04 -1.473277887867818770e-02 4.254000000000000000e+04
3.633645820428338880e+02 6.461804751444164517e-03 -1.011144974198445391e-04 -1.519769067781625779e-02 4.022200000000000000e+04
3.654527365610065885e+02 6.565998783371487443e-03 -4.683819346053765703e-05 -1.556087535431055317e-02 3.842200000000000000e+04
3.675441472124314259e+02 6.533403916543246807e-03 -1.720845344367097861e-04 -1.573849639525531918e-02 3.624600000000000000e+04
3.696396280380744201e+02 6.694589855268176515e-03 -3.295077067165464436e-06 -1.659491481476272831e-02 3.455200000000000000e+04
3.717297223820279441e+02 6.657667612332988927e-03 5.970858379549132415e-05 -1.695278558310801820e-02 3.213600000000000000e+04
3.738176974939287902e+02 6.738623698370787424e-03 7.763486803139740746e-05 -1.751611629442476059e-02 3.029200000000000000e+04
3.759110996783247174e+02 6.619036062946598471e-03 -3.180961073598086500e-05 -1.748221635175863792e-02 2.830200000000000000e+04
3.780081394014102898e+02 6.669241900695846263e-03 -1.351230179054543955e-04 -1.796748075904221545e-02 2.605600000000000000e+04
3.801051557582653118e+02 6.633706387356381844e-03 -3.250735507227685728e-05 -1.850395717586675315e-02 2.421100000000000000e+04
3.821955053587425937e+02 6.532816520345488369e-03 -5.973461599765655060e-05 -1.874522376366908119e-02 2.220600000000000000e+04
3.842862749912937943e+02 6.651775894146247890e-03 -3.920240229790447731e-05 -1.941259804076077636e-02 2.088400000000000000e+04
3.863841918340856409e+02 6.542317438590403329e-03 -6.722789767930431549e-05 -1.926232453813819800e-02 1.939200000000000000e+04
3.884771734501698006e+02 6.509202211592487845e-03 -2.960129486151519360e-04 -1.923254773830878131e-02 1.805800000000000000e+04
3.905623371605522607e+02 6.521750400070205900e-03 -9.707123625655970510e-05 -1.973701822822217233e-02 1.674600000000000000e+04
3.926667500119167471e+02 6.608055822101101436e-03 -6.983455415830720997e-05 -2.024106547088291505e-02 1.589800000000000000e+04
3.947778557744774162e+02 6.665753212930056355e-03 -1.592759703380292827e-04 -2.058845396946751630e-02 1.457800000000000000e+04
3.968631060462392952e+02 6.462507881988322801e-03 -2.459619512793313474e-04 -2.002070899798579634e-02 1.344300000000000000e+04
3.989413219049817485e+02 6.728549444607107542e-03 -1.919379495009942570e-04 -2.115368868319214210e-02 1.251100000000000000e+04
4.010572258526528344e+02 6.842180529366546915e-03 -5.699321190060359192e-05 -2.179536850112261462e-02 1.191900000000000000e+04
4.031656962107319373e+02 6.951801184522406543e-03 -8.676787597216666082e-05 -2.230270324566556439e-02 1.063900000000000000e+04
4.052249146637423678e+02 7.028438468052383009e-03 5.643016664278672806e-05 -2.296770345985114925e-02 9.775000000000000000e+03
4.073276634718891387e+02 7.019419496290785210e-03 -1.677953054011693826e-05 -2.296863309577574369e-02 9.423000000000000000e+03
4.094593776408451049e+02 7.401068427584595565e-03 -1.384157877942247068e-04 -2.423445390288938087e-02 8.449000000000000000e+03
4.115405539130957777e+02 7.202619035036172263e-03 -1.303856641417982577e-04 -2.368501448170097154e-02 7.596000000000000000e+03
4.135894252671187132e+02 7.232608653959202508e-03 -1.650623203114184748e-04 -2.385168243125467338e-02 6.931000000000000000e+03
4.156930049049321951e+02 7.583942926460788929e-03 -4.575362164205961301e-05 -2.531903046835319582e-02 6.612000000000000000e+03
4.178272827209258367e+02 7.536359415601077277e-03 3.463443295964649513e-05 -2.538581322028343398e-02 5.899000000000000000e+03
4.199082037741286513e+02 7.880742486703232880e-03 6.177791674235211345e-06 -2.663144865412793091e-02 5.176000000000000000e+03
4.219826095167229028e+02 7.699409434875200027e-03 6.521906537018127344e-05 -2.614626572322855183e-02 4.824000000000000000e+03
4.241028763136273483e+02 7.784509548279625046e-03 -1.507396778828520596e-04 -2.636893331354496495e-02 4.312000000000000000e+03
4.262107721966358440e+02 7.897976407681998531e-03 4.883786518531109638e-05 -2.701613601627047070e-02 3.819000000000000000e+03
4.282460731868927724e+02 8.064829651724891857e-03 7.541039646906410294e-06 -2.762487855110028548e-02 3.220000000000000000e+03
4.303287648834323136e+02 8.370903482941690829e-03 7.576679458029052853e-06 -2.875991585473265319e-02 3.132000000000000000e+03
4.325172248853483552e+02 8.675440130812764675e-03 1.074396567364177562e-04 -3.000572776331497660e-02 2.680000000000000000e+03
4.346325070601815810e+02 9.436741412092419443e-03 7.622098040338756860e-05 -3.267746927683704006e-02 2.218000000000000000e+03
4.365567227659553851e+02 9.261216859391852019e-03 6.474122745805095214e-05 -3.204853935884192928e-02 1.728000000000000000e+03
4.386277159174848634e+02 9.151626334099527069e-03 -1.001518642203953714e-04 -3.160570305911543365e-02 1.816000000000000000e+03
4.409019266196692683e+02 9.848810046874949611e-03 6.466792880232363576e-05 -3.428639533641303361e-02 1.476000000000000000e+03
4.430735479208619836e+02 9.813815577981496036e-03 1.023595833821818775e-04 -3.423874560496611985e-02 1.108000000000000000e+03
4.448761117541747012e+02 9.506480946153529968e-03 -9.944844256073077937e-05 -3.297238798191775427e-02 7.560000000000000000e+02
4.469343758523184533e+02 1.019444240988460516e-02 -4.059886591604022624e-05 -3.548339107128564013e-02 8.440000000000000000e+02
4.493013102792758104e+02 1.004617138026015974e-02 -1.028120243387386975e-04 -3.494351836218981960e-02 6.280000000000000000e+02
4.515989744176221734e+02 1.253831750477207158e-02 1.887427927542918618e-04 -4.400762915272472819e-02 4.050000000000000000e+02
4.533101867737696580e+02 1.320069250834937820e-02 1.693994491882008584e-04 -4.628924245863048209e-02 2.020000000000000000e+02
4.552338387398290820e+02 1.407823932801302406e-02 9.982540842708705964e-05 -4.930747291718198116e-02 2.280000000000000000e+02
4.576034578613840722e+02 1.363419499780061002e-02 3.554487113627055871e-05 -4.771969741523757191e-02 1.240000000000000000e+02
4.599517872444100703e+02 1.428020045376573663e-02 9.507962975475580530e-05 -5.006197219679218990e-02 5.200000000000000000e+01
4.619205689144050666e+02 2.044401311231044266e-02 1.765640087547043035e-04 -7.171971942700704206e-02 9.000000000000000000e+00
4.634281054380590490e+02 9.742417464354360263e-03 1.218447520471998756e-05 -3.410865716261797520e-02 4.000000000000000000e+00
