2.966547074898984615e+00 1.404746364283454119e+00 -1.633537239010402153e+00 2.104271805739890588e+00 1.300000000000000000e+01
5.026374055021858744e+00 8.102659430407894714e-01 -2.752003924694685355e-01 5.239762430518554170e-01 3.300000000000000000e+01
7.149300621522788113e+00 4.966193176932231501e-01 2.546456205325037248e-02 -1.339319029632145448e-02 7.900000000000000000e+01
9.278869254964254409e+00 4.080250454784082881e-01 -1.380487308897056509e-01 6.855186085507573857e-02 1.170000000000000000e+02
1.145033261934470126e+01 3.823771709184303202e-01 -5.178725237916937795e-04 -8.038841176425488497e-03 2.050000000000000000e+02
1.349295587141915043e+01 3.478225291031326605e-01 -9.605341073583996414e-02 1.621796487347284266e-01 2.350000000000000000e+02
1.558905561191892986e+01 3.398933324601373096e-01 -2.321615868660260179e-02 1.579739138786266650e-01 3.690000000000000000e+02
1.769408367255316961e+01 3.108742244518679088e-01 -6.049998981430628614e-02 9.919499846816716426e-02 4.330000000000000000e+02
1.981787480313529670e+01 3.062031755795432408e-01 -8.871633940821850584e-02 1.066887863546034723e-02 5.850000000000000000e+02
2.192074938196263645e+01 2.834735489890538584e-01 -4.090659066416008072e-02 4.634558370254269338e-02 6.790000000000000000e+02
2.398877635566245203e+01 2.460676767035356038e-01 -2.620881279886616566e-02 -4.872079377338826497e-03 8.130000000000000000e+02
2.609286971896115759e+01 2.273778080151735159e-01 4.200119461485636585e-02 -1.569621283232307263e-02 9.850000000000000000e+02
2.823466315278179550e+01 2.109540016729866685e-01 2.268759546884577087e-03 -9.159524039045319546e-03 1.183000000000000000e+03
3.032284873509123102e+01 2.114727020606967101e-01 4.465366581830314263e-02 1.168862100840143900e-02 1.269000000000000000e+03
3.240263258943403457e+01 2.003591779714689880e-01 1.188636294499232499e-02 -7.886163013958353424e-03 1.537000000000000000e+03
3.449210129864554375e+01 1.858048858715781737e-01 -1.040162024666894600e-02 3.123297308513180159e-02 1.653000000000000000e+03
3.658588147515196454e+01 1.814376511732628261e-01 -8.743245178681129754e-04 3.374639601769102715e-02 1.963000000000000000e+03
3.868476949266977272e+01 1.584788249982979902e-01 -8.628324958493490890e-03 6.711170898504046148e-03 2.121000000000000000e+03
4.078898888458283523e+01 1.578690506422576467e-01 1.292043885625456315e-02 3.117176437979941091e-03 2.413000000000000000e+03
4.289390876967645738e+01 1.445842573752587901e-01 1.607727341598104084e-02 -1.785252112702063326e-02 2.635000000000000000e+03
4.498336005546935468e+01 1.317623899963159539e-01 2.586622990376027942e-02 3.800289204519695548e-03 2.877000000000000000e+03
4.706498529473824988e+01 1.237628530310533465e-01 1.896358576977224056e-02 -1.563121614850533332e-04 3.169000000000000000e+03
4.917111919158227096e+01 1.233526466792922577e-01 4.397798148351319582e-03 6.828259771883690363e-03 3.507000000000000000e+03
5.126216914174227668e+01 1.134246818089978542e-01 7.159184854870763448e-03 1.514986579727195526e-02 3.685000000000000000e+03
5.335525146837034072e+01 1.139716633165228921e-01 6.281115646991404121e-04 1.972580949080399507e-02 4.165000000000000000e+03
5.546637228956934251e+01 1.065068562619832654e-01 1.252483348253460339e-02 1.711059582300104159e-02 4.377000000000000000e+03
5.757318819254808773e+01 1.000883938230960196e-01 1.233077586619786038e-02 -1.478127101852721656e-03 4.855000000000000000e+03
5.965884044590281121e+01 9.413331651024790803e-02 9.957833839655753916e-03 -3.696539714756867396e-03 4.929000000000000000e+03
6.174512302159506305e+01 8.799633560574689206e-02 8.536867960657126830e-03 -6.892028219282401828e-03 5.581000000000000000e+03
6.382689291137189969e+01 8.469338376280544090e-02 5.340307539579262214e-03 2.919313452538698124e-03 5.679000000000000000e+03
6.592966228838450604e+01 7.980524416617787442e-02 -5.389265661234510577e-03 -4.726769538376089392e-04 6.385000000000000000e+03
6.803125784825746791e+01 7.717120912446570613e-02 -4.016867020726657724e-03 9.724616719838447693e-03 6.553000000000000000e+03
7.013131008699485847e+01 7.684189573365095283e-02 -6.044474845047574652e-03 1.021954051643144540e-02 7.125000000000000000e+03
7.223032366074338029e+01 7.233651418457727467e-02 -4.351921504780652955e-03 1.363625476384903567e-03 7.447000000000000000e+03
7.432334270720505742e+01 7.167348654618543868e-02 -1.343915900520543331e-03 3.516389140269585416e-03 7.929000000000000000e+03
7.642066756954473306e+01 6.817678885790662280e-02 1.727548383053864644e-03 -2.840925539776819383e-03 8.353000000000000000e+03
7.850471694556040347e+01 6.430041583831903884e-02 5.327355724717230219e-04 -4.072977010105921503e-03 8.775000000000000000e+03
8.059701946059529121e+01 6.174946154868759390e-02 -2.287152745168130955e-03 6.310705575189556307e-05 9.313000000000000000e+03
8.269521798132063850e+01 6.059229632498174672e-02 -4.855496892541992515e-03 -1.577592957119815752e-03 9.841000000000000000e+03
8.478307522909847194e+01 6.064612432591380553e-02 -4.212464680399990655e-03 7.389022262178003998e-04 1.019100000000000000e+04
8.687780839616016237e+01 5.797557953535849296e-02 -5.326498193178743658e-03 2.467032141708627984e-03 1.089700000000000000e+04
8.897524569656535220e+01 5.659416808991035025e-02 -5.134796816053097124e-03 -3.925763795410075994e-03 1.130100000000000000e+04
9.108077810470518898e+01 5.406239121363531214e-02 -3.568322595732365422e-03 -1.466607478070950646e-03 1.202500000000000000e+04
9.318432266948052245e+01 5.244642126515637603e-02 -3.624743327835685397e-03 -3.203423635081715896e-03 1.242300000000000000e+04
9.527887641048309320e+01 5.002315921509811053e-02 -3.573825002380280960e-03 -4.974278258828814664e-03 1.302100000000000000e+04
9.736254237981037818e+01 4.920505297449510873e-02 -4.284472734744658451e-03 -3.213464796973507665e-03 1.340500000000000000e+04
9.944832814799407572e+01 4.696780261328699357e-02 -3.768224017422018395e-03 -2.728090850296145849e-03 1.424700000000000000e+04
1.015460879802399035e+02 4.649386704348318355e-02 -6.144454337203558193e-03 -2.728086579291349491e-03 1.471300000000000000e+04
1.036426375667732316e+02 4.617904384598937179e-02 -3.083420862126492936e-03 -5.353185004439975185e-03 1.548900000000000000e+04
1.057389390539465950e+02 4.419642531475417163e-02 -3.745628098797902997e-03 -3.162566060068669124e-03 1.591300000000000000e+04
1.078395855981474227e+02 4.226263801927859776e-02 -4.702672384369379829e-03 -4.510391319646304964e-03 1.687900000000000000e+04
1.099389405850131709e+02 4.099310512506863097e-02 -4.504226930417958019e-03 -2.937536281583839285e-03 1.719300000000000000e+04
1.120392143152385387e+02 3.962493065702912126e-02 -2.734935401754046667e-03 -5.274155231044892408e-03 1.815700000000000000e+04
1.141233458569757744e+02 3.929682359170202227e-02 -2.815865737521862019e-03 -7.215726567183704081e-03 1.833900000000000000e+04
1.162159397555423084e+02 3.807802620668980509e-02 -4.261681509676536021e-03 -6.809330644535860171e-03 1.957300000000000000e+04
1.183137204803772420e+02 3.710097244639060793e-02 -3.392912645012611562e-03 -5.113716454618928361e-03 1.994100000000000000e+04
1.203972311807013256e+02 3.629829960908615566e-02 -3.943884214602952527e-03 -2.351019317365055875e-03 2.062900000000000000e+04
1.224922363187857286e+02 3.488549586450524070e-02 -4.695117743291903241e-03 -3.920006652968334969e-03 2.165500000000000000e+04
1.245882598425863534e+02 3.429060186931724014e-02 -4.639681782401983146e-03 -5.065733598894654570e-03 2.211300000000000000e+04
1.266884677158377315e+02 3.306847771394367391e-02 -3.611558133884945621e-03 -4.944168053263623200e-03 2.318500000000000000e+04
1.287846620419940962e+02 3.253342213779163855e-02 -3.434199247084642002e-03 -4.759100308111773557e-03 2.366700000000000000e+04
1.308713393788149801e+02 3.176397815606363945e-02 -3.784377545197452515e-03 -4.973258315781325933e-03 2.438500000000000000e+04
1.329754833440644575e+02 3.135421355686524719e-02 -3.846705085859685423e-03 -5.471669260752764184e-03 2.574900000000000000e+04
1.350691081525609434e+02 3.076710289085227146e-02 -3.124894504909922488e-03 -4.577254825040374779e-03 2.567500000000000000e+04
1.371638825856825576e+02 2.992096550562030680e-02 -4.068614888491042803e-03 -5.022488245776588617e-03 2.740900000000000000e+04
1.392604757372163533e+02 2.887450300324569813e-02 -3.742118544794767465e-03 -3.567593460933704379e-03 2.740500000000000000e+04
1.413466882908376760e+02 2.812366580553803119e-02 -2.975846048640535917e-03 -4.762141947500302293e-03 2.871700000000000000e+04
1.434475230090064031e+02 2.763896394895581921e-02 -3.404593769861831432e-03 -6.099997111301883740e-03 2.959500000000000000e+04
1.455452853418541679e+02 2.721357181668099257e-02 -2.377661342771353065e-03 -4.991758317306315557e-03 3.030100000000000000e+04
1.476332061073587738e+02 2.644159687355506633e-02 -2.464174720208341714e-03 -4.985876524391545141e-03 3.110100000000000000e+04
1.497211472843286231e+02 2.592780782191187947e-02 -1.987300788535829518e-03 -4.573274369782578258e-03 3.202300000000000000e+04
1.518138048751577287e+02 2.496331834612079345e-02 -2.311075339459724327e-03 -4.688825938303441652e-03 3.297700000000000000e+04
1.539211490100352648e+02 2.432645670430728588e-02 -2.374183167269720840e-03 -4.339989934579647005e-03 3.444900000000000000e+04
1.560214747341236716e+02 2.399721626023487708e-02 -2.578900846212608955e-03 -4.351141041646035788e-03 3.454900000000000000e+04
1.581161747588121784e+02 2.340878446420525949e-02 -1.980321948188364795e-03 -4.094876658965031745e-03 3.611100000000000000e+04
1.602118712271799836e+02 2.282592110987314432e-02 -1.869983931462040937e-03 -3.713184386722150846e-03 3.654100000000000000e+04
1.623006419462898862e+02 2.206964082996575038e-02 -1.559982414143410009e-03 -3.934506388022182902e-03 3.771700000000000000e+04
1.643899033199985240e+02 2.141483557642175767e-02 -1.421490415254455467e-03 -3.861072347973696414e-03 3.861900000000000000e+04
1.664835582381511756e+02 2.109743161097809433e-02 -1.928012700623404343e-03 -3.745623101993217265e-03 3.966100000000000000e+04
1.685719683778473552e+02 2.037054035597254953e-02 -1.609586634129722997e-03 -3.000477942535371024e-03 4.054500000000000000e+04
1.706641332089364766e+02 1.998802993277279394e-02 -1.916331543424372626e-03 -2.746358245884752622e-03 4.181500000000000000e+04
1.727708699256135390e+02 1.964584638700689334e-02 -1.996832718126423812e-03 -3.145435405774494979e-03 4.312500000000000000e+04
1.748696546009699659e+02 1.902658649640971006e-02 -1.845797404036587756e-03 -3.016949661023213269e-03 4.368100000000000000e+04
1.769585769494445344e+02 1.870092681906743853e-02 -1.722900477871727298e-03 -2.701388976719085264e-03 4.462900000000000000e+04
1.790524509315575301e+02 1.808414733606062211e-02 -1.973630652880171456e-03 -2.213921754613013774e-03 4.622700000000000000e+04
1.811526521261263554e+02 1.757474224384351219e-02 -1.702284748845309852e-03 -2.492947004612717024e-03 4.690900000000000000e+04
1.832476884130738881e+02 1.731644243713362924e-02 -1.751686767372529797e-03 -2.621011654673355371e-03 4.823700000000000000e+04
1.853312475833926101e+02 1.683701579559406317e-02 -1.717891398252517372e-03 -2.553740332761927044e-03 4.858300000000000000e+04
1.874284892203218931e+02 1.671153232507321257e-02 -1.356421572846000685e-03 -2.252734317041066737e-03 5.099700000000000000e+04
1.895337179075755216e+02 1.633067396607993174e-02 -1.677205821237666818e-03 -2.921258779959588596e-03 5.139700000000000000e+04
1.916268196474026126e+02 1.592674777170600964e-02 -1.709681057142593179e-03 -2.133251708239202165e-03 5.248900000000000000e+04
1.937183403446852878e+02 1.554836325586775835e-02 -1.534385467242214193e-03 -2.227533124818514756e-03 5.378700000000000000e+04
1.958131498886989164e+02 1.510339084506920511e-02 -1.613107571917033606e-03 -2.367104504945860381e-03 5.491300000000000000e+04
1.979058740098966211e+02 1.477448820856180380e-02 -1.495830131643275133e-03 -1.894185796733367918e-03 5.597700000000000000e+04
1.999990651597893816e+02 1.434087893268244304e-02 -1.594210753270235885e-03 -1.774249182747545056e-03 5.741500000000000000e+04
2.020893038374759101e+02 1.415937298389703149e-02 -1.363254708254615054e-03 -1.653990257874951792e-03 5.810500000000000000e+04
2.041823192148177952e+02 1.392288633121230995e-02 -1.511866515449833588e-03 -1.932118966057602867e-03 6.003300000000000000e+04
2.062825911013838152e+02 1.366417162026248820e-02 -1.664976305089021407e-03 -1.800208605862279590e-03 6.094900000000000000e+04
2.083770189145966185e+02 1.324051095202814429e-02 -1.651493330224131865e-03 -1.553088065797738129e-03 6.223500000000000000e+04
2.104675816794403431e+02 1.316269874683037230e-02 -1.593464158306683249e-03 -1.463035756869415348e-03 6.322900000000000000e+04
2.125667854244018145e+02 1.277251605845449237e-02 -1.675452592968746388e-03 -1.509610482139439906e-03 6.513300000000000000e+04
2.146619261104851830e+02 1.264741064693078974e-02 -1.538426279112054072e-03 -1.674847770832393499e-03 6.570700000000000000e+04
2.167561805722037036e+02 1.243048686223839974e-02 -1.054579726732509607e-03 -1.494365909797281452e-03 6.756100000000000000e+04
2.188528705899679210e+02 1.221803676039479557e-02 -1.543919580932915422e-03 -1.373111578482479576e-03 6.850500000000000000e+04
2.209456427453084473e+02 1.205712948356240516e-02 -1.519355104155564826e-03 -1.091424134215712672e-03 6.994300000000000000e+04
2.230395148320731096e+02 1.180299245049490874e-02 -1.464085704153578931e-03 -8.102138436586177415e-04 7.109700000000000000e+04
2.251356732858534997e+02 1.169037392301684394e-02 -1.541641688649609404e-03 -9.022000606159297307e-04 7.302100000000000000e+04
2.272278504864401327e+02 1.145308679513872170e-02 -1.358263356307179903e-03 -3.626000692251231698e-04 7.331700000000000000e+04
2.293197511287232544e+02 1.134768948439597407e-02 -1.495456446551214451e-03 -6.508999418496988487e-04 7.579900000000000000e+04
2.314114772346510165e+02 1.112007708664430536e-02 -1.527099387940822556e-03 -5.630168308387873679e-04 7.602100000000000000e+04
2.335058467478245632e+02 1.087678136428949470e-02 -1.375626369335265732e-03 -2.919204038733120015e-04 7.875300000000000000e+04
2.356041652202905539e+02 1.065571349622952864e-02 -1.860311781245073751e-03 -1.967522929860497443e-04 7.929100000000000000e+04
2.377006336558306998e+02 1.058184169090117636e-02 -1.591997024088571142e-03 1.316156046610252083e-04 8.112900000000000000e+04
2.397972750390475198e+02 1.035146256149466551e-02 -1.702241383148558841e-03 1.596662301100269115e-04 8.244100000000000000e+04
2.418944602532704096e+02 1.031468343816175151e-02 -1.736704878158385141e-03 3.763950304852348508e-04 8.394900000000000000e+04
2.439884227569783093e+02 1.012684401294845077e-02 -1.655846076183545897e-03 1.226866052820775490e-04 8.512300000000000000e+04
2.460835996828307373e+02 1.004918921462615716e-02 -1.770658257937123524e-03 4.266141907759293068e-04 8.692900000000000000e+04
2.481755280705312146e+02 9.922783813444430862e-03 -1.672035971109763885e-03 4.686442374348454335e-04 8.778900000000000000e+04
2.502623700647570217e+02 9.767245539045347341e-03 -1.662005427116970734e-03 6.992821884141899209e-04 8.962300000000000000e+04
2.523586155105348325e+02 9.619916555250431628e-03 -1.658342825703641461e-03 5.026940174422433235e-04 9.134100000000000000e+04
2.544547077866985489e+02 9.589259583385436464e-03 -1.681364444522253938e-03 8.508438406871421866e-04 9.284500000000000000e+04
2.565487653287422063e+02 9.472119342691520325e-03 -1.703269494828007222e-03 1.212176806226018594e-03 9.408700000000000000e+04
2.586464955058470991e+02 9.385476007784169378e-03 -1.793354161590398439e-03 1.084898273193858316e-03 9.633300000000000000e+04
2.607443047329861656e+02 9.269896953145437268e-03 -1.852059737814900622e-03 1.210762399857735891e-03 9.724900000000000000e+04
2.628438312173413465e+02 9.208889194736568501e-03 -1.623346373640097281e-03 1.473979707091238036e-03 9.950100000000000000e+04
2.649298855659840228e+02 9.165077318844671792e-03 -1.552998692724053779e-03 1.729710780639822070e-03 9.928300000000000000e+04
2.670163698864117805e+02 9.110799516043235208e-03 -1.759795596538210084e-03 2.019463366810087066e-03 1.025370000000000000e+05
2.691120556714307668e+02 9.001399387638676572e-03 -1.554332935501222561e-03 1.435013222060751038e-03 1.022830000000000000e+05
2.712074998348403483e+02 8.937615370391926647e-03 -1.397127601788186952e-03 6.742833315889984686e-04 1.021060000000000000e+05
2.733050116933233653e+02 8.880959453834141176e-03 -1.300128163511936850e-03 -1.666393121775597915e-04 1.007340000000000000e+05
2.753977295572417461e+02 8.796892690579153490e-03 -1.287306979571384291e-03 -1.259004992926749918e-03 9.999400000000000000e+04
2.774958294534935703e+02 8.707236808624859922e-03 -1.200447218415947107e-03 -2.040228861564192218e-03 9.936000000000000000e+04
2.795977707949222122e+02 8.507503758005375075e-03 -1.413710189251516898e-03 -3.072624409292631399e-03 9.860800000000000000e+04
2.816862895118986785e+02 8.383112692589846440e-03 -1.280249047399919940e-03 -3.761633900415052318e-03 9.625200000000000000e+04
2.837743515740906446e+02 8.367754366950577380e-03 -1.229226705611782692e-03 -4.442852095412378258e-03 9.640000000000000000e+04
2.858713251310674650e+02 8.270444551645638950e-03 -1.101925375855581377e-03 -5.155469974384531591e-03 9.539800000000000000e+04
2.879670932628575883e+02 8.192375911638004674e-03 -1.004936000067434233e-03 -5.769525615617300367e-03 9.402000000000000000e+04
2.900590582015512382e+02 8.105445090654491910e-03 -9.678968057905628459e-04 -6.369546303976379893e-03 9.316000000000000000e+04
2.921519201901450060e+02 8.056716423553529280e-03 -9.547916634169663005e-04 -7.045541463100600185e-03 9.177600000000000000e+04
2.942485935102203030e+02 7.907586955296837597e-03 -9.864067432946432845e-04 -7.413642008680743425e-03 9.137800000000000000e+04
2.963426645133968691e+02 7.799137711257444691e-03 -1.018849302997686026e-03 -7.840261540734793158e-03 8.949000000000000000e+04
2.984329904966970162e+02 7.696360531491306875e-03 -1.182897819968334145e-03 -8.308593179804108636e-03 8.845000000000000000e+04
3.005290481640043367e+02 7.678660872569647092e-03 -1.068607761138310212e-03 -8.723485578275335176e-03 8.794600000000000000e+04
3.026245947235937592e+02 7.616587560953148699e-03 -1.155822870012322310e-03 -8.950147788015120481e-03 8.575200000000000000e+04
3.047205651109674704e+02 7.502962463077871361e-03 -1.152360963733301122e-03 -9.241919682197816815e-03 8.574400000000000000e+04
3.068167457111920839e+02 7.378439626207538606e-03 -1.235190340469019890e-03 -9.545960963875587887e-03 8.322000000000000000e+04
3.089118625384018060e+02 7.320875266214390935e-03 -1.394640704209362207e-03 -9.787524980792064455e-03 8.302000000000000000e+04
3.110099981664167785e+02 7.273155351689598348e-03 -1.378421623305140257e-03 -9.915552290641256941e-03 8.106400000000000000e+04
3.131040997612852266e+02 7.239023419410977982e-03 -1.396376810911176053e-03 -1.021836575903108807e-02 7.983000000000000000e+04
3.151936712677708670e+02 7.169296101873728552e-03 -1.446775767591504218e-03 -1.026856021694705877e-02 7.823800000000000000e+04
3.172858841403398173e+02 7.134694189588982986e-03 -1.429226502951873529e-03 -1.065054309412568137e-02 7.715400000000000000e+04
3.193772099476266817e+02 7.137281429462060192e-03 -1.287043337022663551e-03 -1.102947477215636581e-02 7.546600000000000000e+04
3.214753775151562536e+02 7.074670646223521660e-03 -1.441870127980904998e-03 -1.104070712269674195e-02 7.480200000000000000e+04
3.235746879206847666e+02 7.025673791419635196e-03 -1.380956678702554685e-03 -1.122200782567318519e-02 7.258000000000000000e+04
3.256647237020029024e+02 7.060834311718161040e-03 -1.392435965718560051e-03 -1.156452615217309216e-02 7.133800000000000000e+04
3.277571324083919535e+02 6.989433090691085475e-03 -1.349709697551418905e-03 -1.165275854708472045e-02 6.964200000000000000e+04
3.298487111637800240e+02 6.966724104328658219e-03 -1.457535492033733455e-03 -1.158912748851152925e-02 6.832600000000000000e+04
3.319433744068021497e+02 6.975803759796436743e-03 -1.433308586095656057e-03 -1.197602584041784074e-02 6.674400000000000000e+04
3.340422322988853239e+02 6.834777740398902991e-03 -1.535224178453444043e-03 -1.185385217722149422e-02 6.533800000000000000e+04
3.361307892565458246e+02 6.892971588467325557e-03 -1.484122145440531842e-03 -1.212241649496044980e-02 6.315600000000000000e+04
3.382251120895489294e+02 6.826639115179981669e-03 -1.477847291966452332e-03 -1.223746243726647580e-02 6.214000000000000000e+04
3.403264013195363304e+02 6.879891656461852717e-03 -1.415383455546685102e-03 -1.249110855156262793e-02 6.051400000000000000e+04
3.424148842577288860e+02 6.825036484999536662e-03 -1.379236074955197261e-03 -1.261755790252844407e-02 5.799000000000000000e+04
3.445099495577244397e+02 6.874366526959829748e-03 -1.508465631942373063e-03 -1.266107822244370677e-02 5.742400000000000000e+04
3.466144105402300397e+02 6.900597322842066082e-03 -1.506331880429275568e-03 -1.283450761710695949e-02 5.518200000000000000e+04
3.487067496858389859e+02 6.870608780850395898e-03 -1.560396365412930085e-03 -1.287308284505269546e-02 5.306800000000000000e+04
3.507912540595516475e+02 6.931623266612991704e-03 -1.503325520386863392e-03 -1.318227832077910160e-02 5.152800000000000000e+04
3.528807167895711814e+02 6.810799860035543843e-03 -1.456920396188076490e-03 -1.327757393343873861e-02 4.954600000000000000e+04
3.549828487415276754e+02 6.897432228406281951e-03 -1.543639857629763509e-03 -1.337716766080696007e-02 4.846600000000000000e+04
3.570768480370360862e+02 6.870390394665369486e-03 -1.462047753495696132e-03 -1.365187246495906497e-02 4.566600000000000000e+04
3.591652111747225717e+02 6.870564210184310940e-03 -1.423316651801545887e-03 -1.382140727318409250e-02 4.423000000000000000e+04
3.612627896178847777e+02 6.883696052187356779e-03 -1.525701727301156767e-03 -1.386878236976854702e-02 4.254000000000000000e+04
3.633645820428338880e+02 6.954218144816360150e-03 -1.465128776514061171e-03 -1.441552326114564977e-02 4.022200000000000000e+04
3.654527365610065885e+02 7.016835111577945580e-03 -1.658033651020075902e-03 -1.430560362780512219e-02 3.842200000000000000e+04
3.675441472124314259e+02 6.927731190398838529e-03 -1.526668483985284264e-03 -1.472071486686920422e-02 3.624600000000000000e+04
3.696396280380744201e+02 6.919588703716222401e-03 -1.652052409769025993e-03 -1.456446215990079944e-02 3.455200000000000000e+04
3.717297223820279441e+02 6.889052611870702218e-03 -1.489468135111742409e-03 -1.518251908912364272e-02 3.213600000000000000e+04
3.738176974939287902e+02 6.924350339564572764e-03 -1.499717393500522335e-03 -1.559605726257805997e-02 3.029200000000000000e+04
3.759110996783247174e+02 6.872572366809291677e-03 -1.444286635647648587e-03 -1.600019891752075749e-02 2.830200000000000000e+04
3.780081394014102898e+02 6.753555266200310554e-03 -1.279136410672017821e-03 -1.641280851217022385e-02 2.605600000000000000e+04
3.801051557582653118e+02 6.726808412041132904e-03 -1.343992738806344244e-03 -1.668846837699929780e-02 2.421100000000000000e+04
3.821955053587425937e+02 6.709761520156606873e-03 -1.170443847460055000e-03 -1.732702455422719182e-02 2.220600000000000000e+04
3.842862749912937943e+02 6.593320732452651219e-03 -1.216209117650768031e-03 -1.734820731621849327e-02 2.088400000000000000e+04
3.863841918340856409e+02 6.602961267518222925e-03 -1.139350014729050139e-03 -1.780412359756765664e-02 1.939200000000000000e+04
3.884771734501698006e+02 6.528832161293685911e-03 -1.086136510637755520e-03 -1.804082571924453537e-02 1.805800000000000000e+04
3.905623371605522607e+02 6.527880315610984190e-03 -1.062834491999636475e-03 -1.834039523854750012e-02 1.674600000000000000e+04
3.926667500119167471e+02 6.485245580713758055e-03 -9.294428019346134915e-04 -1.865579770596774087e-02 1.589800000000000000e+04
3.947778557744774162e+02 6.467548395649635497e-03 -8.732572380307379199e-04 -1.891304575516454534e-02 1.457800000000000000e+04
3.968631060462392952e+02 6.448134204281186915e-03 -8.607306236381998725e-04 -1.906867528821542396e-02 1.344300000000000000e+04
3.989413219049817485e+02 6.387261205943010021e-03 -8.233278075880684672e-04 -1.913109288339543551e-02 1.251100000000000000e+04
4.010572258526528344e+02 6.464164805971469793e-03 -6.253994534584346541e-04 -1.986886762109199914e-02 1.191900000000000000e+04
4.031656962107319373e+02 6.411684723795205154e-03 -6.743340809210665717e-04 -1.981719251127551928e-02 1.063900000000000000e+04
4.052249146637423678e+02 6.511709881285225425e-03 -6.951530926161465264e-04 -2.025955150492865162e-02 9.775000000000000000e+03
4.073276634718891387e+02 6.196598168938328814e-03 -6.515372192191566008e-04 -1.945247261530839988e-02 9.423000000000000000e+03
4.094593776408451049e+02 6.358454887495083863e-03 -5.109390156523137229e-04 -2.028884623709239360e-02 8.449000000000000000e+03
4.115405539130957777e+02 6.314403979389460707e-03 -4.727271422800222796e-04 -2.034022164967707810e-02 7.596000000000000000e+03
4.135894252671187132e+02 6.447553908046026357e-03 -4.579521597236418874e-04 -2.087978142421334157e-02 6.931000000000000000e+03
4.156930049049321951e+02 6.559911222871886612e-03 -3.472879553580075448e-04 -2.155326041497994741e-02 6.612000000000000000e+03
4.178272827209258367e+02 6.589389105803194514e-03 -3.699314277606967566e-04 -2.174263174032165652e-02 5.899000000000000000e+03
4.199082037741286513e+02 6.851548258620331587e-03 -3.334638479480938906e-04 -2.271043398994747331e-02 5.176000000000000000e+03
4.219826095167229028e+02 6.705843953888259573e-03 -2.422134392617640813e-04 -2.242672193241132886e-02 4.824000000000000000e+03
4.241028763136273483e+02 6.931705991825373378e-03 -1.952617625186950628e-04 -2.336386667148970461e-02 4.312000000000000000e+03
4.262107721966358440e+02 7.221022889740757317e-03 -1.837849782417994287e-04 -2.441402457458538913e-02 3.819000000000000000e+03
4.282460731868927724e+02 7.418449959533400355e-03 -1.560370464111562872e-04 -2.518564292119495132e-02 3.220000000000000000e+03
4.303287648834323136e+02 7.468918589916581467e-03 -1.904451289706821397e-04 -2.541797431505322946e-02 3.132000000000000000e+03
4.325172248853483552e+02 7.418600045379681804e-03 -1.567354664699193009e-04 -2.536497841082331270e-02 2.680000000000000000e+03
4.346325070601815810e+02 7.380884376844122630e-03 -1.672817993986529857e-04 -2.527074319641614553e-02 2.218000000000000000e+03
4.365567227659553851e+02 7.842467205097177624e-03 -2.597551732003235993e-05 -2.703508618810828226e-02 1.728000000000000000e+03
4.386277159174848634e+02 7.862216754862899615e-03 -7.254689743011427758e-05 -2.718025960702784988e-02 1.816000000000000000e+03
4.409019266196692683e+02 7.823892698305141835e-03 1.076700996385764906e-05 -2.717208592401425260e-02 1.476000000000000000e+03
4.430735479208619836e+02 8.579983875789254713e-03 3.169527810847290380e-05 -2.987626333035300202e-02 1.108000000000000000e+03
4.448761117541747012e+02 8.558237043533624411e-03 -3.260326650699914682e-05 -2.973551532441244191e-02 7.560000000000000000e+02
4.469343758523184533e+02 8.988084015902541787e-03 2.601460372624030080e-05 -3.135579013100616569e-02 8.440000000000000000e+02
4.493013102792758104e+02 8.709015770372339343e-03 1.849442868131821553e-04 -3.057064278941014346e-02 6.280000000000000000e+02
4.515989744176221734e+02 8.790291530856270824e-03 1.030556782688084230e-04 -3.082225872349801665e-02 4.050000000000000000e+02
4.533101867737696580e+02 9.009131044637424049e-03 2.134631195504358748e-04 -3.170023018415606825e-02 2.020000000000000000e+02
4.552338387398290820e+02 9.952760295100632898e-03 9.116134684902137399e-06 -3.480324609276734538e-02 2.280000000000000000e+02
4.576034578613840722e+02 1.148306371031289873e-02 2.892498405923277474e-05 -4.019666834429440339e-02 1.240000000000000000e+02
4.599517872444100703e+02 1.111281877186760976e-02 -1.611580967717743547e-04 -3.872162423398180231e-02 5.200000000000000000e+01
4.619205689144050666e+02 6.293834296428277644e-03 -4.113209928386699462e-05 -2.198211405076306441e-02 9.000000000000000000e+00
4.634281054380590490e+02 -7.915620562915058481e-04 -4.966143228091258994e-08 2.770555812981828191e-03 4.000000000000000000e+00
