2.966547074898984615e+00 7.397841091563773785e-01 -9.952912314598555410e-01 1.305523735864887458e+00 1.300000000000000000e+01
5.026374055021858744e+00 2.919332615694933408e-01 -8.949022476020938865e-02 1.862969586860853399e-01 3.300000000000000000e+01
7.149300621522788113e+00 1.623105677240536671e-01 -2.104618289141435995e-04 -6.689308731327420210e-02 7.900000000000000000e+01
9.278869254964254409e+00 1.055031638085814766e-01 -4.110679642552125812e-02 -2.378090568581052271e-03 1.170000000000000000e+02
1.145033261934470126e+01 9.550613172193606060e-02 3.950115212871459745e-03 -6.195700906094163407e-02 2.050000000000000000e+02
1.349295587141915043e+01 6.608450264354671921e-02 -1.871955200878374151e-02 -2.342699085855314348e-02 2.350000000000000000e+02
1.558905561191892986e+01 5.831641619567245333e-02 -8.853926017382151084e-03 -3.370803687089885328e-03 3.690000000000000000e+02
1.769408367255316961e+01 4.746467776155831320e-02 -3.749889565030656118e-03 -1.366624007507939720e-02 4.330000000000000000e+02
1.981787480313529670e+01 4.113980928269250076e-02 -6.180475179280883052e-03 3.361885362774385405e-03 5.850000000000000000e+02
2.192074938196263645e+01 3.651784948063328817e-02 -4.513430164313505209e-04 -1.102836577311346565e-02 6.790000000000000000e+02
2.398877635566245203e+01 3.093787630177640552e-02 -2.595872712111334680e-03 -7.793803899068008599e-03 8.130000000000000000e+02
2.609286971896115759e+01 2.820360459770152040e-02 -2.625670469913631531e-03 -5.743152535574028335e-03 9.850000000000000000e+02
2.823466315278179550e+01 2.426481064181866543e-02 -4.952846674516813395e-03 -7.137223129345479471e-03 1.183000000000000000e+03
3.032284873509123102e+01 2.216490836484693097e-02 -1.295990015872241575e-04 -3.230775885294224613e-03 1.269000000000000000e+03
3.240263258943403457e+01 2.039636136890867965e-02 1.922013043310775949e-03 -5.499521164540406744e-03 1.537000000000000000e+03
3.449210129864554375e+01 1.786958009486635038e-02 3.122448466993150312e-04 -2.096598013735425856e-03 1.653000000000000000e+03
3.658588147515196454e+01 1.759025354164496860e-02 -1.090388813752985253e-05 -1.395115051095341223e-03 1.963000000000000000e+03
3.868476949266977272e+01 1.551495573116667102e-02 -1.358298334849387338e-03 -2.951242191926386105e-04 2.121000000000000000e+03
4.078898888458283523e+01 1.494089496575827861e-02 -6.725180480041841654e-04 1.643718340428029637e-04 2.413000000000000000e+03
4.289390876967645738e+01 1.398919231981935081e-02 -1.079878997823168103e-03 -1.716500903055687447e-03 2.635000000000000000e+03
4.498336005546935468e+01 1.307937377551699268e-02 -2.152646610957594929e-04 1.310102768848900832e-03 2.877000000000000000e+03
4.706498529473824988e+01 1.216132017576700836e-02 -9.506611330010498410e-04 -3.419796610898417043e-03 3.169000000000000000e+03
4.917111919158227096e+01 1.104432711096067950e-02 -1.214550642650189145e-03 2.310427453024619868e-04 3.507000000000000000e+03
5.126216914174227668e+01 1.058172246188508921e-02 -1.602555250694692518e-03 -2.939764629797590690e-04 3.685000000000000000e+03
5.335525146837034072e+01 1.000406299452486283e-02 -1.495375398629999412e-03 -2.502670944458725987e-04 4.165000000000000000e+03
5.546637228956934251e+01 9.442255039134010361e-03 -1.484884236692812602e-03 -1.403161412280420298e-03 4.377000000000000000e+03
5.757318819254808773e+01 9.119408295878157766e-03 -1.118595108292169292e-03 -2.076945945364003839e-03 4.855000000000000000e+03
5.965884044590281121e+01 8.687050934085702864e-03 -1.689934390646426155e-03 -1.730933306944417783e-04 4.929000000000000000e+03
6.174512302159506305e+01 8.166742651561862895e-03 -1.700747475917617447e-03 -1.396901652174318111e-03 5.581000000000000000e+03
6.382689291137189969e+01 7.899237712661724697e-03 -1.720409436827637214e-03 -4.333115382841425459e-04 5.679000000000000000e+03
6.592966228838450604e+01 7.218955751353638151e-03 -9.193898376518959284e-04 -1.128588886456328728e-03 6.385000000000000000e+03
6.803125784825746791e+01 7.089219558817955354e-03 -1.091402281963846583e-03 -1.019603728791967749e-03 6.553000000000000000e+03
7.013131008699485847e+01 6.704286380257017119e-03 -1.384448675857312318e-03 -9.978132593556599504e-04 7.125000000000000000e+03
7.223032366074338029e+01 6.592585844206496140e-03 -1.241116222978696495e-03 -8.518572801866416012e-04 7.447000000000000000e+03
7.432334270720505742e+01 6.045587855840671605e-03 -8.381799307443898572e-04 1.986649640073030547e-04 7.929000000000000000e+03
7.642066756954473306e+01 6.117472895879935008e-03 -1.013482100919088419e-03 -7.418788208975175651e-04 8.353000000000000000e+03
7.850471694556040347e+01 5.761867824658181529e-03 -4.095218685050372410e-04 -7.850479359010748264e-04 8.775000000000000000e+03
8.059701946059529121e+01 5.453983144566290284e-03 -5.801018724169295726e-04 -9.434556722328798746e-04 9.313000000000000000e+03
8.269521798132063850e+01 5.106649039155124019e-03 -6.457235692785901534e-04 -1.131599261432962794e-03 9.841000000000000000e+03
8.478307522909847194e+01 5.111094237834653935e-03 -8.308776327214316111e-04 -3.619103954065733242e-04 1.019100000000000000e+04
8.687780839616016237e+01 4.989908622114717744e-03 -8.509876792926909881e-04 -9.480591638351187683e-04 1.089700000000000000e+04
8.897524569656535220e+01 4.706058784880332545e-03 -9.453922792561588644e-04 -7.905056217101317758e-04 1.130100000000000000e+04
9.108077810470518898e+01 4.504098164727602001e-03 -8.691317179479633248e-04 -7.094551224824099597e-04 1.202500000000000000e+04
9.318432266948052245e+01 4.413022314187984609e-03 -7.254761542049164864e-04 -5.025308423058740849e-04 1.242300000000000000e+04
9.527887641048309320e+01 4.325090093319946573e-03 -7.074679262866840007e-04 -1.002929420834398639e-03 1.302100000000000000e+04
9.736254237981037818e+01 4.356836300092451104e-03 -6.920359416572799535e-04 -1.040302516720454729e-03 1.340500000000000000e+04
9.944832814799407572e+01 4.088652896418832304e-03 -6.296045034446508476e-04 -9.790057551548672632e-04 1.424700000000000000e+04
1.015460879802399035e+02 3.957206434212342736e-03 -6.314982551101374188e-04 -6.608409657903337696e-04 1.471300000000000000e+04
1.036426375667732316e+02 3.825495314611004720e-03 -7.187955163151384759e-04 -5.598770950568139485e-04 1.548900000000000000e+04
1.057389390539465950e+02 3.730287867665828174e-03 -5.839844254909629497e-04 -5.275672445900402236e-04 1.591300000000000000e+04
1.078395855981474227e+02 3.636162569570118575e-03 -6.411272930706670347e-04 -5.254603683235119357e-04 1.687900000000000000e+04
1.099389405850131709e+02 3.520376992907130187e-03 -6.277559784184051292e-04 -4.388319372009364186e-04 1.719300000000000000e+04
1.120392143152385387e+02 3.479350358220542182e-03 -5.410574616174290219e-04 -5.353822924411025209e-04 1.815700000000000000e+04
1.141233458569757744e+02 3.337414047845914215e-03 -5.569672870825566292e-04 -6.205460095535758440e-04 1.833900000000000000e+04
1.162159397555423084e+02 3.271989918872175718e-03 -3.399620537251497854e-04 -5.569086567748634999e-04 1.957300000000000000e+04
1.183137204803772420e+02 3.200423382334287043e-03 -3.665068186280996112e-04 -5.854122414736743878e-04 1.994100000000000000e+04
1.203972311807013256e+02 3.093124369906017756e-03 -3.266899392733777874e-04 -4.773350104682956194e-04 2.062900000000000000e+04
1.224922363187857286e+02 3.061991593800718250e-03 -2.567037248282450033e-04 -7.303383438994526158e-04 2.165500000000000000e+04
1.245882598425863534e+02 2.960033274547107206e-03 -3.253135428404739949e-04 -7.574079756266302458e-04 2.211300000000000000e+04
1.266884677158377315e+02 2.944678711069557454e-03 -4.123411881097756282e-04 -6.267616397143178529e-04 2.318500000000000000e+04
1.287846620419940962e+02 2.833719304824581543e-03 -3.678460223050781012e-04 -5.403715468564332857e-04 2.366700000000000000e+04
1.308713393788149801e+02 2.768438087463275139e-03 -3.855913222160573992e-04 -5.895442899261974217e-04 2.438500000000000000e+04
1.329754833440644575e+02 2.755355667321956938e-03 -3.332099546588456287e-04 -5.024708678446526732e-04 2.574900000000000000e+04
1.350691081525609434e+02 2.671370106835510225e-03 -3.461649202410672552e-04 -5.947318535562732232e-04 2.567500000000000000e+04
1.371638825856825576e+02 2.679034329783116022e-03 -2.500563535923742585e-04 -5.378490187513593722e-04 2.740900000000000000e+04
1.392604757372163533e+02 2.546505632358876756e-03 -2.204199679958345761e-04 -5.336625235490234306e-04 2.740500000000000000e+04
1.413466882908376760e+02 2.558567073803968885e-03 -2.319232846977202684e-04 -5.791995447583489671e-04 2.871700000000000000e+04
1.434475230090064031e+02 2.505947869592993222e-03 -2.009738049541348029e-04 -5.218111179836929740e-04 2.959500000000000000e+04
1.455452853418541679e+02 2.410060269863403219e-03 -2.209125870290147282e-04 -4.121920191242787936e-04 3.030100000000000000e+04
1.476332061073587738e+02 2.408693331647363597e-03 -1.979210921820400413e-04 -3.649655973314640495e-04 3.110100000000000000e+04
1.497211472843286231e+02 2.360871117818279068e-03 -1.887060035633906499e-04 -3.919562042476562222e-04 3.202300000000000000e+04
1.518138048751577287e+02 2.364830367821752714e-03 -1.333071468424851279e-04 -4.771064541640277650e-04 3.297700000000000000e+04
1.539211490100352648e+02 2.285290179593836481e-03 -1.702906677412050732e-04 -3.250780761388096874e-04 3.444900000000000000e+04
1.560214747341236716e+02 2.254087304219536386e-03 -2.614946915692307832e-04 -3.331012462334083184e-04 3.454900000000000000e+04
1.581161747588121784e+02 2.209394053814447197e-03 -1.694183446824234010e-04 -3.356288716109363996e-04 3.611100000000000000e+04
1.602118712271799836e+02 2.149831936920999602e-03 -2.750113779679826771e-04 -3.663968340326114272e-04 3.654100000000000000e+04
1.623006419462898862e+02 2.139211641722517810e-03 -1.362628924948216223e-04 -4.246587754732447672e-04 3.771700000000000000e+04
1.643899033199985240e+02 2.098658160174331471e-03 -1.316586818112921227e-04 -3.946782765261568223e-04 3.861900000000000000e+04
1.664835582381511756e+02 2.046080945364292525e-03 -1.835915804000823901e-04 -4.144892736456520180e-04 3.966100000000000000e+04
1.685719683778473552e+02 2.055412194455269979e-03 -1.368017250990498747e-04 -3.021114556441648492e-04 4.054500000000000000e+04
1.706641332089364766e+02 2.011645980372120997e-03 -1.589898487812416129e-04 -3.471155250471680688e-04 4.181500000000000000e+04
1.727708699256135390e+02 2.002490066568285172e-03 -6.383631259332053515e-05 -3.177496257514794784e-04 4.312500000000000000e+04
1.748696546009699659e+02 1.969264969866783323e-03 -1.392444128123839235e-04 -2.744855035545363240e-04 4.368100000000000000e+04
1.769585769494445344e+02 1.929740485201697497e-03 -7.078027115829562928e-05 -2.081989774949238859e-04 4.462900000000000000e+04
1.790524509315575301e+02 1.897933845234812565e-03 -1.231866286404940535e-04 -3.008006341584103477e-04 4.622700000000000000e+04
1.811526521261263554e+02 1.876256862343082549e-03 -3.928524364323152671e-05 -2.620683492436917043e-04 4.690900000000000000e+04
1.832476884130738881e+02 1.866770259399412558e-03 -6.245162115462894194e-05 -1.883909269391187272e-04 4.823700000000000000e+04
1.853312475833926101e+02 1.826086533872002147e-03 -7.896920650546241098e-05 -1.326926742381232417e-04 4.858300000000000000e+04
1.874284892203218931e+02 1.812775755429287894e-03 -1.043429842204589964e-04 -1.700717398925070359e-04 5.099700000000000000e+04
1.895337179075755216e+02 1.781809058411246193e-03 -1.007579644349102947e-04 -2.213733428650421808e-04 5.139700000000000000e+04
1.916268196474026126e+02 1.778732477741612646e-03 -2.368959779855083739e-05 -1.766207885735157851e-04 5.248900000000000000e+04
1.937183403446852878e+02 1.755273631431929432e-03 1.633389403469928390e-05 -8.488693562302192935e-05 5.378700000000000000e+04
1.958131498886989164e+02 1.736659403465870295e-03 -6.016493191484336453e-05 -8.303014408818488827e-05 5.491300000000000000e+04
1.979058740098966211e+02 1.725422072565656719e-03 -4.536466138646512767e-05 -1.373186176636155553e-04 5.597700000000000000e+04
1.999990651597893816e+02 1.703765581324142783e-03 -3.864382091080089326e-05 -6.636736001259438530e-05 5.741500000000000000e+04
2.020893038374759101e+02 1.678557071192762632e-03 1.181614011995196401e-05 -5.085977608980343410e-05 5.810500000000000000e+04
2.041823192148177952e+02 1.660057532473066229e-03 1.371558598522181072e-05 -5.534326145908824820e-05 6.003300000000000000e+04
2.062825911013838152e+02 1.650126734053586819e-03 -2.588164140110720963e-07 -1.181533634184012771e-05 6.094900000000000000e+04
2.083770189145966185e+02 1.641093222504760429e-03 -8.347897346631125574e-06 -9.988288489837526490e-06 6.223500000000000000e+04
2.104675816794403431e+02 1.642375005919894954e-03 3.491217544367521320e-05 -1.623839727213264672e-05 6.322900000000000000e+04
2.125667854244018145e+02 1.620937763759450244e-03 5.804961741547413347e-05 -2.744590401652494639e-06 6.513300000000000000e+04
2.146619261104851830e+02 1.597502452208635114e-03 6.447374886899821615e-05 1.755811053226011424e-06 6.570700000000000000e+04
2.167561805722037036e+02 1.576307578694757360e-03 8.948738186107137432e-05 7.649147047377794742e-05 6.756100000000000000e+04
2.188528705899679210e+02 1.569908582811100012e-03 8.606085992821617208e-05 3.996302950288610630e-05 6.850500000000000000e+04
2.209456427453084473e+02 1.574152388079194751e-03 1.296637861499091906e-04 8.602570668268653444e-05 6.994300000000000000e+04
2.230395148320731096e+02 1.564642366270895977e-03 1.066030508853350037e-04 4.415320642847874409e-05 7.109700000000000000e+04
2.251356732858534997e+02 1.552242106134006649e-03 1.400101215332657200e-04 1.131647733614454153e-04 7.302100000000000000e+04
2.272278504864401327e+02 1.536924403604547629e-03 1.185105512532111713e-04 1.062450799152735734e-04 7.331700000000000000e+04
2.293197511287232544e+02 1.515386105512834007e-03 1.332630204010574993e-04 1.396811764084653431e-04 7.579900000000000000e+04
2.314114772346510165e+02 1.522455858729334201e-03 1.615549983111588697e-04 1.607920924805471339e-04 7.602100000000000000e+04
2.335058467478245632e+02 1.517240594060883163e-03 1.744085839692773683e-04 1.596784548717015148e-04 7.875300000000000000e+04
2.356041652202905539e+02 1.525168906434849411e-03 1.789793463865358640e-04 1.959671717896195196e-04 7.929100000000000000e+04
2.377006336558306998e+02 1.496587064113012386e-03 2.054127979300061175e-04 2.073625717216781897e-04 8.112900000000000000e+04
2.397972750390475198e+02 1.490051546720955883e-03 1.791021453466572840e-04 2.228486768390914652e-04 8.244100000000000000e+04
2.418944602532704096e+02 1.497108971188627381e-03 2.332031156471649908e-04 2.698332083659267023e-04 8.394900000000000000e+04
2.439884227569783093e+02 1.516483051768495634e-03 2.442480894494037454e-04 2.724663002649399903e-04 8.512300000000000000e+04
2.460835996828307373e+02 1.510303442436200690e-03 2.690566049549797129e-04 3.264826157928650053e-04 8.692900000000000000e+04
2.481755280705312146e+02 1.504132878740600940e-03 2.884285987157969621e-04 3.436416081261888357e-04 8.778900000000000000e+04
2.502623700647570217e+02 1.505842865690326356e-03 2.838288970415343360e-04 4.076452549037018155e-04 8.962300000000000000e+04
2.523586155105348325e+02 1.509314317708455562e-03 3.190643552773812243e-04 3.422496118184445218e-04 9.134100000000000000e+04
2.544547077866985489e+02 1.514711114194422763e-03 2.985222868231161603e-04 4.173402883028192660e-04 9.284500000000000000e+04
2.565487653287422063e+02 1.510914560769189901e-03 3.392246925441877448e-04 4.816504476440101011e-04 9.408700000000000000e+04
2.586464955058470991e+02 1.519849746347459079e-03 3.388158735834218157e-04 5.035550840315466264e-04 9.633300000000000000e+04
2.607443047329861656e+02 1.512533208480836694e-03 3.505277115056416220e-04 5.477081507223675785e-04 9.724900000000000000e+04
2.628438312173413465e+02 1.532408602060568795e-03 3.984824649982825792e-04 5.797536782608142840e-04 9.950100000000000000e+04
2.649298855659840228e+02 1.555421610760718450e-03 3.945716530174597412e-04 6.331804781294439206e-04 9.928300000000000000e+04
2.670163698864117805e+02 1.554123168280572122e-03 4.180016760484417133e-04 6.524785858654224288e-04 1.025370000000000000e+05
2.691120556714307668e+02 1.550099732300114956e-03 4.081909812267846727e-04 6.246223792949824908e-04 1.022830000000000000e+05
2.712074998348403483e+02 1.538541498923820484e-03 3.874868644300794203e-04 3.569084398388281385e-04 1.021060000000000000e+05
2.733050116933233653e+02 1.546844815812379583e-03 4.337876096545385893e-04 1.462306507630191160e-04 1.007340000000000000e+05
2.753977295572417461e+02 1.534927590963834892e-03 4.053026831093171759e-04 -1.588790705193626285e-04 9.999400000000000000e+04
2.774958294534935703e+02 1.520802077694368001e-03 4.180064027816149819e-04 -3.184380019964948099e-04 9.936000000000000000e+04
2.795977707949222122e+02 1.500389003336469749e-03 3.614292099627536433e-04 -5.386807533555142960e-04 9.860800000000000000e+04
2.816862895118986785e+02 1.510322187622417092e-03 3.683060118635352671e-04 -7.467172354237267776e-04 9.625200000000000000e+04
2.837743515740906446e+02 1.505215789582146045e-03 3.611853117192578605e-04 -9.050398262235636931e-04 9.640000000000000000e+04
2.858713251310674650e+02 1.501091669839598906e-03 3.806147412773365902e-04 -1.095194592302385162e-03 9.539800000000000000e+04
2.879670932628575883e+02 1.484438211632978536e-03 4.186031857016348184e-04 -1.258174775546582391e-03 9.402000000000000000e+04
2.900590582015512382e+02 1.495207546937080178e-03 4.101750554304478113e-04 -1.397033121297949548e-03 9.316000000000000000e+04
2.921519201901450060e+02 1.475992500992278017e-03 3.888467431913904108e-04 -1.523789945740401360e-03 9.177600000000000000e+04
2.942485935102203030e+02 1.483489632745574197e-03 3.881577282346541425e-04 -1.632939107251491894e-03 9.137800000000000000e+04
2.963426645133968691e+02 1.486593238438998175e-03 4.200008334325993188e-04 -1.833344020877751990e-03 8.949000000000000000e+04
2.984329904966970162e+02 1.485200202391532241e-03 4.067504422933598080e-04 -1.962267545010029472e-03 8.845000000000000000e+04
3.005290481640043367e+02 1.468506743918865159e-03 4.408992220931665790e-04 -2.054704462527112176e-03 8.794600000000000000e+04
3.026245947235937592e+02 1.472755932694018010e-03 4.314138723439846571e-04 -2.165196613615759207e-03 8.575200000000000000e+04
3.047205651109674704e+02 1.477815837643460398e-03 4.467570698560129473e-04 -2.291553946170122712e-03 8.574400000000000000e+04
3.068167457111920839e+02 1.486783570583157530e-03 4.354441730730700360e-04 -2.400148180528687003e-03 8.322000000000000000e+04
3.089118625384018060e+02 1.487690380772443369e-03 4.317373973528592377e-04 -2.501845843466114598e-03 8.302000000000000000e+04
3.110099981664167785e+02 1.487606479898099599e-03 4.332691366225272173e-04 -2.618727501018380376e-03 8.106400000000000000e+04
3.131040997612852266e+02 1.475324153155683961e-03 4.109909281285327627e-04 -2.676217355341348626e-03 7.983000000000000000e+04
3.151936712677708670e+02 1.471133870636494442e-03 4.419976484976399366e-04 -2.766678315720512513e-03 7.823800000000000000e+04
3.172858841403398173e+02 1.482691910597565624e-03 4.244586937975946867e-04 -2.854444018086328694e-03 7.715400000000000000e+04
3.193772099476266817e+02 1.478954169308050208e-03 4.264562094888194369e-04 -2.912701585385537098e-03 7.546600000000000000e+04
3.214753775151562536e+02 1.467768879221935212e-03 3.665401826525581689e-04 -2.936369913336549925e-03 7.480200000000000000e+04
3.235746879206847666e+02 1.480006141699430041e-03 3.362446697516065252e-04 -3.033990814745926839e-03 7.258000000000000000e+04
3.256647237020029024e+02 1.493854217158862695e-03 3.555646840731141803e-04 -3.158205892883540408e-03 7.133800000000000000e+04
3.277571324083919535e+02 1.498044726072792626e-03 3.563516738487290713e-04 -3.219860396656151671e-03 6.964200000000000000e+04
3.298487111637800240e+02 1.489909424217268500e-03 3.441349215159912904e-04 -3.266261278127474514e-03 6.832600000000000000e+04
3.319433744068021497e+02 1.506186335770542083e-03 3.363251472856387120e-04 -3.362877548522191871e-03 6.674400000000000000e+04
3.340422322988853239e+02 1.512134804854270084e-03 3.226106988264389663e-04 -3.399963447532497376e-03 6.533800000000000000e+04
3.361307892565458246e+02 1.516404626371237489e-03 3.142228331272273233e-04 -3.472879309698371445e-03 6.315600000000000000e+04
3.382251120895489294e+02 1.547968785186192801e-03 3.082775682823873237e-04 -3.599634542098423002e-03 6.214000000000000000e+04
3.403264013195363304e+02 1.540374712520390299e-03 3.094543008347020070e-04 -3.639104922504227298e-03 6.051400000000000000e+04
3.424148842577288860e+02 1.554778196075537900e-03 3.072011593158244778e-04 -3.716417878972408818e-03 5.799000000000000000e+04
3.445099495577244397e+02 1.570124402477448937e-03 3.090741758704363264e-04 -3.791792286367379455e-03 5.742400000000000000e+04
3.466144105402300397e+02 1.592016644419095911e-03 3.004367943409519642e-04 -3.884007106027348444e-03 5.518200000000000000e+04
3.487067496858389859e+02 1.578385029169038570e-03 2.908728097315413830e-04 -3.894917093475834188e-03 5.306800000000000000e+04
3.507912540595516475e+02 1.578943007832032518e-03 2.696488773678356547e-04 -3.897594721999615361e-03 5.152800000000000000e+04
3.528807167895711814e+02 1.603966426829222429e-03 2.883895364820021124e-04 -4.066232023463337529e-03 4.954600000000000000e+04
3.549828487415276754e+02 1.645667566545610735e-03 2.827412459721016639e-04 -4.184039237938278963e-03 4.846600000000000000e+04
3.570768480370360862e+02 1.658619787653030321e-03 2.867976510583113061e-04 -4.267394753365455831e-03 4.566600000000000000e+04
3.591652111747225717e+02 1.660077949112218976e-03 2.852220430501869108e-04 -4.290536344046975113e-03 4.423000000000000000e+04
3.612627896178847777e+02 1.666674496520784707e-03 2.681410841340710273e-04 -4.349956024284466240e-03 4.254000000000000000e+04
3.633645820428338880e+02 1.690472520581576482e-03 2.762483556566138485e-04 -4.490361957385497274e-03 4.022200000000000000e+04
3.654527365610065885e+02 1.720503199314355348e-03 2.788834099664913167e-04 -4.581467910759418061e-03 3.842200000000000000e+04
3.675441472124314259e+02 1.732661602445189361e-03 2.924467666105032932e-04 -4.714412060096212151e-03 3.624600000000000000e+04
3.696396280380744201e+02 1.747893931970107570e-03 2.961713617295902044e-04 -4.780843957229638334e-03 3.455200000000000000e+04
3.717297223820279441e+02 1.761543216685402657e-03 2.842788652141058775e-04 -4.914692160036009637e-03 3.213600000000000000e+04
3.738176974939287902e+02 1.769420771306355221e-03 2.713373033238016441e-04 -5.004249333021409604e-03 3.029200000000000000e+04
3.759110996783247174e+02 1.771900070212213294e-03 2.561024329934084571e-04 -5.096243235644896258e-03 2.830200000000000000e+04
3.780081394014102898e+02 1.768143266214716952e-03 2.915919593406944565e-04 -5.224864415910149273e-03 2.605600000000000000e+04
3.801051557582653118e+02 1.774362857471352200e-03 2.971098580864422784e-04 -5.344773943580929249e-03 2.421100000000000000e+04
3.821955053587425937e+02 1.735441820770492914e-03 2.666188183072292568e-04 -5.348169416778508246e-03 2.220600000000000000e+04
3.842862749912937943e+02 1.721590511900407535e-03 2.513958953859291522e-04 -5.383372690742614132e-03 2.088400000000000000e+04
3.863841918340856409e+02 1.737701084741083641e-03 2.374651590814212307e-04 -5.487752363119730720e-03 1.939200000000000000e+04
3.884771734501698006e+02 1.737986374533940495e-03 2.287257513882487566e-04 -5.538573237379872463e-03 1.805800000000000000e+04
3.905623371605522607e+02 1.728015720172020389e-03 2.458698933007896358e-04 -5.589615439470146940e-03 1.674600000000000000e+04
3.926667500119167471e+02 1.708031860640708485e-03 1.883314322236656277e-04 -5.525855203994664566e-03 1.589800000000000000e+04
3.947778557744774162e+02 1.703153966454771465e-03 1.880044249741246007e-04 -5.556578583013430453e-03 1.457800000000000000e+04
3.968631060462392952e+02 1.718148419081462963e-03 1.651001954544786127e-04 -5.621286087602531643e-03 1.344300000000000000e+04
3.989413219049817485e+02 1.690247229971838204e-03 1.393693198561368838e-04 -5.567388851247264021e-03 1.251100000000000000e+04
4.010572258526528344e+02 1.702242659028952148e-03 1.149382324360905330e-04 -5.614051236712451834e-03 1.191900000000000000e+04
4.031656962107319373e+02 1.701979284558182738e-03 1.239849931182062943e-04 -5.656078524068202176e-03 1.063900000000000000e+04
4.052249146637423678e+02 1.702144995858039748e-03 1.380345935215180253e-04 -5.708490731462645754e-03 9.775000000000000000e+03
4.073276634718891387e+02 1.777466464440494859e-03 1.086664569075738209e-04 -5.968286337355173041e-03 9.423000000000000000e+03
4.094593776408451049e+02 1.742158614105456102e-03 1.195595108072700834e-04 -5.894715899924614019e-03 8.449000000000000000e+03
4.115405539130957777e+02 1.758125461331827696e-03 9.243234874374508961e-05 -5.953172391025252606e-03 7.596000000000000000e+03
4.135894252671187132e+02 1.817884947713846282e-03 8.557460075067956703e-05 -6.162652783857317830e-03 6.931000000000000000e+03
4.156930049049321951e+02 1.796277579380039157e-03 7.503075280787936631e-05 -6.118374197545968507e-03 6.612000000000000000e+03
4.178272827209258367e+02 1.796379618547870550e-03 5.675494898832395072e-05 -6.130640326201470050e-03 5.899000000000000000e+03
4.199082037741286513e+02 1.786543372428515139e-03 3.540377114669598484e-05 -6.091891172374300049e-03 5.176000000000000000e+03
4.219826095167229028e+02 1.908541929235364146e-03 2.683749953575500941e-05 -6.508345297370686684e-03 4.824000000000000000e+03
4.241028763136273483e+02 1.873026560718611157e-03 1.081523102661682709e-05 -6.394072912443083540e-03 4.312000000000000000e+03
4.262107721966358440e+02 1.971154807542334353e-03 2.616891905709348815e-05 -6.758440528519947532e-03 3.819000000000000000e+03
4.282460731868927724e+02 2.012493782363170523e-03 2.229418652179775644e-05 -6.918985073378569606e-03 3.220000000000000000e+03
4.303287648834323136e+02 1.895170840252083898e-03 5.787364241659667613e-06 -6.531598814118839622e-03 3.132000000000000000e+03
4.325172248853483552e+02 2.046077679589849985e-03 6.660121526500544307e-06 -7.071957834441966288e-03 2.680000000000000000e+03
4.346325070601815810e+02 1.907081308091116778e-03 -1.764780637036322241e-06 -6.589913226954535221e-03 2.218000000000000000e+03
4.365567227659553851e+02 2.166017850012197463e-03 -1.440847941240033197e-05 -7.470276124308698404e-03 1.728000000000000000e+03
4.386277159174848634e+02 2.137971872331802942e-03 -1.972529661371861105e-05 -7.392935476070726028e-03 1.816000000000000000e+03
4.409019266196692683e+02 2.140784499270121516e-03 -2.942369055241232342e-05 -7.403283301739494587e-03 1.476000000000000000e+03
4.430735479208619836e+02 2.401931988623119078e-03 -2.045357343735484690e-05 -8.336917513048181308e-03 1.108000000000000000e+03
4.448761117541747012e+02 2.159194609847740146e-03 -3.324865592833351673e-05 -7.476530822609279633e-03 7.560000000000000000e+02
4.469343758523184533e+02 2.315181098577526707e-03 3.163354545926685209e-06 -8.073977595829335066e-03 8.440000000000000000e+02
4.493013102792758104e+02 2.273096847992919431e-03 4.189848948400368118e-05 -7.975435995120717936e-03 6.280000000000000000e+02
4.515989744176221734e+02 2.952184211305718640e-03 1.020082070238231568e-05 -1.032160536569382871e-02 4.050000000000000000e+02
4.533101867737696580e+02 3.520653066254926782e-03 -4.002066655336541983e-05 -1.225489862748722902e-02 2.020000000000000000e+02
4.552338387398290820e+02 3.328937546104630829e-03 -9.820829258629972387e-06 -1.162782244333697423e-02 2.280000000000000000e+02
4.576034578613840722e+02 3.230141212534592965e-03 1.642160960319123699e-05 -1.131548530973816059e-02 1.240000000000000000e+02
4.599517872444100703e+02 2.387406198088254904e-03 3.379841149542325021e-05 -8.387142270115451048e-03 5.200000000000000000e+01
4.619205689144050666e+02 2.201139407362986185e-03 3.061485507433185145e-05 -7.734860503204476004e-03 9.000000000000000000e+00
4.634281054380590490e+02 2.069917334377523177e-03 1.381377481474529000e-05 -7.258363798215897340e-03 4.000000000000000000e+00
