2.966547074898984615e+00 1.077495123468679289e-01 -1.628706924424112301e-01 2.157417688414757229e-01 1.300000000000000000e+01
5.026374055021858744e+00 2.251844252999865917e-02 6.498600496774864510e-03 1.093862495624533734e-02 3.300000000000000000e+01
7.149300621522788113e+00 1.255832799285125541e-02 -7.930434657316714933e-05 -3.697875755244631364e-03 7.900000000000000000e+01
9.278869254964254409e+00 6.039460198672387536e-03 -9.227900952202551218e-04 -1.729597365933886310e-03 1.170000000000000000e+02
1.145033261934470126e+01 4.506365088442021959e-03 4.713075096913746831e-04 -2.361599831276696166e-03 2.050000000000000000e+02
1.349295587141915043e+01 2.860605531000716493e-03 -7.487981399107140456e-04 -1.336796651030183606e-04 2.350000000000000000e+02
1.558905561191892986e+01 2.474638405061024577e-03 2.200107924570276271e-04 1.829570790879042250e-04 3.690000000000000000e+02
1.769408367255316961e+01 1.834880276116922617e-03 1.143915663074613568e-04 3.112766929439035168e-05 4.330000000000000000e+02
1.981787480313529670e+01 1.426161201867515984e-03 -2.410651017302517963e-04 -2.014204388389597924e-05 5.850000000000000000e+02
2.192074938196263645e+01 1.095735365404567306e-03 -9.804312849234792247e-06 5.988421181600354367e-05 6.790000000000000000e+02
2.398877635566245203e+01 1.052192441177423991e-03 -5.669365075032640171e-05 1.862328859148265940e-04 8.130000000000000000e+02
2.609286971896115759e+01 8.814622871613963986e-04 -2.007257283863469652e-04 -3.442276358705154989e-06 9.850000000000000000e+02
2.823466315278179550e+01 7.811273756714459410e-04 -4.467338261404692196e-05 2.890473656743939895e-04 1.183000000000000000e+03
3.032284873509123102e+01 6.881678385564699756e-04 -1.611157147939458058e-05 1.497839363217245664e-04 1.269000000000000000e+03
3.240263258943403457e+01 6.264528729475891044e-04 -1.186542118047080694e-04 1.420712272286777842e-04 1.537000000000000000e+03
3.449210129864554375e+01 5.130035720562764207e-04 -3.201045657990751503e-05 1.245303051692300030e-04 1.653000000000000000e+03
3.658588147515196454e+01 4.826852122639271967e-04 -1.022288574354960423e-04 1.798917947058704492e-04 1.963000000000000000e+03
3.868476949266977272e+01 4.486189289451126389e-04 -7.455579427334915223e-05 8.365949202087593912e-05 2.121000000000000000e+03
4.078898888458283523e+01 4.106469326704062636e-04 -5.770163504250085969e-05 1.247938287906974985e-04 2.413000000000000000e+03
4.289390876967645738e+01 3.660808750378437976e-04 -5.419644462962075406e-05 9.505816318733493911e-05 2.635000000000000000e+03
4.498336005546935468e+01 3.492854225205556666e-04 -4.676965859570173661e-05 1.562239099886845962e-04 2.877000000000000000e+03
4.706498529473824988e+01 3.045359119919541072e-04 -3.564573345273358107e-05 9.883135547422589062e-05 3.169000000000000000e+03
4.917111919158227096e+01 2.943964604457363805e-04 -2.680228508794906550e-05 1.173195028885496701e-04 3.507000000000000000e+03
5.126216914174227668e+01 2.740855519424274475e-04 -2.972791969175736686e-05 6.906865561019522547e-05 3.685000000000000000e+03
5.335525146837034072e+01 2.637904182955623793e-04 -3.578366697707753747e-05 8.533483261128604869e-05 4.165000000000000000e+03
5.546637228956934251e+01 2.525623396175210754e-04 -3.495913036331758201e-05 6.796292306977329788e-05 4.377000000000000000e+03
5.757318819254808773e+01 2.349927417300522994e-04 -2.746315917725356985e-05 6.561308541033022653e-05 4.855000000000000000e+03
5.965884044590281121e+01 2.177718903127836062e-04 -2.697285902678968876e-05 6.698158810860188519e-05 4.929000000000000000e+03
6.174512302159506305e+01 2.039802343394633160e-04 -2.859552608760060008e-05 6.789924508312239764e-05 5.581000000000000000e+03
6.382689291137189969e+01 1.956257968943800720e-04 -2.356207799606247155e-05 8.097469749750414519e-05 5.679000000000000000e+03
6.592966228838450604e+01 1.868068591266592454e-04 -2.205999034838857959e-05 5.848403592646150373e-05 6.385000000000000000e+03
6.803125784825746791e+01 1.800860951553707621e-04 -2.915388223568839778e-05 6.130061730529256191e-05 6.553000000000000000e+03
7.013131008699485847e+01 1.733788791570322957e-04 -2.127842321124962641e-05 5.643497990050358270e-05 7.125000000000000000e+03
7.223032366074338029e+01 1.672632086659106554e-04 -2.633983143223931676e-05 5.976408615791786922e-05 7.447000000000000000e+03
7.432334270720505742e+01 1.596982943072383578e-04 -1.572362472198901589e-05 5.488634251665532699e-05 7.929000000000000000e+03
7.642066756954473306e+01 1.539086777986616429e-04 -2.614501870819670908e-05 5.401069660106587895e-05 8.353000000000000000e+03
7.850471694556040347e+01 1.459707191980895240e-04 -1.555305540652908433e-05 6.030652920621486224e-05 8.775000000000000000e+03
8.059701946059529121e+01 1.409751885995712609e-04 -2.283580053695784371e-05 5.002799994728479214e-05 9.313000000000000000e+03
8.269521798132063850e+01 1.331155959934442147e-04 -1.472730119036052759e-05 3.652951627545279045e-05 9.841000000000000000e+03
8.478307522909847194e+01 1.262048961933705856e-04 -2.230255343884367405e-05 3.997420089822587800e-05 1.019100000000000000e+04
8.687780839616016237e+01 1.233032111009540002e-04 -1.490256355708963990e-05 3.736172251792688648e-05 1.089700000000000000e+04
8.897524569656535220e+01 1.179179942122699686e-04 -1.222523391755369312e-05 3.876919143902692435e-05 1.130100000000000000e+04
9.108077810470518898e+01 1.137385287706800475e-04 -1.585383473932295043e-05 4.156219533272646749e-05 1.202500000000000000e+04
9.318432266948052245e+01 1.115528134157050909e-04 -9.544838138078345186e-06 3.003611116106233106e-05 1.242300000000000000e+04
9.527887641048309320e+01 1.076603560960130241e-04 -1.710695545699503846e-05 3.354607533997875605e-05 1.302100000000000000e+04
9.736254237981037818e+01 1.020912857565628169e-04 -8.582903316269068677e-06 3.418928674390143751e-05 1.340500000000000000e+04
9.944832814799407572e+01 9.916860496154411282e-05 -1.280841682065526519e-05 2.536188330447931033e-05 1.424700000000000000e+04
1.015460879802399035e+02 9.548413519267780853e-05 -1.244434952809930921e-05 2.213059884746111465e-05 1.471300000000000000e+04
1.036426375667732316e+02 9.286304994329936909e-05 -8.842887679516190725e-06 2.307953517090176584e-05 1.548900000000000000e+04
1.057389390539465950e+02 8.992139655971382694e-05 -8.561922721662787900e-06 2.209299655252688525e-05 1.591300000000000000e+04
1.078395855981474227e+02 8.835281136996559609e-05 -8.317686102897199941e-06 2.220804369735564142e-05 1.687900000000000000e+04
1.099389405850131709e+02 8.634809706993509164e-05 -7.131280319976607907e-06 2.002391327235957704e-05 1.719300000000000000e+04
1.120392143152385387e+02 8.215293669639633272e-05 -8.140527776041469240e-06 1.436356348686202363e-05 1.815700000000000000e+04
1.141233458569757744e+02 8.000996756413048644e-05 -9.257087795053693994e-06 1.872233834185155647e-05 1.833900000000000000e+04
1.162159397555423084e+02 7.568915172312756464e-05 -7.838918668734864593e-06 1.355500120072865071e-05 1.957300000000000000e+04
1.183137204803772420e+02 7.423695850574413431e-05 -8.027910318855951556e-06 8.496257256545945165e-06 1.994100000000000000e+04
1.203972311807013256e+02 7.296655730098399904e-05 -6.928883149850950076e-06 1.553496330644900031e-05 2.062900000000000000e+04
1.224922363187857286e+02 6.988124405008151220e-05 -6.160671453531247886e-06 9.316160084529994759e-06 2.165500000000000000e+04
1.245882598425863534e+02 6.827331499248759372e-05 -6.138987681638515142e-06 1.239613082753584989e-05 2.211300000000000000e+04
1.266884677158377315e+02 6.580092372063303782e-05 -6.782489482708745112e-06 9.876181446974742880e-06 2.318500000000000000e+04
1.287846620419940962e+02 6.377062412908215071e-05 -5.266775547805475436e-06 1.150634235059199381e-05 2.366700000000000000e+04
1.308713393788149801e+02 6.159869688365598138e-05 -4.122540169689299576e-06 1.159939575473164579e-05 2.438500000000000000e+04
1.329754833440644575e+02 5.993633397624816998e-05 -4.968446359747215062e-06 8.981358373680460296e-06 2.574900000000000000e+04
1.350691081525609434e+02 5.855653527120190783e-05 -6.575060496389776407e-06 8.815949353530014285e-06 2.567500000000000000e+04
1.371638825856825576e+02 5.707937434689987352e-05 -5.051079827577713314e-06 7.161285409637700037e-06 2.740900000000000000e+04
1.392604757372163533e+02 5.529915146549607024e-05 -4.297761640027395942e-06 7.381814363736330718e-06 2.740500000000000000e+04
1.413466882908376760e+02 5.383445495593242437e-05 -4.923143810966668543e-06 8.047961668829617247e-06 2.871700000000000000e+04
1.434475230090064031e+02 5.220136629893012265e-05 -4.785139222594365047e-06 7.214981586464916341e-06 2.959500000000000000e+04
1.455452853418541679e+02 5.136425327815473407e-05 -6.026868436740428040e-06 8.555255936055480970e-06 3.030100000000000000e+04
1.476332061073587738e+02 5.027464255051380693e-05 -4.286658212397031028e-06 9.055059538352172900e-06 3.110100000000000000e+04
1.497211472843286231e+02 4.862242847847091462e-05 -4.169685438409258347e-06 5.002378212320782293e-06 3.202300000000000000e+04
1.518138048751577287e+02 4.756010501185110824e-05 -3.051553628967328629e-06 6.501885240491317425e-06 3.297700000000000000e+04
1.539211490100352648e+02 4.681452346684060971e-05 -4.390452512379548942e-06 4.875123068860069162e-06 3.444900000000000000e+04
1.560214747341236716e+02 4.534161578170377012e-05 -5.452627984297696481e-06 6.307292066105982844e-06 3.454900000000000000e+04
1.581161747588121784e+02 4.425440813418726060e-05 -3.884039639166821343e-06 5.296943067028151674e-06 3.611100000000000000e+04
1.602118712271799836e+02 4.309039447724397699e-05 -5.388613665255866924e-06 7.223997539345750658e-06 3.654100000000000000e+04
1.623006419462898862e+02 4.274783104956582938e-05 -4.765587341604896174e-06 6.213978225618280927e-06 3.771700000000000000e+04
1.643899033199985240e+02 4.134331734973568321e-05 -3.837917913914765300e-06 4.977409587636018541e-06 3.861900000000000000e+04
1.664835582381511756e+02 4.019533447299894328e-05 -4.764106803843056186e-06 4.753876523548296274e-06 3.966100000000000000e+04
1.685719683778473552e+02 3.919110353210351547e-05 -3.191267046589973634e-06 4.412344980447992538e-06 4.054500000000000000e+04
1.706641332089364766e+02 3.799236400657625591e-05 -4.199334906895766947e-06 4.030336265612411518e-06 4.181500000000000000e+04
1.727708699256135390e+02 3.703081568634147873e-05 -4.243439396061521775e-06 4.670053164297014130e-06 4.312500000000000000e+04
1.748696546009699659e+02 3.612879533294403856e-05 -3.643461394515064500e-06 5.399379206244776942e-06 4.368100000000000000e+04
1.769585769494445344e+02 3.593230356276968260e-05 -3.657519265225495448e-06 3.261797062344459059e-06 4.462900000000000000e+04
1.790524509315575301e+02 3.477925812705399950e-05 -3.633538412632698910e-06 5.107179886310365663e-06 4.622700000000000000e+04
1.811526521261263554e+02 3.412865446809627661e-05 -4.065950103741714206e-06 4.566203690123247579e-06 4.690900000000000000e+04
1.832476884130738881e+02 3.361257513994566780e-05 -3.860026033547386769e-06 4.252293477625698879e-06 4.823700000000000000e+04
1.853312475833926101e+02 3.268093391485067851e-05 -3.263646851500402703e-06 3.867642138728923734e-06 4.858300000000000000e+04
1.874284892203218931e+02 3.189211593482950484e-05 -3.478918871359738500e-06 4.246413655778420521e-06 5.099700000000000000e+04
1.895337179075755216e+02 3.149756305332476969e-05 -3.575815078428150154e-06 4.322355463438094989e-06 5.139700000000000000e+04
1.916268196474026126e+02 3.096776097962495298e-05 -3.110290689465722112e-06 3.678754261648238372e-06 5.248900000000000000e+04
1.937183403446852878e+02 3.005803554536482441e-05 -3.087578913899007251e-06 4.186272015554581979e-06 5.378700000000000000e+04
1.958131498886989164e+02 2.976135566127851648e-05 -2.620719877906460946e-06 4.068368962733257517e-06 5.491300000000000000e+04
1.979058740098966211e+02 2.894929990743265230e-05 -2.763637125164139728e-06 4.265224243605756676e-06 5.597700000000000000e+04
1.999990651597893816e+02 2.846133180539878375e-05 -2.873645445902563475e-06 3.945824117646934659e-06 5.741500000000000000e+04
2.020893038374759101e+02 2.804479361562820856e-05 -1.920973881636194507e-06 4.033465029722436617e-06 5.810500000000000000e+04
2.041823192148177952e+02 2.759834031505807461e-05 -1.778760834453175156e-06 4.063802350389244893e-06 6.003300000000000000e+04
2.062825911013838152e+02 2.681532641133493200e-05 -1.750997348499182520e-06 4.291849978131238398e-06 6.094900000000000000e+04
2.083770189145966185e+02 2.652449746150639093e-05 -2.147506455006143526e-06 3.701600009984540473e-06 6.223500000000000000e+04
2.104675816794403431e+02 2.612133313584015474e-05 -1.949662392106985870e-06 4.612377542394341420e-06 6.322900000000000000e+04
2.125667854244018145e+02 2.548948824318550814e-05 -2.295383689222951028e-06 4.078418722579259294e-06 6.513300000000000000e+04
2.146619261104851830e+02 2.505934271168887027e-05 -2.385821789067120839e-06 3.877407870569150546e-06 6.570700000000000000e+04
2.167561805722037036e+02 2.462444606175958462e-05 -2.050796927267437832e-06 4.966660315905731017e-06 6.756100000000000000e+04
2.188528705899679210e+02 2.426414499662015567e-05 -2.658546278966405292e-06 4.051695542700407123e-06 6.850500000000000000e+04
2.209456427453084473e+02 2.406920491164775533e-05 -2.347097451040402742e-06 4.715897390547261301e-06 6.994300000000000000e+04
2.230395148320731096e+02 2.335346144414913159e-05 -1.853989491108253193e-06 3.780367249863825735e-06 7.109700000000000000e+04
2.251356732858534997e+02 2.320965493641185019e-05 -1.906720539600413759e-06 4.804650108750096585e-06 7.302100000000000000e+04
2.272278504864401327e+02 2.296075378000214139e-05 -2.264814447250165993e-06 5.095166176518766237e-06 7.331700000000000000e+04
2.293197511287232544e+02 2.261619028192468574e-05 -2.326388689448972167e-06 4.640548902203037629e-06 7.579900000000000000e+04
2.314114772346510165e+02 2.222114133363126026e-05 -2.084380189707142840e-06 4.928661343027016947e-06 7.602100000000000000e+04
2.335058467478245632e+02 2.207838816780029556e-05 -2.149121894761437202e-06 5.622335038600521569e-06 7.875300000000000000e+04
2.356041652202905539e+02 2.153802099634187839e-05 -2.369481645356398163e-06 5.443805882007027228e-06 7.929100000000000000e+04
2.377006336558306998e+02 2.148231792498968466e-05 -2.764494601302073722e-06 5.532954972741314699e-06 8.112900000000000000e+04
2.397972750390475198e+02 2.115256991634809948e-05 -2.414640449967365640e-06 5.804592640601098480e-06 8.244100000000000000e+04
2.418944602532704096e+02 2.091409911620694453e-05 -2.065653034729752837e-06 7.090385480659151477e-06 8.394900000000000000e+04
2.439884227569783093e+02 2.063317725076909949e-05 -2.293391281045962508e-06 6.152496221150817305e-06 8.512300000000000000e+04
2.460835996828307373e+02 2.047502062843791892e-05 -2.413123949439264275e-06 6.924166237312276428e-06 8.692900000000000000e+04
2.481755280705312146e+02 2.038745876358935924e-05 -2.703378093201552200e-06 7.008180958840181132e-06 8.778900000000000000e+04
2.502623700647570217e+02 2.003321823046135699e-05 -2.228111547804423337e-06 7.551999814883729201e-06 8.962300000000000000e+04
2.523586155105348325e+02 2.006372837489218708e-05 -2.326537998843494537e-06 7.934382446763911764e-06 9.134100000000000000e+04
2.544547077866985489e+02 1.982791404002090608e-05 -2.450140152609964959e-06 7.589791623699501356e-06 9.284500000000000000e+04
2.565487653287422063e+02 1.979793787556978897e-05 -2.495979867176669296e-06 8.199227416617319012e-06 9.408700000000000000e+04
2.586464955058470991e+02 1.971755749599909017e-05 -2.215275685417321684e-06 8.625316437798390007e-06 9.633300000000000000e+04
2.607443047329861656e+02 1.978215313610754897e-05 -2.267234334663305048e-06 9.680159423404633527e-06 9.724900000000000000e+04
2.628438312173413465e+02 1.960576498989796538e-05 -2.230727830968779144e-06 9.848367314318280498e-06 9.950100000000000000e+04
2.649298855659840228e+02 1.965292977662678483e-05 -2.641363549318470881e-06 1.037767544986761496e-05 9.928300000000000000e+04
2.670163698864117805e+02 1.964476131618096881e-05 -2.684952457143090477e-06 1.037115538314104067e-05 1.025370000000000000e+05
2.691120556714307668e+02 1.948047889962205919e-05 -2.701850535155155418e-06 9.416207067813805602e-06 1.022830000000000000e+05
2.712074998348403483e+02 1.902940709445185479e-05 -2.409914147721571453e-06 5.867446651172671758e-06 1.021060000000000000e+05
2.733050116933233653e+02 1.863530583793058005e-05 -2.581761381156064959e-06 3.180326847482687173e-06 1.007340000000000000e+05
2.753977295572417461e+02 1.841961751393103247e-05 -2.086184211930671984e-06 8.502992699316243600e-07 9.999400000000000000e+04
2.774958294534935703e+02 1.814286304628703105e-05 -1.969545966658887906e-06 -9.934319669280357739e-07 9.936000000000000000e+04
2.795977707949222122e+02 1.784965740164934427e-05 -1.664817093794897213e-06 -3.318993062722048934e-06 9.860800000000000000e+04
2.816862895118986785e+02 1.755721275943954024e-05 -1.954033643524077510e-06 -4.946661364549393653e-06 9.625200000000000000e+04
2.837743515740906446e+02 1.724173908097235985e-05 -1.766477055480781232e-06 -6.908216951893974203e-06 9.640000000000000000e+04
2.858713251310674650e+02 1.710588314954970295e-05 -1.903000993614515557e-06 -8.364519744322134853e-06 9.539800000000000000e+04
2.879670932628575883e+02 1.682113202231797118e-05 -1.781291818729941192e-06 -9.997858350379125518e-06 9.402000000000000000e+04
2.900590582015512382e+02 1.660203308818800679e-05 -1.625545959444072375e-06 -1.140776169122029412e-05 9.316000000000000000e+04
2.921519201901450060e+02 1.636929468612765773e-05 -1.615251524437739994e-06 -1.273660127794129546e-05 9.177600000000000000e+04
2.942485935102203030e+02 1.616327752081657670e-05 -1.474166808622659729e-06 -1.384234921123853497e-05 9.137800000000000000e+04
2.963426645133968691e+02 1.602087971074948660e-05 -1.292191101080256057e-06 -1.502503713691689132e-05 8.949000000000000000e+04
2.984329904966970162e+02 1.572969891923769897e-05 -1.216327270373184648e-06 -1.632604318330588191e-05 8.845000000000000000e+04
3.005290481640043367e+02 1.570827135075589693e-05 -1.283281994829642058e-06 -1.732624579848830658e-05 8.794600000000000000e+04
3.026245947235937592e+02 1.556419860779782597e-05 -1.100747349316291021e-06 -1.812830635868633737e-05 8.575200000000000000e+04
3.047205651109674704e+02 1.540226610501492480e-05 -9.401019108801695651e-07 -1.895153155600721700e-05 8.574400000000000000e+04
3.068167457111920839e+02 1.507711635229029349e-05 -9.688156238209766986e-07 -1.960547030525669663e-05 8.322000000000000000e+04
3.089118625384018060e+02 1.505534973980698247e-05 -9.543236230511406185e-07 -2.024630092521734727e-05 8.302000000000000000e+04
3.110099981664167785e+02 1.498121495025043889e-05 -8.380270611034775419e-07 -2.138855630556385615e-05 8.106400000000000000e+04
3.131040997612852266e+02 1.480756224357411877e-05 -8.922782009265636519e-07 -2.172978212730560351e-05 7.983000000000000000e+04
3.151936712677708670e+02 1.476266669940840004e-05 -9.307225690573318093e-07 -2.263197900015500910e-05 7.823800000000000000e+04
3.172858841403398173e+02 1.461611765505191878e-05 -7.116613195290346252e-07 -2.337704327618567792e-05 7.715400000000000000e+04
3.193772099476266817e+02 1.446653531772910267e-05 -7.192579139552383850e-07 -2.357751808493658291e-05 7.546600000000000000e+04
3.214753775151562536e+02 1.444536854712271066e-05 -7.631584335651618156e-07 -2.400898123828093026e-05 7.480200000000000000e+04
3.235746879206847666e+02 1.441353137361966001e-05 -6.868656663228827230e-07 -2.491916277554025579e-05 7.258000000000000000e+04
3.256647237020029024e+02 1.436174343923744175e-05 -6.005703466324469124e-07 -2.534205092756170691e-05 7.133800000000000000e+04
3.277571324083919535e+02 1.428946057118576995e-05 -8.026121911310855669e-07 -2.559253751678818481e-05 6.964200000000000000e+04
3.298487111637800240e+02 1.434628078441587617e-05 -7.527875605365740865e-07 -2.601346116485473014e-05 6.832600000000000000e+04
3.319433744068021497e+02 1.424105298031484047e-05 -8.655487850111736927e-07 -2.618418002041866203e-05 6.674400000000000000e+04
3.340422322988853239e+02 1.430339855820013715e-05 -8.353002454564815242e-07 -2.682778735846777745e-05 6.533800000000000000e+04
3.361307892565458246e+02 1.419015378098706925e-05 -8.134070983623917544e-07 -2.727663463697501257e-05 6.315600000000000000e+04
3.382251120895489294e+02 1.431207395991243811e-05 -1.030172675163444095e-06 -2.755286057855335478e-05 6.214000000000000000e+04
3.403264013195363304e+02 1.425317898676302334e-05 -9.168806495573003120e-07 -2.786153118722728406e-05 6.051400000000000000e+04
3.424148842577288860e+02 1.421553871886933251e-05 -8.923069103945487825e-07 -2.835324738318430876e-05 5.799000000000000000e+04
3.445099495577244397e+02 1.415969373292945927e-05 -9.513548799632500191e-07 -2.860027301943863099e-05 5.742400000000000000e+04
3.466144105402300397e+02 1.424552137467762811e-05 -9.514030143219455076e-07 -2.919582840890161721e-05 5.518200000000000000e+04
3.487067496858389859e+02 1.419729072572443395e-05 -8.159081554855742722e-07 -2.969510821733164065e-05 5.306800000000000000e+04
3.507912540595516475e+02 1.429092945733225488e-05 -9.428427603977620105e-07 -2.982566659728864216e-05 5.152800000000000000e+04
3.528807167895711814e+02 1.427746062602793366e-05 -8.220463298236021666e-07 -3.052698725469092037e-05 4.954600000000000000e+04
3.549828487415276754e+02 1.444631360027571374e-05 -9.629284103997820381e-07 -3.075154119876028321e-05 4.846600000000000000e+04
3.570768480370360862e+02 1.453764598632901565e-05 -1.081750730769916272e-06 -3.150897966570751521e-05 4.566600000000000000e+04
3.591652111747225717e+02 1.472508481656412207e-05 -7.349006818131738424e-07 -3.258834778271277831e-05 4.423000000000000000e+04
3.612627896178847777e+02 1.481018697662696306e-05 -8.220946946618521217e-07 -3.308152140964585756e-05 4.254000000000000000e+04
3.633645820428338880e+02 1.481217149485851402e-05 -9.273801829274716512e-07 -3.348718209907202038e-05 4.022200000000000000e+04
3.654527365610065885e+02 1.490980609497666990e-05 -1.020496230392182709e-06 -3.375231877694815502e-05 3.842200000000000000e+04
3.675441472124314259e+02 1.474566725053417170e-05 -1.117872792506508451e-06 -3.419248230541063022e-05 3.624600000000000000e+04
3.696396280380744201e+02 1.482453103703506371e-05 -9.674701924082501096e-07 -3.469502287284111200e-05 3.455200000000000000e+04
3.717297223820279441e+02 1.491952764213807669e-05 -1.057693338226574142e-06 -3.562562684569119727e-05 3.213600000000000000e+04
3.738176974939287902e+02 1.474230409054804947e-05 -9.040439452575330662e-07 -3.632260841170109454e-05 3.029200000000000000e+04
3.759110996783247174e+02 1.460138625009995282e-05 -8.934453546705603870e-07 -3.693934646172261947e-05 2.830200000000000000e+04
3.780081394014102898e+02 1.457990558180965145e-05 -6.920360890995631600e-07 -3.831403698086705781e-05 2.605600000000000000e+04
3.801051557582653118e+02 1.437255191158243085e-05 -7.311299342461809494e-07 -3.863876290203868019e-05 2.421100000000000000e+04
3.821955053587425937e+02 1.429235847060908367e-05 -7.904557609022919181e-07 -3.943182787540352774e-05 2.220600000000000000e+04
3.842862749912937943e+02 1.403518262904167771e-05 -7.844705703305658697e-07 -3.996416994052149951e-05 2.088400000000000000e+04
3.863841918340856409e+02 1.400134155867575725e-05 -5.795379845935479146e-07 -4.059224276890702155e-05 1.939200000000000000e+04
3.884771734501698006e+02 1.388950758224005542e-05 -3.992511100033382973e-07 -4.128541511321473257e-05 1.805800000000000000e+04
3.905623371605522607e+02 1.385677713123145619e-05 -5.144812598658286078e-07 -4.161365611385706831e-05 1.674600000000000000e+04
3.926667500119167471e+02 1.387557802743988601e-05 -4.309588235810431160e-07 -4.231453487758769826e-05 1.589800000000000000e+04
3.947778557744774162e+02 1.384629674550398232e-05 -5.157744274625729350e-07 -4.253321549167180302e-05 1.457800000000000000e+04
3.968631060462392952e+02 1.401828241198661036e-05 -5.874664498568770999e-07 -4.335611769339156168e-05 1.344300000000000000e+04
3.989413219049817485e+02 1.412330206948755189e-05 -4.300153864450928117e-07 -4.431919320367758483e-05 1.251100000000000000e+04
4.010572258526528344e+02 1.398235794687215073e-05 -2.926914581240266444e-07 -4.455510784866779759e-05 1.191900000000000000e+04
4.031656962107319373e+02 1.455240998061416749e-05 -4.190320178766986072e-07 -4.651966448582639513e-05 1.063900000000000000e+04
4.052249146637423678e+02 1.477985040827261526e-05 -2.798041382708555465e-07 -4.787228882823786846e-05 9.775000000000000000e+03
4.073276634718891387e+02 1.478861447952810542e-05 -8.161062337161892140e-08 -4.843245553415280463e-05 9.423000000000000000e+03
4.094593776408451049e+02 1.479955474376457131e-05 3.142739100521787814e-08 -4.891148753267791785e-05 8.449000000000000000e+03
4.115405539130957777e+02 1.498411211717891628e-05 -1.414011033181843398e-07 -4.955533849222860655e-05 7.596000000000000000e+03
4.135894252671187132e+02 1.559176509794539748e-05 -2.420756525950839614e-07 -5.160706017682606259e-05 6.931000000000000000e+03
4.156930049049321951e+02 1.534355498366824611e-05 -3.451574521252826548e-07 -5.100695368224654930e-05 6.612000000000000000e+03
4.178272827209258367e+02 1.605791645505625495e-05 -2.271208464716878295e-07 -5.384142104123472937e-05 5.899000000000000000e+03
4.199082037741286513e+02 1.655777209737677719e-05 -5.468978287334124004e-08 -5.589333322056443782e-05 5.176000000000000000e+03
4.219826095167229028e+02 1.672476082983484461e-05 -1.623343942750124896e-07 -5.656986447614806870e-05 4.824000000000000000e+03
4.241028763136273483e+02 1.670107809421182051e-05 -9.372573659954091514e-08 -5.683154198681301955e-05 4.312000000000000000e+03
4.262107721966358440e+02 1.790291397746047626e-05 -2.379607451465152037e-07 -6.085139619767025666e-05 3.819000000000000000e+03
4.282460731868927724e+02 1.794237692374043108e-05 -2.465609060701277204e-07 -6.119479145969628083e-05 3.220000000000000000e+03
4.303287648834323136e+02 1.751077672004327360e-05 -1.769254915932403948e-07 -6.004474763575808147e-05 3.132000000000000000e+03
4.325172248853483552e+02 1.815349185502147453e-05 9.079694700143104430e-08 -6.271230785959386149e-05 2.680000000000000000e+03
4.346325070601815810e+02 1.943265987015861603e-05 6.609724937180103866e-08 -6.721501324369117726e-05 2.218000000000000000e+03
4.365567227659553851e+02 1.952351996201588666e-05 2.082018009589644234e-07 -6.768455442637187581e-05 1.728000000000000000e+03
4.386277159174848634e+02 1.876493980470878158e-05 -1.306868591246153836e-07 -6.496923649965345964e-05 1.816000000000000000e+03
4.409019266196692683e+02 2.105082722510231828e-05 4.318390296438715183e-08 -7.320096595925335774e-05 1.476000000000000000e+03
4.430735479208619836e+02 2.142563616467427952e-05 1.997117401435595429e-08 -7.456564768600097085e-05 1.108000000000000000e+03
4.448761117541747012e+02 2.153234714940582652e-05 1.045040589956609509e-07 -7.500760968415541097e-05 7.560000000000000000e+02
4.469343758523184533e+02 2.218193147687792636e-05 -1.894824784436570799e-07 -7.714359929795329386e-05 8.440000000000000000e+02
4.493013102792758104e+02 2.276390007872021044e-05 1.316016591947604263e-07 -7.955704046407441712e-05 6.280000000000000000e+02
4.515989744176221734e+02 2.277218649599570087e-05 -1.664861655748764329e-07 -7.936866768946827919e-05 4.050000000000000000e+02
4.533101867737696580e+02 2.096366642586836653e-05 -9.896775988675838465e-08 -7.312635628266514498e-05 2.020000000000000000e+02
4.552338387398290820e+02 2.763630659894729497e-05 -2.332542459925479392e-09 -9.662803593390473396e-05 2.280000000000000000e+02
4.576034578613840722e+02 3.003624023891528363e-05 -2.965305348814026331e-07 -1.047621492763521140e-04 1.240000000000000000e+02
4.599517872444100703e+02 2.366030453371789483e-05 -1.087403396503617355e-07 -8.267986913797777365e-05 5.200000000000000000e+01
4.619205689144050666e+02 2.250460668182784559e-05 -6.565204952757745261e-09 -7.874343657619418350e-05 9.000000000000000000e+00
4.634281054380590490e+02 1.964063391663371219e-05 -1.353332277358072654e-07 -6.860113878288767763e-05 4.000000000000000000e+00
