8.899641224696955288e-02 9.849680376908718608e+05 -1.059089595127964913e+03 -4.472746274379703682e+05 1.300000000000000000e+01
1.507912216506557823e-01 9.583808244256500620e+05 -4.957758861212555530e+03 1.509012915313757258e+05 3.300000000000000000e+01
2.144790186456836945e-01 9.176493197102759732e+05 -9.163550619013078176e+03 -1.755870789892523899e+05 7.900000000000000000e+01
2.783660776489276789e-01 8.651795215012080735e+05 -1.538064725361007731e+04 -2.944039807540578477e+04 1.170000000000000000e+02
3.435099785803411021e-01 8.012755793465193128e+05 -2.203654741325941359e+04 -3.916125011140187416e+04 2.050000000000000000e+02
4.047886761425745772e-01 7.340264072955801385e+05 -2.964959014652197584e+04 5.684711808582849335e+04 2.350000000000000000e+02
4.676716683575679601e-01 6.600604402304331306e+05 -3.468948421043071721e+04 -4.724510743449558504e+04 3.690000000000000000e+02
5.308225101765952081e-01 5.828611421271362342e+05 -4.113510235482213466e+04 7.186940285250082070e+02 4.330000000000000000e+02
5.945362440940590298e-01 5.046989388817339204e+05 -4.539448801496790838e+04 -1.633963555784257005e+04 5.850000000000000000e+02
6.576224814588792489e-01 4.286209085267335759e+05 -4.995376082732824580e+04 2.379506776510561031e+04 6.790000000000000000e+02
7.196632906698736676e-01 3.584007834322856506e+05 -4.914760045304001687e+04 -4.853702109085682605e+04 8.130000000000000000e+02
7.827860915688348298e-01 2.919686025860456866e+05 -4.848043425288730941e+04 -4.890768767655806732e+04 9.850000000000000000e+02
8.470398945834540783e-01 2.296381930724199919e+05 -4.917621499405179202e+04 -1.269386455465551080e+04 1.183000000000000000e+03
9.096854620527370372e-01 1.774617136382494646e+05 -4.525134736506587797e+04 -3.025032454568969479e+04 1.269000000000000000e+03
9.720789776830213169e-01 1.334733632313173439e+05 -4.010063953393320116e+04 -4.116322218246897683e+04 1.537000000000000000e+03
1.034763038959366499e+00 9.632370069822698133e+04 -3.510994393324977136e+04 -4.016206692912296421e+04 1.653000000000000000e+03
1.097576444254559247e+00 6.716225826903046982e+04 -2.907166686979026417e+04 -3.544989642207390716e+04 1.963000000000000000e+03
1.160543084780093270e+00 4.490040213208023488e+04 -2.266277280034890646e+04 -3.291555782278611150e+04 2.121000000000000000e+03
1.223669666537485323e+00 2.909478936384880944e+04 -1.610460878420246263e+04 -2.592690822053445299e+04 2.413000000000000000e+03
1.286817263090294094e+00 1.883682031549996464e+04 -9.671840007469621924e+03 -1.696023069897021924e+04 2.635000000000000000e+03
1.349500801664080818e+00 1.254882582261483913e+04 -3.708601400249201106e+03 -4.903469533109770055e+03 2.877000000000000000e+03
1.411949558842147567e+00 9.962892256888691918e+03 1.755425139541915541e+03 5.077584169798502444e+03 3.169000000000000000e+03
1.475133575747468395e+00 9.139746223415746499e+03 6.629753025135845746e+03 1.572255858787289435e+04 3.507000000000000000e+03
1.537860814044183622e+00 7.870387816777159060e+03 7.504304004799605536e+03 1.469942979897083751e+04 3.469000000000000000e+03
1.600496235752816299e+00 5.411053832351630263e+03 4.887763711399906242e+03 3.741875831257960272e+03 3.442000000000000000e+03
1.663579768167897210e+00 3.738603619416831407e+03 2.873810438596180120e+03 -1.415754882232717364e+03 3.114000000000000000e+03
1.726532082231556853e+00 2.638652626065096683e+03 1.479927255108315876e+03 -3.334844086424508077e+03 3.028000000000000000e+03
1.789048008067354312e+00 2.154742771269568038e+03 7.620012129600420394e+02 -3.992485142333203385e+03 2.568000000000000000e+03
1.851410046193440406e+00 2.187079103864182343e+03 5.079217263310242743e+02 -4.771387247357109118e+03 2.506000000000000000e+03
1.913905183005287114e+00 2.397904231691174118e+03 3.983349656273159667e+02 -5.602618545496753541e+03 2.034000000000000000e+03
1.977014699850697221e+00 3.015365581416765053e+03 5.751265437203069268e+02 -7.130998510380905827e+03 1.864000000000000000e+03
2.039495322649380604e+00 3.333070563222703640e+03 5.422465585175691558e+02 -8.071993473820015424e+03 1.384000000000000000e+03
2.100924002656074929e+00 3.285895510555765668e+03 3.793898789774519855e+02 -8.216892694057862172e+03 1.074000000000000000e+03
2.164000508399174016e+00 2.549914470734884617e+03 -3.542687460096456675e+01 -6.766720011145686840e+03 7.390000000000000000e+02
2.228664443297649456e+00 1.923789681229976850e+03 -2.820909468312281092e+02 -5.377074122584094766e+03 5.130000000000000000e+02
2.290288135997491814e+00 1.584231271758528010e+03 -3.537490761080283050e+02 -4.560022772578129661e+03 2.950000000000000000e+02
2.348574605845156427e+00 1.257917804007932546e+03 -2.774880427169560448e+02 -3.855935333322313454e+03 2.070000000000000000e+02
2.414035098727600470e+00 1.156384609348725689e+03 -1.575877741923615076e+02 -3.780384613469910619e+03 1.240000000000000000e+02
2.482380303565228097e+00 1.297472335572456132e+03 -7.444755636089502104e+01 -4.415744956260505205e+03 5.200000000000000000e+01
2.540355249661966131e+00 1.572412589557052570e+03 -2.546902173775713507e+01 -5.453986046158891440e+03 9.000000000000000000e+00
2.585047253082041419e+00 1.899713909553864823e+03 -6.787776425594201690e+00 -6.632531313470291025e+03 4.000000000000000000e+00
