8.899641224696955288e-02 9.660656604590011993e+05 -8.958731310805256726e+03 -4.138968982169750961e+05 1.300000000000000000e+01
1.507912216506557823e-01 9.075463363932365319e+05 -4.127830253045696736e+04 1.663862686225894722e+05 3.300000000000000000e+01
2.144790186456836945e-01 8.218531676069069654e+05 -7.452271301284724905e+04 -1.402863773929635063e+05 7.900000000000000000e+01
2.783660776489276789e-01 7.180838212060454534e+05 -1.213300189114280656e+05 -1.798289969346599901e+04 1.170000000000000000e+02
3.435099785803411021e-01 6.022684282144071767e+05 -1.666583161442305427e+05 -1.028030150907381358e+04 2.050000000000000000e+02
4.047886761425745772e-01 4.917012389294459135e+05 -2.138161596782699344e+05 2.407408015892129333e+04 2.350000000000000000e+02
4.676716683575679601e-01 3.855039622027522419e+05 -2.357097729716965114e+05 -3.721432811360390770e+04 3.690000000000000000e+02
5.308225101765952081e-01 2.892813736146457377e+05 -2.605908894164147205e+05 -3.154560546508355037e+04 4.330000000000000000e+02
5.945362440940590298e-01 2.086541295311482681e+05 -2.644884863427915843e+05 -5.373902395566109044e+04 5.850000000000000000e+02
6.576224814588792489e-01 1.445943905024809646e+05 -2.629935035851052962e+05 -4.862724327844916843e+04 6.790000000000000000e+02
7.196632906698736676e-01 1.006419438500497345e+05 -2.309808605431719916e+05 -8.953722670312554692e+04 8.130000000000000000e+02
7.827860915688348298e-01 7.069237960484033101e+04 -1.975264446897610324e+05 -8.383886674903966195e+04 9.850000000000000000e+02
8.470398945834540783e-01 4.905032039769216499e+04 -1.691187788263320690e+05 -9.168198600694911147e+04 1.183000000000000000e+03
9.096854620527370372e-01 4.108572234301225399e+04 -1.242078382760760287e+05 -9.391030748159595532e+04 1.269000000000000000e+03
9.720789776830213169e-01 3.963572793640641612e+04 -8.135547187036398100e+04 -9.421476691431939253e+04 1.537000000000000000e+03
1.034763038959366499e+00 3.970559718212880398e+04 -4.681311162110688019e+04 -9.063945478125210502e+04 1.653000000000000000e+03
1.097576444254559247e+00 4.289715010881434137e+04 -1.455281420883106148e+04 -8.556851108561598812e+04 1.963000000000000000e+03
1.160543084780093270e+00 4.465875072718995216e+04 7.289718329354373964e+03 -7.819515332261014555e+04 2.121000000000000000e+03
1.223669666537485323e+00 4.580737723088858911e+04 2.346749602079475153e+04 -7.150383882539279875e+04 2.413000000000000000e+03
1.286817263090294094e+00 4.540958737930079224e+04 3.141391047787725256e+04 -6.434552438942479785e+04 2.635000000000000000e+03
1.349500801664080818e+00 4.256870293559013226e+04 3.440599045005167136e+04 -5.173370262831344007e+04 2.877000000000000000e+03
1.411949558842147567e+00 3.954122800134779391e+04 3.307748043608915032e+04 -4.514992711012956715e+04 3.169000000000000000e+03
1.475133575747468395e+00 3.533876646436847659e+04 3.006631981076410739e+04 -3.198987519371986491e+04 3.507000000000000000e+03
1.537860814044183622e+00 3.113258558909966087e+04 2.337277914713599239e+04 -3.271429978562496763e+04 3.469000000000000000e+03
1.600496235752816299e+00 2.603471776503643559e+04 1.080365589613104203e+04 -4.328682862548690900e+04 3.442000000000000000e+03
1.663579768167897210e+00 2.147287002366553133e+04 1.776951058553317807e+03 -4.775150598569642898e+04 3.114000000000000000e+03
1.726532082231556853e+00 1.876339694184926338e+04 -4.247889136135591798e+03 -4.461665968766184233e+04 3.028000000000000000e+03
1.789048008067354312e+00 1.890727225526400434e+04 -8.438338049442932970e+03 -4.175089513629032444e+04 2.568000000000000000e+03
1.851410046193440406e+00 2.163108605512044232e+04 -1.013723911183473319e+04 -4.152256360809791659e+04 2.506000000000000000e+03
1.913905183005287114e+00 2.783180189176047134e+04 -1.302014793777091472e+04 -5.025550129308440228e+04 2.034000000000000000e+03
1.977014699850697221e+00 3.452911995055424632e+04 -1.593828607290769651e+04 -5.799130605382446811e+04 1.864000000000000000e+03
2.039495322649380604e+00 4.366661893345684803e+04 -1.817092369919944758e+04 -7.757357204419623304e+04 1.384000000000000000e+03
2.100924002656074929e+00 5.018112802957662643e+04 -1.698932824110711590e+04 -1.026527425767111417e+05 1.074000000000000000e+03
2.164000508399174016e+00 5.280503445687758358e+04 -1.035901184215547801e+04 -1.328969677370952559e+05 7.390000000000000000e+02
2.228664443297649456e+00 5.197178426721941651e+04 -2.697283865626471652e+03 -1.541029771093666204e+05 5.130000000000000000e+02
2.290288135997491814e+00 5.176071945681437501e+04 2.483669605223830331e+03 -1.686817015901019331e+05 2.950000000000000000e+02
2.348574605845156427e+00 5.213638106405283179e+04 4.605067390737417554e+03 -1.799463440694816818e+05 2.070000000000000000e+02
2.414035098727600470e+00 5.992506001598087460e+04 3.333224215668161378e+03 -2.093527035777713463e+05 1.240000000000000000e+02
2.482380303565228097e+00 7.721875600183478673e+04 1.739400580126836530e+03 -2.696953582005799399e+05 5.200000000000000000e+01
2.540355249661966131e+00 9.925600008936974336e+04 6.265130926577647870e+02 -3.466691526963956421e+05 9.000000000000000000e+00
2.585047253082041419e+00 1.222507885127328482e+05 1.699767637834409015e+02 -4.274560101573630818e+05 4.000000000000000000e+00
