8.899641224696955288e-02 9.745377107284655795e+05 -1.254330257822088242e+03 -4.313353369989285129e+05 1.300000000000000000e+01
1.507912216506557823e-01 9.307795807246828917e+05 -5.359129646702489481e+03 1.540318467010509921e+05 3.300000000000000000e+01
2.144790186456836945e-01 8.670574122412616853e+05 -8.761651774981073686e+03 -1.630562316677987692e+05 7.900000000000000000e+01
2.783660776489276789e-01 7.903166512307055527e+05 -1.294927970548235862e+04 -2.628115496386710947e+04 1.170000000000000000e+02
3.435099785803411021e-01 7.049326700639621122e+05 -1.324270001054539898e+04 -4.450164164160817745e+04 2.050000000000000000e+02
4.047886761425745772e-01 6.233336552615913097e+05 -1.433855784343706182e+04 2.742966395462522269e+04 2.350000000000000000e+02
4.676716683575679601e-01 5.440980900363071123e+05 -8.821826522556097188e+03 -7.329919132299076591e+04 3.690000000000000000e+02
5.308225101765952081e-01 4.704342666435344145e+05 -4.194331930491423918e+03 -4.812229685610860179e+04 4.330000000000000000e+02
5.945362440940590298e-01 4.055924386674114503e+05 2.653254420999379363e+03 -7.157996162492419535e+04 5.850000000000000000e+02
6.576224814588792489e-01 3.491561842528376728e+05 1.214944946984084527e+04 -5.252494847549182305e+04 6.790000000000000000e+02
7.196632906698736676e-01 3.056699351460627513e+05 1.793467400863171133e+04 -1.157399227937506657e+05 8.130000000000000000e+02
7.827860915688348298e-01 2.678992013665053528e+05 2.894315899886432453e+04 -1.316687258560353366e+05 9.850000000000000000e+02
8.470398945834540783e-01 2.347673095687364694e+05 3.325076430269400589e+04 -8.750231163231315440e+04 1.183000000000000000e+03
9.096854620527370372e-01 2.108787204395412118e+05 4.115061251830458787e+04 -1.046589283062834584e+05 1.269000000000000000e+03
9.720789776830213169e-01 1.925751783906968194e+05 4.790267299613921932e+04 -1.194967734534764459e+05 1.537000000000000000e+03
1.034763038959366499e+00 1.778646036791749357e+05 5.177913094925953919e+04 -1.088478857375566149e+05 1.653000000000000000e+03
1.097576444254559247e+00 1.660126957977277343e+05 5.954459700305444858e+04 -1.071686965192161151e+05 1.963000000000000000e+03
1.160543084780093270e+00 1.582902987335151702e+05 6.322533471097928123e+04 -9.918473185229579394e+04 2.121000000000000000e+03
1.223669666537485323e+00 1.522450467629458872e+05 6.864250336837285431e+04 -9.097336639048212965e+04 2.413000000000000000e+03
1.286817263090294094e+00 1.486654937301195168e+05 7.351587027911501355e+04 -8.290991398303290771e+04 2.635000000000000000e+03
1.349500801664080818e+00 1.455875139481229999e+05 8.016722098881850252e+04 -5.075718162812398077e+04 2.877000000000000000e+03
1.411949558842147567e+00 1.455614631891667086e+05 8.598349820680980338e+04 -4.269293834243598394e+04 3.169000000000000000e+03
1.475133575747468395e+00 1.472559676987013081e+05 9.450528286958334502e+04 -1.435612189666439190e+04 3.507000000000000000e+03
1.537860814044183622e+00 1.481877132115209533e+05 1.035721413680406258e+05 -4.015552267714204208e+04 3.469000000000000000e+03
1.600496235752816299e+00 1.474087278217741114e+05 1.102646059417251381e+05 -1.168617442197833734e+05 3.442000000000000000e+03
1.663579768167897210e+00 1.462992117246289563e+05 1.074564403856637800e+05 -1.949757215692751633e+05 3.114000000000000000e+03
1.726532082231556853e+00 1.448585724059434433e+05 1.033581382027658110e+05 -2.599906599830170744e+05 3.028000000000000000e+03
1.789048008067354312e+00 1.454663761471727921e+05 9.942697591017645027e+04 -3.168480449571244535e+05 2.568000000000000000e+03
1.851410046193440406e+00 1.456836065191645175e+05 9.475862204577222292e+04 -3.661257245857978123e+05 2.506000000000000000e+03
1.913905183005287114e+00 1.506289062798596278e+05 9.361801467413191858e+04 -4.275678077658609254e+05 2.034000000000000000e+03
1.977014699850697221e+00 1.553065018479401479e+05 9.585295404595967557e+04 -4.783909449226508732e+05 1.864000000000000000e+03
2.039495322649380604e+00 1.666620441591151466e+05 1.013770627234834392e+05 -5.503747586833547102e+05 1.384000000000000000e+03
2.100924002656074929e+00 1.760755661444936122e+05 9.823571509837602207e+04 -6.072037502494601067e+05 1.074000000000000000e+03
2.164000508399174016e+00 1.790028582659244712e+05 8.388652725262081367e+04 -6.330129230545889586e+05 7.390000000000000000e+02
2.228664443297649456e+00 1.725206958906385989e+05 6.504439759081540251e+04 -6.174548864198166411e+05 5.130000000000000000e+02
2.290288135997491814e+00 1.637085873933646362e+05 4.960524413110753085e+04 -5.876282081589919981e+05 2.950000000000000000e+02
2.348574605845156427e+00 1.421872092183694185e+05 2.725185845894821614e+04 -5.069495380093026906e+05 2.070000000000000000e+02
2.414035098727600470e+00 1.189134178748729901e+05 1.202379540163015190e+04 -4.205285383396248799e+05 1.240000000000000000e+02
2.482380303565228097e+00 1.037234001357132511e+05 4.803431251668741425e+03 -3.645439443643569248e+05 5.200000000000000000e+01
2.540355249661966131e+00 9.764368479260394815e+04 1.476482560116775176e+03 -3.418869664852834539e+05 9.000000000000000000e+00
2.585047253082041419e+00 1.017575678573142504e+05 3.776251336176754307e+02 -3.560350461715952260e+05 4.000000000000000000e+00
