8.899641224696955288e-02 9.840627510662080022e+05 -8.378327563963392777e+02 -4.460165559922943939e+05 1.300000000000000000e+01
1.507912216506557823e-01 9.559842623420652235e+05 -3.903574344259756799e+03 1.509687459503066493e+05 3.300000000000000000e+01
2.144790186456836945e-01 9.132433933971987572e+05 -7.173273878629023784e+03 -1.745618778884531639e+05 7.900000000000000000e+01
2.783660776489276789e-01 8.586656251629540930e+05 -1.197092259412967542e+04 -2.864301380015362520e+04 1.170000000000000000e+02
3.435099785803411021e-01 7.929747158666051691e+05 -1.695926393405801355e+04 -3.921868434921467997e+04 2.050000000000000000e+02
4.047886761425745772e-01 7.247344053995349677e+05 -2.267674272021442448e+04 5.600917062645174883e+04 2.350000000000000000e+02
4.676716683575679601e-01 6.508428126383562339e+05 -2.623350565044459654e+04 -4.763531448639678274e+04 3.690000000000000000e+02
5.308225101765952081e-01 5.749796133875269443e+05 -3.089278733236684639e+04 -3.342855702479905631e+02 4.330000000000000000e+02
5.945362440940590298e-01 4.995645380163387163e+05 -3.388305012413315853e+04 -1.715739852233796773e+04 5.850000000000000000e+02
6.576224814588792489e-01 4.275141499964723480e+05 -3.710571480582065124e+04 2.265029205355323938e+04 6.790000000000000000e+02
7.196632906698736676e-01 3.621340768592304667e+05 -3.658647824763974495e+04 -4.872773339577423758e+04 8.130000000000000000e+02
7.827860915688348298e-01 3.013235963890668354e+05 -3.608202434224177705e+04 -5.081234618075682374e+04 9.850000000000000000e+02
8.470398945834540783e-01 2.450008481836817518e+05 -3.734006215836414776e+04 -1.067528122449062175e+04 1.183000000000000000e+03
9.096854620527370372e-01 1.982368003091129940e+05 -3.502766664829703222e+04 -2.847993381382249208e+04 1.269000000000000000e+03
9.720789776830213169e-01 1.587821828580831643e+05 -3.194126175055075510e+04 -4.093806385281298571e+04 1.537000000000000000e+03
1.034763038959366499e+00 1.249518772830966918e+05 -2.935628763876810626e+04 -3.956840853052530292e+04 1.653000000000000000e+03
1.097576444254559247e+00 9.770386491967440816e+04 -2.566077226371654615e+04 -3.740993414624303114e+04 1.963000000000000000e+03
1.160543084780093270e+00 7.547644419739070872e+04 -2.179116263733422966e+04 -3.809800681505868852e+04 2.121000000000000000e+03
1.223669666537485323e+00 5.807455917296342523e+04 -1.749486444894919987e+04 -3.626831457355319435e+04 2.413000000000000000e+03
1.286817263090294094e+00 4.474191466279796441e+04 -1.286801595760593045e+04 -3.494761872064321506e+04 2.635000000000000000e+03
1.349500801664080818e+00 3.404886453080944921e+04 -8.657955752112613482e+03 -2.883394351407242357e+04 2.877000000000000000e+03
1.411949558842147567e+00 2.686497734297291754e+04 -4.066439186701635208e+03 -2.837449361521538231e+04 3.169000000000000000e+03
1.475133575747468395e+00 2.112871943971256042e+04 -7.296860850666226384e+01 -2.537048662233982031e+04 3.507000000000000000e+03
1.537860814044183622e+00 1.851694784136185262e+04 3.141364103865267680e+03 -2.494245866347415722e+04 3.469000000000000000e+03
1.600496235752816299e+00 1.755741273082548287e+04 5.751476793671356972e+03 -2.672821652159399673e+04 3.442000000000000000e+03
1.663579768167897210e+00 1.739451899450639394e+04 7.682971134966363024e+03 -3.146483849172185364e+04 3.114000000000000000e+03
1.726532082231556853e+00 1.744475293057847739e+04 9.247912846687328056e+03 -3.645620636305338121e+04 3.028000000000000000e+03
1.789048008067354312e+00 1.760982001251471229e+04 1.032914465319696319e+04 -4.182808131235594919e+04 2.568000000000000000e+03
1.851410046193440406e+00 1.808307708123392513e+04 1.088359367624333390e+04 -4.679894618904071103e+04 2.506000000000000000e+03
1.913905183005287114e+00 1.805539255697479894e+04 1.083912079063586680e+04 -5.074572266206455970e+04 2.034000000000000000e+03
1.977014699850697221e+00 1.872234230608532016e+04 1.089237253977269029e+04 -5.437278197916214413e+04 1.864000000000000000e+03
2.039495322649380604e+00 1.835497083957580980e+04 1.051160657631160757e+04 -5.641382682516807836e+04 1.384000000000000000e+03
2.100924002656074929e+00 1.719934642317713951e+04 9.327661284706149672e+03 -5.560945788791472296e+04 1.074000000000000000e+03
2.164000508399174016e+00 1.440809290000987676e+04 7.148738896322497567e+03 -5.005083752761429787e+04 7.390000000000000000e+02
2.228664443297649456e+00 1.205792884038607735e+04 4.992691993625867326e+03 -4.342109914096839202e+04 5.130000000000000000e+02
2.290288135997491814e+00 1.056347361534366246e+04 3.489473631244800799e+03 -3.815183235594641883e+04 2.950000000000000000e+02
2.348574605845156427e+00 8.397355887271251049e+03 1.762325087438602850e+03 -3.007330360599426422e+04 2.070000000000000000e+02
2.414035098727600470e+00 6.153349251094374267e+03 7.293194382754933258e+02 -2.185820780051239853e+04 1.240000000000000000e+02
2.482380303565228097e+00 4.323114309274952575e+03 2.790012754970210835e+02 -1.526786705912902107e+04 5.200000000000000000e+01
2.540355249661966131e+00 3.045870936112463824e+03 8.334641951864185216e+01 -1.070191276272053437e+04 9.000000000000000000e+00
2.585047253082041419e+00 2.471947507690189013e+03 2.107869423338762971e+01 -8.660893736830988928e+03 4.000000000000000000e+00
