8.899641224696955288e-02 9.782457420204879018e+05 -6.412023160154593597e+02 -4.372664317848533974e+05 1.300000000000000000e+01
1.507912216506557823e-01 9.405163032981508877e+05 -2.788471655560379077e+03 1.525343528653550893e+05 3.300000000000000000e+01
2.144790186456836945e-01 8.846584835263238056e+05 -4.680620881222228491e+03 -1.673995502679558122e+05 7.900000000000000000e+01
2.783660776489276789e-01 8.159242869754434796e+05 -7.154075576646639092e+03 -2.584561704397349604e+04 1.170000000000000000e+02
3.435099785803411021e-01 7.372309343496736838e+05 -7.820701330308713295e+03 -4.098645329236226098e+04 2.050000000000000000e+02
4.047886761425745772e-01 6.597231070529469289e+05 -9.059149344060642761e+03 4.187451241706340079e+04 2.350000000000000000e+02
4.676716683575679601e-01 5.813737106776132714e+05 -6.705695736894333095e+03 -5.913613227516585175e+04 3.690000000000000000e+02
5.308225101765952081e-01 5.060203509053615271e+05 -4.874928274906915249e+03 -2.396855621753400555e+04 4.330000000000000000e+02
5.945362440940590298e-01 4.367424395564373699e+05 -1.559215502555395233e+03 -4.399904405649173714e+04 5.850000000000000000e+02
6.576224814588792489e-01 3.749700779696705285e+05 3.361951038480089665e+03 -1.728663406633804698e+04 6.790000000000000000e+02
7.196632906698736676e-01 3.237590553846452967e+05 6.648535708890436581e+03 -8.170129414202699263e+04 8.130000000000000000e+02
7.827860915688348298e-01 2.790326143673488405e+05 1.316023205335125022e+04 -9.313492972511415428e+04 9.850000000000000000e+02
8.470398945834540783e-01 2.392600541840750375e+05 1.532304627489170707e+04 -4.949710599150144117e+04 1.183000000000000000e+03
9.096854620527370372e-01 2.087313961614837172e+05 2.000753531014444889e+04 -6.673077190736764169e+04 1.269000000000000000e+03
9.720789776830213169e-01 1.840555781895861146e+05 2.410950601848987935e+04 -8.020152001035065041e+04 1.537000000000000000e+03
1.034763038959366499e+00 1.632103227816413564e+05 2.616428642172787659e+04 -7.159983525847631972e+04 1.653000000000000000e+03
1.097576444254559247e+00 1.466378543435096508e+05 3.108672633288688303e+04 -7.127231983025156660e+04 1.963000000000000000e+03
1.160543084780093270e+00 1.333884779938276042e+05 3.348648760912028956e+04 -6.710759965583107260e+04 2.121000000000000000e+03
1.223669666537485323e+00 1.229492218538633606e+05 3.731849424276902573e+04 -6.326063999843333295e+04 2.413000000000000000e+03
1.286817263090294094e+00 1.152053012420652813e+05 4.113881700779373205e+04 -6.168007199384014530e+04 2.635000000000000000e+03
1.349500801664080818e+00 1.091516640195612854e+05 4.574794947295525344e+04 -4.505233392625007400e+04 2.877000000000000000e+03
1.411949558842147567e+00 1.059609286527777294e+05 5.017492185395077831e+04 -4.539954565217428171e+04 3.169000000000000000e+03
1.475133575747468395e+00 1.048462477206446783e+05 5.539973615054821130e+04 -3.304148104763644369e+04 3.507000000000000000e+03
1.537860814044183622e+00 1.050053892481081566e+05 6.140946271797723603e+04 -5.864517386539404833e+04 3.469000000000000000e+03
1.600496235752816299e+00 1.046630212090762652e+05 6.617310566845592984e+04 -1.194062831322223356e+05 3.442000000000000000e+03
1.663579768167897210e+00 1.039294060141920054e+05 6.812947266404055699e+04 -1.784202270112749247e+05 3.114000000000000000e+03
1.726532082231556853e+00 1.036245365480229084e+05 7.043797749128907162e+04 -2.268401402404427354e+05 3.028000000000000000e+03
1.789048008067354312e+00 1.049208496895753487e+05 7.280035037325897429e+04 -2.689490391065033618e+05 2.568000000000000000e+03
1.851410046193440406e+00 1.066271842624410783e+05 7.589731144558270171e+04 -3.056980402246604208e+05 2.506000000000000000e+03
1.913905183005287114e+00 1.115635311097200756e+05 7.786403481875092257e+04 -3.476511325976477237e+05 2.034000000000000000e+03
1.977014699850697221e+00 1.181783499990794517e+05 8.457049896831077058e+04 -3.914698232853900990e+05 1.864000000000000000e+03
2.039495322649380604e+00 1.291381081763411639e+05 8.933195925861959404e+04 -4.462382886484203045e+05 1.384000000000000000e+03
2.100924002656074929e+00 1.381017133787753119e+05 8.702708528122345160e+04 -4.909723360936303507e+05 1.074000000000000000e+03
2.164000508399174016e+00 1.422246816168912046e+05 7.325236848949972773e+04 -5.124329286009342759e+05 7.390000000000000000e+02
2.228664443297649456e+00 1.428957051400188939e+05 5.716083870113435842e+04 -5.171142153559792205e+05 5.130000000000000000e+02
2.290288135997491814e+00 1.450649952118624642e+05 4.456191416144304094e+04 -5.232083382250024588e+05 2.950000000000000000e+02
2.348574605845156427e+00 1.404647824507279438e+05 2.507975987562576483e+04 -4.997592329371743253e+05 2.070000000000000000e+02
2.414035098727600470e+00 1.426169255796786747e+05 1.148111493205268198e+04 -5.017549891822886420e+05 1.240000000000000000e+02
2.482380303565228097e+00 1.584885257135731808e+05 4.742751592293247086e+03 -5.545801603048833786e+05 5.200000000000000000e+01
2.540355249661966131e+00 1.833053289560892154e+05 1.491857120313161886e+03 -6.405413797930177534e+05 9.000000000000000000e+00
2.585047253082041419e+00 2.145124351394259720e+05 3.850496072363509370e+02 -7.501363907765316544e+05 4.000000000000000000e+00
