8.899641224696955288e-02 9.180565865514827892e+05 -1.619660540032288009e+04 -3.642720327450914774e+05 1.300000000000000000e+01
1.507912216506557823e-01 8.468864946988332085e+05 -2.607633464113427544e+04 1.607048745108874864e+05 3.300000000000000000e+01
2.144790186456836945e-01 7.622203067225378472e+05 -3.629035655047896580e+04 -1.243084564658544841e+05 7.900000000000000000e+01
2.783660776489276789e-01 6.665651975946844323e+05 -8.551222879965054744e+04 -2.689522640395229246e+04 1.170000000000000000e+02
3.435099785803411021e-01 5.610698893335565226e+05 -1.065149839616825921e+05 -2.696897300377209103e+04 2.050000000000000000e+02
4.047886761425745772e-01 4.662084402695950703e+05 -1.129471859352097235e+05 1.177126401074689966e+04 2.350000000000000000e+02
4.676716683575679601e-01 3.812087882462318521e+05 -1.184867182567364362e+05 -7.521573469296316034e+04 3.690000000000000000e+02
5.308225101765952081e-01 3.111498789132057573e+05 -1.200740128179606108e+05 -6.754900686246753321e+04 4.330000000000000000e+02
5.945362440940590298e-01 2.567215417494779686e+05 -1.057911561433512397e+05 -8.276771620422278647e+04 5.850000000000000000e+02
6.576224814588792489e-01 2.124294325009696768e+05 -9.310903287823879509e+04 -8.350549101481273829e+04 6.790000000000000000e+02
7.196632906698736676e-01 1.859771883640956949e+05 -7.041662340580514865e+04 -1.264222591870902252e+05 8.130000000000000000e+02
7.827860915688348298e-01 1.654048693256526021e+05 -4.234450332278774295e+04 -1.326299008790619264e+05 9.850000000000000000e+02
8.470398945834540783e-01 1.491384599209948210e+05 -3.166881706714066604e+04 -1.056979075431014644e+05 1.183000000000000000e+03
9.096854620527370372e-01 1.405622196265145903e+05 -7.939175885119085251e+03 -1.101240301789054502e+05 1.269000000000000000e+03
9.720789776830213169e-01 1.349459290135847114e+05 1.347988519662195176e+04 -1.147316508815417765e+05 1.537000000000000000e+03
1.034763038959366499e+00 1.310312398138448625e+05 2.556703829023128492e+04 -9.990990415624063462e+04 1.653000000000000000e+03
1.097576444254559247e+00 1.281814754387824360e+05 4.410306974258844275e+04 -9.451892092318428331e+04 1.963000000000000000e+03
1.160543084780093270e+00 1.272776207082799374e+05 5.508665129653192707e+04 -7.993859861874050694e+04 2.121000000000000000e+03
1.223669666537485323e+00 1.263471384326856642e+05 6.651522280610507005e+04 -7.047979319063024013e+04 2.413000000000000000e+03
1.286817263090294094e+00 1.263970480768388661e+05 7.674499098133522784e+04 -5.989245970637621940e+04 2.635000000000000000e+03
1.349500801664080818e+00 1.268376569289859908e+05 8.769022553510915895e+04 -3.122989409315078956e+04 2.877000000000000000e+03
1.411949558842147567e+00 1.279925509672687185e+05 9.409567509649691056e+04 -2.490920887645160838e+04 3.169000000000000000e+03
1.475133575747468395e+00 1.310335161040105158e+05 1.033815232408265438e+05 -1.242421527895321560e+03 3.507000000000000000e+03
1.537860814044183622e+00 1.312729789009393135e+05 1.034325457613614999e+05 -3.927206398278761480e+04 3.469000000000000000e+03
1.600496235752816299e+00 1.276822101632542763e+05 9.070374554360174807e+04 -1.368174369902869803e+05 3.442000000000000000e+03
1.663579768167897210e+00 1.229470415298204025e+05 8.210132154822925804e+04 -2.148025724855264125e+05 3.114000000000000000e+03
1.726532082231556853e+00 1.193842279005827731e+05 8.194658275619393680e+04 -2.704266907176947570e+05 3.028000000000000000e+03
1.789048008067354312e+00 1.201027499544659513e+05 8.562547807401220780e+04 -3.184652661126665189e+05 2.568000000000000000e+03
1.851410046193440406e+00 1.224066138390917040e+05 9.050580374248522276e+04 -3.587627024506919552e+05 2.506000000000000000e+03
1.913905183005287114e+00 1.335837601922426838e+05 9.691033155766816344e+04 -4.253779126164788031e+05 2.034000000000000000e+03
1.977014699850697221e+00 1.456708495340846421e+05 1.063863464003199042e+05 -4.893680440328852856e+05 1.864000000000000000e+03
2.039495322649380604e+00 1.681111268876431277e+05 1.188988057935512188e+05 -5.886297630799621111e+05 1.384000000000000000e+03
2.100924002656074929e+00 1.868667047951252607e+05 1.208144980469304137e+05 -6.718532040702970698e+05 1.074000000000000000e+03
2.164000508399174016e+00 1.979219063274564105e+05 1.065752626218204387e+05 -7.200218138467798708e+05 7.390000000000000000e+02
2.228664443297649456e+00 1.974596503122742870e+05 8.397857979362682090e+04 -7.205844754177401774e+05 5.130000000000000000e+02
2.290288135997491814e+00 1.971046641376936168e+05 6.384451178095894284e+04 -7.153990452129946789e+05 2.950000000000000000e+02
2.348574605845156427e+00 1.874232533809310407e+05 3.439160926635246142e+04 -6.683516596659703646e+05 2.070000000000000000e+02
2.414035098727600470e+00 1.953838819813986483e+05 1.540811232730350093e+04 -6.875233881676550955e+05 1.240000000000000000e+02
2.482380303565228097e+00 2.265230114692649804e+05 6.909161064065066057e+03 -7.930655504504230339e+05 5.200000000000000000e+01
2.540355249661966131e+00 2.712717547584353015e+05 2.492556391445108147e+03 -9.482872324203230673e+05 9.000000000000000000e+00
2.585047253082041419e+00 3.169738269997778698e+05 7.076866790011957846e+02 -1.108591738071348052e+06 4.000000000000000000e+00
