8.899641224696955288e-02 9.521544895268831169e+05 -4.769113916251189039e+03 -4.073844376503499807e+05 1.300000000000000000e+01
1.507912216506557823e-01 8.890788677155713085e+05 -2.753793322579699452e+04 1.580314033435439924e+05 3.300000000000000000e+01
2.144790186456836945e-01 8.033655499939048896e+05 -5.535669071115399856e+04 -1.420290049378318654e+05 7.900000000000000000e+01
2.783660776489276789e-01 7.024892419097706443e+05 -9.072990513811993878e+04 -1.947169971408848505e+04 1.170000000000000000e+02
3.435099785803411021e-01 5.891836023057227721e+05 -1.190977948592747125e+05 -1.935167288351972456e+04 2.050000000000000000e+02
4.047886761425745772e-01 4.841028250028127222e+05 -1.474312089128226216e+05 1.540542452964940640e+04 2.350000000000000000e+02
4.676716683575679601e-01 3.877561243014748907e+05 -1.565496246933200746e+05 -5.624657982220393023e+04 3.690000000000000000e+02
5.308225101765952081e-01 3.025701981593439705e+05 -1.664314804617451155e+05 -5.177593144472583663e+04 4.330000000000000000e+02
5.945362440940590298e-01 2.333321165618007653e+05 -1.610473576996564807e+05 -7.545565529235740541e+04 5.850000000000000000e+02
6.576224814588792489e-01 1.799439768758060236e+05 -1.515901504669834394e+05 -7.399969170650857268e+04 6.790000000000000000e+02
7.196632906698736676e-01 1.459074210914137657e+05 -1.273707112863120856e+05 -1.191939199255822605e+05 8.130000000000000000e+02
7.827860915688348298e-01 1.225483658945600473e+05 -9.992019300092160120e+04 -1.254331977757605055e+05 9.850000000000000000e+02
8.470398945834540783e-01 1.047701861027019186e+05 -8.155677381253826024e+04 -1.154251671363930946e+05 1.183000000000000000e+03
9.096854620527370372e-01 9.864347845641410095e+04 -5.273383225083526486e+04 -1.226758859929761529e+05 1.269000000000000000e+03
9.720789776830213169e-01 9.680768854891846422e+04 -2.642171781323641335e+04 -1.273591074565413874e+05 1.537000000000000000e+03
1.034763038959366499e+00 9.567818445372873975e+04 -7.093214836204905623e+03 -1.174871671069211297e+05 1.653000000000000000e+03
1.097576444254559247e+00 9.675719396872990183e+04 1.381464461358345579e+04 -1.113752633591416961e+05 1.963000000000000000e+03
1.160543084780093270e+00 9.750510266220662743e+04 2.710793440385416034e+04 -9.949029631870250159e+04 2.121000000000000000e+03
1.223669666537485323e+00 9.816061278880960890e+04 3.976174356786631688e+04 -8.629891948656270688e+04 2.413000000000000000e+03
1.286817263090294094e+00 9.860654486133831961e+04 4.803349123230845726e+04 -7.302332699891582888e+04 2.635000000000000000e+03
1.349500801664080818e+00 9.753805366037320346e+04 5.525845839970895759e+04 -4.510525721110780432e+04 2.877000000000000000e+03
1.411949558842147567e+00 9.768187882729852572e+04 5.833202894960038975e+04 -3.129032050683249690e+04 3.169000000000000000e+03
1.475133575747468395e+00 9.772689604714217421e+04 6.103629504983146035e+04 -4.756707225928695152e+03 3.507000000000000000e+03
1.537860814044183622e+00 9.781166598499921383e+04 4.664553355261196702e+04 -1.849636283363894108e+04 3.469000000000000000e+03
1.600496235752816299e+00 9.651553555913364107e+04 1.460790593684636406e+04 -6.874013544168144290e+04 3.442000000000000000e+03
1.663579768167897210e+00 9.365235585350697511e+04 -8.480372359960612812e+03 -1.080815570182357624e+05 3.114000000000000000e+03
1.726532082231556853e+00 9.103740171223721700e+04 -2.482159769776772009e+04 -1.296181404153977492e+05 3.028000000000000000e+03
1.789048008067354312e+00 9.073923730102900299e+04 -3.434240566787389980e+04 -1.418949721632962464e+05 2.568000000000000000e+03
1.851410046193440406e+00 9.215861523559458146e+04 -3.669282420177107997e+04 -1.563233483980337915e+05 2.506000000000000000e+03
1.913905183005287114e+00 9.853086626313396846e+04 -4.025644340439256484e+04 -1.767491839287621551e+05 2.034000000000000000e+03
1.977014699850697221e+00 1.068091513420221745e+05 -4.031532406565354177e+04 -1.985749365802247485e+05 1.864000000000000000e+03
2.039495322649380604e+00 1.190809418935859721e+05 -4.751127175471706141e+04 -2.287925167737893353e+05 1.384000000000000000e+03
2.100924002656074929e+00 1.295851313166383770e+05 -5.206687850856145087e+04 -2.681611334875512985e+05 1.074000000000000000e+03
2.164000508399174016e+00 1.342188986776514503e+05 -5.396189272899658681e+04 -3.096551822806597920e+05 7.390000000000000000e+02
2.228664443297649456e+00 1.343345051193548134e+05 -4.621241328435598552e+04 -3.486929147136361571e+05 5.130000000000000000e+02
2.290288135997491814e+00 1.326180626365077915e+05 -3.492411879484422388e+04 -3.771101096976532717e+05 2.950000000000000000e+02
2.348574605845156427e+00 1.154457489046377304e+05 -1.678473225059127071e+04 -3.636352274664358119e+05 2.070000000000000000e+02
2.414035098727600470e+00 8.882226605528171058e+04 -6.114810978109425378e+03 -2.962759800231861300e+05 1.240000000000000000e+02
2.482380303565228097e+00 6.083567945545055409e+04 -2.052123209788630902e+03 -2.081270070139653108e+05 5.200000000000000000e+01
2.540355249661966131e+00 3.646564026921560435e+04 -4.501077564638061972e+02 -1.265359062496579718e+05 9.000000000000000000e+00
2.585047253082041419e+00 1.711178963512274277e+04 -7.336049136503022794e+01 -5.971393315832421649e+04 4.000000000000000000e+00
