8.899641224696955288e-02 9.820246652233985951e+05 -9.657401730607542731e+02 -4.428362046479739947e+05 1.300000000000000000e+01
1.507912216506557823e-01 9.505464430834872182e+05 -4.418674834581424875e+03 1.517573820465430617e+05 3.300000000000000000e+01
2.144790186456836945e-01 9.031626699603248853e+05 -7.914539144004633272e+03 -1.718035754109215341e+05 7.900000000000000000e+01
2.783660776489276789e-01 8.435377241299068555e+05 -1.281736742985475757e+04 -2.774196263172280305e+04 1.170000000000000000e+02
3.435099785803411021e-01 7.731967232300356263e+05 -1.721390764341677277e+04 -3.928566300276376569e+04 2.050000000000000000e+02
4.047886761425745772e-01 7.016298250498156995e+05 -2.197378613960052826e+04 5.081640981699761323e+04 2.350000000000000000e+02
4.676716683575679601e-01 6.263021920531791402e+05 -2.362818651652779590e+04 -5.157600123986630933e+04 3.690000000000000000e+02
5.308225101765952081e-01 5.509118857001439901e+05 -2.578735678480857314e+04 -9.178441703756703646e+03 4.330000000000000000e+02
5.945362440940590298e-01 4.783208460893865558e+05 -2.575511093414267089e+04 -2.771653463713965903e+04 5.850000000000000000e+02
6.576224814588792489e-01 4.108598688665551599e+05 -2.504282162571516528e+04 7.565861189425614612e+03 6.790000000000000000e+02
7.196632906698736676e-01 3.519553475539178471e+05 -2.184731116575859778e+04 -6.311907789885008242e+04 8.130000000000000000e+02
7.827860915688348298e-01 2.987273213862015982e+05 -1.806372374509970541e+04 -6.890629094085769611e+04 9.850000000000000000e+02
8.470398945834540783e-01 2.498767003153886180e+05 -1.589827970584351715e+04 -2.734469199929408569e+04 1.183000000000000000e+03
9.096854620527370372e-01 2.109077151676267968e+05 -1.165008783429595132e+04 -4.536698171311987244e+04 1.269000000000000000e+03
9.720789776830213169e-01 1.786726258072704368e+05 -7.759892146401881291e+03 -5.861488895509650320e+04 1.537000000000000000e+03
1.034763038959366499e+00 1.508531625309388619e+05 -4.746067643832669091e+03 -5.497824641594482091e+04 1.653000000000000000e+03
1.097576444254559247e+00 1.288114165422046353e+05 -1.787702588974866785e+03 -5.197041496721239673e+04 1.963000000000000000e+03
1.160543084780093270e+00 1.105232380708104611e+05 5.821964822170084517e+02 -5.096889581278586411e+04 2.121000000000000000e+03
1.223669666537485323e+00 9.611949342515305034e+04 2.563236524104953332e+03 -4.741535178254415951e+04 2.413000000000000000e+03
1.286817263090294094e+00 8.505561470838989771e+04 4.186340565595959561e+03 -4.552585969429143006e+04 2.635000000000000000e+03
1.349500801664080818e+00 7.580319445018742408e+04 5.607739158122549270e+03 -3.265402418631796172e+04 2.877000000000000000e+03
1.411949558842147567e+00 7.022227027195705159e+04 6.451888077267603876e+03 -3.136883046287264733e+04 3.169000000000000000e+03
1.475133575747468395e+00 6.613588145156674727e+04 7.497389951769908293e+03 -2.223051787345513367e+04 3.507000000000000000e+03
1.537860814044183622e+00 6.610855396170666791e+04 5.916310288776304333e+03 -2.550024831341751269e+04 3.469000000000000000e+03
1.600496235752816299e+00 6.806013322541414527e+04 2.226558889576749152e+03 -4.168942910432656936e+04 3.442000000000000000e+03
1.663579768167897210e+00 6.976463890455679211e+04 -2.142346905264917041e+03 -6.248083847375694313e+04 3.114000000000000000e+03
1.726532082231556853e+00 7.099036527958860097e+04 -6.617862966142451114e+03 -8.005372657483589137e+04 3.028000000000000000e+03
1.789048008067354312e+00 7.193174477544374531e+04 -1.099204501243309096e+04 -9.434368484405099298e+04 2.568000000000000000e+03
1.851410046193440406e+00 7.230147556167042057e+04 -1.556755111901436794e+04 -1.054429005210158793e+05 2.506000000000000000e+03
1.913905183005287114e+00 7.325345088656808366e+04 -1.877728013024854954e+04 -1.206530915847683355e+05 2.034000000000000000e+03
1.977014699850697221e+00 7.488144600801957131e+04 -2.318731969775415564e+04 -1.283877171999475249e+05 1.864000000000000000e+03
2.039495322649380604e+00 7.836683002419007244e+04 -2.564973652118058453e+04 -1.488505253180588479e+05 1.384000000000000000e+03
2.100924002656074929e+00 8.220951249298192852e+04 -2.620543804129402997e+04 -1.764287507387407240e+05 1.074000000000000000e+03
2.164000508399174016e+00 8.618280946882574062e+04 -2.314920501821323342e+04 -2.168614376518335484e+05 7.390000000000000000e+02
2.228664443297649456e+00 9.200457518252647424e+04 -1.962578837962796024e+04 -2.594573462677838688e+05 5.130000000000000000e+02
2.290288135997491814e+00 1.015521843184205500e+05 -1.676555860835583735e+04 -3.063514277547738748e+05 2.950000000000000000e+02
2.348574605845156427e+00 1.123808346581302467e+05 -1.041872593775620589e+04 -3.640644180421135388e+05 2.070000000000000000e+02
2.414035098727600470e+00 1.326885541180850123e+05 -5.231927917520928531e+03 -4.490745179084251286e+05 1.240000000000000000e+02
2.482380303565228097e+00 1.669395168510160292e+05 -2.312824243419357572e+03 -5.762805374973156722e+05 5.200000000000000000e+01
2.540355249661966131e+00 2.083631835008151247e+05 -7.608638186813707307e+02 -7.255124648653923068e+05 9.000000000000000000e+00
2.585047253082041419e+00 2.523961677238330303e+05 -1.998682362701245552e+02 -8.819348512778960867e+05 4.000000000000000000e+00
