8.899641224696955288e-02 9.848745961516335374e+05 -1.006405415488894732e+03 -4.471626537882321281e+05 1.300000000000000000e+01
1.507912216506557823e-01 9.581413648003705312e+05 -4.714468290933022217e+03 1.508751556531625392e+05 3.300000000000000000e+01
2.144790186456836945e-01 9.172304847582700895e+05 -8.724771951268283374e+03 -1.755149617849024944e+05 7.900000000000000000e+01
2.783660776489276789e-01 8.646089474164645653e+05 -1.467160256719675090e+04 -2.933949674051805050e+04 1.170000000000000000e+02
3.435099785803411021e-01 8.006479958102747332e+05 -2.106642981227628479e+04 -3.919881388613252057e+04 2.050000000000000000e+02
4.047886761425745772e-01 7.334893103870077757e+05 -2.843840453677193000e+04 5.690954752009157528e+04 2.350000000000000000e+02
4.676716683575679601e-01 6.598057061303512892e+05 -3.339503292816067551e+04 -4.718712885580540024e+04 3.690000000000000000e+02
5.308225101765952081e-01 5.831168950324415928e+05 -3.980359721428025659e+04 9.142091115468526823e+02 4.330000000000000000e+02
5.945362440940590298e-01 5.056939327006925596e+05 -4.420521543192597892e+04 -1.601346816843757369e+04 5.850000000000000000e+02
6.576224814588792489e-01 4.305673691363604157e+05 -4.902338957313611172e+04 2.448096982390695121e+04 6.790000000000000000e+02
7.196632906698736676e-01 3.613653572702577221e+05 -4.869403600644359540e+04 -4.788726530344336061e+04 8.130000000000000000e+02
7.827860915688348298e-01 2.960512424398519215e+05 -4.854558212666056352e+04 -4.838124965129237535e+04 9.850000000000000000e+02
8.470398945834540783e-01 2.348999144055336656e+05 -5.000015443019306258e+04 -1.112047276200745182e+04 1.183000000000000000e+03
9.096854620527370372e-01 1.836739884960746858e+05 -4.680131282059876685e+04 -2.871914822452609224e+04 1.269000000000000000e+03
9.720789776830213169e-01 1.403920365684084245e+05 -4.233092741952981305e+04 -3.998294396973983385e+04 1.537000000000000000e+03
1.034763038959366499e+00 1.036674714384770487e+05 -3.804873299079055869e+04 -3.911201969291540445e+04 1.653000000000000000e+03
1.097576444254559247e+00 7.456361890463143936e+04 -3.253161634521600718e+04 -3.490918604670883360e+04 1.963000000000000000e+03
1.160543084780093270e+00 5.193371909590923315e+04 -2.651525372563566270e+04 -3.340591234132118552e+04 2.121000000000000000e+03
1.223669666537485323e+00 3.536588567644989234e+04 -2.014437503971175101e+04 -2.776591832923963739e+04 2.413000000000000000e+03
1.286817263090294094e+00 2.400831866664004338e+04 -1.365837451668027279e+04 -2.076379006769524494e+04 2.635000000000000000e+03
1.349500801664080818e+00 1.630257619632165188e+04 -7.638366575947241472e+03 -1.047715812141058814e+04 2.877000000000000000e+03
1.411949558842147567e+00 1.228105725161174450e+04 -1.812495399141902453e+03 -2.908368694664129634e+03 3.169000000000000000e+03
1.475133575747468395e+00 9.950050424371629560e+03 3.312254535415039754e+03 5.515074717648646583e+03 3.507000000000000000e+03
1.537860814044183622e+00 8.141080867536321421e+03 4.823299110928386654e+03 5.404749751461219603e+03 3.469000000000000000e+03
1.600496235752816299e+00 5.980405711971429810e+03 3.218232362102085972e+03 -1.982090943070050344e+03 3.442000000000000000e+03
1.663579768167897210e+00 4.717937346177345717e+03 2.095512514499449480e+03 -5.762609216095564989e+03 3.114000000000000000e+03
1.726532082231556853e+00 3.994628258431856921e+03 1.437950462306801455e+03 -7.454856543531403986e+03 3.028000000000000000e+03
1.789048008067354312e+00 3.779582032288346909e+03 1.286049405429646413e+03 -8.684011079224133937e+03 2.568000000000000000e+03
1.851410046193440406e+00 4.028626165831206890e+03 1.553223042791945090e+03 -1.037840825017265342e+04 2.506000000000000000e+03
1.913905183005287114e+00 4.304768826278313099e+03 1.729749970980753460e+03 -1.188350300290828818e+04 2.034000000000000000e+03
1.977014699850697221e+00 4.952965837746117359e+03 2.288672395102993505e+03 -1.414417845396735538e+04 1.864000000000000000e+03
2.039495322649380604e+00 5.138142432382886000e+03 2.320704031930438759e+03 -1.510327865982297044e+04 1.384000000000000000e+03
2.100924002656074929e+00 4.832668597544206932e+03 2.016744326750625987e+03 -1.462721318880855324e+04 1.074000000000000000e+03
2.164000508399174016e+00 3.652017001211948809e+03 1.115766545218822102e+03 -1.151672699481798736e+04 7.390000000000000000e+02
2.228664443297649456e+00 2.608783145076962683e+03 4.897447439353256300e+02 -8.499094599722731800e+03 5.130000000000000000e+02
2.290288135997491814e+00 1.950683695602800526e+03 2.115833785981542121e+02 -6.443143337373043323e+03 2.950000000000000000e+02
2.348574605845156427e+00 1.280705203705375652e+03 2.738664388099529745e+01 -4.289259632861711907e+03 2.070000000000000000e+02
2.414035098727600470e+00 8.404459268503196654e+02 -1.800549098804880188e+01 -2.852300622433992430e+03 1.240000000000000000e+02
2.482380303565228097e+00 6.540259523063060669e+02 -1.588115933946383507e+01 -2.247768669686878638e+03 5.200000000000000000e+01
2.540355249661966131e+00 6.294167581591223097e+02 -6.794775425058812601e+00 -2.186550680446710885e+03 9.000000000000000000e+00
2.585047253082041419e+00 6.936528454675308240e+02 -1.938753893472858980e+00 -2.422295818291142950e+03 4.000000000000000000e+00
