8.899641224696955288e-02 1.024985768478639802e+05 -4.045026553547307412e+04 -2.484799483923954904e+04 1.300000000000000000e+01
1.507912216506557823e-01 7.841564731997280614e+04 -6.060967341162148841e+03 4.928648354921464488e+04 3.300000000000000000e+01
2.144790186456836945e-01 6.245621993033937179e+04 1.480046307515257240e+02 2.653116078862974973e+03 7.900000000000000000e+01
2.783660776489276789e-01 5.162484296118100610e+04 -1.066777952401260700e+04 -1.288664628870351180e+03 1.170000000000000000e+02
3.435099785803411021e-01 3.987115387812114204e+04 -7.884345190997766622e+03 -3.778683357120574783e+03 2.050000000000000000e+02
4.047886761425745772e-01 3.119624283278633447e+04 -7.127860791586009327e+03 -2.114108768075655007e+03 2.350000000000000000e+02
4.676716683575679601e-01 2.453289768187707887e+04 -8.262379201751000437e+03 -1.007331488869463828e+04 3.690000000000000000e+02
5.308225101765952081e-01 1.958444747823746002e+04 -7.363431335631523325e+03 -6.961321098997589615e+03 4.330000000000000000e+02
5.945362440940590298e-01 1.607051983410184584e+04 -6.381424132575558360e+03 -8.198702253451707293e+03 5.850000000000000000e+02
6.576224814588792489e-01 1.290635502832214843e+04 -5.722986488778165949e+03 -6.906252371658386437e+03 6.790000000000000000e+02
7.196632906698736676e-01 1.109576066271092714e+04 -3.919152740978931433e+03 -9.222967434033860627e+03 8.130000000000000000e+02
7.827860915688348298e-01 9.760388677480295883e+03 -2.754325323782916712e+03 -8.989830743710510433e+03 9.850000000000000000e+02
8.470398945834540783e-01 8.655308777055612154e+03 -2.261354342615564747e+03 -7.278669618072064623e+03 1.183000000000000000e+03
9.096854620527370372e-01 7.857291761271520045e+03 -8.319849130975219396e+02 -7.006993651644768761e+03 1.269000000000000000e+03
9.720789776830213169e-01 7.234842208458900132e+03 -2.970714670944028057e+02 -7.739203317179360056e+03 1.537000000000000000e+03
1.034763038959366499e+00 6.744042088549259461e+03 1.614217808126652187e+02 -6.532710028707069796e+03 1.653000000000000000e+03
1.097576444254559247e+00 6.637376640835676881e+03 1.783315098327981104e+03 -6.442103267000547021e+03 1.963000000000000000e+03
1.160543084780093270e+00 6.627843147679905087e+03 2.191398571030797484e+03 -5.727605475686397767e+03 2.121000000000000000e+03
1.223669666537485323e+00 6.452779949264760035e+03 2.846448160622753221e+03 -5.831680058663831005e+03 2.413000000000000000e+03
1.286817263090294094e+00 6.836120598733094084e+03 4.222557398128060413e+03 -4.850988722091085947e+03 2.635000000000000000e+03
1.349500801664080818e+00 6.956116987673570293e+03 4.734708373158769064e+03 -3.663178959326374752e+03 2.877000000000000000e+03
1.411949558842147567e+00 7.062147225154080843e+03 5.233681291206964488e+03 -2.731464325479109903e+03 3.169000000000000000e+03
1.475133575747468395e+00 7.243979796462407649e+03 5.849021999921000315e+03 -1.161586080760331470e+03 3.507000000000000000e+03
1.537860814044183622e+00 7.194575333415238674e+03 5.913179955046646683e+03 -3.109050492570420374e+03 3.469000000000000000e+03
1.600496235752816299e+00 6.995108132289323294e+03 5.418932815491144538e+03 -7.828853115747755510e+03 3.442000000000000000e+03
1.663579768167897210e+00 6.512869110824683048e+03 4.271435891575349160e+03 -1.169207945161502357e+04 3.114000000000000000e+03
1.726532082231556853e+00 6.297356665867260745e+03 4.129399033094038714e+03 -1.432062054514593001e+04 3.028000000000000000e+03
1.789048008067354312e+00 6.439520699205741948e+03 4.207229811891425925e+03 -1.680357596651126005e+04 2.568000000000000000e+03
1.851410046193440406e+00 6.709602818039978047e+03 4.452577468889679039e+03 -1.885081624229718000e+04 2.506000000000000000e+03
1.913905183005287114e+00 7.601367729310831237e+03 5.152383180652533156e+03 -2.363462872757327932e+04 2.034000000000000000e+03
1.977014699850697221e+00 8.313868380109888676e+03 5.485960693017718768e+03 -2.702413433409778372e+04 1.864000000000000000e+03
2.039495322649380604e+00 9.717680594308860236e+03 6.309877354637618737e+03 -3.336920878892850305e+04 1.384000000000000000e+03
2.100924002656074929e+00 1.103282726093233032e+04 6.960500696124180649e+03 -3.934036844381968695e+04 1.074000000000000000e+03
2.164000508399174016e+00 1.165144969126734031e+04 6.662790205469937064e+03 -4.270405764696961705e+04 7.390000000000000000e+02
2.228664443297649456e+00 1.094362999356178443e+04 5.478421503119869158e+03 -4.075107829878301709e+04 5.130000000000000000e+02
2.290288135997491814e+00 1.038437537952084131e+04 4.116920116989900635e+03 -3.849580092429966317e+04 2.950000000000000000e+02
2.348574605845156427e+00 9.586800910064577693e+03 2.353791212670551886e+03 -3.487929968314262806e+04 2.070000000000000000e+02
2.414035098727600470e+00 9.255578599059439512e+03 9.566796259182302720e+02 -3.284254990002116392e+04 1.240000000000000000e+02
2.482380303565228097e+00 1.146247886428823949e+04 1.795212573885967799e+02 -3.996461843197697453e+04 5.200000000000000000e+01
2.540355249661966131e+00 1.028401331080480486e+04 1.746483816416063348e+02 -3.602091297838527680e+04 9.000000000000000000e+00
2.585047253082041419e+00 1.395387398992171620e+04 -1.210025744014012901e+02 -4.863374935925799218e+04 4.000000000000000000e+00
