8.899641224696955288e-02 1.364312870758002646e+04 -7.219088332523875579e+03 -1.550114646935537166e+03 1.300000000000000000e+01
1.507912216506557823e-01 9.003937542485089580e+03 -1.397225605114778318e+03 7.757235734772253636e+03 3.300000000000000000e+01
2.144790186456836945e-01 6.695104040422652361e+03 8.941980851353903290e+02 8.090920555714204738e+02 7.900000000000000000e+01
2.783660776489276789e-01 5.335076235739151343e+03 -4.610754398326486694e+02 -1.115891942807442092e+02 1.170000000000000000e+02
3.435099785803411021e-01 3.981606657625429307e+03 -1.500556572133047553e+02 -4.631546005156005776e+02 2.050000000000000000e+02
4.047886761425745772e-01 3.115131836256653969e+03 4.583962741902095672e+01 -2.608684159168830092e+02 2.350000000000000000e+02
4.676716683575679601e-01 2.425985898812374671e+03 -1.977931074004767424e+02 -9.675652091447725525e+02 3.690000000000000000e+02
5.308225101765952081e-01 1.931820248024341254e+03 3.647307872672623574e+01 -3.794928573815477648e+02 4.330000000000000000e+02
5.945362440940590298e-01 1.570604471949651725e+03 3.349760153570893095e+01 -6.224396265182086836e+02 5.850000000000000000e+02
6.576224814588792489e-01 1.190283641181513531e+03 -3.794119593735395313e+01 -3.137303842367449533e+02 6.790000000000000000e+02
7.196632906698736676e-01 1.000715613600076608e+03 1.261074765085515104e+01 -4.683407317007354891e+02 8.130000000000000000e+02
7.827860915688348298e-01 8.384773604401291323e+02 1.032687585251755280e+01 -3.862170754667551478e+02 9.850000000000000000e+02
8.470398945834540783e-01 6.833676414230629916e+02 -4.027423584442215798e+01 -3.366113545754410552e+02 1.183000000000000000e+03
9.096854620527370372e-01 5.791905069555588170e+02 1.068262793572352720e+01 -3.023050091352412778e+02 1.269000000000000000e+03
9.720789776830213169e-01 4.968275893702713688e+02 -1.726953508276500404e+00 -3.457478492650348585e+02 1.537000000000000000e+03
1.034763038959366499e+00 4.303981632741455883e+02 -1.281780546406421584e+00 -2.897256513131900988e+02 1.653000000000000000e+03
1.097576444254559247e+00 3.935301834886425922e+02 4.115607071825935037e+01 -3.019502836259500782e+02 1.963000000000000000e+03
1.160543084780093270e+00 3.706761310898367583e+02 2.783576108929106141e+01 -2.591743983433165681e+02 2.121000000000000000e+03
1.223669666537485323e+00 3.519729328929038843e+02 5.257563561055977885e+01 -2.551383945618784423e+02 2.413000000000000000e+03
1.286817263090294094e+00 3.513103324566646961e+02 8.259769196411598102e+01 -2.285054958644375063e+02 2.635000000000000000e+03
1.349500801664080818e+00 3.399649894145377402e+02 8.568266601837889596e+01 -1.587192662619046359e+02 2.877000000000000000e+03
1.411949558842147567e+00 3.351590735051415777e+02 9.270636961928332198e+01 -1.389312745202603878e+02 3.169000000000000000e+03
1.475133575747468395e+00 3.283062672787550014e+02 9.275292090313462268e+01 -8.803722877758588083e+01 3.507000000000000000e+03
1.537860814044183622e+00 3.323319948964282844e+02 1.045289200372962028e+02 -1.206104431461735231e+02 3.469000000000000000e+03
1.600496235752816299e+00 3.289317472134267746e+02 1.068521468043631586e+02 -2.826739019294634545e+02 3.442000000000000000e+03
1.663579768167897210e+00 3.219064825718980956e+02 7.425291099419361274e+01 -4.350173720304203471e+02 3.114000000000000000e+03
1.726532082231556853e+00 3.183823107440049398e+02 7.064219665260792169e+01 -5.567436611211875288e+02 3.028000000000000000e+03
1.789048008067354312e+00 3.177143163269365118e+02 6.231738335628848091e+01 -6.446467633287427361e+02 2.568000000000000000e+03
1.851410046193440406e+00 3.104807541335580368e+02 7.759630536786951893e+01 -7.192201104737108608e+02 2.506000000000000000e+03
1.913905183005287114e+00 3.143070033261269032e+02 8.740381701415057591e+01 -8.160530375633863969e+02 2.034000000000000000e+03
1.977014699850697221e+00 3.246219651269290125e+02 1.020216393490563860e+02 -9.033019045430530696e+02 1.864000000000000000e+03
2.039495322649380604e+00 3.361122685346950902e+02 1.120890025735246525e+02 -9.931087029550034231e+02 1.384000000000000000e+03
2.100924002656074929e+00 3.717226093955847546e+02 1.215161927568843083e+02 -1.162680707459699761e+03 1.074000000000000000e+03
2.164000508399174016e+00 3.730521277953580466e+02 9.378363696670857053e+01 -1.205366236743942409e+03 7.390000000000000000e+02
2.228664443297649456e+00 3.933847678523750915e+02 8.832445488824942004e+01 -1.325445737313223162e+03 5.130000000000000000e+02
2.290288135997491814e+00 3.963413954734852496e+02 8.186128945137214430e+01 -1.371293953002911167e+03 2.950000000000000000e+02
2.348574605845156427e+00 3.272699803168098356e+02 3.510229116766745960e+01 -1.137752032730924839e+03 2.070000000000000000e+02
2.414035098727600470e+00 2.440661554319517847e+02 1.925017965395734265e+01 -8.601371740593748427e+02 1.240000000000000000e+02
2.482380303565228097e+00 2.043153835042079436e+02 3.859250000668779546e+00 -7.121259992732303772e+02 5.200000000000000000e+01
2.540355249661966131e+00 1.304489226861441580e+02 1.920615730104394236e+00 -4.574239199444077713e+02 9.000000000000000000e+00
2.585047253082041419e+00 3.060106641126028535e+02 2.031817542872965898e+00 -1.071110305215959897e+03 4.000000000000000000e+00
