8.899641224696955288e-02 1.376331116997137360e+04 -7.325772879886155351e+03 -1.531303694204063049e+03 1.300000000000000000e+01
1.507912216506557823e-01 9.055553828761952900e+03 -1.439952221905759870e+03 7.872048506411240851e+03 3.300000000000000000e+01
2.144790186456836945e-01 6.719013975908343127e+03 9.045646905583785156e+02 8.465496544637378520e+02 7.900000000000000000e+01
2.783660776489276789e-01 5.347623844279886725e+03 -4.755162477533966694e+02 -1.086797135750103962e+02 1.170000000000000000e+02
3.435099785803411021e-01 3.988705224696499954e+03 -1.533919545906490782e+02 -4.698689679980019491e+02 2.050000000000000000e+02
4.047886761425745772e-01 3.117011190543920748e+03 4.667456771236449953e+01 -2.613277002232171640e+02 2.350000000000000000e+02
4.676716683575679601e-01 2.429312577628607869e+03 -1.998802223818769335e+02 -9.895917239863214263e+02 3.690000000000000000e+02
5.308225101765952081e-01 1.935155165897885581e+03 3.901370403292632716e+01 -3.850724353194551668e+02 4.330000000000000000e+02
5.945362440940590298e-01 1.577408993121318190e+03 3.279019580028112557e+01 -6.358798182927249627e+02 5.850000000000000000e+02
6.576224814588792489e-01 1.196001113496001835e+03 -3.639347850158881670e+01 -3.269972899830545998e+02 6.790000000000000000e+02
7.196632906698736676e-01 1.006330771279695341e+03 1.765524793422517291e+01 -4.782661929739856532e+02 8.130000000000000000e+02
7.827860915688348298e-01 8.451150940935491462e+02 1.287983629452811662e+01 -3.956461670247922484e+02 9.850000000000000000e+02
8.470398945834540783e-01 6.904800528623804894e+02 -3.930264716395409152e+01 -3.423616497555701699e+02 1.183000000000000000e+03
9.096854620527370372e-01 5.867428010639777085e+02 1.328201752620724285e+01 -3.079237168589082216e+02 1.269000000000000000e+03
9.720789776830213169e-01 5.037372969481785390e+02 3.629020907060055978e-01 -3.538941971011172996e+02 1.537000000000000000e+03
1.034763038959366499e+00 4.371919627729376998e+02 1.328789994122356599e-01 -2.951489508635904713e+02 1.653000000000000000e+03
1.097576444254559247e+00 3.994902972455237773e+02 4.606675341109293242e+01 -3.091052977785547569e+02 1.963000000000000000e+03
1.160543084780093270e+00 3.760639059334826015e+02 3.192092525064047948e+01 -2.649038729534986487e+02 2.121000000000000000e+03
1.223669666537485323e+00 3.573435351066318049e+02 5.759116444419399272e+01 -2.614418886375585771e+02 2.413000000000000000e+03
1.286817263090294094e+00 3.574125924589258716e+02 8.931271000578324504e+01 -2.353730497858472859e+02 2.635000000000000000e+03
1.349500801664080818e+00 3.460645548860192662e+02 9.248898050426389261e+01 -1.662847060174829608e+02 2.877000000000000000e+03
1.411949558842147567e+00 3.417489164674524886e+02 9.998961979998519212e+01 -1.442804886507719289e+02 3.169000000000000000e+03
1.475133575747468395e+00 3.350651693679949403e+02 1.007386157381817497e+02 -9.342202045453207404e+01 3.507000000000000000e+03
1.537860814044183622e+00 3.387005292212988934e+02 1.138025581103863431e+02 -1.309084079286605515e+02 3.469000000000000000e+03
1.600496235752816299e+00 3.346680783801591588e+02 1.185796386727733989e+02 -2.977114779776889009e+02 3.442000000000000000e+03
1.663579768167897210e+00 3.268878970349247197e+02 8.638226216035846505e+01 -4.535606999229665348e+02 3.114000000000000000e+03
1.726532082231556853e+00 3.230938413938744134e+02 8.383756814390913803e+01 -5.796918688650671356e+02 3.028000000000000000e+03
1.789048008067354312e+00 3.232497431039582239e+02 7.537975435331762242e+01 -6.705645008714769801e+02 2.568000000000000000e+03
1.851410046193440406e+00 3.179641063374612600e+02 9.027197172275025139e+01 -7.486690317643750632e+02 2.506000000000000000e+03
1.913905183005287114e+00 3.239688576597807241e+02 1.019305031154479195e+02 -8.551140844577271309e+02 2.034000000000000000e+03
1.977014699850697221e+00 3.350154481653115113e+02 1.168774349070307892e+02 -9.455353443130044298e+02 1.864000000000000000e+03
2.039495322649380604e+00 3.489081147754958465e+02 1.280335432498950752e+02 -1.046215397226250616e+03 1.384000000000000000e+03
2.100924002656074929e+00 3.857104140806852115e+02 1.383327659697000911e+02 -1.222297871790978434e+03 1.074000000000000000e+03
2.164000508399174016e+00 3.872162776930110795e+02 1.111524215930536030e+02 -1.268763246859866513e+03 7.390000000000000000e+02
2.228664443297649456e+00 4.037274568865058768e+02 1.025284715606903774e+02 -1.373485021022414685e+03 5.130000000000000000e+02
2.290288135997491814e+00 4.060938662469915243e+02 9.148046024345219962e+01 -1.412725608357432293e+03 2.950000000000000000e+02
2.348574605845156427e+00 3.338388198355155509e+02 4.102074520033289673e+01 -1.167099865489375816e+03 2.070000000000000000e+02
2.414035098727600470e+00 2.513525281416655730e+02 2.095522687039947840e+01 -8.872270078550477592e+02 1.240000000000000000e+02
2.482380303565228097e+00 2.200231958699731649e+02 -1.185359678503436376e+00 -7.611985793749654476e+02 5.200000000000000000e+01
2.540355249661966131e+00 1.572347698828515945e+02 -5.202363686446344060e-01 -5.485712421342481093e+02 9.000000000000000000e+00
2.585047253082041419e+00 3.335259169239189987e+02 -4.585444188183521064e+00 -1.160303776380938643e+03 4.000000000000000000e+00
