8.899641224696955288e-02 9.571333541204707581e+04 -2.180636936881345537e+04 -3.047060414281090561e+04 1.300000000000000000e+01
1.507912216506557823e-01 7.893778516799805220e+04 -4.569366625954515257e+03 3.371778068754669221e+04 3.300000000000000000e+01
2.144790186456836945e-01 6.576619171684901812e+04 -4.521669190324550073e+03 -5.061142744381955708e+03 7.900000000000000000e+01
2.783660776489276789e-01 5.374917133535097673e+04 -1.022520460845376692e+04 -1.349417563889290477e+03 1.170000000000000000e+02
3.435099785803411021e-01 4.119605538136243558e+04 -1.197236940588628568e+04 -1.126632591801100943e+03 2.050000000000000000e+02
4.047886761425745772e-01 3.143850158871003077e+04 -1.396478611290986555e+04 -3.124964555686904646e+02 2.350000000000000000e+02
4.676716683575679601e-01 2.293503022308534128e+04 -1.504119142528073644e+04 -3.421875272302413123e+03 3.690000000000000000e+02
5.308225101765952081e-01 1.620084021117290104e+04 -1.517193610624595203e+04 -2.987420741345325041e+03 4.330000000000000000e+02
5.945362440940590298e-01 1.106836357447315822e+04 -1.453681998199414375e+04 -3.760545961105015976e+03 5.850000000000000000e+02
6.576224814588792489e-01 7.590407552207773733e+03 -1.373721275389794573e+04 -2.476066385688493483e+03 6.790000000000000000e+02
7.196632906698736676e-01 5.346802578404753149e+03 -1.159618061671293253e+04 -4.706952853872212472e+03 8.130000000000000000e+02
7.827860915688348298e-01 3.868433419663976110e+03 -9.571682076016040810e+03 -4.715778701824871860e+03 9.850000000000000000e+02
8.470398945834540783e-01 2.885612484671382390e+03 -7.176677312902869744e+03 -4.761401092222668922e+03 1.183000000000000000e+03
9.096854620527370372e-01 2.551079835534191261e+03 -5.137562077514294288e+03 -4.903047897430370540e+03 1.269000000000000000e+03
9.720789776830213169e-01 2.553113305053293061e+03 -3.067017748824565842e+03 -5.123890954653441440e+03 1.537000000000000000e+03
1.034763038959366499e+00 2.541778037880938882e+03 -1.590497841642838921e+03 -4.985150999802160186e+03 1.653000000000000000e+03
1.097576444254559247e+00 2.543973346649489940e+03 -3.059366206445496914e+02 -4.846503944007719838e+03 1.963000000000000000e+03
1.160543084780093270e+00 2.592813991964542311e+03 5.725764281839606156e+02 -4.568960767200322152e+03 2.121000000000000000e+03
1.223669666537485323e+00 2.628678259521841937e+03 1.292114760358681224e+03 -4.228038322142187099e+03 2.413000000000000000e+03
1.286817263090294094e+00 2.669754094621308468e+03 1.956819825410888143e+03 -3.642192643921518538e+03 2.635000000000000000e+03
1.349500801664080818e+00 2.596479459457598750e+03 2.391733173036655899e+03 -2.486817439313199429e+03 2.877000000000000000e+03
1.411949558842147567e+00 2.603252870884635286e+03 2.755546218650781157e+03 -1.621249110957097400e+03 3.169000000000000000e+03
1.475133575747468395e+00 2.485128282039214355e+03 3.090156103782405353e+03 -2.994356358216584795e+02 3.507000000000000000e+03
1.537860814044183622e+00 2.315105073023866680e+03 2.871909314864985845e+03 -5.278917654128345021e+02 3.469000000000000000e+03
1.600496235752816299e+00 2.019028469526703475e+03 1.763715127708236878e+03 -2.407534213001378703e+03 3.442000000000000000e+03
1.663579768167897210e+00 1.875023350044810286e+03 9.489003549941591018e+02 -3.208308234944633568e+03 3.114000000000000000e+03
1.726532082231556853e+00 1.845373813412905747e+03 2.849881816402394179e+02 -3.702295753086436889e+03 3.028000000000000000e+03
1.789048008067354312e+00 1.902824279904574496e+03 -1.895721776728238979e+02 -3.878161117683742305e+03 2.568000000000000000e+03
1.851410046193440406e+00 2.117689709303990185e+03 -4.802492177018314123e+02 -4.134682416539055339e+03 2.506000000000000000e+03
1.913905183005287114e+00 2.419341876121384303e+03 -9.193472722195759843e+02 -4.407863670483266105e+03 2.034000000000000000e+03
1.977014699850697221e+00 2.708106352557515493e+03 -1.208343275163163980e+03 -4.441100429647592136e+03 1.864000000000000000e+03
2.039495322649380604e+00 3.051182037776294692e+03 -1.624005227889647131e+03 -4.757934243692666314e+03 1.384000000000000000e+03
2.100924002656074929e+00 3.267426480711910699e+03 -1.681998472362970460e+03 -5.662008781789335444e+03 1.074000000000000000e+03
2.164000508399174016e+00 3.152302691843888169e+03 -1.222434482046397761e+03 -6.968962327877506141e+03 7.390000000000000000e+02
2.228664443297649456e+00 2.773979454042457292e+03 -7.615899829685849909e+02 -7.318918620773200018e+03 5.130000000000000000e+02
2.290288135997491814e+00 2.506238462525390787e+03 -3.425039812963045165e+02 -7.519573931677819019e+03 2.950000000000000000e+02
2.348574605845156427e+00 1.669847603162004589e+03 -9.182080737670328574e+01 -5.464641311289822625e+03 2.070000000000000000e+02
2.414035098727600470e+00 1.593303498327640227e+03 5.828993017352402006e+01 -5.533922902513113513e+03 1.240000000000000000e+02
2.482380303565228097e+00 1.694632593620290891e+03 3.950210008397701955e+01 -5.926454354115693604e+03 5.200000000000000000e+01
2.540355249661966131e+00 2.209119191449588016e+03 7.080322615096665118e+01 -7.770804124965587107e+03 9.000000000000000000e+00
2.585047253082041419e+00 2.629860761103737786e+03 4.895047601720983721e+01 -9.244205322019906816e+03 4.000000000000000000e+00
