8.899641224696955288e-02 9.466729272775492063e+03 -2.892780870964774749e+03 -2.469191421544192963e+03 1.300000000000000000e+01
1.507912216506557823e-01 7.406898050836012771e+03 -1.846882975615209261e+02 3.535088157424084329e+03 3.300000000000000000e+01
2.144790186456836945e-01 6.092399144188850187e+03 2.735418474804678794e+02 -5.012375217458512680e+02 7.900000000000000000e+01
2.783660776489276789e-01 5.040612019453697940e+03 -1.251193212063605102e+02 -1.318004850320465664e+02 1.170000000000000000e+02
3.435099785803411021e-01 3.948662601602011819e+03 -1.800141649573576501e+02 -2.313189299566629984e+02 2.050000000000000000e+02
4.047886761425745772e-01 3.145164730589331612e+03 -6.971705264299984606e+01 -7.368509561749378634e+01 2.350000000000000000e+02
4.676716683575679601e-01 2.420685773843035804e+03 -1.902461600162082789e+02 -4.065524359492990811e+02 3.690000000000000000e+02
5.308225101765952081e-01 1.859497560484035830e+03 -4.559600667464842161e+01 -2.959491371536054203e+02 4.330000000000000000e+02
5.945362440940590298e-01 1.420377135028043540e+03 -3.135682868507907983e+01 -3.352346340642863538e+02 5.850000000000000000e+02
6.576224814588792489e-01 1.089767288886595452e+03 -9.898314668221998147e+01 -1.591645069449131427e+02 6.790000000000000000e+02
7.196632906698736676e-01 8.537517126863858721e+02 -7.326266121425771871e+01 -3.312869999860348571e+02 8.130000000000000000e+02
7.827860915688348298e-01 6.614721258301135549e+02 -6.898096938975321279e+01 -2.928115463529809404e+02 9.850000000000000000e+02
8.470398945834540783e-01 4.991222219806346629e+02 -7.522422454970045180e+01 -1.860093325482918658e+02 1.183000000000000000e+03
9.096854620527370372e-01 3.851352522628310453e+02 -6.596972057965533054e+01 -1.785889088685050012e+02 1.269000000000000000e+03
9.720789776830213169e-01 3.003622315037911790e+02 -5.703925375827647315e+01 -1.778258971602088536e+02 1.537000000000000000e+03
1.034763038959366499e+00 2.314765142122697057e+02 -5.624471200834162943e+01 -1.662601609978260626e+02 1.653000000000000000e+03
1.097576444254559247e+00 1.825093483165247790e+02 -4.524004330490328130e+01 -1.362124208082240386e+02 1.963000000000000000e+03
1.160543084780093270e+00 1.448413869232571756e+02 -3.140461342596435301e+01 -1.305123983250728941e+02 2.121000000000000000e+03
1.223669666537485323e+00 1.188327622038841866e+02 -2.016880704456229267e+01 -1.151466200396380088e+02 2.413000000000000000e+03
1.286817263090294094e+00 9.829993875034799089e+01 -1.257826000662936927e+01 -1.035170564444466947e+02 2.635000000000000000e+03
1.349500801664080818e+00 8.063092213600165792e+01 -1.809669089046057389e+00 -8.486689226686598886e+01 2.877000000000000000e+03
1.411949558842147567e+00 6.987384420816287900e+01 3.705783776542808106e+00 -7.990427096087033476e+01 3.169000000000000000e+03
1.475133575747468395e+00 5.980615173951743913e+01 9.338102135904538414e+00 -6.868050808401127938e+01 3.507000000000000000e+03
1.537860814044183622e+00 5.594619587563945373e+01 1.393841778429848688e+01 -6.642033842473176719e+01 3.469000000000000000e+03
1.600496235752816299e+00 5.375752754252140164e+01 1.919252500899750657e+01 -7.178591306958752227e+01 3.442000000000000000e+03
1.663579768167897210e+00 5.289556244048302602e+01 2.001112738094756693e+01 -8.369299580121192150e+01 3.114000000000000000e+03
1.726532082231556853e+00 5.225216372863135916e+01 2.204881511855115050e+01 -9.643721339676477555e+01 3.028000000000000000e+03
1.789048008067354312e+00 5.022767264959099975e+01 2.134340511173800436e+01 -1.070481768251781602e+02 2.568000000000000000e+03
1.851410046193440406e+00 5.024888668702417505e+01 1.910772977451366117e+01 -1.142243128704619721e+02 2.506000000000000000e+03
1.913905183005287114e+00 4.886865221580030294e+01 1.864386850076833113e+01 -1.225357721889487692e+02 2.034000000000000000e+03
1.977014699850697221e+00 5.009125654977960806e+01 1.740378914076248407e+01 -1.277148134299051492e+02 1.864000000000000000e+03
2.039495322649380604e+00 4.801121505701571834e+01 1.750134042326860140e+01 -1.328809415783053396e+02 1.384000000000000000e+03
2.100924002656074929e+00 4.756154477941002767e+01 1.731203392708876265e+01 -1.428589026918344587e+02 1.074000000000000000e+03
2.164000508399174016e+00 4.337195982716017539e+01 1.730101627938494246e+01 -1.465147629620808516e+02 7.390000000000000000e+02
2.228664443297649456e+00 3.926893047502569090e+01 1.338012739584279664e+01 -1.392832144646560550e+02 5.130000000000000000e+02
2.290288135997491814e+00 3.865397562739468640e+01 1.079027493590706044e+01 -1.381175592260336771e+02 2.950000000000000000e+02
2.348574605845156427e+00 3.711520209841410178e+01 6.824958941123048461e+00 -1.320543196202964964e+02 2.070000000000000000e+02
2.414035098727600470e+00 3.437005599235340014e+01 3.799343021180694002e+00 -1.220237163773759903e+02 1.240000000000000000e+02
2.482380303565228097e+00 3.304193334131427662e+01 2.236046207584136525e+00 -1.170583516366664156e+02 5.200000000000000000e+01
2.540355249661966131e+00 2.586299966622276614e+01 -2.400174853631313332e-01 -8.991494894959929240e+01 9.000000000000000000e+00
2.585047253082041419e+00 4.112219413387263245e+01 1.106507672385053320e+00 -1.448189076689829164e+02 4.000000000000000000e+00
