8.899641224696955288e-02 9.057216817867211648e+04 -7.809994922171012149e+03 -3.593967860147258762e+04 1.300000000000000000e+01
1.507912216506557823e-01 8.237293589489006263e+04 -1.813552065787438607e+02 1.996921324620165615e+04 3.300000000000000000e+01
2.144790186456836945e-01 7.440434239341292414e+04 -3.768967295746546853e+01 -1.224630757853734940e+04 7.900000000000000000e+01
2.783660776489276789e-01 6.593062297094670066e+04 -1.235246036649942653e+03 -1.934397251120804412e+03 1.170000000000000000e+02
3.435099785803411021e-01 5.662380344067121041e+04 -1.991004163184180015e+03 -2.792122401240656473e+03 2.050000000000000000e+02
4.047886761425745772e-01 4.830987601020697912e+04 -1.794752554686305075e+03 2.039017288417776399e+03 2.350000000000000000e+02
4.676716683575679601e-01 4.028335837009618263e+04 -2.380869397684967680e+03 -4.438421006213233341e+03 3.690000000000000000e+02
5.308225101765952081e-01 3.312847511595975084e+04 -1.897864068315094528e+03 -2.467179327703051513e+03 4.330000000000000000e+02
5.945362440940590298e-01 2.697967064683739954e+04 -1.962152522769712732e+03 -3.444097488131211776e+03 5.850000000000000000e+02
6.576224814588792489e-01 2.175374057155583068e+04 -2.363490306100231464e+03 -1.244234586535630569e+03 6.790000000000000000e+02
7.196632906698736676e-01 1.755395290200068121e+04 -2.127156404606470005e+03 -4.794296232633032560e+03 8.130000000000000000e+02
7.827860915688348298e-01 1.395416766994859245e+04 -2.182269245299487011e+03 -4.300912820002948138e+03 9.850000000000000000e+02
8.470398945834540783e-01 1.067126555294846366e+04 -2.189571139576411042e+03 -2.118058972966527563e+03 1.183000000000000000e+03
9.096854620527370372e-01 8.173494507603399143e+03 -2.039544391265742888e+03 -2.508499061437232285e+03 1.269000000000000000e+03
9.720789776830213169e-01 6.166671413846284850e+03 -1.870998938412976258e+03 -2.676144916131688205e+03 1.537000000000000000e+03
1.034763038959366499e+00 4.488492550268764717e+03 -1.695311396315765705e+03 -2.453634306681519774e+03 1.653000000000000000e+03
1.097576444254559247e+00 3.250996246230757151e+03 -1.422768411627315572e+03 -2.050241264470264468e+03 1.963000000000000000e+03
1.160543084780093270e+00 2.311487060775151804e+03 -1.132206047491410800e+03 -1.901887263524842865e+03 2.121000000000000000e+03
1.223669666537485323e+00 1.653493611980051810e+03 -8.645259549934546612e+02 -1.562493931381025504e+03 2.413000000000000000e+03
1.286817263090294094e+00 1.193189896102458988e+03 -5.983994629947474095e+02 -1.230200713073965744e+03 2.635000000000000000e+03
1.349500801664080818e+00 8.599087459376130482e+02 -3.609163079099027982e+02 -7.818145935865444471e+02 2.877000000000000000e+03
1.411949558842147567e+00 6.747902366688776965e+02 -1.492976210327199453e+02 -5.059734229684976299e+02 3.169000000000000000e+03
1.475133575747468395e+00 5.339603480277621657e+02 3.424423626873048931e+01 -2.045605470205047709e+02 3.507000000000000000e+03
1.537860814044183622e+00 4.381508319085609173e+02 1.111090964851431409e+02 -1.955003131249069952e+02 3.469000000000000000e+03
1.600496235752816299e+00 3.460173729052472140e+02 9.782774967468515115e+01 -4.220014404316684704e+02 3.442000000000000000e+03
1.663579768167897210e+00 3.043492409573766508e+02 9.199681661429737289e+01 -5.382874166742848274e+02 3.114000000000000000e+03
1.726532082231556853e+00 2.831613601355650189e+02 9.028334216501002629e+01 -6.053394302810883119e+02 3.028000000000000000e+03
1.789048008067354312e+00 2.725312343470653786e+02 9.652247371525582764e+01 -6.663805443257357410e+02 2.568000000000000000e+03
1.851410046193440406e+00 2.815065834110460514e+02 1.153312063312790485e+02 -7.483238224395497582e+02 2.506000000000000000e+03
1.913905183005287114e+00 2.832808109186107686e+02 1.269945116516819752e+02 -8.109695540425399258e+02 2.034000000000000000e+03
1.977014699850697221e+00 3.024069695402542379e+02 1.535213650859118388e+02 -8.952886278850916142e+02 1.864000000000000000e+03
2.039495322649380604e+00 3.008139221936082777e+02 1.589689674849018388e+02 -9.300977084405857340e+02 1.384000000000000000e+03
2.100924002656074929e+00 2.805500980077980557e+02 1.474599486715192711e+02 -9.073190249383012542e+02 1.074000000000000000e+03
2.164000508399174016e+00 2.234333324591920586e+02 1.039626891396455193e+02 -7.634015895326092505e+02 7.390000000000000000e+02
2.228664443297649456e+00 1.653323195582900098e+02 6.591543532684217155e+01 -5.881947231799802012e+02 5.130000000000000000e+02
2.290288135997491814e+00 1.281630492985788692e+02 4.562204555518813720e+01 -4.645692785573604056e+02 2.950000000000000000e+02
2.348574605845156427e+00 8.715602280261522594e+01 2.321441668284282045e+01 -3.169830127567374234e+02 2.070000000000000000e+02
2.414035098727600470e+00 5.161884211110537279e+01 9.125889520701255364e+00 -1.864609278962356882e+02 1.240000000000000000e+02
2.482380303565228097e+00 3.048650681997816037e+01 3.758705149208577900e+00 -1.095958665314131792e+02 5.200000000000000000e+01
2.540355249661966131e+00 1.933602477478185477e+01 8.574150508627508271e-01 -6.828200343351498702e+01 9.000000000000000000e+00
2.585047253082041419e+00 2.460898997189439186e+01 3.371356272773046725e-01 -8.638587180582747749e+01 4.000000000000000000e+00
