8.899641224696955288e-02 1.153968289526382796e+04 -5.199231758304521463e+03 -1.955879170985779183e+03 1.300000000000000000e+01
1.507912216506557823e-01 8.161856848988304591e+03 -6.999646826856569533e+02 5.678113504052373173e+03 3.300000000000000000e+01
2.144790186456836945e-01 6.354889704856470416e+03 6.314219458020853608e+02 1.359174749831280451e+02 7.900000000000000000e+01
2.783660776489276789e-01 5.176898788456779585e+03 -2.557590018990523504e+02 -1.427368445433404247e+02 1.170000000000000000e+02
3.435099785803411021e-01 3.944233833003357631e+03 -1.499900098058780884e+02 -3.427401196096598142e+02 2.050000000000000000e+02
4.047886761425745772e-01 3.140861715310360978e+03 -2.375923675049000303e-02 -2.037523712631172543e+02 2.350000000000000000e+02
4.676716683575679601e-01 2.427491703035895171e+03 -1.988746893762460388e+02 -6.322705907006856023e+02 3.690000000000000000e+02
5.308225101765952081e-01 1.909938782339660293e+03 -1.139422878004303996e+01 -3.227529701577736887e+02 4.330000000000000000e+02
5.945362440940590298e-01 1.492283622543061256e+03 2.382211434647675929e+01 -4.336191666586273641e+02 5.850000000000000000e+02
6.576224814588792489e-01 1.139881265956269544e+03 -7.705091782018685365e+01 -1.730222116838717170e+02 6.790000000000000000e+02
7.196632906698736676e-01 9.330872317691361104e+02 -5.125082705509046832e+01 -3.566892959226461244e+02 8.130000000000000000e+02
7.827860915688348298e-01 7.426852379231386294e+02 -2.288271788795423944e+01 -3.057055526348781882e+02 9.850000000000000000e+02
8.470398945834540783e-01 5.793382231304161678e+02 -4.772358628866117414e+01 -2.599390305228898228e+02 1.183000000000000000e+03
9.096854620527370372e-01 4.691148968703960236e+02 -2.505164079567441249e+01 -2.323863262057359975e+02 1.269000000000000000e+03
9.720789776830213169e-01 3.920130819510478091e+02 -2.371742690370300011e+01 -2.478919539816570250e+02 1.537000000000000000e+03
1.034763038959366499e+00 3.265038773389763946e+02 -1.781051403439404979e+01 -2.345980005061344968e+02 1.653000000000000000e+03
1.097576444254559247e+00 2.878540196861172262e+02 -1.084247625659500613e+01 -2.134848074907085902e+02 1.963000000000000000e+03
1.160543084780093270e+00 2.548391637983123132e+02 9.608375645342032145e-03 -1.983328881977651861e+02 2.121000000000000000e+03
1.223669666537485323e+00 2.282953602882145958e+02 1.185408205002770821e+01 -1.773858897725189934e+02 2.413000000000000000e+03
1.286817263090294094e+00 2.094308282033660191e+02 2.788463257967881859e+01 -1.486277639852858101e+02 2.635000000000000000e+03
1.349500801664080818e+00 1.889348080520916824e+02 3.422601409440098763e+01 -1.006411948673171111e+02 2.877000000000000000e+03
1.411949558842147567e+00 1.773361978694028949e+02 3.887223311350188482e+01 -9.144612573631647479e+01 3.169000000000000000e+03
1.475133575747468395e+00 1.674737132374152111e+02 3.804520292243589097e+01 -4.659513597013577879e+01 3.507000000000000000e+03
1.537860814044183622e+00 1.660279934899501200e+02 3.409324466282134836e+01 -4.532699379019279462e+01 3.469000000000000000e+03
1.600496235752816299e+00 1.686872655120639024e+02 1.557704353279611453e+01 -9.398888411709287993e+01 3.442000000000000000e+03
1.663579768167897210e+00 1.720891697100556996e+02 -6.711557732192838799e+00 -1.461886647971716684e+02 3.114000000000000000e+03
1.726532082231556853e+00 1.726131447226908904e+02 -3.065771262295306343e+01 -1.811488415768519644e+02 3.028000000000000000e+03
1.789048008067354312e+00 1.721950490348085623e+02 -4.632410978307604665e+01 -2.076616707662838337e+02 2.568000000000000000e+03
1.851410046193440406e+00 1.701312779788967191e+02 -5.613713533141653045e+01 -2.231255011141006435e+02 2.506000000000000000e+03
1.913905183005287114e+00 1.708203926374387152e+02 -6.552990727182312014e+01 -2.436982137332025502e+02 2.034000000000000000e+03
1.977014699850697221e+00 1.797779788116542363e+02 -6.872707765145598557e+01 -2.728485234719503865e+02 1.864000000000000000e+03
2.039495322649380604e+00 1.890650007816520599e+02 -6.781625409920575009e+01 -3.202625639714148065e+02 1.384000000000000000e+03
2.100924002656074929e+00 1.954845675965112264e+02 -7.390826994108343229e+01 -3.714694722089388961e+02 1.074000000000000000e+03
2.164000508399174016e+00 1.848909268808097863e+02 -5.757356984549893042e+01 -4.368674734330197680e+02 7.390000000000000000e+02
2.228664443297649456e+00 1.783746610110316908e+02 -4.907639839091140743e+01 -4.836405028566758801e+02 5.130000000000000000e+02
2.290288135997491814e+00 1.775179081760161921e+02 -4.918160804753229343e+01 -5.101262125809321901e+02 2.950000000000000000e+02
2.348574605845156427e+00 1.693412249890131704e+02 -2.862705586783307155e+01 -5.322168905302320354e+02 2.070000000000000000e+02
2.414035098727600470e+00 1.635718829077448220e+02 -1.751196273193936648e+01 -5.403387205431523626e+02 1.240000000000000000e+02
2.482380303565228097e+00 1.674732778414841050e+02 -4.870875739569897611e-01 -5.796516260686806845e+02 5.200000000000000000e+01
2.540355249661966131e+00 2.071825899406653946e+02 1.191398141694019142e+00 -7.235802507542173316e+02 9.000000000000000000e+00
2.585047253082041419e+00 2.905190386497913551e+02 3.462203895854428559e+00 -1.018758179282775473e+03 4.000000000000000000e+00
