8.899641224696955288e-02 1.057925531816105213e+05 -4.540478151425987016e+04 -2.691733285277492541e+04 1.300000000000000000e+01
1.507912216506557823e-01 7.925503126857963798e+04 -7.570129679058535658e+03 5.400029470359922561e+04 3.300000000000000000e+01
2.144790186456836945e-01 6.168626827484487148e+04 4.966574478921373270e+01 4.870835943456591849e+03 7.900000000000000000e+01
2.783660776489276789e-01 5.101949189586558350e+04 -1.248244302213542869e+04 -1.190010769464156510e+03 1.170000000000000000e+02
3.435099785803411021e-01 4.000631133500339638e+04 -8.078750250507950113e+03 -4.867497657979912219e+03 2.050000000000000000e+02
4.047886761425745772e-01 3.120943027518582676e+04 -6.697058844191434218e+03 -3.043134966957028610e+03 2.350000000000000000e+02
4.676716683575679601e-01 2.550954624803689512e+04 -7.995081152497013136e+03 -1.393172711356417858e+04 3.690000000000000000e+02
5.308225101765952081e-01 2.091734248774768275e+04 -6.264769764944641793e+03 -1.023740127731341636e+04 4.330000000000000000e+02
5.945362440940590298e-01 1.807345438095337522e+04 -5.326744272172028104e+03 -1.222511508902091555e+04 5.850000000000000000e+02
6.576224814588792489e-01 1.520546508918096697e+04 -4.827942206301609076e+03 -1.128746292215324502e+04 6.790000000000000000e+02
7.196632906698736676e-01 1.366940329224451671e+04 -2.610730666501454834e+03 -1.336067388825269518e+04 8.130000000000000000e+02
7.827860915688348298e-01 1.218924422115735979e+04 -1.594982037544336890e+03 -1.341881525116442754e+04 9.850000000000000000e+02
8.470398945834540783e-01 1.118065156394909536e+04 -1.417615568610215632e+03 -1.146167694314712935e+04 1.183000000000000000e+03
9.096854620527370372e-01 1.051075270241340513e+04 -2.809034822201258663e+01 -1.120169206601270525e+04 1.269000000000000000e+03
9.720789776830213169e-01 9.946209945095281000e+03 4.001527734639816458e+02 -1.219984747949828488e+04 1.537000000000000000e+03
1.034763038959366499e+00 9.838566201427480337e+03 -2.085299399877551139e+02 -1.119705778063266553e+04 1.653000000000000000e+03
1.097576444254559247e+00 1.002315812831721814e+04 1.699810499083461082e+03 -1.029315251389708828e+04 1.963000000000000000e+03
1.160543084780093270e+00 1.066279086190526505e+04 1.957136779756541500e+03 -9.091307057874362727e+03 2.121000000000000000e+03
1.223669666537485323e+00 1.065668722762220386e+04 1.843944309773306031e+03 -1.015988928542224858e+04 2.413000000000000000e+03
1.286817263090294094e+00 1.143556176365515967e+04 2.989388381935365942e+03 -7.264141768339653936e+03 2.635000000000000000e+03
1.349500801664080818e+00 1.225128610693234987e+04 2.570653449985408315e+03 -4.585154602397429699e+03 2.877000000000000000e+03
1.411949558842147567e+00 1.275225313708807880e+04 2.684936829710997245e+03 -2.331422198925289194e+03 3.169000000000000000e+03
1.475133575747468395e+00 1.323877376791304596e+04 2.429327800182936244e+03 1.578839212939756408e+03 3.507000000000000000e+03
1.537860814044183622e+00 1.312422327496259277e+04 3.108193421618283082e+03 -6.358579883074071404e+02 3.469000000000000000e+03
1.600496235752816299e+00 1.264900221342441000e+04 2.884181491948638723e+03 -7.188623211310991792e+03 3.442000000000000000e+03
1.663579768167897210e+00 1.179241074911893884e+04 3.113591580428385896e+03 -1.265653394449152074e+04 3.114000000000000000e+03
1.726532082231556853e+00 1.141979284652080423e+04 3.958434054288686184e+03 -1.782008521782294702e+04 3.028000000000000000e+03
1.789048008067354312e+00 1.156401708173570660e+04 4.741843617125667151e+03 -2.344997141717636987e+04 2.568000000000000000e+03
1.851410046193440406e+00 1.204337465531012640e+04 5.535409480830133361e+03 -2.827713802439915889e+04 2.506000000000000000e+03
1.913905183005287114e+00 1.350898333150912367e+04 6.725974251314355570e+03 -3.712721240073251101e+04 2.034000000000000000e+03
1.977014699850697221e+00 1.497870689879916245e+04 6.927444454770094126e+03 -4.386619003174218233e+04 1.864000000000000000e+03
2.039495322649380604e+00 1.769506101233869049e+04 8.619531447038329134e+03 -5.682793400457190728e+04 1.384000000000000000e+03
2.100924002656074929e+00 2.022308020681987182e+04 9.843001438036295440e+03 -6.890497462730543339e+04 1.074000000000000000e+03
2.164000508399174016e+00 2.336282377460763018e+04 9.055501110046998292e+03 -8.086059532243681315e+04 7.390000000000000000e+02
2.228664443297649456e+00 2.461231986414827770e+04 8.283051783376089588e+03 -8.747870916376041714e+04 5.130000000000000000e+02
2.290288135997491814e+00 2.769865494459783440e+04 7.531095781085297858e+03 -9.930529390178386529e+04 2.950000000000000000e+02
2.348574605845156427e+00 2.922202606933874995e+04 3.969645945523209321e+03 -1.026932117546920199e+05 2.070000000000000000e+02
2.414035098727600470e+00 3.630099344493172975e+04 1.659437844290167959e+03 -1.261804435019036173e+05 1.240000000000000000e+02
2.482380303565228097e+00 4.389288480868799525e+04 1.104060027524204997e+03 -1.532030270585032413e+05 5.200000000000000000e+01
2.540355249661966131e+00 5.190696865125399199e+04 1.894354535120012088e+03 -1.829682883319039538e+05 9.000000000000000000e+00
2.585047253082041419e+00 6.561447148460840981e+04 9.007987069283728943e+01 -2.293894904171749658e+05 4.000000000000000000e+00
