8.899641224696955288e-02 1.530814736421966518e+04 -8.629860446544149454e+03 -1.345617424494517081e+03 1.300000000000000000e+01
1.507912216506557823e-01 9.734879246705564583e+03 -2.012000630780642950e+03 9.304984219177360501e+03 3.300000000000000000e+01
2.144790186456836945e-01 7.054438500863238914e+03 9.874083122483326633e+02 1.317033819481031060e+03 7.900000000000000000e+01
2.783660776489276789e-01 5.529451970252905085e+03 -6.891751892300635518e+02 -3.821973371165293543e+01 1.170000000000000000e+02
3.435099785803411021e-01 4.116766313379561325e+03 -2.516369832044857446e+02 -5.507413771094537651e+02 2.050000000000000000e+02
4.047886761425745772e-01 3.166620727385502505e+03 1.457397678995706336e+01 -2.390740575995945107e+02 2.350000000000000000e+02
4.676716683575679601e-01 2.500544352397092098e+03 -2.674344963151270917e+02 -1.279719756095204275e+03 3.690000000000000000e+02
5.308225101765952081e-01 1.992355125207358469e+03 3.257305166529800289e+01 -4.917757793658762466e+02 4.330000000000000000e+02
5.945362440940590298e-01 1.678326832951726146e+03 -2.609092634766664531e+00 -8.238296126977000995e+02 5.850000000000000000e+02
6.576224814588792489e-01 1.291897436202340941e+03 -4.997563135506913312e+01 -5.427151550807445801e+02 6.790000000000000000e+02
7.196632906698736676e-01 1.098478476812704457e+03 5.589697253653341136e+01 -6.421481552368927623e+02 8.130000000000000000e+02
7.827860915688348298e-01 9.455965334121641490e+02 2.381129485696886405e+01 -5.567007114323818087e+02 9.850000000000000000e+02
8.470398945834540783e-01 7.937765366502317192e+02 -4.211931922768974346e+01 -4.473603164934301049e+02 1.183000000000000000e+03
9.096854620527370372e-01 6.967702204410511513e+02 2.031108863648742968e+01 -4.075454452647593371e+02 1.269000000000000000e+03
9.720789776830213169e-01 6.056288491832330010e+02 1.420197757756217172e+01 -4.786540873078638469e+02 1.537000000000000000e+03
1.034763038959366499e+00 5.411715267028583867e+02 -1.573868162268626358e+00 -3.990274121855128442e+02 1.653000000000000000e+03
1.097576444254559247e+00 4.952075755846630045e+02 7.754773361308905066e+01 -4.093006430323429186e+02 1.963000000000000000e+03
1.160543084780093270e+00 4.619961633590913834e+02 6.533324644331490560e+01 -3.455703686045749237e+02 2.121000000000000000e+03
1.223669666537485323e+00 4.294238411346319140e+02 1.026098449103406409e+02 -3.527390512725123131e+02 2.413000000000000000e+03
1.286817263090294094e+00 4.332437775837824461e+02 1.589140578961260530e+02 -3.203106032154389027e+02 2.635000000000000000e+03
1.349500801664080818e+00 4.235906936268420964e+02 1.664060377670156470e+02 -2.463169882873205552e+02 2.877000000000000000e+03
1.411949558842147567e+00 4.201392481918169324e+02 1.725330705363059280e+02 -1.970781005717331595e+02 3.169000000000000000e+03
1.475133575747468395e+00 4.139541874066952687e+02 1.859635037727882718e+02 -1.329237756580274379e+02 3.507000000000000000e+03
1.537860814044183622e+00 4.147270396450322778e+02 2.140425171524007055e+02 -2.069568733023388916e+02 3.469000000000000000e+03
1.600496235752816299e+00 4.085944492795933343e+02 2.241157397091979817e+02 -4.245877919821909359e+02 3.442000000000000000e+03
1.663579768167897210e+00 3.954345003878834746e+02 1.695438356145333216e+02 -5.904075181284952123e+02 3.114000000000000000e+03
1.726532082231556853e+00 3.976845588916955307e+02 1.733113934519102202e+02 -7.551805011727163901e+02 3.028000000000000000e+03
1.789048008067354312e+00 4.131849968093549705e+02 1.510551618836890100e+02 -8.796163741907737403e+02 2.568000000000000000e+03
1.851410046193440406e+00 4.349816425582117176e+02 1.598230557565732397e+02 -1.012968525949945501e+03 2.506000000000000000e+03
1.913905183005287114e+00 4.756105884998587499e+02 1.838037218336824594e+02 -1.240727769116724403e+03 2.034000000000000000e+03
1.977014699850697221e+00 5.064854066475276113e+02 2.046463771114100894e+02 -1.410256382697852814e+03 1.864000000000000000e+03
2.039495322649380604e+00 5.695282324337501905e+02 2.298917395633469027e+02 -1.707515167577181046e+03 1.384000000000000000e+03
2.100924002656074929e+00 6.235277867720168388e+02 2.541929892438342051e+02 -1.981847807795925519e+03 1.074000000000000000e+03
2.164000508399174016e+00 6.367573630818299080e+02 2.650160498185647384e+02 -2.167753020048146027e+03 7.390000000000000000e+02
2.228664443297649456e+00 5.932276129985103807e+02 2.266743967865150182e+02 -2.098389045024375264e+03 5.130000000000000000e+02
2.290288135997491814e+00 5.772461494192949658e+02 1.727857643103862415e+02 -2.050617642376228105e+03 2.950000000000000000e+02
2.348574605845156427e+00 5.029001060699740151e+02 9.778918984620149502e+01 -1.790370097965542527e+03 2.070000000000000000e+02
2.414035098727600470e+00 4.509279307450880196e+02 4.344485784565490860e+01 -1.592718433118310486e+03 1.240000000000000000e+02
2.482380303565228097e+00 5.642172442672034549e+02 -5.071721584065870481e+00 -1.950376475809579233e+03 5.200000000000000000e+01
2.540355249661966131e+00 3.985597502854075174e+02 8.918013162075624223e+00 -1.397432016925339667e+03 9.000000000000000000e+00
2.585047253082041419e+00 7.203571966279475873e+02 1.031027477278896143e+01 -2.527818148819485486e+03 4.000000000000000000e+00
