8.899641224696955288e-02 1.117536385770650668e+04 -4.910650686088280054e+03 -1.975853534876561980e+03 1.300000000000000000e+01
1.507912216506557823e-01 7.970098207823564735e+03 -6.250213787470663647e+02 5.381733987209664519e+03 3.300000000000000000e+01
2.144790186456836945e-01 6.236097840545065083e+03 5.890388411145423788e+02 6.249365158937752796e+01 7.900000000000000000e+01
2.783660776489276789e-01 5.086303035775887111e+03 -2.334616811135426246e+02 -1.414657085732775670e+02 1.170000000000000000e+02
3.435099785803411021e-01 3.882265228080830639e+03 -1.520642455550165835e+02 -3.252147006869276424e+02 2.050000000000000000e+02
4.047886761425745772e-01 3.091560405584036744e+03 -6.920476425604535464e+00 -1.918127467164900395e+02 2.350000000000000000e+02
4.676716683575679601e-01 2.385048331915669678e+03 -1.979858444526856829e+02 -5.914386301167842248e+02 3.690000000000000000e+02
5.308225101765952081e-01 1.869569182391951699e+03 -1.418732778574613462e+01 -3.166818230938401371e+02 4.330000000000000000e+02
5.945362440940590298e-01 1.453635027125206307e+03 2.034904737583375933e+01 -4.125137595136328628e+02 5.850000000000000000e+02
6.576224814588792489e-01 1.111258184281483182e+03 -7.938761110291596879e+01 -1.646219939784810720e+02 6.790000000000000000e+02
7.196632906698736676e-01 9.048707047824093479e+02 -5.368278355088521892e+01 -3.444016118796343449e+02 8.130000000000000000e+02
7.827860915688348298e-01 7.156948915817678198e+02 -2.603539699576377231e+01 -3.001297722870797315e+02 9.850000000000000000e+02
8.470398945834540783e-01 5.559991231835950884e+02 -4.837343331702025750e+01 -2.485481846863104352e+02 1.183000000000000000e+03
9.096854620527370372e-01 4.478551134746911089e+02 -2.906929898194998074e+01 -2.233528372904537491e+02 1.269000000000000000e+03
9.720789776830213169e-01 3.720743141349997245e+02 -2.536821207826779911e+01 -2.362869224718910175e+02 1.537000000000000000e+03
1.034763038959366499e+00 3.079527353089259805e+02 -2.015534136039745050e+01 -2.258281851664223439e+02 1.653000000000000000e+03
1.097576444254559247e+00 2.686553553918179205e+02 -1.371375427862489538e+01 -2.031281974696715622e+02 1.963000000000000000e+03
1.160543084780093270e+00 2.346233757953409054e+02 -7.326946958180091674e-01 -1.897320396529717073e+02 2.121000000000000000e+03
1.223669666537485323e+00 2.082443043252466168e+02 1.097470432715395816e+01 -1.689127117963262776e+02 2.413000000000000000e+03
1.286817263090294094e+00 1.886149076031344123e+02 2.525132781663631931e+01 -1.428376007523094700e+02 2.635000000000000000e+03
1.349500801664080818e+00 1.680932358412206611e+02 3.239372697315410221e+01 -1.003649898594168803e+02 2.877000000000000000e+03
1.411949558842147567e+00 1.566473774027826948e+02 3.674447775371765346e+01 -9.089428978940806303e+01 3.169000000000000000e+03
1.475133575747468395e+00 1.464881504615784991e+02 3.713285267861117234e+01 -4.927947655002525806e+01 3.507000000000000000e+03
1.537860814044183622e+00 1.437092463877683883e+02 3.330518493754124165e+01 -4.877992010518072163e+01 3.469000000000000000e+03
1.600496235752816299e+00 1.454263945250216068e+02 1.861006455187391850e+01 -8.620911391710444605e+01 3.442000000000000000e+03
1.663579768167897210e+00 1.485692988230784124e+02 -7.427234784260408063e-01 -1.271258035415100096e+02 3.114000000000000000e+03
1.726532082231556853e+00 1.501562743328841805e+02 -2.349072485794845377e+01 -1.553380348937411668e+02 3.028000000000000000e+03
1.789048008067354312e+00 1.517160632638686195e+02 -3.813068729287814307e+01 -1.786010098836422344e+02 2.568000000000000000e+03
1.851410046193440406e+00 1.534248073487243573e+02 -5.177648386769620714e+01 -1.899881515490182551e+02 2.506000000000000000e+03
1.913905183005287114e+00 1.566690686606196152e+02 -6.098758124339288855e+01 -2.123146620412672405e+02 2.034000000000000000e+03
1.977014699850697221e+00 1.687986156425330648e+02 -6.834283864670706521e+01 -2.365667178905225114e+02 1.864000000000000000e+03
2.039495322649380604e+00 1.787756848601387958e+02 -6.841566003830195086e+01 -2.828912397303346893e+02 1.384000000000000000e+03
2.100924002656074929e+00 1.834282128198865962e+02 -7.116091592348212203e+01 -3.327426300507263477e+02 1.074000000000000000e+03
2.164000508399174016e+00 1.666573026694580335e+02 -4.946423840944069639e+01 -3.885111234917263801e+02 7.390000000000000000e+02
2.228664443297649456e+00 1.531403739091261116e+02 -4.269131110633377091e+01 -4.098679885261333311e+02 5.130000000000000000e+02
2.290288135997491814e+00 1.491480389312916941e+02 -4.438964288964405824e+01 -4.214006440003839771e+02 2.950000000000000000e+02
2.348574605845156427e+00 1.255145124270538446e+02 -2.633437075697374397e+01 -3.870226281586398613e+02 2.070000000000000000e+02
2.414035098727600470e+00 1.124721062214964036e+02 -1.730887506404353360e+01 -3.654994418366601963e+02 1.240000000000000000e+02
2.482380303565228097e+00 1.026772570982320048e+02 -1.604824656509052927e+00 -3.540410104839708652e+02 5.200000000000000000e+01
2.540355249661966131e+00 1.061324156248208652e+02 -2.982304782340567950e-01 -3.698413923548635012e+02 9.000000000000000000e+00
2.585047253082041419e+00 1.575671721215922787e+02 1.256134395556105066e+00 -5.518171350347636235e+02 4.000000000000000000e+00
