8.899641224696955288e-02 9.538123170829945593e+04 -2.116325876115677238e+04 -3.064010129391347436e+04 1.300000000000000000e+01
1.507912216506557823e-01 7.896645990488477401e+04 -4.622350439403599921e+03 3.310634741219730495e+04 3.300000000000000000e+01
2.144790186456836945e-01 6.598862458785262424e+04 -4.752627135149892638e+03 -5.328368294796880036e+03 7.900000000000000000e+01
2.783660776489276789e-01 5.405597339532944898e+04 -1.039258169436439857e+04 -1.349094028425836541e+03 1.170000000000000000e+02
3.435099785803411021e-01 4.154250994646173785e+04 -1.235984455135485950e+04 -9.726719002093988138e+02 2.050000000000000000e+02
4.047886761425745772e-01 3.177965271517227302e+04 -1.442220845347409158e+04 -1.084238318413727882e+02 2.350000000000000000e+02
4.676716683575679601e-01 2.323018403032979040e+04 -1.552052642320644372e+04 -3.141276593352540203e+03 3.690000000000000000e+02
5.308225101765952081e-01 1.642188936599673616e+04 -1.565569710939972538e+04 -2.699016705584529973e+03 4.330000000000000000e+02
5.945362440940590298e-01 1.121072774629840933e+04 -1.502974570498593312e+04 -3.439532612615869311e+03 5.850000000000000000e+02
6.576224814588792489e-01 7.683093962170995837e+03 -1.427240686215333153e+04 -2.090421196765536479e+03 6.790000000000000000e+02
7.196632906698736676e-01 5.368469102158745955e+03 -1.205559146381656137e+04 -4.330957484890303022e+03 8.130000000000000000e+02
7.827860915688348298e-01 3.834944533417415187e+03 -9.970170195915872682e+03 -4.282558166043403617e+03 9.850000000000000000e+02
8.470398945834540783e-01 2.823278223405123754e+03 -7.537936795758312655e+03 -4.409022972523463977e+03 1.183000000000000000e+03
9.096854620527370372e-01 2.485724497263896865e+03 -5.427621077171641446e+03 -4.554589430255488878e+03 1.269000000000000000e+03
9.720789776830213169e-01 2.473932282457113160e+03 -3.306695028603401170e+03 -4.801848472601832327e+03 1.537000000000000000e+03
1.034763038959366499e+00 2.469822974988134320e+03 -1.756402551400512493e+03 -4.753724661196562920e+03 1.653000000000000000e+03
1.097576444254559247e+00 2.477570577640380179e+03 -4.261091979136589316e+02 -4.635157384240908868e+03 1.963000000000000000e+03
1.160543084780093270e+00 2.537407276043559705e+03 4.654095860531028848e+02 -4.442197702963953816e+03 2.121000000000000000e+03
1.223669666537485323e+00 2.578956339742249384e+03 1.183665928284436632e+03 -4.172031497738574217e+03 2.413000000000000000e+03
1.286817263090294094e+00 2.615684110080453593e+03 1.832193178544720467e+03 -3.662966905114085876e+03 2.635000000000000000e+03
1.349500801664080818e+00 2.547030509495848946e+03 2.240428618933322923e+03 -2.564318543274710919e+03 2.877000000000000000e+03
1.411949558842147567e+00 2.550729031622712682e+03 2.594861345719710243e+03 -1.740403410008319270e+03 3.169000000000000000e+03
1.475133575747468395e+00 2.428501711667466225e+03 2.934909714278910997e+03 -4.672110829892794186e+02 3.507000000000000000e+03
1.537860814044183622e+00 2.244860553715206606e+03 2.739394843144712468e+03 -6.794285036427434079e+02 3.469000000000000000e+03
1.600496235752816299e+00 1.937148967022804754e+03 1.720969769835827265e+03 -2.484792182049730854e+03 3.442000000000000000e+03
1.663579768167897210e+00 1.765855260011125210e+03 9.983877466664943086e+02 -3.257265572534171042e+03 3.114000000000000000e+03
1.726532082231556853e+00 1.709604929775959363e+03 3.986330776720151334e+02 -3.766830521329136445e+03 3.028000000000000000e+03
1.789048008067354312e+00 1.749334183643437882e+03 -1.552066225619186923e+01 -3.955996299427335089e+03 2.568000000000000000e+03
1.851410046193440406e+00 1.934709392528129456e+03 -2.389787114559049996e+02 -4.251584512481073034e+03 2.506000000000000000e+03
1.913905183005287114e+00 2.230856787353170148e+03 -6.373341322206273389e+02 -4.560661117709801147e+03 2.034000000000000000e+03
1.977014699850697221e+00 2.478716302277656268e+03 -8.765458701699827770e+02 -4.615003637696987425e+03 1.864000000000000000e+03
2.039495322649380604e+00 2.826486858876322913e+03 -1.282260738024080865e+03 -4.930905075213881901e+03 1.384000000000000000e+03
2.100924002656074929e+00 3.106709085838180727e+03 -1.350028434874635877e+03 -5.964208454005415661e+03 1.074000000000000000e+03
2.164000508399174016e+00 3.154533649485095793e+03 -9.537650918336761379e+02 -7.512374449757883667e+03 7.390000000000000000e+02
2.228664443297649456e+00 2.952520758968851624e+03 -5.442056920761363017e+02 -8.255471837565890382e+03 5.130000000000000000e+02
2.290288135997491814e+00 2.866461655630143014e+03 -1.684905389274191521e+02 -8.961370319446545182e+03 2.950000000000000000e+02
2.348574605845156427e+00 2.240046632793867047e+03 1.596148673007390961e+01 -7.527365848468855802e+03 2.070000000000000000e+02
2.414035098727600470e+00 2.431760381884347680e+03 1.008114911105065801e+02 -8.462321592484884604e+03 1.240000000000000000e+02
2.482380303565228097e+00 2.841995881123470099e+03 6.410731184214368739e+01 -9.934293614799178613e+03 5.200000000000000000e+01
2.540355249661966131e+00 3.620231279218563941e+03 8.031046098255002619e+01 -1.269892818132510183e+04 9.000000000000000000e+00
2.585047253082041419e+00 4.605797785938016204e+03 7.014333764608795718e+01 -1.617120753213041098e+04 4.000000000000000000e+00
