8.899641224696955288e-02 1.035420309952472599e+05 -3.364790827102306503e+04 -3.074830853077906067e+04 1.300000000000000000e+01
1.507912216506557823e-01 8.514224467889340303e+04 -2.295903690875236407e+03 4.425275257596829033e+04 3.300000000000000000e+01
2.144790186456836945e-01 7.229968316932248126e+04 3.626137127336006415e+03 -2.898881160215483305e+03 7.900000000000000000e+01
2.783660776489276789e-01 6.353139240757106018e+04 -3.227173511703319946e+03 -1.978948555311097380e+03 1.170000000000000000e+02
3.435099785803411021e-01 5.204450183623611520e+04 -1.353060811580648306e+03 -3.655402398739514865e+03 2.050000000000000000e+02
4.047886761425745772e-01 4.386541226425595232e+04 -1.670295250165644347e+02 1.686189646001675442e+02 2.350000000000000000e+02
4.676716683575679601e-01 3.615252145186898269e+04 -1.669445187554431186e+03 -8.055017076808299862e+03 3.690000000000000000e+02
5.308225101765952081e-01 3.005380834298417903e+04 8.697579299501472860e+01 -2.964161762312843166e+03 4.330000000000000000e+02
5.945362440940590298e-01 2.475919236716337036e+04 5.151810051642054304e+02 -5.940865138638444478e+03 5.850000000000000000e+02
6.576224814588792489e-01 1.968610305487900041e+04 -3.909252233654568727e+02 -2.598746299699208521e+03 6.790000000000000000e+02
7.196632906698736676e-01 1.668598430329514304e+04 -2.824354038855435078e+01 -5.947948947677467004e+03 8.130000000000000000e+02
7.827860915688348298e-01 1.381258985045995723e+04 2.184612216851491837e+02 -5.118580049903796862e+03 9.850000000000000000e+02
8.470398945834540783e-01 1.127077397834697877e+04 -2.032199831220464148e+02 -4.092145767897620317e+03 1.183000000000000000e+03
9.096854620527370372e-01 9.477936501824515290e+03 1.487761882473980677e+02 -4.079968776802962566e+03 1.269000000000000000e+03
9.720789776830213169e-01 8.080973042717323551e+03 -1.548441623957568325e+01 -4.667725529159961297e+03 1.537000000000000000e+03
1.034763038959366499e+00 6.944094830097629711e+03 -2.767153599313461942e+00 -4.305454387475158001e+03 1.653000000000000000e+03
1.097576444254559247e+00 6.223541294205741906e+03 3.963405446865736508e+02 -4.086965753915927962e+03 1.963000000000000000e+03
1.160543084780093270e+00 5.697811761768293763e+03 2.248176234657285022e+02 -3.848525330706946988e+03 2.121000000000000000e+03
1.223669666537485323e+00 5.240114649176387502e+03 4.244367702523499020e+02 -3.654957750963942999e+03 2.413000000000000000e+03
1.286817263090294094e+00 5.036389318028335765e+03 6.986349009332438982e+02 -3.152575485646299512e+03 2.635000000000000000e+03
1.349500801664080818e+00 4.755951695083977938e+03 7.656150251069140040e+02 -2.182942382493377863e+03 2.877000000000000000e+03
1.411949558842147567e+00 4.654444136310224167e+03 8.299873340211254344e+02 -1.987690655998177590e+03 3.169000000000000000e+03
1.475133575747468395e+00 4.557653146042905973e+03 8.647150276927226287e+02 -1.217772169277420744e+03 3.507000000000000000e+03
1.537860814044183622e+00 4.621352052315332912e+03 9.158783649269648777e+02 -1.694323555743231509e+03 3.469000000000000000e+03
1.600496235752816299e+00 4.668030693806793352e+03 8.139312458402054062e+02 -3.691488018010718861e+03 3.442000000000000000e+03
1.663579768167897210e+00 4.645451581220120715e+03 5.482004044055870509e+02 -5.700397981759524555e+03 3.114000000000000000e+03
1.726532082231556853e+00 4.606074792879577217e+03 4.957716329427076971e+02 -7.300216088313213731e+03 3.028000000000000000e+03
1.789048008067354312e+00 4.540002605477930047e+03 4.769292617813936204e+02 -8.602221527845527817e+03 2.568000000000000000e+03
1.851410046193440406e+00 4.392462526704665834e+03 6.906154491030243889e+02 -9.686494519404881430e+03 2.506000000000000000e+03
1.913905183005287114e+00 4.334981176739162038e+03 7.484861854725724015e+02 -1.073190073054547429e+04 2.034000000000000000e+03
1.977014699850697221e+00 4.403215076773270994e+03 9.531125120808387692e+02 -1.178631580294097148e+04 1.864000000000000000e+03
2.039495322649380604e+00 4.530306803917371326e+03 1.017595324948761686e+03 -1.289766119648359745e+04 1.384000000000000000e+03
2.100924002656074929e+00 4.915944045194233695e+03 1.040926204364554678e+03 -1.481579477441822200e+04 1.074000000000000000e+03
2.164000508399174016e+00 5.036325138019949918e+03 6.783699088565806505e+02 -1.571516564566776287e+04 7.390000000000000000e+02
2.228664443297649456e+00 5.433755131302075824e+03 5.789434996669415341e+02 -1.766974776006255343e+04 5.130000000000000000e+02
2.290288135997491814e+00 5.496823051627210589e+03 5.111844403499569012e+02 -1.834519042271381477e+04 2.950000000000000000e+02
2.348574605845156427e+00 5.169801890617134632e+03 2.214410869097635270e+02 -1.754063323893468623e+04 2.070000000000000000e+02
2.414035098727600470e+00 4.715851162218780701e+03 1.305278495816164650e+02 -1.630244455666490285e+04 1.240000000000000000e+02
2.482380303565228097e+00 4.375260282891334100e+03 2.854215734735327601e+02 -1.547305160581790915e+04 5.200000000000000000e+01
2.540355249661966131e+00 4.459192360720108809e+03 1.566957591202652225e+02 -1.569815679845362683e+04 9.000000000000000000e+00
2.585047253082041419e+00 3.243467368745470139e+03 2.682017601468980956e+02 -1.161520266243542574e+04 4.000000000000000000e+00
