8.899641224696955288e-02 1.658486239981197650e+04 -9.620542198726408969e+03 -1.248032548433556258e+03 1.300000000000000000e+01
1.507912216506557823e-01 1.034179233822532296e+04 -2.473402474489570977e+03 1.041106343627489878e+04 3.300000000000000000e+01
2.144790186456836945e-01 7.393693850524096888e+03 9.859874157061009328e+02 1.658356898056629007e+03 7.900000000000000000e+01
2.783660776489276789e-01 5.732157454197430525e+03 -9.156524205809159866e+02 4.824025610113721996e+01 1.170000000000000000e+02
3.435099785803411021e-01 4.289120717995822815e+03 -3.822424094972715807e+02 -5.929033178995106255e+02 2.050000000000000000e+02
4.047886761425745772e-01 3.262413886777241260e+03 -5.677640154555789564e+01 -1.858900985615994159e+02 2.350000000000000000e+02
4.676716683575679601e-01 2.613809606201176393e+03 -3.884108964677308222e+02 -1.510502882796206450e+03 3.690000000000000000e+02
5.308225101765952081e-01 2.078504034892643176e+03 -1.852884633193047037e+01 -5.950720677637164044e+02 4.330000000000000000e+02
5.945362440940590298e-01 1.791997291400399718e+03 -5.454672616307524891e+01 -9.971473352627303939e+02 5.850000000000000000e+02
6.576224814588792489e-01 1.404141816781076614e+03 -9.078119069806395203e+01 -7.582866590332840815e+02 6.790000000000000000e+02
7.196632906698736676e-01 1.210730208875477729e+03 6.712254650385007437e+01 -8.163026673668221065e+02 8.130000000000000000e+02
7.827860915688348298e-01 1.056098417825856814e+03 1.479060742222221236e+01 -7.330799577269687006e+02 9.850000000000000000e+02
8.470398945834540783e-01 9.017735799942373660e+02 -5.298020933834430934e+01 -5.790625922622261896e+02 1.183000000000000000e+03
9.096854620527370372e-01 8.059450968207092956e+02 1.538540515164770284e+01 -5.260648106902287964e+02 1.269000000000000000e+03
9.720789776830213169e-01 7.119394884630770548e+02 1.165338390697521831e+01 -6.126612482757210500e+02 1.537000000000000000e+03
1.034763038959366499e+00 6.542323748310267320e+02 -1.748348429801295367e+01 -5.354741322331785796e+02 1.653000000000000000e+03
1.097576444254559247e+00 6.106780552666920130e+02 7.135048187803299413e+01 -5.221310661040912464e+02 1.963000000000000000e+03
1.160543084780093270e+00 5.811017304128577052e+02 5.976367331142506600e+01 -4.495277459409041398e+02 2.121000000000000000e+03
1.223669666537485323e+00 5.321890816504865143e+02 9.170793664109621091e+01 -4.696884409449342002e+02 2.413000000000000000e+03
1.286817263090294094e+00 5.391712574980037971e+02 1.575266425611361285e+02 -3.883060966503402369e+02 2.635000000000000000e+03
1.349500801664080818e+00 5.385365749734114615e+02 1.593627634511575195e+02 -3.022136151280693070e+02 2.877000000000000000e+03
1.411949558842147567e+00 5.334165982516186659e+02 1.658162033827996140e+02 -2.201740892414917994e+02 3.169000000000000000e+03
1.475133575747468395e+00 5.309888062564903066e+02 1.651950960734751277e+02 -1.193138078377904066e+02 3.507000000000000000e+03
1.537860814044183622e+00 5.275590794308685645e+02 1.999438666496378971e+02 -1.927929178853034671e+02 3.469000000000000000e+03
1.600496235752816299e+00 5.253919662134605915e+02 2.050727651735838606e+02 -4.337686054815074499e+02 3.442000000000000000e+03
1.663579768167897210e+00 5.022476517788364845e+02 1.569872831214236726e+02 -6.152598257088214950e+02 3.114000000000000000e+03
1.726532082231556853e+00 5.025973219715630194e+02 1.711136976521284510e+02 -8.117490756496837321e+02 3.028000000000000000e+03
1.789048008067354312e+00 5.109017058959956898e+02 1.353966141000146592e+02 -9.592692205702120418e+02 2.568000000000000000e+03
1.851410046193440406e+00 5.312908343581343615e+02 1.459201838616772022e+02 -1.125090724832012938e+03 2.506000000000000000e+03
1.913905183005287114e+00 5.940124747218659422e+02 1.684800453557423623e+02 -1.425603419129966369e+03 2.034000000000000000e+03
1.977014699850697221e+00 6.370044627605479945e+02 1.900327629960247577e+02 -1.658021767680816083e+03 1.864000000000000000e+03
2.039495322649380604e+00 7.083466116227667726e+02 2.232047777759823930e+02 -2.028242870935215478e+03 1.384000000000000000e+03
2.100924002656074929e+00 7.453695289502305741e+02 2.560148805856326817e+02 -2.310725030656951276e+03 1.074000000000000000e+03
2.164000508399174016e+00 7.413853864145373791e+02 2.488158581952943962e+02 -2.455941804257883632e+03 7.390000000000000000e+02
2.228664443297649456e+00 6.902886979914250105e+02 2.160379274323107666e+02 -2.389415581291622402e+03 5.130000000000000000e+02
2.290288135997491814e+00 6.803179363053264979e+02 1.763977113676330077e+02 -2.382622444498368623e+03 2.950000000000000000e+02
2.348574605845156427e+00 5.459461113902902980e+02 8.919170501925013639e+01 -1.920402029173627398e+03 2.070000000000000000e+02
2.414035098727600470e+00 5.091784406641128840e+02 5.820753869860951113e+01 -1.800477466411659861e+03 1.240000000000000000e+02
2.482380303565228097e+00 4.563055310603510861e+02 3.290189495057396840e+01 -1.611657872333948717e+03 5.200000000000000000e+01
2.540355249661966131e+00 3.805117673833989329e+02 9.499751118212131473e+00 -1.333852885862022504e+03 9.000000000000000000e+00
2.585047253082041419e+00 1.568092424881997999e+02 -5.092237973640883375e+00 -5.424246739697262001e+02 4.000000000000000000e+00
