8.899641224696955288e-02 1.411083351102962297e+04 -7.702340217846537598e+03 -1.421339242316364107e+03 1.300000000000000000e+01
1.507912216506557823e-01 9.151007104121998054e+03 -1.614736304001571398e+03 8.271975541798383347e+03 3.300000000000000000e+01
2.144790186456836945e-01 6.722082573080328984e+03 9.374309915035167933e+02 1.000993629832988063e+03 7.900000000000000000e+01
2.783660776489276789e-01 5.315799531613187355e+03 -5.291217125985291432e+02 -9.002794022210292724e+01 1.170000000000000000e+02
3.435099785803411021e-01 3.953010607931061713e+03 -1.711207464380499630e+02 -4.928040429500762798e+02 2.050000000000000000e+02
4.047886761425745772e-01 3.070428032185411666e+03 4.697355743209139689e+01 -2.598819918632161148e+02 2.350000000000000000e+02
4.676716683575679601e-01 2.399459113189228901e+03 -2.084937904328401146e+02 -1.068525836145229505e+03 3.690000000000000000e+02
5.308225101765952081e-01 1.911432993101892407e+03 4.584490118034882045e+01 -4.082048654244621844e+02 4.330000000000000000e+02
5.945362440940590298e-01 1.574695760984025128e+03 2.773878146888013418e+01 -6.823461496154748147e+02 5.850000000000000000e+02
6.576224814588792489e-01 1.196452392144344458e+03 -3.336131192114853405e+01 -3.809989711731986404e+02 6.790000000000000000e+02
7.196632906698736676e-01 1.009603065299238551e+03 3.519380212947379505e+01 -5.122420484662292210e+02 8.130000000000000000e+02
7.827860915688348298e-01 8.554881412649499453e+02 2.010916263839403939e+01 -4.292421815102616165e+02 9.850000000000000000e+02
8.470398945834540783e-01 7.052286231543207577e+02 -3.710062185658392053e+01 -3.621857552996171421e+02 1.183000000000000000e+03
9.096854620527370372e-01 6.057824384081602602e+02 2.052187474945593237e+01 -3.267391536700085339e+02 1.269000000000000000e+03
9.720789776830213169e-01 5.217167802531853340e+02 7.249989010092025232e+00 -3.812237505809850973e+02 1.537000000000000000e+03
1.034763038959366499e+00 4.563396371057531269e+02 3.337478831023798609e+00 -3.142826630935660432e+02 1.653000000000000000e+03
1.097576444254559247e+00 4.159194680937752651e+02 6.214022241327842266e+01 -3.318513179391338213e+02 1.963000000000000000e+03
1.160543084780093270e+00 3.896869632978178402e+02 4.667352149624249336e+01 -2.824483624108870004e+02 2.121000000000000000e+03
1.223669666537485323e+00 3.695364310750683785e+02 7.600802814980833944e+01 -2.817146813117474267e+02 2.413000000000000000e+03
1.286817263090294094e+00 3.715589208978767601e+02 1.154425433164081483e+02 -2.580228878150838341e+02 2.635000000000000000e+03
1.349500801664080818e+00 3.602700290698590493e+02 1.199401904132523384e+02 -1.924772963219831183e+02 2.877000000000000000e+03
1.411949558842147567e+00 3.572034171730033449e+02 1.283142377265866969e+02 -1.628784779356210777e+02 3.169000000000000000e+03
1.475133575747468395e+00 3.508198346799514411e+02 1.336917515419376059e+02 -1.123249260634304818e+02 3.507000000000000000e+03
1.537860814044183622e+00 3.531645173619058369e+02 1.517064717033455850e+02 -1.654593867855948019e+02 3.469000000000000000e+03
1.600496235752816299e+00 3.470144820364807288e+02 1.620073999874202286e+02 -3.447819604068612875e+02 3.442000000000000000e+03
1.663579768167897210e+00 3.371325248680854543e+02 1.279571485780423217e+02 -5.058150719309463739e+02 3.114000000000000000e+03
1.726532082231556853e+00 3.335728399627969338e+02 1.279058839956657749e+02 -6.432670670524522620e+02 3.028000000000000000e+03
1.789048008067354312e+00 3.382027638629795661e+02 1.175322676661990045e+02 -7.434822512093268188e+02 2.568000000000000000e+03
1.851410046193440406e+00 3.420694995006752492e+02 1.295088963084666887e+02 -8.354489609758677489e+02 2.506000000000000000e+03
1.913905183005287114e+00 3.569463895841751651e+02 1.459545819930449397e+02 -9.756044530948989859e+02 2.034000000000000000e+03
1.977014699850697221e+00 3.726433479741835413e+02 1.614256963880999649e+02 -1.080916922908640117e+03 1.864000000000000000e+03
2.039495322649380604e+00 4.002289424165375067e+02 1.784016747628496375e+02 -1.239296716525416741e+03 1.384000000000000000e+03
2.100924002656074929e+00 4.433910276864290836e+02 1.934048603039904606e+02 -1.447118861012245588e+03 1.074000000000000000e+03
2.164000508399174016e+00 4.528659221406862230e+02 1.749574495215437366e+02 -1.540355819963727299e+03 7.390000000000000000e+02
2.228664443297649456e+00 4.530051311647007992e+02 1.536864273167120132e+02 -1.584550141667714115e+03 5.130000000000000000e+02
2.290288135997491814e+00 4.544237018484657256e+02 1.209686567983404899e+02 -1.599794089415746839e+03 2.950000000000000000e+02
2.348574605845156427e+00 3.925256095252938167e+02 6.319521614515976182e+01 -1.390113884509144327e+03 2.070000000000000000e+02
2.414035098727600470e+00 3.420772931517271331e+02 2.421211606874173938e+01 -1.202238408199961668e+03 1.240000000000000000e+02
2.482380303565228097e+00 3.852447123001401792e+02 -1.919146085642564259e+01 -1.315686973709603990e+03 5.200000000000000000e+01
2.540355249661966131e+00 3.259998775457890474e+02 -6.775442588656384046e+00 -1.131122031368713806e+03 9.000000000000000000e+00
2.585047253082041419e+00 4.887211412306519946e+02 -2.688064692733836480e+01 -1.679071222137422865e+03 4.000000000000000000e+00
