8.899641224696955288e-02 1.012519991166332911e+05 -2.941066714904975379e+04 -3.138842552433098899e+04 1.300000000000000000e+01
1.507912216506557823e-01 8.449262215966002259e+04 -1.656456723721107437e+03 4.000524334701155021e+04 3.300000000000000000e+01
2.144790186456836945e-01 7.268047353316722729e+04 3.011044798907677887e+03 -4.830864224786934756e+03 7.900000000000000000e+01
2.783660776489276789e-01 6.400673330914729013e+04 -2.651487733283419402e+03 -2.105663083589729922e+03 1.170000000000000000e+02
3.435099785803411021e-01 5.297772272160869761e+04 -1.540353373478350022e+03 -3.411506795647501804e+03 2.050000000000000000e+02
4.047886761425745772e-01 4.496604786712784698e+04 -4.858541917235581309e+02 3.042030603678543343e+02 2.350000000000000000e+02
4.676716683575679601e-01 3.716189470211044681e+04 -1.965203421188256698e+03 -6.875490121676457420e+03 3.690000000000000000e+02
5.308225101765952081e-01 3.084554898065821908e+04 -3.802680480614339444e+02 -2.868871059330648222e+03 4.330000000000000000e+02
5.945362440940590298e-01 2.526466481900008876e+04 1.545509563642678188e+02 -5.129116527633302212e+03 5.850000000000000000e+02
6.576224814588792489e-01 2.023267981505102216e+04 -9.044632011579537902e+02 -1.878801964650120453e+03 6.790000000000000000e+02
7.196632906698736676e-01 1.698545180601349421e+04 -6.008652433654450533e+02 -5.401387529096880826e+03 8.130000000000000000e+02
7.827860915688348298e-01 1.388288158597382244e+04 -2.197702189810955815e+02 -4.727114197455683097e+03 9.850000000000000000e+02
8.470398945834540783e-01 1.116710463225001149e+04 -4.960292162410509604e+02 -3.674841346955705376e+03 1.183000000000000000e+03
9.096854620527370372e-01 9.242115898435122290e+03 -2.277437147922650524e+02 -3.691568636579499071e+03 1.269000000000000000e+03
9.720789776830213169e-01 7.758618497479863436e+03 -2.777101210879158657e+02 -4.168821818326909124e+03 1.537000000000000000e+03
1.034763038959366499e+00 6.520240779431672308e+03 -1.801374825050989728e+02 -4.005469913034768524e+03 1.653000000000000000e+03
1.097576444254559247e+00 5.728896304281961420e+03 -7.101753334015929120e+00 -3.672971179939751437e+03 1.963000000000000000e+03
1.160543084780093270e+00 5.069329817621866823e+03 1.472873340795793418e+01 -3.520936929114586292e+03 2.121000000000000000e+03
1.223669666537485323e+00 4.524863306738634492e+03 1.874452755258925549e+02 -3.233548167569007092e+03 2.413000000000000000e+03
1.286817263090294094e+00 4.148401894324420937e+03 4.324653355913781070e+02 -2.792987580906106814e+03 2.635000000000000000e+03
1.349500801664080818e+00 3.772827178323477710e+03 5.176598738584643797e+02 -1.944629752745966925e+03 2.877000000000000000e+03
1.411949558842147567e+00 3.568052230566796879e+03 5.926039570611987983e+02 -1.787126818894617600e+03 3.169000000000000000e+03
1.475133575747468395e+00 3.385687321566296760e+03 6.291157948671826716e+02 -1.115480591674591778e+03 3.507000000000000000e+03
1.537860814044183622e+00 3.417923653116062724e+03 5.177466621500374231e+02 -1.139700582891638987e+03 3.469000000000000000e+03
1.600496235752816299e+00 3.515276461399353138e+03 1.694500564567397589e+02 -2.070583443772894498e+03 3.442000000000000000e+03
1.663579768167897210e+00 3.574252182745461596e+03 -2.018640291537921314e+02 -3.193307122684880596e+03 3.114000000000000000e+03
1.726532082231556853e+00 3.575338819677834181e+03 -5.433671261218759128e+02 -4.046548976545659571e+03 3.028000000000000000e+03
1.789048008067354312e+00 3.544078055349559236e+03 -7.522932768407198409e+02 -4.774483924047919572e+03 2.568000000000000000e+03
1.851410046193440406e+00 3.451539806983085782e+03 -8.162612788992970536e+02 -5.309894658232865368e+03 2.506000000000000000e+03
1.913905183005287114e+00 3.440869590977527878e+03 -9.660721191057108399e+02 -5.865388465458321662e+03 2.034000000000000000e+03
1.977014699850697221e+00 3.511180365421721490e+03 -9.818846988110622078e+02 -6.457816173175622680e+03 1.864000000000000000e+03
2.039495322649380604e+00 3.653948037658789872e+03 -9.722647196062777084e+02 -7.437209874218280675e+03 1.384000000000000000e+03
2.100924002656074929e+00 3.918132651807565253e+03 -1.060182625816543805e+03 -8.826351347354859172e+03 1.074000000000000000e+03
2.164000508399174016e+00 4.113023839998678341e+03 -1.066040428221531329e+03 -1.050895941438022419e+04 7.390000000000000000e+02
2.228664443297649456e+00 4.517071900534617271e+03 -8.597937564831730697e+02 -1.296411262031481965e+04 5.130000000000000000e+02
2.290288135997491814e+00 4.887808903766727781e+03 -7.823545468607017028e+02 -1.484846130456807623e+04 2.950000000000000000e+02
2.348574605845156427e+00 5.461419467745166003e+03 -5.105848167334409595e+02 -1.770004848307730572e+04 2.070000000000000000e+02
2.414035098727600470e+00 6.233043518275403585e+03 -2.822344660798075893e+02 -2.105086405782519796e+04 1.240000000000000000e+02
2.482380303565228097e+00 7.398143625328650160e+03 3.460734398130256295e+01 -2.567339434564521071e+04 5.200000000000000000e+01
2.540355249661966131e+00 1.043697040428520086e+04 1.579102259263811732e+02 -3.653576710206520511e+04 9.000000000000000000e+00
2.585047253082041419e+00 1.290521818077344869e+04 1.892785819561094911e+02 -4.530109865779816027e+04 4.000000000000000000e+00
