8.899641224696955288e-02 1.779956785764126107e+04 -1.052765506906257360e+04 -1.183141869860942506e+03 1.300000000000000000e+01
1.507912216506557823e-01 1.090250646400347614e+04 -2.951767386505382547e+03 1.144454239239810340e+04 3.300000000000000000e+01
2.144790186456836945e-01 7.703677990040311670e+03 9.305370025188835825e+02 1.978442252237564389e+03 7.900000000000000000e+01
2.783660776489276789e-01 5.895512598552916643e+03 -1.168173125133609119e+03 1.730186420743661415e+02 1.170000000000000000e+02
3.435099785803411021e-01 4.446046342924619239e+03 -5.422963102553419503e+02 -6.313894040017981979e+02 2.050000000000000000e+02
4.047886761425745772e-01 3.339990419174358522e+03 -1.547201090076506773e+02 -1.144387057023383960e+02 2.350000000000000000e+02
4.676716683575679601e-01 2.719596280500320972e+03 -5.386580713411192392e+02 -1.713643280463661767e+03 3.690000000000000000e+02
5.308225101765952081e-01 2.149490402837047441e+03 -1.095853632396318034e+02 -7.003752246467167879e+02 4.330000000000000000e+02
5.945362440940590298e-01 1.891427590933521287e+03 -1.242646015318684078e+02 -1.154020612988396124e+03 5.850000000000000000e+02
6.576224814588792489e-01 1.510040250915882325e+03 -1.641439194144979297e+02 -9.835530462590303387e+02 6.790000000000000000e+02
7.196632906698736676e-01 1.321616616176205298e+03 3.903360720431819431e+01 -9.929666928046508474e+02 8.130000000000000000e+02
7.827860915688348298e-01 1.161188051110470496e+03 -2.010235523122075207e+01 -8.899002027774478165e+02 9.850000000000000000e+02
8.470398945834540783e-01 1.004853759370973989e+03 -9.159787964457480314e+01 -7.093134251760315010e+02 1.183000000000000000e+03
9.096854620527370372e-01 9.055230909919006308e+02 -1.865758796766776584e+01 -6.492930769280695813e+02 1.269000000000000000e+03
9.720789776830213169e-01 8.177696169567133211e+02 -2.078098480543870252e+01 -7.205334703434856465e+02 1.537000000000000000e+03
1.034763038959366499e+00 7.668435008192175246e+02 -5.853051869980320276e+01 -6.577527992190185842e+02 1.653000000000000000e+03
1.097576444254559247e+00 7.264368987652446776e+02 3.296154192411652417e+01 -6.231036613777685034e+02 1.963000000000000000e+03
1.160543084780093270e+00 7.066755208141582898e+02 2.587179938184744898e+01 -5.307106365314651839e+02 2.121000000000000000e+03
1.223669666537485323e+00 6.560455253987336164e+02 1.995402189525551506e+01 -5.780227878495498999e+02 2.413000000000000000e+03
1.286817263090294094e+00 6.516524662213466854e+02 9.025579727271194486e+01 -4.204310923134123641e+02 2.635000000000000000e+03
1.349500801664080818e+00 6.555207183757820530e+02 9.309287900873032129e+01 -3.077570168497574059e+02 2.877000000000000000e+03
1.411949558842147567e+00 6.461065326547224004e+02 1.064277063621663046e+02 -2.116328139406845708e+02 3.169000000000000000e+03
1.475133575747468395e+00 6.366511650589366127e+02 8.910432507468220820e+01 -6.686044424144324694e+01 3.507000000000000000e+03
1.537860814044183622e+00 6.205862188637480585e+02 1.202719718087864607e+02 -1.558833358797167818e+02 3.469000000000000000e+03
1.600496235752816299e+00 6.006359986728980402e+02 1.064599559988001545e+02 -4.204928428331114105e+02 3.442000000000000000e+03
1.663579768167897210e+00 5.712110432735638597e+02 9.495352637936815654e+01 -6.414298989357985192e+02 3.114000000000000000e+03
1.726532082231556853e+00 5.668753397640110734e+02 1.149881039576663255e+02 -8.482969728295586265e+02 3.028000000000000000e+03
1.789048008067354312e+00 5.611655472987314397e+02 1.056027223540137214e+02 -1.022055330328670493e+03 2.568000000000000000e+03
1.851410046193440406e+00 5.772091967505562025e+02 1.063447829710232497e+02 -1.170751372849065774e+03 2.506000000000000000e+03
1.913905183005287114e+00 6.266001668944080620e+02 1.460263517845778836e+02 -1.474823389988944200e+03 2.034000000000000000e+03
1.977014699850697221e+00 6.734271210028277892e+02 1.576374083424449850e+02 -1.694730104753560227e+03 1.864000000000000000e+03
2.039495322649380604e+00 7.557226906771076074e+02 2.237620429856428075e+02 -2.180435636807219907e+03 1.384000000000000000e+03
2.100924002656074929e+00 8.225427010662534713e+02 2.898058888768294992e+02 -2.624516845589258537e+03 1.074000000000000000e+03
2.164000508399174016e+00 9.534756772445571187e+02 2.866614190191725697e+02 -3.227203901396314905e+03 7.390000000000000000e+02
2.228664443297649456e+00 1.078959067255667605e+03 2.579230685931895550e+02 -3.729516475124850331e+03 5.130000000000000000e+02
2.290288135997491814e+00 1.325577110397523711e+03 2.168475708133665023e+02 -4.578551023596188315e+03 2.950000000000000000e+02
2.348574605845156427e+00 1.489667761475792076e+03 1.016255141633428565e+02 -5.114930929040486262e+03 2.070000000000000000e+02
2.414035098727600470e+00 2.003381603707180830e+03 2.956495148786864036e+01 -6.889546216828442994e+03 1.240000000000000000e+02
2.482380303565228097e+00 2.698518443748401751e+03 6.119135155863455822e+01 -9.402977248220011461e+03 5.200000000000000000e+01
2.540355249661966131e+00 3.329607156526877588e+03 1.640944089986591905e+02 -1.178131858102547449e+04 9.000000000000000000e+00
2.585047253082041419e+00 3.451102140668956963e+03 9.148733182096204786e+00 -1.206958308585048508e+04 4.000000000000000000e+00
