8.899641224696955288e-02 8.537870195520941706e+03 -1.563495945013778737e+03 -2.803013682956667253e+03 1.300000000000000000e+01
1.507912216506557823e-01 7.161723522379130372e+03 -4.339170319742710547e+01 2.443264294082976903e+03 3.300000000000000000e+01
2.144790186456836945e-01 6.069699191398998664e+03 8.761661716705778247e+01 -7.991124086035092660e+02 7.900000000000000000e+01
2.783660776489276789e-01 5.052252390794474195e+03 -1.016660847580518379e+02 -1.195379679154513752e+02 1.170000000000000000e+02
3.435099785803411021e-01 4.018505295442392253e+03 -1.784339437995478193e+02 -2.067395897492369272e+02 2.050000000000000000e+02
4.047886761425745772e-01 3.194516459374964143e+03 -1.131411194634896162e+02 8.276771507852643595e+00 2.350000000000000000e+02
4.676716683575679601e-01 2.469120775121474708e+03 -1.749865752811698201e+02 -3.686148939092533965e+02 3.690000000000000000e+02
5.308225101765952081e-01 1.892321390792728380e+03 -8.910720857857273813e+01 -2.852184083847503189e+02 4.330000000000000000e+02
5.945362440940590298e-01 1.448603646294752934e+03 -8.696965976594152892e+01 -3.205779000985954781e+02 5.850000000000000000e+02
6.576224814588792489e-01 1.108210822503406462e+03 -1.208227157515493957e+02 -1.781091326747405788e+02 6.790000000000000000e+02
7.196632906698736676e-01 8.606809852384568558e+02 -9.895317168608069380e+01 -3.444211738171806019e+02 8.130000000000000000e+02
7.827860915688348298e-01 6.638277065424665579e+02 -1.030672532938704080e+02 -2.916930152330664328e+02 9.850000000000000000e+02
8.470398945834540783e-01 4.893684420803992339e+02 -9.969131532166989018e+01 -1.657753762217256224e+02 1.183000000000000000e+03
9.096854620527370372e-01 3.671854891980757429e+02 -9.137007848598048554e+01 -1.620014190597943582e+02 1.269000000000000000e+03
9.720789776830213169e-01 2.734444750343297414e+02 -8.331045303069655006e+01 -1.547465954276914317e+02 1.537000000000000000e+03
1.034763038959366499e+00 1.968749479682505807e+02 -7.516283135014253958e+01 -1.361253259719151743e+02 1.653000000000000000e+03
1.097576444254559247e+00 1.436234605778033711e+02 -6.111647340259101924e+01 -1.085414801115176999e+02 1.963000000000000000e+03
1.160543084780093270e+00 1.045152038924824183e+02 -4.649061751767461459e+01 -9.872566791248100060e+01 2.121000000000000000e+03
1.223669666537485323e+00 7.845359062129151084e+01 -3.497161468622506675e+01 -7.985912244248073932e+01 2.413000000000000000e+03
1.286817263090294094e+00 5.989602438660323713e+01 -2.399428931205413562e+01 -6.433983888862400136e+01 2.635000000000000000e+03
1.349500801664080818e+00 4.589132758885225627e+01 -1.438757272272975740e+01 -4.501403460875014417e+01 2.877000000000000000e+03
1.411949558842147567e+00 3.795833592347601382e+01 -7.271251390190189845e+00 -3.544181564155098130e+01 3.169000000000000000e+03
1.475133575747468395e+00 3.103349727988660689e+01 -1.419057546984812568e+00 -2.446684716624850964e+01 3.507000000000000000e+03
1.537860814044183622e+00 2.684285468087032456e+01 1.979565681249674913e+00 -2.377899896826580672e+01 3.469000000000000000e+03
1.600496235752816299e+00 2.280348085896850563e+01 3.260090841343448176e+00 -3.200048573147915221e+01 3.442000000000000000e+03
1.663579768167897210e+00 2.091285675671404931e+01 4.264046267536445889e+00 -3.657364974606740304e+01 3.114000000000000000e+03
1.726532082231556853e+00 1.963160408296456794e+01 5.193543627745888180e+00 -4.023874069184600444e+01 3.028000000000000000e+03
1.789048008067354312e+00 1.831759457981728190e+01 5.257094347423987735e+00 -4.265687401648578714e+01 2.568000000000000000e+03
1.851410046193440406e+00 1.825461738057323657e+01 5.869296462701237616e+00 -4.573583301922975863e+01 2.506000000000000000e+03
1.913905183005287114e+00 1.749553240108324914e+01 6.446241400359623341e+00 -4.806610651298879588e+01 2.034000000000000000e+03
1.977014699850697221e+00 1.773786683356382810e+01 7.208631456074746424e+00 -5.008975143813382402e+01 1.864000000000000000e+03
2.039495322649380604e+00 1.731389682276743969e+01 7.731660348356101053e+00 -5.197546341956658011e+01 1.384000000000000000e+03
2.100924002656074929e+00 1.648848988893993806e+01 7.507086411904674961e+00 -5.253192094357323327e+01 1.074000000000000000e+03
2.164000508399174016e+00 1.446919055781742891e+01 5.848410408597745302e+00 -4.898095649370310412e+01 7.390000000000000000e+02
2.228664443297649456e+00 1.186713832509959410e+01 3.962168603629838248e+00 -4.162383215949989079e+01 5.130000000000000000e+02
2.290288135997491814e+00 1.056524032310560024e+01 2.904513987592034496e+00 -3.744394692576123163e+01 2.950000000000000000e+02
2.348574605845156427e+00 9.010079490232712374e+00 1.508616023381296189e+00 -3.172643736185159113e+01 2.070000000000000000e+02
2.414035098727600470e+00 6.124538651385477372e+00 7.568044934073128172e-01 -2.177051300769109332e+01 1.240000000000000000e+02
2.482380303565228097e+00 4.412828550337682287e+00 3.079837728982612877e-01 -1.561141328876479584e+01 5.200000000000000000e+01
2.540355249661966131e+00 2.656908663627090217e+00 8.328467464779462648e-02 -9.349856772341377464e+00 9.000000000000000000e+00
2.585047253082041419e+00 7.069275253214385657e+00 7.889372086255364014e-02 -2.481002161639366221e+01 4.000000000000000000e+00
