8.899641224696955288e-02 9.281096050540230863e+03 -2.525143306001582914e+03 -2.601721422462404462e+03 1.300000000000000000e+01
1.507912216506557823e-01 7.413550573384422933e+03 -1.312655643226704569e+02 3.236912650485148788e+03 3.300000000000000000e+01
2.144790186456836945e-01 6.159370618861983530e+03 2.180037838832431589e+02 -6.049295962650606953e+02 7.900000000000000000e+01
2.783660776489276789e-01 5.111296578992234572e+03 -1.155524070001968227e+02 -1.308831449773566078e+02 1.170000000000000000e+02
3.435099785803411021e-01 4.028176687360940832e+03 -1.842562501695151695e+02 -2.234720102773045483e+02 2.050000000000000000e+02
4.047886761425745772e-01 3.210681920696034467e+03 -8.356602553428892577e+01 -4.821275117132241661e+01 2.350000000000000000e+02
4.676716683575679601e-01 2.476622173165072127e+03 -1.889142479615298100e+02 -3.935834962260983616e+02 3.690000000000000000e+02
5.308225101765952081e-01 1.902112742978201368e+03 -5.819043230415883272e+01 -2.950598031995303359e+02 4.330000000000000000e+02
5.945362440940590298e-01 1.455330648123201399e+03 -4.860396344120183443e+01 -3.319372729664091821e+02 5.850000000000000000e+02
6.576224814588792489e-01 1.117689988076079999e+03 -1.083310753158995396e+02 -1.636049612228708270e+02 6.790000000000000000e+02
7.196632906698736676e-01 8.735411994362054884e+02 -8.301996171401799529e+01 -3.383210145936024560e+02 8.130000000000000000e+02
7.827860915688348298e-01 6.774507078563566438e+02 -8.323805560477696019e+01 -2.958714755274002641e+02 9.850000000000000000e+02
8.470398945834540783e-01 5.089055483796468025e+02 -8.692729348334694350e+01 -1.791798908727797937e+02 1.183000000000000000e+03
9.096854620527370372e-01 3.902601901580484878e+02 -7.792213080337806730e+01 -1.738832721547981635e+02 1.269000000000000000e+03
9.720789776830213169e-01 3.010225024317302882e+02 -6.987231683438962193e+01 -1.711939318532235745e+02 1.537000000000000000e+03
1.034763038959366499e+00 2.284019985537629793e+02 -6.754476919710344873e+01 -1.576403133278663802e+02 1.653000000000000000e+03
1.097576444254559247e+00 1.767475989057847983e+02 -5.511417713260001250e+01 -1.280706799328671366e+02 1.963000000000000000e+03
1.160543084780093270e+00 1.377656133494522805e+02 -4.121567063729613523e+01 -1.223418118443052691e+02 2.121000000000000000e+03
1.223669666537485323e+00 1.108874612156867840e+02 -2.996755602072000002e+01 -1.064832863142969899e+02 2.413000000000000000e+03
1.286817263090294094e+00 8.996614023638782953e+01 -2.125381813960605726e+01 -9.482859034984346636e+01 2.635000000000000000e+03
1.349500801664080818e+00 7.254393041307682211e+01 -1.058777613007071139e+01 -7.741439759408727639e+01 2.877000000000000000e+03
1.411949558842147567e+00 6.183756669996208899e+01 -3.980804621462001869e+00 -7.242819792745905261e+01 3.169000000000000000e+03
1.475133575747468395e+00 5.205234185588175677e+01 2.037965225797000901e+00 -6.411342633837959681e+01 3.507000000000000000e+03
1.537860814044183622e+00 4.814241022785613922e+01 7.146874447191181368e+00 -6.125327811260600441e+01 3.469000000000000000e+03
1.600496235752816299e+00 4.567995070674736269e+01 1.219912939962825149e+01 -6.558527342633793467e+01 3.442000000000000000e+03
1.663579768167897210e+00 4.460388809279331923e+01 1.470202601381508778e+01 -7.560135329023678707e+01 3.114000000000000000e+03
1.726532082231556853e+00 4.350937307316315383e+01 1.797396912881232467e+01 -8.599653052437987810e+01 3.028000000000000000e+03
1.789048008067354312e+00 4.119684716073367525e+01 1.791512673320691462e+01 -9.397421860321773579e+01 2.568000000000000000e+03
1.851410046193440406e+00 4.081868124560031674e+01 1.791241403524309206e+01 -1.006041659647955555e+02 2.506000000000000000e+03
1.913905183005287114e+00 3.905370970257622787e+01 1.851731870676051628e+01 -1.070703020433284394e+02 2.034000000000000000e+03
1.977014699850697221e+00 3.911815248086081453e+01 1.853027837977860415e+01 -1.111839780910619453e+02 1.864000000000000000e+03
2.039495322649380604e+00 3.771412974064777757e+01 1.862209858900183690e+01 -1.153218528237630380e+02 1.384000000000000000e+03
2.100924002656074929e+00 3.731071541376393697e+01 1.739209692631501269e+01 -1.202847557809149919e+02 1.074000000000000000e+03
2.164000508399174016e+00 3.505686685067987440e+01 1.455663588874711856e+01 -1.206677172312562192e+02 7.390000000000000000e+02
2.228664443297649456e+00 3.168521903933356754e+01 9.788210255623477352e+00 -1.111032127948644188e+02 5.130000000000000000e+02
2.290288135997491814e+00 3.104577463935306625e+01 7.839320120190937935e+00 -1.097370719241912553e+02 2.950000000000000000e+02
2.348574605845156427e+00 2.923702961163491310e+01 4.519890971758728782e+00 -1.027023434720550625e+02 2.070000000000000000e+02
2.414035098727600470e+00 2.318609865802058678e+01 3.070740522929454652e+00 -8.276144256521256182e+01 1.240000000000000000e+02
2.482380303565228097e+00 1.823589121540183910e+01 1.630875247071093881e+00 -6.497958840726990104e+01 5.200000000000000000e+01
2.540355249661966131e+00 1.003572961224299043e+01 9.393245881936669248e-03 -3.498707138200443012e+01 9.000000000000000000e+00
2.585047253082041419e+00 1.598429699174775642e+01 4.792654864577448048e-01 -5.634075899533245035e+01 4.000000000000000000e+00
