8.899641224696955288e-02 1.180494417639569292e+04 -5.553359428075818869e+03 -1.836088584894229825e+03 1.300000000000000000e+01
1.507912216506557823e-01 8.210592805438531286e+03 -8.148762891496007796e+02 6.017204219796605685e+03 3.300000000000000000e+01
2.144790186456836945e-01 6.324730991180586898e+03 6.870155751560631643e+02 2.654309170733740757e+02 7.900000000000000000e+01
2.783660776489276789e-01 5.126651064284168569e+03 -2.820882533247338415e+02 -1.369632680603994288e+02 1.170000000000000000e+02
3.435099785803411021e-01 3.881550004325736154e+03 -1.412694399104968568e+02 -3.603775397132302487e+02 2.050000000000000000e+02
4.047886761425745772e-01 3.080322353056959400e+03 1.479681016501886859e+01 -2.215842421445296395e+02 2.350000000000000000e+02
4.676716683575679601e-01 2.379343299806078448e+03 -1.910371381293616651e+02 -6.773956306030852375e+02 3.690000000000000000e+02
5.308225101765952081e-01 1.876312502865873739e+03 -2.127843273603532648e+00 -3.248067459614624113e+02 4.330000000000000000e+02
5.945362440940590298e-01 1.473619866823979464e+03 3.178763130608211185e+01 -4.531374795162010969e+02 5.850000000000000000e+02
6.576224814588792489e-01 1.120484283935839358e+03 -6.605899888735582692e+01 -1.843467862894133305e+02 6.790000000000000000e+02
7.196632906698736676e-01 9.224046102415943551e+02 -4.102372155689624122e+01 -3.624583599217247638e+02 8.130000000000000000e+02
7.827860915688348298e-01 7.409162971197118850e+02 -1.471269241673716799e+01 -3.023963932239620931e+02 9.850000000000000000e+02
8.470398945834540783e-01 5.809940092448300675e+02 -4.329159070387672159e+01 -2.678969063373971267e+02 1.183000000000000000e+03
9.096854620527370372e-01 4.738133071447476823e+02 -1.627593495566389592e+01 -2.370528945463626087e+02 1.269000000000000000e+03
9.720789776830213169e-01 3.987585265803760421e+02 -1.824532724549603557e+01 -2.548702190466522666e+02 1.537000000000000000e+03
1.034763038959366499e+00 3.349112560361619444e+02 -1.268316646911990908e+01 -2.366186041020679056e+02 1.653000000000000000e+03
1.097576444254559247e+00 2.996839294408280239e+02 -4.096573617875287177e+00 -2.192642357910847011e+02 1.963000000000000000e+03
1.160543084780093270e+00 2.707349481172161063e+02 2.185920119431761233e+00 -2.010580452030685308e+02 2.121000000000000000e+03
1.223669666537485323e+00 2.461976312748500675e+02 1.416590602380673047e+01 -1.824446790680355832e+02 2.413000000000000000e+03
1.286817263090294094e+00 2.304427650526433524e+02 3.192534335598215733e+01 -1.520737803554459902e+02 2.635000000000000000e+03
1.349500801664080818e+00 2.119303768163370023e+02 3.690581155595693730e+01 -9.789147927822160966e+01 2.877000000000000000e+03
1.411949558842147567e+00 2.010279848234118845e+02 4.184094701864916033e+01 -9.042209429088929085e+01 3.169000000000000000e+03
1.475133575747468395e+00 1.922859447837407743e+02 3.930225139265000678e+01 -4.377754184891237799e+01 3.507000000000000000e+03
1.537860814044183622e+00 1.933937627568743665e+02 3.641032987891752981e+01 -4.184514297232822599e+01 3.469000000000000000e+03
1.600496235752816299e+00 1.968292234874546693e+02 1.505638543231453497e+01 -1.082726021886305716e+02 3.442000000000000000e+03
1.663579768167897210e+00 2.000856696804150658e+02 -1.077608838177109796e+01 -1.773435508377650933e+02 3.114000000000000000e+03
1.726532082231556853e+00 1.992421867364798516e+02 -3.412647087206221386e+01 -2.229731590987462653e+02 3.028000000000000000e+03
1.789048008067354312e+00 1.959252175035016421e+02 -4.879641079427743477e+01 -2.568451095334153251e+02 2.568000000000000000e+03
1.851410046193440406e+00 1.887147173506281490e+02 -5.058951041684701977e+01 -2.814002278782978124e+02 2.506000000000000000e+03
1.913905183005287114e+00 1.860370894493246681e+02 -5.961137791530617136e+01 -3.004872423931326466e+02 2.034000000000000000e+03
1.977014699850697221e+00 1.919145251777614476e+02 -5.606542799231715435e+01 -3.409337597125310708e+02 1.864000000000000000e+03
2.039495322649380604e+00 1.993861529555258869e+02 -5.340035300222262293e+01 -3.893156673819318598e+02 1.384000000000000000e+03
2.100924002656074929e+00 2.095999384359973590e+02 -6.139146243014168647e+01 -4.491780172939038493e+02 1.074000000000000000e+03
2.164000508399174016e+00 2.104578202843142947e+02 -5.644712288593850502e+01 -5.265471069099654642e+02 7.390000000000000000e+02
2.228664443297649456e+00 2.200509027907882285e+02 -4.599810985409127539e+01 -6.249964312069007519e+02 5.130000000000000000e+02
2.290288135997491814e+00 2.289544764651335242e+02 -4.310709168642542721e+01 -6.887058027800442233e+02 2.950000000000000000e+02
2.348574605845156427e+00 2.420608517538761930e+02 -2.665503787490246879e+01 -7.802562593017594281e+02 2.070000000000000000e+02
2.414035098727600470e+00 2.563926609541450716e+02 -1.515612146337978139e+01 -8.617271355030788982e+02 1.240000000000000000e+02
2.482380303565228097e+00 2.845824733232026347e+02 3.267063178133942092e+00 -9.894041831379860241e+02 5.200000000000000000e+01
2.540355249661966131e+00 3.974844390705916908e+02 8.724798001365666522e+00 -1.394319295918163789e+03 9.000000000000000000e+00
2.585047253082041419e+00 5.505484861920549520e+02 1.180450469724302565e+01 -1.936286354524404715e+03 4.000000000000000000e+00
