8.899641224696955288e-02 9.640026645264395047e+05 -1.824503601400589105e+04 -4.054885162954314146e+05 1.300000000000000000e+01
1.507912216506557823e-01 9.028374189300809521e+05 -8.266043086011255218e+04 1.774073924024984881e+05 3.300000000000000000e+01
2.144790186456836945e-01 8.151143304848416010e+05 -1.451107646111316863e+05 -1.260497732138256397e+05 7.900000000000000000e+01
2.783660776489276789e-01 7.123817058173922123e+05 -2.265702619134854467e+05 -9.029095698195427758e+03 1.170000000000000000e+02
3.435099785803411021e-01 6.030122784550758079e+05 -2.986980314701392199e+05 3.308237150009073957e+04 2.050000000000000000e+02
4.047886761425745772e-01 5.047368707474701223e+05 -3.577329677371628350e+05 7.475196313142101280e+04 2.350000000000000000e+02
4.676716683575679601e-01 4.155909577203257941e+05 -3.692905969113073079e+05 4.728701264150009229e+04 3.690000000000000000e+02
5.308225101765952081e-01 3.427179731105203973e+05 -3.717228285436794395e+05 8.773981851223600097e+04 4.330000000000000000e+02
5.945362440940590298e-01 2.871500777251857799e+05 -3.364798791906603728e+05 8.905874381116565201e+04 5.850000000000000000e+02
6.576224814588792489e-01 2.518189594191199867e+05 -2.962655125044807792e+05 1.358901681781007501e+05 6.790000000000000000e+02
7.196632906698736676e-01 2.252577936393314158e+05 -2.194233777109158400e+05 8.444245739733679511e+04 8.130000000000000000e+02
7.827860915688348298e-01 2.147013190203467675e+05 -1.638166623536959814e+05 7.715089704915847688e+04 9.850000000000000000e+02
8.470398945834540783e-01 2.079958695667819993e+05 -1.097097630140306574e+05 6.302512619807309238e+04 1.183000000000000000e+03
9.096854620527370372e-01 2.052361464316243946e+05 -6.925542852446962206e+04 4.181901484403879294e+03 1.269000000000000000e+03
9.720789776830213169e-01 2.042950431879055977e+05 -4.623033342991756945e+04 -6.626787985453606234e+04 1.537000000000000000e+03
1.034763038959366499e+00 2.009063898970951850e+05 -3.678122235823776282e+04 -1.262898409338866331e+05 1.653000000000000000e+03
1.097576444254559247e+00 2.016898457851039711e+05 -3.527518161921501451e+04 -1.761170891208335815e+05 1.963000000000000000e+03
1.160543084780093270e+00 2.010133461738336191e+05 -3.221816739251041145e+04 -2.028817388574957440e+05 2.121000000000000000e+03
1.223669666537485323e+00 2.058385555470540712e+05 -1.746915374469670860e+04 -1.950664068678907061e+05 2.413000000000000000e+03
1.286817263090294094e+00 2.154064680553990474e+05 1.962927459766127504e+04 -1.451989893107448297e+05 2.635000000000000000e+03
1.349500801664080818e+00 2.295044163690669811e+05 7.902422283113622689e+04 -2.746677445961342528e+04 2.877000000000000000e+03
1.411949558842147567e+00 2.517926371420431533e+05 1.571012521938552090e+05 8.019463357202571933e+04 3.169000000000000000e+03
1.475133575747468395e+00 2.791028533624497941e+05 2.470012845522894058e+05 2.329704938220535405e+05 3.507000000000000000e+03
1.537860814044183622e+00 2.900923204280915088e+05 2.483522785236701602e+05 1.650586022274276183e+05 3.469000000000000000e+03
1.600496235752816299e+00 2.782308942408664734e+05 1.639251395063168893e+05 -9.689925201208933140e+04 3.442000000000000000e+03
1.663579768167897210e+00 2.600346974946296541e+05 1.211335297490345110e+05 -2.897461594080452924e+05 3.114000000000000000e+03
1.726532082231556853e+00 2.468084541542634834e+05 8.966953384538104001e+04 -4.221837008612601785e+05 3.028000000000000000e+03
1.789048008067354312e+00 2.450340242034256808e+05 7.077915921228980005e+04 -5.303579434724508319e+05 2.568000000000000000e+03
1.851410046193440406e+00 2.420959708237237064e+05 6.693259534371344489e+04 -6.170355158657751745e+05 2.506000000000000000e+03
1.913905183005287114e+00 2.477998492641377961e+05 5.094539678830475896e+04 -6.882106622225826140e+05 2.034000000000000000e+03
1.977014699850697221e+00 2.388789051627239678e+05 3.872276832629061391e+04 -6.904469064333101269e+05 1.864000000000000000e+03
2.039495322649380604e+00 2.336870687606597785e+05 1.976573332404542089e+04 -6.886901409623442451e+05 1.384000000000000000e+03
2.100924002656074929e+00 2.316638745224424638e+05 3.566552201844069259e+03 -7.029343062275795965e+05 1.074000000000000000e+03
2.164000508399174016e+00 2.414700099764257902e+05 -3.117543918971458879e+03 -7.670410414059740724e+05 7.390000000000000000e+02
2.228664443297649456e+00 2.467734038722432160e+05 -1.162365872720420884e+04 -7.974760664239227772e+05 5.130000000000000000e+02
2.290288135997491814e+00 2.520691751039972296e+05 -2.607785268800324775e+04 -8.055154607115278486e+05 2.950000000000000000e+02
2.348574605845156427e+00 2.638186221399385831e+05 -3.477014155315759854e+04 -8.502337891235585557e+05 2.070000000000000000e+02
2.414035098727600470e+00 2.531468979985493643e+05 -2.548089614836120018e+04 -8.397763685658606701e+05 1.240000000000000000e+02
2.482380303565228097e+00 2.372831592256186123e+05 -1.370244622544250160e+04 -8.072425603026008466e+05 5.200000000000000000e+01
2.540355249661966131e+00 2.312758774758612271e+05 -5.052340083478506131e+03 -8.006935902598913526e+05 9.000000000000000000e+00
2.585047253082041419e+00 2.435012090684474388e+05 -1.384262399854109390e+03 -8.495770119635720039e+05 4.000000000000000000e+00
