8.899641224696955288e-02 8.849074443216071231e+05 -2.478812817397798062e+04 -3.309227758569821599e+05 1.300000000000000000e+01
1.507912216506557823e-01 7.945068466276867548e+05 -5.367745959150941781e+04 1.640971386323073239e+05 3.300000000000000000e+01
2.144790186456836945e-01 6.945090055949582020e+05 -8.437548014452149800e+04 -1.049506796125403489e+05 7.900000000000000000e+01
2.783660776489276789e-01 5.893206062470773468e+05 -1.585520488040885539e+05 -2.539256375174969799e+04 1.170000000000000000e+02
3.435099785803411021e-01 4.783127366158211953e+05 -1.923905847146983433e+05 -6.587143577955729597e+03 2.050000000000000000e+02
4.047886761425745772e-01 3.839352520068741869e+05 -2.035777516299103154e+05 9.479125581431360843e+03 2.350000000000000000e+02
4.676716683575679601e-01 3.086886280380627722e+05 -1.973038935710508667e+05 -5.185107885227858787e+04 3.690000000000000000e+02
5.308225101765952081e-01 2.512429368089041964e+05 -1.868140136263346940e+05 -5.026363732288684696e+04 4.330000000000000000e+02
5.945362440940590298e-01 2.093639296096034814e+05 -1.607482063532206230e+05 -6.740737637609672674e+04 5.850000000000000000e+02
6.576224814588792489e-01 1.780208024446353666e+05 -1.344505709494072071e+05 -6.473793341485459678e+04 6.790000000000000000e+02
7.196632906698736676e-01 1.605134291810830764e+05 -1.041893668249038165e+05 -1.104132932369014889e+05 8.130000000000000000e+02
7.827860915688348298e-01 1.460571133176180301e+05 -7.519802320361352758e+04 -1.259640824120502220e+05 9.850000000000000000e+02
8.470398945834540783e-01 1.355464854481556977e+05 -6.313805327566218330e+04 -1.154424287840869947e+05 1.183000000000000000e+03
9.096854620527370372e-01 1.338225722283989307e+05 -4.034094364826861420e+04 -1.307031845054984296e+05 1.269000000000000000e+03
9.720789776830213169e-01 1.357053873499095789e+05 -1.698459864718814424e+04 -1.433679899919455056e+05 1.537000000000000000e+03
1.034763038959366499e+00 1.421921690261102340e+05 1.017025045391342701e+03 -1.317837362520301249e+05 1.653000000000000000e+03
1.097576444254559247e+00 1.532394691212379257e+05 3.327177898682997329e+04 -1.263752325034110108e+05 1.963000000000000000e+03
1.160543084780093270e+00 1.695419877876820683e+05 5.897178816856266349e+04 -1.042524461186184781e+05 2.121000000000000000e+03
1.223669666537485323e+00 1.872492713583636214e+05 8.664140602500113891e+04 -7.980214498766390898e+04 2.413000000000000000e+03
1.286817263090294094e+00 2.073521927078640438e+05 1.153798076010625082e+05 -5.110612012696395686e+04 2.635000000000000000e+03
1.349500801664080818e+00 2.280960159153036366e+05 1.449580700088888698e+05 1.297939993815316120e+04 2.877000000000000000e+03
1.411949558842147567e+00 2.457514041813530202e+05 1.594430289604130085e+05 4.238172443770652171e+04 3.169000000000000000e+03
1.475133575747468395e+00 2.660450349159634789e+05 1.758578793444242328e+05 1.058589147462108085e+05 3.507000000000000000e+03
1.537860814044183622e+00 2.699672258043835172e+05 1.616703762143806380e+05 2.011640659516303276e+04 3.469000000000000000e+03
1.600496235752816299e+00 2.577616536079578218e+05 1.094435921205696359e+05 -2.064973047761706111e+05 3.442000000000000000e+03
1.663579768167897210e+00 2.419527529076729843e+05 7.830234188463909959e+04 -3.615767038094447344e+05 3.114000000000000000e+03
1.726532082231556853e+00 2.269244946002983488e+05 6.773721291620000557e+04 -4.546605743028306752e+05 3.028000000000000000e+03
1.789048008067354312e+00 2.210007928425778518e+05 6.973268257584166713e+04 -5.217333042187924148e+05 2.568000000000000000e+03
1.851410046193440406e+00 2.200218894696390780e+05 7.715262088031005987e+04 -5.799033337903004140e+05 2.506000000000000000e+03
1.913905183005287114e+00 2.366511975642498583e+05 8.291569580165421939e+04 -6.719141156468621921e+05 2.034000000000000000e+03
1.977014699850697221e+00 2.559465519884705427e+05 9.714047367965291778e+04 -7.630797908258026000e+05 1.864000000000000000e+03
2.039495322649380604e+00 2.872744692883763346e+05 9.971611290755766095e+04 -8.775693984311921522e+05 1.384000000000000000e+03
2.100924002656074929e+00 3.129518493616689229e+05 9.287238349787752668e+04 -9.763732592420383589e+05 1.074000000000000000e+03
2.164000508399174016e+00 3.172311667839420843e+05 6.941502873674943112e+04 -1.012062619385867147e+06 7.390000000000000000e+02
2.228664443297649456e+00 2.975801231817268417e+05 5.592734480519963836e+04 -9.843044311929586111e+05 5.130000000000000000e+02
2.290288135997491814e+00 2.689723343529319391e+05 5.268769891091815225e+04 -9.246231080460572848e+05 2.950000000000000000e+02
2.348574605845156427e+00 2.055259870669877855e+05 3.969812727380920114e+04 -7.323832225854095304e+05 2.070000000000000000e+02
2.414035098727600470e+00 1.462881162610845349e+05 2.281205512906921649e+04 -5.263394548331454862e+05 1.240000000000000000e+02
2.482380303565228097e+00 1.067927372749651986e+05 1.004033431908871898e+04 -3.809316451269717654e+05 5.200000000000000000e+01
2.540355249661966131e+00 1.044524600746602810e+05 3.299111039249664827e+03 -3.676071176077665878e+05 9.000000000000000000e+00
2.585047253082041419e+00 9.560898336125536298e+04 1.314219145916349817e+03 -3.355774758941906621e+05 4.000000000000000000e+00
