8.899641224696955288e-02 8.700520810627506580e+05 -3.328246159791286482e+04 -3.072861942121556494e+05 1.300000000000000000e+01
1.507912216506557823e-01 7.769538367481366731e+05 -5.439559799495361221e+04 1.699232973313809489e+05 3.300000000000000000e+01
2.144790186456836945e-01 6.775347790782776428e+05 -7.320989224628156808e+04 -9.456347569290420506e+04 7.900000000000000000e+01
2.783660776489276789e-01 5.732454216248966986e+05 -1.529467903966604208e+05 -2.984433931167915216e+04 1.170000000000000000e+02
3.435099785803411021e-01 4.651325983152528643e+05 -1.822338857385333395e+05 -1.455090701344066474e+04 2.050000000000000000e+02
4.047886761425745772e-01 3.738146025381267536e+05 -1.857245665387850895e+05 2.219807331702616466e+03 2.350000000000000000e+02
4.676716683575679601e-01 3.014356666711337166e+05 -1.801310236196075566e+05 -6.450690384414006257e+04 3.690000000000000000e+02
5.308225101765952081e-01 2.472647849564552307e+05 -1.697114409864869376e+05 -6.420944134765834315e+04 4.330000000000000000e+02
5.945362440940590298e-01 2.079485572129788925e+05 -1.454374210725823650e+05 -8.129697544848817051e+04 5.850000000000000000e+02
6.576224814588792489e-01 1.772112581329157401e+05 -1.217723013171609200e+05 -7.972624044424189196e+04 6.790000000000000000e+02
7.196632906698736676e-01 1.605157176935742609e+05 -9.520365894360463426e+04 -1.207900719112190563e+05 8.130000000000000000e+02
7.827860915688348298e-01 1.457954330799973686e+05 -6.802689590218846570e+04 -1.326787724845987395e+05 9.850000000000000000e+02
8.470398945834540783e-01 1.346489760181994061e+05 -5.716176049423832592e+04 -1.157727735147298081e+05 1.183000000000000000e+03
9.096854620527370372e-01 1.321247374462147127e+05 -3.202314027574845750e+04 -1.237569550320411654e+05 1.269000000000000000e+03
9.720789776830213169e-01 1.330395414851032838e+05 -6.488524004255909858e+03 -1.308297960102032084e+05 1.537000000000000000e+03
1.034763038959366499e+00 1.376766900624738482e+05 1.369407310651071566e+04 -1.163392487054091616e+05 1.653000000000000000e+03
1.097576444254559247e+00 1.465479531913391256e+05 4.754695545121946634e+04 -1.085916511439915193e+05 1.963000000000000000e+03
1.160543084780093270e+00 1.589206511634816707e+05 7.424146955516838352e+04 -8.706143377872760175e+04 2.121000000000000000e+03
1.223669666537485323e+00 1.713398303880780004e+05 9.897562279806428705e+04 -6.996979628156922990e+04 2.413000000000000000e+03
1.286817263090294094e+00 1.853215356423152552e+05 1.253113003150612203e+05 -4.757028851100298925e+04 2.635000000000000000e+03
1.349500801664080818e+00 1.988540871668001637e+05 1.526456028809356503e+05 6.418524934877819760e+03 2.877000000000000000e+03
1.411949558842147567e+00 2.088371722738066455e+05 1.632814111455935345e+05 2.489920467452078447e+04 3.169000000000000000e+03
1.475133575747468395e+00 2.214057458881331258e+05 1.798896040037453931e+05 7.652081885536869231e+04 3.507000000000000000e+03
1.537860814044183622e+00 2.210984684236311587e+05 1.724459067726012145e+05 6.068414467185488320e+03 3.469000000000000000e+03
1.600496235752816299e+00 2.071008509358846059e+05 1.319209189457866887e+05 -1.859130989197517047e+05 3.442000000000000000e+03
1.663579768167897210e+00 1.915585920205970469e+05 1.070569884149971767e+05 -3.154637792183149140e+05 3.114000000000000000e+03
1.726532082231556853e+00 1.785293165300273686e+05 1.010381375960261794e+05 -3.938296209733532742e+05 3.028000000000000000e+03
1.789048008067354312e+00 1.743936870552074106e+05 1.051036011188423727e+05 -4.546513702705655014e+05 2.568000000000000000e+03
1.851410046193440406e+00 1.751498849993772747e+05 1.101285342620036681e+05 -5.058819678638095502e+05 2.506000000000000000e+03
1.913905183005287114e+00 1.913340642468852457e+05 1.188537198604302976e+05 -5.988827797476284904e+05 2.034000000000000000e+03
1.977014699850697221e+00 2.078770435436053667e+05 1.310181457313097781e+05 -6.824460414318371331e+05 1.864000000000000000e+03
2.039495322649380604e+00 2.372943957154225209e+05 1.443365836337902874e+05 -8.069755807976424694e+05 1.384000000000000000e+03
2.100924002656074929e+00 2.592715332055023173e+05 1.436602121847278031e+05 -9.018268960407745326e+05 1.074000000000000000e+03
2.164000508399174016e+00 2.636751873145278078e+05 1.212914752042404725e+05 -9.302829104582989821e+05 7.390000000000000000e+02
2.228664443297649456e+00 2.462200209290556668e+05 9.232315798888205609e+04 -8.793455844244387699e+05 5.130000000000000000e+02
2.290288135997491814e+00 2.277258482186572801e+05 6.952790751325269230e+04 -8.192267563988290494e+05 2.950000000000000000e+02
2.348574605845156427e+00 1.952538791586325096e+05 3.887752684989114641e+04 -6.997457817406427348e+05 2.070000000000000000e+02
2.414035098727600470e+00 1.919698401336327079e+05 1.870027915231453517e+04 -6.797615962203947129e+05 1.240000000000000000e+02
2.482380303565228097e+00 2.195906213508110086e+05 8.362859983687565546e+03 -7.707652956094921101e+05 5.200000000000000000e+01
2.540355249661966131e+00 2.829638161672938731e+05 2.498781609391184247e+03 -9.891387214164517354e+05 9.000000000000000000e+00
2.585047253082041419e+00 3.156301915549378027e+05 7.846118721409106911e+02 -1.104044463582059136e+06 4.000000000000000000e+00
