8.899641224696955288e-02 8.029414692031970480e+05 -2.972987532391475543e+04 -3.116274088345072814e+05 1.300000000000000000e+01
1.507912216506557823e-01 7.029899698098930530e+05 -5.038877185806791385e+04 1.369551491173624818e+05 3.300000000000000000e+01
2.144790186456836945e-01 5.987043310824210057e+05 -6.687652259098796640e+04 -9.429425938612666505e+04 7.900000000000000000e+01
2.783660776489276789e-01 5.056996739274742431e+05 -1.293289515168256039e+05 -4.791624728026660159e+04 1.170000000000000000e+02
3.435099785803411021e-01 4.136608550777449273e+05 -1.420636044157248398e+05 -5.117089960203757073e+04 2.050000000000000000e+02
4.047886761425745772e-01 3.383703341271201498e+05 -1.445827275900217355e+05 -5.553706743440584250e+04 2.350000000000000000e+02
4.676716683575679601e-01 2.856861184120744583e+05 -1.335471438556224166e+05 -1.278469394074813754e+05 3.690000000000000000e+02
5.308225101765952081e-01 2.462488694643703930e+05 -1.257817216094618489e+05 -1.361947176084953826e+05 4.330000000000000000e+02
5.945362440940590298e-01 2.184305301293130324e+05 -1.136371097071368131e+05 -1.531748171349453332e+05 5.850000000000000000e+02
6.576224814588792489e-01 1.949863861291062785e+05 -9.873009944476479723e+04 -1.522021559395351214e+05 6.790000000000000000e+02
7.196632906698736676e-01 1.865442406568239967e+05 -8.205722791531597613e+04 -1.930506133375367208e+05 8.130000000000000000e+02
7.827860915688348298e-01 1.791742202192863333e+05 -5.440041456912061403e+04 -2.107137660293523804e+05 9.850000000000000000e+02
8.470398945834540783e-01 1.772306293148724653e+05 -4.312469048853091226e+04 -1.849702185047673993e+05 1.183000000000000000e+03
9.096854620527370372e-01 1.870539550334336818e+05 -5.853557678914138705e+03 -1.993468370251778397e+05 1.269000000000000000e+03
9.720789776830213169e-01 2.026014414041402924e+05 2.980749859297289368e+04 -2.196243061863726762e+05 1.537000000000000000e+03
1.034763038959366499e+00 2.210843185504797730e+05 5.548460992049446213e+04 -2.030959563328448858e+05 1.653000000000000000e+03
1.097576444254559247e+00 2.418394902233325993e+05 9.397186187391461863e+04 -1.904267443551125762e+05 1.963000000000000000e+03
1.160543084780093270e+00 2.667536672275047749e+05 1.142410149179307773e+05 -1.526604700543174695e+05 2.121000000000000000e+03
1.223669666537485323e+00 2.867428953801917378e+05 1.356372085849306895e+05 -1.146960534077729390e+05 2.413000000000000000e+03
1.286817263090294094e+00 3.068876887249551946e+05 1.471773391038567061e+05 -5.739184293569014699e+04 2.635000000000000000e+03
1.349500801664080818e+00 3.246253032438311493e+05 1.608078221368153463e+05 5.130031194438686362e+04 2.877000000000000000e+03
1.411949558842147567e+00 3.377207389964186004e+05 1.641062701986774046e+05 1.150959956543167064e+05 3.169000000000000000e+03
1.475133575747468395e+00 3.533694930133371963e+05 1.701873598527931026e+05 2.270822817548199673e+05 3.507000000000000000e+03
1.537860814044183622e+00 3.501900436894812156e+05 1.373606277176051517e+05 1.272842049787106807e+05 3.469000000000000000e+03
1.600496235752816299e+00 3.288387104280497297e+05 6.756106791328715917e+04 -1.359986801777313813e+05 3.442000000000000000e+03
1.663579768167897210e+00 3.190543429801879684e+05 4.729620933923547273e+04 -3.324107108856610139e+05 3.114000000000000000e+03
1.726532082231556853e+00 3.234186774855859694e+05 5.801442951640467072e+04 -4.957098495835321955e+05 3.028000000000000000e+03
1.789048008067354312e+00 3.395973821156229242e+05 8.655268437288055429e+04 -6.645102111786555033e+05 2.568000000000000000e+03
1.851410046193440406e+00 3.711679057544262032e+05 1.087508928451549873e+05 -8.202349499522410333e+05 2.506000000000000000e+03
1.913905183005287114e+00 4.151116257693071966e+05 1.566040163484187506e+05 -1.087895964019521140e+06 2.034000000000000000e+03
1.977014699850697221e+00 4.873027806408457109e+05 1.804959597701025777e+05 -1.334674966639271704e+06 1.864000000000000000e+03
2.039495322649380604e+00 5.821677269027526490e+05 2.660496321602549287e+05 -1.805482694556159200e+06 1.384000000000000000e+03
2.100924002656074929e+00 7.163741434894262347e+05 3.175847971489083720e+05 -2.363842321177474689e+06 1.074000000000000000e+03
2.164000508399174016e+00 8.898516260191374458e+05 3.505869505326271174e+05 -3.108020597683201078e+06 7.390000000000000000e+02
2.228664443297649456e+00 1.099366578919542022e+06 3.425395869794853497e+05 -3.908665226277916227e+06 5.130000000000000000e+02
2.290288135997491814e+00 1.358390614454752998e+06 3.110505591997308074e+05 -4.818461432326394133e+06 2.950000000000000000e+02
2.348574605845156427e+00 1.656341098624738166e+06 1.799658090847393614e+05 -5.779258885373880155e+06 2.070000000000000000e+02
2.414035098727600470e+00 2.065199323636746267e+06 7.630429258244382800e+04 -7.172920495237075724e+06 1.240000000000000000e+02
2.482380303565228097e+00 2.600920313022145536e+06 2.914806834361923393e+04 -9.050955552496183664e+06 5.200000000000000000e+01
2.540355249661966131e+00 3.030363354622480460e+06 1.232609129458175994e+04 -1.057709755921595171e+07 9.000000000000000000e+00
2.585047253082041419e+00 4.099284809146035928e+06 7.690705606642989096e+02 -1.432759864339594357e+07 4.000000000000000000e+00
