8.899641224696955288e-02 9.527200411187985446e+05 -2.086935599635765175e+04 -3.868562954120415961e+05 1.300000000000000000e+01
1.507912216506557823e-01 8.734287014479492791e+05 -9.367654397665109718e+04 1.838301514151793672e+05 3.300000000000000000e+01
2.144790186456836945e-01 7.623472674893974327e+05 -1.620161745018693036e+05 -1.084264288365517859e+05 7.900000000000000000e+01
2.783660776489276789e-01 6.365487477527200244e+05 -2.475759883662429347e+05 -2.020128138515383966e+02 1.170000000000000000e+02
3.435099785803411021e-01 5.089976868294880842e+05 -3.168210271715566632e+05 4.683715270008879452e+04 2.050000000000000000e+02
4.047886761425745772e-01 4.012360727824945352e+05 -3.638633681484437548e+05 7.330531693770908169e+04 2.350000000000000000e+02
4.676716683575679601e-01 3.115276706174225546e+05 -3.556011180200669914e+05 6.289545548187166423e+04 3.690000000000000000e+02
5.308225101765952081e-01 2.463072829864960804e+05 -3.299754642038119491e+05 9.760592455663812871e+04 4.330000000000000000e+02
5.945362440940590298e-01 2.046058362595987273e+05 -2.649288063433059142e+05 1.017911775873302686e+05 5.850000000000000000e+02
6.576224814588792489e-01 1.852609001612788998e+05 -1.935512155908107816e+05 1.398753156458273006e+05 6.790000000000000000e+02
7.196632906698736676e-01 1.751738842120087938e+05 -1.022378889698538987e+05 9.461173405520882807e+04 8.130000000000000000e+02
7.827860915688348298e-01 1.769515812925144564e+05 -3.756762625976565323e+04 7.002292607931538078e+04 9.850000000000000000e+02
8.470398945834540783e-01 1.794969887720134575e+05 2.059369644075154793e+04 4.723840994639050041e+04 1.183000000000000000e+03
9.096854620527370372e-01 1.804879928418060881e+05 4.627534853648192075e+04 -2.289648760961542575e+04 1.269000000000000000e+03
9.720789776830213169e-01 1.789967678227590804e+05 4.954372408530110260e+04 -1.029429174716879788e+05 1.537000000000000000e+03
1.034763038959366499e+00 1.742226270444988040e+05 3.665731159039992053e+04 -1.599398373543592461e+05 1.653000000000000000e+03
1.097576444254559247e+00 1.691594839583279681e+05 2.476397094812141586e+04 -2.065076778696650872e+05 1.963000000000000000e+03
1.160543084780093270e+00 1.660567478821348923e+05 1.849418172881623468e+04 -2.163533784440509335e+05 2.121000000000000000e+03
1.223669666537485323e+00 1.684102061090974021e+05 3.722608865609872009e+04 -1.849782752823714400e+05 2.413000000000000000e+03
1.286817263090294094e+00 1.782844215195450524e+05 8.844879901862994302e+04 -1.094863340903718781e+05 2.635000000000000000e+03
1.349500801664080818e+00 1.944638184170976165e+05 1.738432842279963079e+05 2.939004566439656992e+04 2.877000000000000000e+03
1.411949558842147567e+00 2.186535571064187097e+05 2.793918659195164801e+05 1.559480280322402541e+05 3.169000000000000000e+03
1.475133575747468395e+00 2.478275384458565095e+05 3.995049931573600625e+05 3.189296142247695825e+05 3.507000000000000000e+03
1.537860814044183622e+00 2.554422086563814082e+05 4.096257577407159260e+05 2.255094208842468215e+05 3.469000000000000000e+03
1.600496235752816299e+00 2.373648088783556013e+05 3.088329404660775326e+05 -7.806528443086048355e+04 3.442000000000000000e+03
1.663579768167897210e+00 2.234745416911960347e+05 2.355643017459988769e+05 -2.903182952979929396e+05 3.114000000000000000e+03
1.726532082231556853e+00 2.182430591360919352e+05 1.694600638478871551e+05 -4.339603865926933358e+05 3.028000000000000000e+03
1.789048008067354312e+00 2.237363432830179227e+05 1.179927347409003269e+05 -5.391922411930878880e+05 2.568000000000000000e+03
1.851410046193440406e+00 2.273817099695705692e+05 8.032267287915783527e+04 -6.107120667558914283e+05 2.506000000000000000e+03
1.913905183005287114e+00 2.361535244175612461e+05 3.884798204840684048e+04 -6.521435355750072049e+05 2.034000000000000000e+03
1.977014699850697221e+00 2.288153199157206691e+05 4.086727259804845289e+03 -6.175149642309022602e+05 1.864000000000000000e+03
2.039495322649380604e+00 2.262518081391514570e+05 -3.796035115896179923e+04 -5.736500382012455957e+05 1.384000000000000000e+03
2.100924002656074929e+00 2.206511502388822264e+05 -6.711912873000398395e+04 -5.385215037300684489e+05 1.074000000000000000e+03
2.164000508399174016e+00 2.117237092272762384e+05 -7.232261374866284314e+04 -5.324148753354804358e+05 7.390000000000000000e+02
2.228664443297649456e+00 1.856813912812829367e+05 -5.051775275350697484e+04 -5.088920669743511826e+05 5.130000000000000000e+02
2.290288135997491814e+00 1.582194055745962833e+05 -2.055998269079392048e+04 -4.820515269844314316e+05 2.950000000000000000e+02
2.348574605845156427e+00 1.350228996006049274e+05 8.445621067582176693e+03 -4.625162436321119894e+05 2.070000000000000000e+02
2.414035098727600470e+00 1.432754010088515352e+05 1.422814839844166090e+04 -5.082028696707782801e+05 1.240000000000000000e+02
2.482380303565228097e+00 1.947175376888887840e+05 9.472502538399310652e+03 -6.859377208537867991e+05 5.200000000000000000e+01
2.540355249661966131e+00 2.687520202727315482e+05 3.813327840502612162e+03 -9.409752342487332644e+05 9.000000000000000000e+00
2.585047253082041419e+00 3.440578013707498321e+05 1.073729731270950879e+03 -1.203649934690049151e+06 4.000000000000000000e+00
