2.966547074898984615e+00 9.905562714170181027e-02 -3.759695953638568511e-02 -5.961589008035470504e-03 1.300000000000000000e+01
5.026374055021858744e+00 2.285969909745106873e-02 -1.677829055596636101e-02 2.753828689072191846e-02 3.300000000000000000e+01
7.149300621522788113e+00 1.251830415068709568e-02 9.591341590590334639e-04 -1.049646296622805608e-04 7.900000000000000000e+01
9.278869254964254409e+00 7.218400200572912262e-03 -1.972432091989257449e-03 4.039016420415601294e-04 1.170000000000000000e+02
1.145033261934470126e+01 4.736044271113747789e-03 1.415641172926479540e-04 1.137591950005737568e-03 2.050000000000000000e+02
1.349295587141915043e+01 3.278238343997396699e-03 -6.182376962425096059e-04 3.150934231376722669e-04 2.350000000000000000e+02
1.558905561191892986e+01 2.586044842758909983e-03 -5.730567406488449450e-04 1.901989915835470809e-04 3.690000000000000000e+02
1.769408367255316961e+01 1.988260075043732020e-03 -7.219338225083494218e-04 4.750355888258512584e-04 4.330000000000000000e+02
1.981787480313529670e+01 1.512418665190616964e-03 -2.693723516611487977e-05 2.798168469312635703e-04 5.850000000000000000e+02
2.192074938196263645e+01 1.328428069026066100e-03 -8.926843998647574689e-05 3.581270503221536928e-04 6.790000000000000000e+02
2.398877635566245203e+01 1.138344026560428671e-03 -3.292617129097619085e-05 4.052217871626187805e-05 8.130000000000000000e+02
2.609286971896115759e+01 9.806729403129699901e-04 -1.180116938095834264e-04 9.145510884761475705e-05 9.850000000000000000e+02
2.823466315278179550e+01 8.387514185524682850e-04 -1.404523249734035775e-04 2.050187476629561042e-04 1.183000000000000000e+03
3.032284873509123102e+01 7.371268293585695082e-04 -5.172262936727388345e-05 2.107569667546764340e-04 1.269000000000000000e+03
3.240263258943403457e+01 6.455354023573315128e-04 -1.765844381763388157e-05 1.608374290136764637e-04 1.537000000000000000e+03
3.449210129864554375e+01 5.858273491114005145e-04 -5.749751022255274034e-05 1.000176038235688650e-04 1.653000000000000000e+03
3.658588147515196454e+01 5.184215322914732978e-04 -5.137827181479264697e-05 2.036219029465917581e-04 1.963000000000000000e+03
3.868476949266977272e+01 4.906156210299338766e-04 -2.214829041045690813e-05 1.965082054582991604e-04 2.121000000000000000e+03
4.078898888458283523e+01 4.495975634015379188e-04 -3.537046129390758784e-05 1.275426937868526407e-04 2.413000000000000000e+03
4.289390876967645738e+01 4.326939863521797819e-04 -3.848002207218184152e-05 8.606067969658987721e-05 2.635000000000000000e+03
4.498336005546935468e+01 3.901366911702349978e-04 -3.218781113896399540e-05 1.243346354731927634e-04 2.877000000000000000e+03
4.706498529473824988e+01 3.788572485135774685e-04 -4.493641341157686778e-05 1.178940934482056825e-04 3.169000000000000000e+03
4.917111919158227096e+01 3.411018630525172691e-04 -3.112074746549848626e-05 1.340711803809792346e-04 3.507000000000000000e+03
5.126216914174227668e+01 3.137749234720091569e-04 -3.233941016262605490e-05 1.020446509141882999e-04 3.685000000000000000e+03
5.335525146837034072e+01 3.066218992889070986e-04 -3.396902605150259558e-05 1.215846788336765334e-04 4.165000000000000000e+03
5.546637228956934251e+01 2.965602698477300104e-04 -2.221990933924723426e-05 9.784870892286835493e-05 4.377000000000000000e+03
5.757318819254808773e+01 2.796262254162197570e-04 1.112608424470550401e-05 1.035082833816206043e-04 4.855000000000000000e+03
5.965884044590281121e+01 2.673479109027726173e-04 -4.175910200809512454e-05 1.221810317595147378e-04 4.929000000000000000e+03
6.174512302159506305e+01 2.544128903501674294e-04 -2.712466679419011414e-05 1.005989539598467058e-04 5.581000000000000000e+03
6.382689291137189969e+01 2.430005036716198171e-04 -3.239564699258569756e-05 8.840818924387607437e-05 5.679000000000000000e+03
6.592966228838450604e+01 2.295526576055600130e-04 -2.874865227494171770e-05 6.667547342612990401e-05 6.385000000000000000e+03
6.803125784825746791e+01 2.141584239977355945e-04 -2.271077111454916484e-05 6.630172601379681174e-05 6.553000000000000000e+03
7.013131008699485847e+01 2.088137417102804282e-04 -2.925678738523480120e-05 7.071471894855042026e-05 7.125000000000000000e+03
7.223032366074338029e+01 2.026796792244839373e-04 -2.953365042080074171e-05 5.451142044359994594e-05 7.447000000000000000e+03
7.432334270720505742e+01 1.987050594622740286e-04 -3.365838595212940226e-05 5.698819070296826588e-05 7.929000000000000000e+03
7.642066756954473306e+01 1.889673665389836625e-04 -2.158955244835371865e-05 5.770424184109696852e-05 8.353000000000000000e+03
7.850471694556040347e+01 1.809573605371172329e-04 -2.023890041512465426e-05 5.907409656311129109e-05 8.775000000000000000e+03
8.059701946059529121e+01 1.743727880975833445e-04 -1.920604502431871082e-05 5.282795339285734478e-05 9.313000000000000000e+03
8.269521798132063850e+01 1.706461792636131147e-04 -1.596556385275244290e-05 4.178709789290263778e-05 9.841000000000000000e+03
8.478307522909847194e+01 1.625530512008447389e-04 -2.423586316066960887e-05 3.836925523777339245e-05 1.019100000000000000e+04
8.687780839616016237e+01 1.568797053338158356e-04 -3.091984912383034426e-05 2.794057630898863633e-05 1.089700000000000000e+04
8.897524569656535220e+01 1.535550390849755881e-04 -2.502140201567143714e-05 2.880124568251074050e-05 1.130100000000000000e+04
9.108077810470518898e+01 1.466201045117015956e-04 -1.421757704534041121e-05 2.712546435967108530e-05 1.202500000000000000e+04
9.318432266948052245e+01 1.433125731503650992e-04 -1.747703279932750592e-05 2.663234829524466072e-05 1.242300000000000000e+04
9.527887641048309320e+01 1.391951831999609502e-04 -1.929488699885232623e-05 2.457489251752250649e-05 1.302100000000000000e+04
9.736254237981037818e+01 1.345666305038949965e-04 -2.135524690764542652e-05 2.760830457449356301e-05 1.340500000000000000e+04
9.944832814799407572e+01 1.294008420568998222e-04 -2.104602565328961026e-05 2.507850868379874016e-05 1.424700000000000000e+04
1.015460879802399035e+02 1.255566754338138889e-04 -2.292869995754998454e-05 2.403141243014910193e-05 1.471300000000000000e+04
1.036426375667732316e+02 1.174470074324849818e-04 -1.955941764535251291e-05 2.427784660885947202e-05 1.548900000000000000e+04
1.057389390539465950e+02 1.150830166454713333e-04 -1.688734285590620858e-05 2.895647903055353776e-05 1.591300000000000000e+04
1.078395855981474227e+02 1.116315115957674744e-04 -1.900209872419677143e-05 2.319925523734333136e-05 1.687900000000000000e+04
1.099389405850131709e+02 1.099733024952012091e-04 -1.751401467591138069e-05 2.593254863208060081e-05 1.719300000000000000e+04
1.120392143152385387e+02 1.082972010076983571e-04 -1.517553602517702516e-05 2.235550457641692249e-05 1.815700000000000000e+04
1.141233458569757744e+02 1.042886392786481267e-04 -1.530025543061304790e-05 2.269342039637716867e-05 1.833900000000000000e+04
1.162159397555423084e+02 1.016454241827194197e-04 -1.060712258688992588e-05 2.381710654823380717e-05 1.957300000000000000e+04
1.183137204803772420e+02 9.862259913610856954e-05 -1.179113145086451572e-05 2.215415587222483432e-05 1.994100000000000000e+04
1.203972311807013256e+02 9.527981088029878671e-05 -1.155195238950829990e-05 2.045010856926362475e-05 2.062900000000000000e+04
1.224922363187857286e+02 9.373607677852114771e-05 -9.722585649147830777e-06 2.143758021255356161e-05 2.165500000000000000e+04
1.245882598425863534e+02 9.143155393237742423e-05 -1.443389093872656617e-05 2.243027665410329949e-05 2.211300000000000000e+04
1.266884677158377315e+02 8.856093281465500641e-05 -1.486535360034280042e-05 1.811053564189907177e-05 2.318500000000000000e+04
1.287846620419940962e+02 8.541579404103094672e-05 -1.202916051544939162e-05 1.969910032651307720e-05 2.366700000000000000e+04
1.308713393788149801e+02 8.360542982714587760e-05 -1.220322091342283404e-05 1.762865717142322769e-05 2.438500000000000000e+04
1.329754833440644575e+02 8.279391322789467775e-05 -1.128906284695303250e-05 1.540978430133804148e-05 2.574900000000000000e+04
1.350691081525609434e+02 8.028846484031232052e-05 -1.330564098978463929e-05 1.611036185688857617e-05 2.567500000000000000e+04
1.371638825856825576e+02 7.758322206304468901e-05 -1.072469112143621972e-05 1.426925301475634783e-05 2.740900000000000000e+04
1.392604757372163533e+02 7.538718737329617471e-05 -1.069392404171716890e-05 1.599491394423818114e-05 2.740500000000000000e+04
1.413466882908376760e+02 7.357883658156182994e-05 -9.790222419423205607e-06 1.396442036195370334e-05 2.871700000000000000e+04
1.434475230090064031e+02 7.239708759787837815e-05 -8.052654185407445857e-06 1.478328644253101949e-05 2.959500000000000000e+04
1.455452853418541679e+02 7.010222051088999819e-05 -9.694832183789141080e-06 1.549971173461121772e-05 3.030100000000000000e+04
1.476332061073587738e+02 6.772131124799272235e-05 -9.386560621287385819e-06 1.499448225570471603e-05 3.110100000000000000e+04
1.497211472843286231e+02 6.697065824779102259e-05 -9.210624602608913824e-06 1.398154968743978906e-05 3.202300000000000000e+04
1.518138048751577287e+02 6.527715335094902362e-05 -8.514393438926261314e-06 1.403936486926773286e-05 3.297700000000000000e+04
1.539211490100352648e+02 6.295069411675961962e-05 -8.897307418283359565e-06 1.229082272346190197e-05 3.444900000000000000e+04
1.560214747341236716e+02 6.150469347895405668e-05 -8.095649217486376655e-06 1.152821588569544108e-05 3.454900000000000000e+04
1.581161747588121784e+02 5.992439292584776026e-05 -7.602915594867734546e-06 1.161563483068597613e-05 3.611100000000000000e+04
1.602118712271799836e+02 5.855117805511256724e-05 -7.119503733297622041e-06 1.055462039334916169e-05 3.654100000000000000e+04
1.623006419462898862e+02 5.715695227570532507e-05 -7.382407430938176118e-06 1.278372695034797874e-05 3.771700000000000000e+04
1.643899033199985240e+02 5.530570654549867547e-05 -7.756636174428916861e-06 1.109287420910577923e-05 3.861900000000000000e+04
1.664835582381511756e+02 5.476539681647041785e-05 -6.027507734714998078e-06 1.385823700045891070e-05 3.966100000000000000e+04
1.685719683778473552e+02 5.388221925550944267e-05 -6.244363036349951709e-06 1.438172785593343266e-05 4.054500000000000000e+04
1.706641332089364766e+02 5.224600698805030992e-05 -6.537488518814416827e-06 1.240999836820038829e-05 4.181500000000000000e+04
1.727708699256135390e+02 5.100292825532749992e-05 -5.250410184423008513e-06 1.195830395518509573e-05 4.312500000000000000e+04
1.748696546009699659e+02 5.015030334885587406e-05 -4.011996586650160450e-06 1.111160768177974959e-05 4.368100000000000000e+04
1.769585769494445344e+02 4.851558700383507168e-05 -5.258270886345483318e-06 9.262668763952875363e-06 4.462900000000000000e+04
1.790524509315575301e+02 4.800424160626745975e-05 -5.131279492298321659e-06 8.470032047342371674e-06 4.622700000000000000e+04
1.811526521261263554e+02 4.645692707156193045e-05 -3.866989798125853891e-06 8.100121371958634916e-06 4.690900000000000000e+04
1.832476884130738881e+02 4.575023153597189413e-05 -4.199452620828640323e-06 9.607210958205134697e-06 4.823700000000000000e+04
1.853312475833926101e+02 4.460185844373929285e-05 -4.135944703447237343e-06 9.756994420377266370e-06 4.858300000000000000e+04
1.874284892203218931e+02 4.391442141454475316e-05 -3.844603304617131817e-06 9.950390855783280188e-06 5.099700000000000000e+04
1.895337179075755216e+02 4.250181514454982613e-05 -3.946961889855802065e-06 8.768512284040130806e-06 5.139700000000000000e+04
1.916268196474026126e+02 4.159497145504127610e-05 -3.890184626407010730e-06 8.378346372622556484e-06 5.248900000000000000e+04
1.937183403446852878e+02 4.115777785676407981e-05 -3.510627100349759332e-06 7.407105185220160223e-06 5.378700000000000000e+04
1.958131498886989164e+02 4.028953439148163411e-05 -3.205149377147413690e-06 7.510723590130008715e-06 5.491300000000000000e+04
1.979058740098966211e+02 3.937971860423116399e-05 -3.185164694708281806e-06 6.817901230332773827e-06 5.597700000000000000e+04
1.999990651597893816e+02 3.858226612703370380e-05 -3.080572389886185239e-06 6.729707857447906935e-06 5.741500000000000000e+04
2.020893038374759101e+02 3.746878536927281751e-05 -2.707253102020039769e-06 6.475718258300483722e-06 5.810500000000000000e+04
2.041823192148177952e+02 3.671229652547475095e-05 -2.467707292444280093e-06 6.059278108261614117e-06 6.003300000000000000e+04
2.062825911013838152e+02 3.640851461292060338e-05 -2.730858907678294762e-06 6.308459867853021508e-06 6.094900000000000000e+04
2.083770189145966185e+02 3.568195126656267206e-05 -2.684520661080601719e-06 6.978272942930286183e-06 6.223500000000000000e+04
2.104675816794403431e+02 3.476325799360027795e-05 -2.384767195954431353e-06 6.283304999884339320e-06 6.322900000000000000e+04
2.125667854244018145e+02 3.380886038053310035e-05 -1.754046383863094672e-06 6.122047440003135857e-06 6.513300000000000000e+04
2.146619261104851830e+02 3.332593701756864248e-05 -1.418269871687364817e-06 5.969234461050128176e-06 6.570700000000000000e+04
2.167561805722037036e+02 3.296720534944404420e-05 -9.661678263551091701e-07 6.791017369150751195e-06 6.756100000000000000e+04
2.188528705899679210e+02 3.263604783729641786e-05 -1.517758034757058694e-06 6.133574569293432960e-06 6.850500000000000000e+04
2.209456427453084473e+02 3.198082478017808970e-05 -1.824963006831252250e-06 6.892325378312009251e-06 6.994300000000000000e+04
2.230395148320731096e+02 3.130930423639809949e-05 -1.491204084267700532e-06 6.563796556326471432e-06 7.109700000000000000e+04
2.251356732858534997e+02 3.057737933295238064e-05 -1.826035921139921940e-06 6.611776282410875455e-06 7.302100000000000000e+04
2.272278504864401327e+02 3.016944097664393215e-05 -1.389009493720460796e-06 7.507087657252963949e-06 7.331700000000000000e+04
2.293197511287232544e+02 2.960767687627536602e-05 -1.969687186947597212e-06 6.432496125817559649e-06 7.579900000000000000e+04
2.314114772346510165e+02 2.929901971385755227e-05 -1.818913271455069331e-06 7.852612191752861377e-06 7.602100000000000000e+04
2.335058467478245632e+02 2.876683640209020491e-05 -1.487317106612049640e-06 8.079650897932500248e-06 7.875300000000000000e+04
2.356041652202905539e+02 2.842211405129927495e-05 -1.740638958039694697e-06 8.084192307733071203e-06 7.929100000000000000e+04
2.377006336558306998e+02 2.790335710524442670e-05 -1.165792851952654281e-06 8.331257666795140879e-06 8.112900000000000000e+04
2.397972750390475198e+02 2.772978083502693149e-05 -1.532323929434139336e-06 8.879540111832814428e-06 8.244100000000000000e+04
2.418944602532704096e+02 2.738923971621384356e-05 -8.396008815866688832e-07 1.037096757646189682e-05 8.394900000000000000e+04
2.439884227569783093e+02 2.703412705462561531e-05 -1.237222170401845712e-06 9.515494490057028098e-06 8.512300000000000000e+04
2.460835996828307373e+02 2.687357869598872714e-05 -1.030527472247474908e-06 9.846744275277529375e-06 8.692900000000000000e+04
2.481755280705312146e+02 2.656959568561215412e-05 -6.271315116929397142e-07 9.867013437750744859e-06 8.778900000000000000e+04
2.502623700647570217e+02 2.651379859150318651e-05 -3.994288546990833924e-07 1.106073693454989143e-05 8.962300000000000000e+04
2.523586155105348325e+02 2.608525227495418032e-05 -7.235426337584614662e-07 1.020996471481378117e-05 9.134100000000000000e+04
2.544547077866985489e+02 2.597609240999528498e-05 -1.439320954522990031e-06 1.078649791278213416e-05 9.284500000000000000e+04
2.565487653287422063e+02 2.556882678544214861e-05 -9.313137038284605110e-07 1.171648652397427159e-05 9.408700000000000000e+04
2.586464955058470991e+02 2.544143237830873036e-05 -1.151479396901339529e-06 1.256751797585184159e-05 9.633300000000000000e+04
2.607443047329861656e+02 2.549239894051389662e-05 -5.370664685412420129e-07 1.324411568857738775e-05 9.724900000000000000e+04
2.628438312173413465e+02 2.529207381958156569e-05 -2.546589941583426275e-07 1.350063312095762224e-05 9.950100000000000000e+04
2.649298855659840228e+02 2.513254546848917308e-05 -3.545663738209984928e-07 1.439196750857949494e-05 9.928300000000000000e+04
2.670163698864117805e+02 2.554943810969432114e-05 -1.641067580407904571e-07 1.618027968844103472e-05 1.025370000000000000e+05
2.691120556714307668e+02 2.517672191255872468e-05 -1.658504265050393479e-07 1.389152969679191995e-05 1.022830000000000000e+05
2.712074998348403483e+02 2.457911093933687585e-05 -1.086791337632075188e-07 9.095556261871285455e-06 1.021060000000000000e+05
2.733050116933233653e+02 2.416301139619929752e-05 -2.838561732366117085e-07 5.835527308203889121e-06 1.007340000000000000e+05
2.753977295572417461e+02 2.389618697469277086e-05 -3.176479588371875588e-07 1.432333576358414015e-06 9.999400000000000000e+04
2.774958294534935703e+02 2.348571633757855882e-05 -4.843450653536786712e-07 -8.753044535900010802e-07 9.936000000000000000e+04
2.795977707949222122e+02 2.297479364395458554e-05 -3.268081185847983248e-07 -4.331276579918214415e-06 9.860800000000000000e+04
2.816862895118986785e+02 2.268513926415882968e-05 -3.858265864160466074e-07 -6.602486014332336954e-06 9.625200000000000000e+04
2.837743515740906446e+02 2.231240561983625803e-05 1.830528960435832975e-07 -9.181086321583189702e-06 9.640000000000000000e+04
2.858713251310674650e+02 2.196547725773612922e-05 2.794551195408766652e-07 -1.132042647050513715e-05 9.539800000000000000e+04
2.879670932628575883e+02 2.175212257662868502e-05 -2.872629484138269389e-07 -1.355055990698072476e-05 9.402000000000000000e+04
2.900590582015512382e+02 2.143467686386848361e-05 2.174894500490789028e-07 -1.580560240291403574e-05 9.316000000000000000e+04
2.921519201901450060e+02 2.101875399516293390e-05 6.524809643283818421e-08 -1.711566500853794003e-05 9.177600000000000000e+04
2.942485935102203030e+02 2.075200563801229132e-05 -6.139084893068724607e-08 -1.839004758063229688e-05 9.137800000000000000e+04
2.963426645133968691e+02 2.076705448462058741e-05 -5.919054911878566607e-08 -2.049363697810458894e-05 8.949000000000000000e+04
2.984329904966970162e+02 2.047109412306770878e-05 -2.242066515396963019e-07 -2.179184015960960281e-05 8.845000000000000000e+04
3.005290481640043367e+02 2.019855655650272294e-05 -1.975079238213162422e-07 -2.281351424161645922e-05 8.794600000000000000e+04
3.026245947235937592e+02 2.018888104909309498e-05 -1.809572146846916241e-07 -2.420447448924805040e-05 8.575200000000000000e+04
3.047205651109674704e+02 1.992870597031996981e-05 -2.848781390428062059e-07 -2.520775890498285328e-05 8.574400000000000000e+04
3.068167457111920839e+02 1.977039706142462173e-05 -2.147435644158575889e-07 -2.659702424897350886e-05 8.322000000000000000e+04
3.089118625384018060e+02 1.956662602703832280e-05 -2.338892639740896482e-07 -2.771906686198887987e-05 8.302000000000000000e+04
3.110099981664167785e+02 1.934230897589927744e-05 -2.819754063528118798e-07 -2.834642593461532585e-05 8.106400000000000000e+04
3.131040997612852266e+02 1.921679836143460991e-05 -2.237954697390628292e-07 -2.933167681365283239e-05 7.983000000000000000e+04
3.151936712677708670e+02 1.916743128966718579e-05 -4.024331460672508836e-07 -2.985838059475463688e-05 7.823800000000000000e+04
3.172858841403398173e+02 1.907874698281372797e-05 -1.001894634567116121e-07 -3.130985767875456391e-05 7.715400000000000000e+04
3.193772099476266817e+02 1.890887775560774636e-05 -2.989201442369107996e-07 -3.137057317114047973e-05 7.546600000000000000e+04
3.214753775151562536e+02 1.878280164327635816e-05 -4.588997086508723583e-07 -3.204023152909773808e-05 7.480200000000000000e+04
3.235746879206847666e+02 1.859865470447129795e-05 -4.200439484408045442e-07 -3.272778154511210200e-05 7.258000000000000000e+04
3.256647237020029024e+02 1.841435671690766732e-05 -4.754744605594611200e-07 -3.309350725289637396e-05 7.133800000000000000e+04
3.277571324083919535e+02 1.846267380473344129e-05 -2.153338743548874098e-07 -3.418357499982574237e-05 6.964200000000000000e+04
3.298487111637800240e+02 1.843121240649042036e-05 -5.905751906010395647e-08 -3.515582583869514944e-05 6.832600000000000000e+04
3.319433744068021497e+02 1.830952683635340600e-05 -2.348870213978430912e-07 -3.541073706699684770e-05 6.674400000000000000e+04
3.340422322988853239e+02 1.819015036545987724e-05 -1.982893729499069077e-07 -3.576909115199863751e-05 6.533800000000000000e+04
3.361307892565458246e+02 1.818439531607914789e-05 -1.200767164645218938e-07 -3.662570056936126687e-05 6.315600000000000000e+04
3.382251120895489294e+02 1.828341414135806930e-05 -1.755317474137457320e-07 -3.729259174590293056e-05 6.214000000000000000e+04
3.403264013195363304e+02 1.852220457580975297e-05 -2.541938578080534873e-07 -3.817280369761348564e-05 6.051400000000000000e+04
3.424148842577288860e+02 1.850679141563969313e-05 -1.977725331203078550e-07 -3.896056607583019225e-05 5.799000000000000000e+04
3.445099495577244397e+02 1.843686246850734589e-05 -2.444278084617761727e-07 -3.900716812468385357e-05 5.742400000000000000e+04
3.466144105402300397e+02 1.846721579748183766e-05 -4.859302157937327605e-08 -3.998531776567417026e-05 5.518200000000000000e+04
3.487067496858389859e+02 1.849288007645688591e-05 -1.389428434714628154e-10 -4.047310670141837511e-05 5.306800000000000000e+04
3.507912540595516475e+02 1.863260040735617101e-05 1.024205806727466402e-07 -4.137734030768436960e-05 5.152800000000000000e+04
3.528807167895711814e+02 1.871182983720241362e-05 -4.445876007340407790e-08 -4.190295660052974566e-05 4.954600000000000000e+04
3.549828487415276754e+02 1.875057142240412999e-05 -2.676477908276133088e-07 -4.166789171509970865e-05 4.846600000000000000e+04
3.570768480370360862e+02 1.877157510249387662e-05 -4.354419414027662180e-07 -4.206581386281674407e-05 4.566600000000000000e+04
3.591652111747225717e+02 1.898140191594460387e-05 -2.051985053880483596e-07 -4.337555295188811184e-05 4.423000000000000000e+04
3.612627896178847777e+02 1.898907429750703758e-05 -1.849601908311900538e-07 -4.400018377602426384e-05 4.254000000000000000e+04
3.633645820428338880e+02 1.930247843881214046e-05 -4.543609857845811152e-08 -4.549006321056864901e-05 4.022200000000000000e+04
3.654527365610065885e+02 1.949819319731791744e-05 -1.178792615943282511e-07 -4.619500915995698688e-05 3.842200000000000000e+04
3.675441472124314259e+02 1.929709055464505255e-05 -4.935655013245245970e-08 -4.708840252079921063e-05 3.624600000000000000e+04
3.696396280380744201e+02 1.969398233028943105e-05 -2.092414374934383132e-07 -4.787070457745581443e-05 3.455200000000000000e+04
3.717297223820279441e+02 1.963769441309478722e-05 -6.035723319714186332e-08 -4.934548618805449291e-05 3.213600000000000000e+04
3.738176974939287902e+02 1.965039962332227735e-05 -7.488819501888450155e-08 -5.007442962895428834e-05 3.029200000000000000e+04
3.759110996783247174e+02 1.940358484950588494e-05 -1.419496914069195393e-07 -5.090725583910144918e-05 2.830200000000000000e+04
3.780081394014102898e+02 1.922599763326681582e-05 -2.283872444298183497e-07 -5.162072344596925185e-05 2.605600000000000000e+04
3.801051557582653118e+02 1.890920495884950854e-05 -4.205333441279098381e-07 -5.180470238436975602e-05 2.421100000000000000e+04
3.821955053587425937e+02 1.875823263799294109e-05 7.669242126085356476e-08 -5.362447085967564505e-05 2.220600000000000000e+04
3.842862749912937943e+02 1.859821686597526501e-05 -4.672219309542340829e-08 -5.427447385496066368e-05 2.088400000000000000e+04
3.863841918340856409e+02 1.866746937509300842e-05 1.348320365252453134e-07 -5.538441235920964147e-05 1.939200000000000000e+04
3.884771734501698006e+02 1.887826578858717525e-05 -1.083100742486301754e-07 -5.674643769596595999e-05 1.805800000000000000e+04
3.905623371605522607e+02 1.869430557388341438e-05 -8.325877555009233490e-08 -5.679861426769333845e-05 1.674600000000000000e+04
3.926667500119167471e+02 1.865558542678977523e-05 -2.684991051100533346e-07 -5.728235748709909804e-05 1.589800000000000000e+04
3.947778557744774162e+02 1.889987324581357040e-05 -3.968604823889552228e-08 -5.890586324048569807e-05 1.457800000000000000e+04
3.968631060462392952e+02 1.912043573494200414e-05 -6.717638505194422843e-08 -6.028398590474689893e-05 1.344300000000000000e+04
3.989413219049817485e+02 1.919253479557835469e-05 1.958480069137639546e-09 -6.108915608768048422e-05 1.251100000000000000e+04
4.010572258526528344e+02 1.940252397163567702e-05 -3.354044052803023700e-09 -6.220051773814332639e-05 1.191900000000000000e+04
4.031656962107319373e+02 1.981763839095138606e-05 3.186842854533810272e-07 -6.450504708463945737e-05 1.063900000000000000e+04
4.052249146637423678e+02 1.996401927369427788e-05 3.413588602181987326e-07 -6.549136759409317221e-05 9.775000000000000000e+03
4.073276634718891387e+02 1.976948349623633029e-05 2.015979430789894567e-07 -6.521558212701445757e-05 9.423000000000000000e+03
4.094593776408451049e+02 1.973171741399861104e-05 2.732399416100528499e-07 -6.545620586944106043e-05 8.449000000000000000e+03
4.115405539130957777e+02 2.015392180941576113e-05 2.597845588443309432e-07 -6.728182745713539832e-05 7.596000000000000000e+03
4.135894252671187132e+02 2.069943432403273864e-05 3.108773651779235179e-07 -6.944105259773983145e-05 6.931000000000000000e+03
4.156930049049321951e+02 2.053825544930316835e-05 2.642874389949389984e-07 -6.929679583255278009e-05 6.612000000000000000e+03
4.178272827209258367e+02 2.089730935039303266e-05 1.019463247100004492e-07 -7.055941950518757272e-05 5.899000000000000000e+03
4.199082037741286513e+02 2.165033356804113685e-05 -4.233964845463692162e-08 -7.314644494393151934e-05 5.176000000000000000e+03
4.219826095167229028e+02 2.212354421753556349e-05 -2.143345186703036174e-07 -7.481857257597517279e-05 4.824000000000000000e+03
4.241028763136273483e+02 2.209783461970565204e-05 1.513545413091269475e-07 -7.552821761524566044e-05 4.312000000000000000e+03
4.262107721966358440e+02 2.339402720965912366e-05 -4.859949418947276946e-08 -7.987916053326701686e-05 3.819000000000000000e+03
4.282460731868927724e+02 2.275355190583531388e-05 -2.530722898466284567e-07 -7.762406445055008162e-05 3.220000000000000000e+03
4.303287648834323136e+02 2.315931424545982308e-05 1.013139410372489629e-07 -7.969807281771464861e-05 3.132000000000000000e+03
4.325172248853483552e+02 2.418182335611744778e-05 -1.187566778564077513e-07 -8.320401645578834966e-05 2.680000000000000000e+03
4.346325070601815810e+02 2.422096693072830429e-05 -5.006667203422513610e-08 -8.360722317828809343e-05 2.218000000000000000e+03
4.365567227659553851e+02 2.702631822791978975e-05 2.444859321000088107e-07 -9.369562317376014312e-05 1.728000000000000000e+03
4.386277159174848634e+02 2.697939660554207552e-05 -2.710305593737530317e-08 -9.359084368010383713e-05 1.816000000000000000e+03
4.409019266196692683e+02 2.784060862111011484e-05 8.753656266903930747e-08 -9.680135159155342148e-05 1.476000000000000000e+03
4.430735479208619836e+02 2.894417049075140218e-05 4.993438725927138857e-08 -1.006897940386137618e-04 1.108000000000000000e+03
4.448761117541747012e+02 2.979583838070853387e-05 -3.825897415173259551e-08 -1.035437920864219053e-04 7.560000000000000000e+02
4.469343758523184533e+02 3.159410236513486504e-05 3.431596797770203378e-08 -1.101792495752299927e-04 8.440000000000000000e+02
4.493013102792758104e+02 3.313778035008574922e-05 2.704448252049896870e-08 -1.156723922764046235e-04 6.280000000000000000e+02
4.515989744176221734e+02 3.390780332473360316e-05 9.122502681888323625e-08 -1.185660786140178998e-04 4.050000000000000000e+02
4.533101867737696580e+02 3.811602620090226624e-05 2.913610999068077970e-07 -1.335007523978422371e-04 2.020000000000000000e+02
4.552338387398290820e+02 4.324145008719538000e-05 9.956954013128107716e-08 -1.513060417879616860e-04 2.280000000000000000e+02
4.576034578613840722e+02 4.479189158665349045e-05 3.386906665695310352e-07 -1.570096878582323151e-04 1.240000000000000000e+02
4.599517872444100703e+02 5.015459762911674804e-05 -1.466257604792987632e-07 -1.753475808202886884e-04 5.200000000000000000e+01
4.619205689144050666e+02 5.277071049577122341e-05 -6.018968112565697562e-07 -1.840696655987363397e-04 9.000000000000000000e+00
4.634281054380590490e+02 6.501343252202754805e-05 6.798116168083202688e-08 -2.276001443756791936e-04 4.000000000000000000e+00
