2.966547074898984615e+00 4.069477846031258061e-01 -1.215521168474969910e-01 -1.374930776665312382e-01 1.300000000000000000e+01
5.026374055021858744e+00 1.571693712170575685e-01 -8.763759811293225788e-02 1.120159430387234895e-01 3.300000000000000000e+01
7.149300621522788113e+00 8.089685727146828098e-02 -4.868874598135340681e-02 -1.337510890134096728e-03 7.900000000000000000e+01
9.278869254964254409e+00 5.081995301480188992e-02 -3.727489996850569948e-02 7.813034963154630655e-03 1.170000000000000000e+02
1.145033261934470126e+01 3.808848745468006169e-02 -1.086089187287231014e-02 -3.292814455783602511e-03 2.050000000000000000e+02
1.349295587141915043e+01 2.938349203920550406e-02 -8.900332285774121763e-03 -8.093880239035266752e-03 2.350000000000000000e+02
1.558905561191892986e+01 2.868055098209565043e-02 -6.751898158780662330e-03 -1.351848578185854341e-02 3.690000000000000000e+02
1.769408367255316961e+01 2.370879396327480598e-02 -1.045184786316707796e-02 -8.567431095780333669e-03 4.330000000000000000e+02
1.981787480313529670e+01 2.183823817797996350e-02 -7.821612780147304753e-03 -4.894102793803724143e-03 5.850000000000000000e+02
2.192074938196263645e+01 1.841357151772812090e-02 -7.914582556592582654e-03 5.586270632972747735e-04 6.790000000000000000e+02
2.398877635566245203e+01 1.622717290434276191e-02 -8.496625844237635367e-03 9.666154254154105683e-04 8.130000000000000000e+02
2.609286971896115759e+01 1.420950503259951758e-02 -7.471511086682908372e-03 4.326977824379641888e-03 9.850000000000000000e+02
2.823466315278179550e+01 1.220539452674751328e-02 -6.184449598719599789e-03 8.099276873494784187e-03 1.183000000000000000e+03
3.032284873509123102e+01 1.168118531136273092e-02 -6.294034338530678750e-03 6.784486737967983759e-03 1.269000000000000000e+03
3.240263258943403457e+01 1.066597162314192673e-02 -5.463425836874009379e-03 4.536356115850157661e-03 1.537000000000000000e+03
3.449210129864554375e+01 1.000146659084332791e-02 -4.624460205570926109e-03 1.985355788129544111e-03 1.653000000000000000e+03
3.658588147515196454e+01 9.420835361565066748e-03 -4.039321862169324012e-03 2.361240714771845137e-03 1.963000000000000000e+03
3.868476949266977272e+01 8.617275369672319427e-03 -3.219682057716527924e-03 1.246795520748658582e-03 2.121000000000000000e+03
4.078898888458283523e+01 8.360206267608999431e-03 -3.046692906002826298e-03 1.617394602108988182e-03 2.413000000000000000e+03
4.289390876967645738e+01 7.405383883697015494e-03 -3.152941220835686360e-03 1.971317604750825580e-03 2.635000000000000000e+03
4.498336005546935468e+01 6.967368733990252083e-03 -2.460177004103553458e-03 2.484579162529561205e-03 2.877000000000000000e+03
4.706498529473824988e+01 6.440080051043095034e-03 -2.586560908411526024e-03 2.106505428647409504e-03 3.169000000000000000e+03
4.917111919158227096e+01 5.990327710692286423e-03 -1.903046654557209900e-03 2.175010264868568709e-03 3.507000000000000000e+03
5.126216914174227668e+01 5.529959501069514095e-03 -2.103217007557334640e-03 1.669899615771034285e-03 3.685000000000000000e+03
5.335525146837034072e+01 4.998679943488103412e-03 -1.950377700992387067e-03 1.389898709270965616e-03 4.165000000000000000e+03
5.546637228956934251e+01 4.719028305754071478e-03 -2.057227895212979281e-03 1.107620506643680700e-03 4.377000000000000000e+03
5.757318819254808773e+01 4.547595989353650850e-03 -1.532533305500019365e-03 1.394869346615636120e-03 4.855000000000000000e+03
5.965884044590281121e+01 4.226192007102888733e-03 -1.127774091763835253e-03 1.102195368179903056e-03 4.929000000000000000e+03
6.174512302159506305e+01 4.082733951576445960e-03 -1.177651856308682210e-03 5.405367561919352309e-04 5.581000000000000000e+03
6.382689291137189969e+01 3.850144493893210406e-03 -1.150212261092735172e-03 5.810642818598409738e-04 5.679000000000000000e+03
6.592966228838450604e+01 3.529530550002551222e-03 -1.185451780687113606e-03 4.004083280718747262e-04 6.385000000000000000e+03
6.803125784825746791e+01 3.325280035791850722e-03 -1.196962774916236413e-03 6.672289749226784647e-04 6.553000000000000000e+03
7.013131008699485847e+01 3.029520104684871405e-03 -1.170958387283260954e-03 6.948147412667123783e-04 7.125000000000000000e+03
7.223032366074338029e+01 2.889612311271782391e-03 -1.106064686791556921e-03 4.120551282258249617e-04 7.447000000000000000e+03
7.432334270720505742e+01 2.778662671942063941e-03 -1.062024712652535246e-03 4.810926860538132814e-04 7.929000000000000000e+03
7.642066756954473306e+01 2.605706328756743784e-03 -9.215586252455208868e-04 3.497235928274545786e-04 8.353000000000000000e+03
7.850471694556040347e+01 2.437762863181194058e-03 -8.880898669124820139e-04 5.400128240250956415e-04 8.775000000000000000e+03
8.059701946059529121e+01 2.336735515526846413e-03 -9.924909346228233138e-04 3.300556017417869293e-04 9.313000000000000000e+03
8.269521798132063850e+01 2.178131645176285477e-03 -9.082100360885979372e-04 2.005513405124699305e-04 9.841000000000000000e+03
8.478307522909847194e+01 2.060840727077524904e-03 -8.018622317844038188e-04 3.341616064011976219e-04 1.019100000000000000e+04
8.687780839616016237e+01 1.974563326409201243e-03 -7.462963496953767392e-04 2.966599030713320227e-04 1.089700000000000000e+04
8.897524569656535220e+01 1.859396821461447831e-03 -6.872955884782993869e-04 2.190337563799281070e-04 1.130100000000000000e+04
9.108077810470518898e+01 1.772336816402654905e-03 -6.807774348323557007e-04 2.220193995583060408e-04 1.202500000000000000e+04
9.318432266948052245e+01 1.685835428422650332e-03 -6.466047264057873598e-04 2.240527900642674559e-04 1.242300000000000000e+04
9.527887641048309320e+01 1.624289006903821813e-03 -5.451339404023803703e-04 1.724406864450425680e-04 1.302100000000000000e+04
9.736254237981037818e+01 1.575933500448968138e-03 -5.451246881235403746e-04 1.860877659688768223e-04 1.340500000000000000e+04
9.944832814799407572e+01 1.513767699730249067e-03 -5.752589436246668356e-04 1.716876147924927508e-04 1.424700000000000000e+04
1.015460879802399035e+02 1.449517614613978194e-03 -5.965723017592771456e-04 1.459118089283737818e-04 1.471300000000000000e+04
1.036426375667732316e+02 1.381936179995247932e-03 -5.757543816790274037e-04 2.178173993563037010e-04 1.548900000000000000e+04
1.057389390539465950e+02 1.321098606034500945e-03 -4.849424473802339667e-04 2.407799676263187990e-04 1.591300000000000000e+04
1.078395855981474227e+02 1.282145436019779469e-03 -4.652356747193148569e-04 1.979534474044013486e-04 1.687900000000000000e+04
1.099389405850131709e+02 1.233550423247950284e-03 -4.485385295651219046e-04 1.584889578604082097e-04 1.719300000000000000e+04
1.120392143152385387e+02 1.185857159246354398e-03 -4.252820046082575944e-04 1.239396062219931169e-04 1.815700000000000000e+04
1.141233458569757744e+02 1.142968296229017293e-03 -4.014711905892799594e-04 1.122269675808612100e-04 1.833900000000000000e+04
1.162159397555423084e+02 1.098161675948551097e-03 -4.295936318513925828e-04 1.517668743207996622e-04 1.957300000000000000e+04
1.183137204803772420e+02 1.048595373644829309e-03 -4.144469311541399683e-04 1.286980536994424419e-04 1.994100000000000000e+04
1.203972311807013256e+02 9.989892672893426091e-04 -3.912279809443779859e-04 1.981774624614488661e-04 2.062900000000000000e+04
1.224922363187857286e+02 9.524800561554994278e-04 -3.479780281160385039e-04 1.743097305478752738e-04 2.165500000000000000e+04
1.245882598425863534e+02 9.143341242392437210e-04 -3.519996916651929771e-04 1.785294568567164094e-04 2.211300000000000000e+04
1.266884677158377315e+02 8.948426136253885338e-04 -3.255362794458734727e-04 1.016814693400983657e-04 2.318500000000000000e+04
1.287846620419940962e+02 8.745577792627684446e-04 -3.678998815351719898e-04 1.464503033056418688e-04 2.366700000000000000e+04
1.308713393788149801e+02 8.407266584535792861e-04 -3.316563017951648651e-04 1.315086046823733346e-04 2.438500000000000000e+04
1.329754833440644575e+02 8.010747555143188934e-04 -3.187144404109765660e-04 1.077804175041896962e-04 2.574900000000000000e+04
1.350691081525609434e+02 7.740676455376721728e-04 -2.930047735080282202e-04 1.262687713764154519e-04 2.567500000000000000e+04
1.371638825856825576e+02 7.418117008238009997e-04 -2.690943944258289075e-04 8.253022659649544401e-05 2.740900000000000000e+04
1.392604757372163533e+02 7.058100741396641006e-04 -2.597077416235342028e-04 9.924537374121859942e-05 2.740500000000000000e+04
1.413466882908376760e+02 6.877668075459347731e-04 -2.480415810752087348e-04 8.554938560189506323e-05 2.871700000000000000e+04
1.434475230090064031e+02 6.612611540014876792e-04 -2.345763067086833109e-04 8.395062610862334251e-05 2.959500000000000000e+04
1.455452853418541679e+02 6.464977154306117803e-04 -2.365331639729327594e-04 8.655083000848260149e-05 3.030100000000000000e+04
1.476332061073587738e+02 6.234437216782654336e-04 -2.355022701811844280e-04 7.473341267291935971e-05 3.110100000000000000e+04
1.497211472843286231e+02 6.105195334938707304e-04 -2.157756061762730495e-04 7.208037168432840358e-05 3.202300000000000000e+04
1.518138048751577287e+02 5.902377855287098624e-04 -2.195662343348083986e-04 8.323052512952150591e-05 3.297700000000000000e+04
1.539211490100352648e+02 5.686119797111703796e-04 -2.060142284474220542e-04 8.372231729791032671e-05 3.444900000000000000e+04
1.560214747341236716e+02 5.542590123612268225e-04 -1.969120136560750106e-04 7.202563778169659829e-05 3.454900000000000000e+04
1.581161747588121784e+02 5.339194195314208831e-04 -1.812872147818822490e-04 7.023298982964961518e-05 3.611100000000000000e+04
1.602118712271799836e+02 5.180631635211883738e-04 -1.653486367998254121e-04 8.499187815596205055e-05 3.654100000000000000e+04
1.623006419462898862e+02 5.033856363946422443e-04 -1.484407923973263656e-04 8.763094759149421683e-05 3.771700000000000000e+04
1.643899033199985240e+02 4.901791506577899381e-04 -1.599257738716741240e-04 7.255411615425782623e-05 3.861900000000000000e+04
1.664835582381511756e+02 4.744506357955936490e-04 -1.328064295963545178e-04 8.964904529710727369e-05 3.966100000000000000e+04
1.685719683778473552e+02 4.601741546526673973e-04 -1.268901525814875649e-04 6.279330653506904963e-05 4.054500000000000000e+04
1.706641332089364766e+02 4.493734322932137399e-04 -1.187810765032323108e-04 6.854232920485557763e-05 4.181500000000000000e+04
1.727708699256135390e+02 4.330990158293477558e-04 -1.127363862612734810e-04 6.690280114749937851e-05 4.312500000000000000e+04
1.748696546009699659e+02 4.192942906666021841e-04 -1.094607538870954767e-04 5.603539977331910488e-05 4.368100000000000000e+04
1.769585769494445344e+02 4.072459048208658915e-04 -1.110871722976043951e-04 6.248373317808419438e-05 4.462900000000000000e+04
1.790524509315575301e+02 3.953333916045412115e-04 -9.890680231597872771e-05 7.040434076907360237e-05 4.622700000000000000e+04
1.811526521261263554e+02 3.862903408502740745e-04 -9.992109266657992937e-05 7.150835193347091184e-05 4.690900000000000000e+04
1.832476884130738881e+02 3.755255205827004081e-04 -9.240310857248585708e-05 7.155795066118390824e-05 4.823700000000000000e+04
1.853312475833926101e+02 3.684124728342151231e-04 -9.832953651804998501e-05 6.622017343940429042e-05 4.858300000000000000e+04
1.874284892203218931e+02 3.582115359031569097e-04 -8.506348702481828297e-05 5.754863323582768445e-05 5.099700000000000000e+04
1.895337179075755216e+02 3.515062888948307113e-04 -8.414140247040999222e-05 5.704590497159898099e-05 5.139700000000000000e+04
1.916268196474026126e+02 3.397733162204244939e-04 -7.145841522006931169e-05 5.317739652272495602e-05 5.248900000000000000e+04
1.937183403446852878e+02 3.297910647383901729e-04 -7.600024730311971850e-05 5.431399612057888506e-05 5.378700000000000000e+04
1.958131498886989164e+02 3.207574254928128774e-04 -6.494814646280072494e-05 4.971948515114819412e-05 5.491300000000000000e+04
1.979058740098966211e+02 3.135242809640043701e-04 -6.987204238227204679e-05 4.854617351425885471e-05 5.597700000000000000e+04
1.999990651597893816e+02 3.084399019712613849e-04 -6.579581054926063408e-05 5.219194454382463348e-05 5.741500000000000000e+04
2.020893038374759101e+02 3.022497666570863250e-04 -6.604588239597312526e-05 5.646681317710537532e-05 5.810500000000000000e+04
2.041823192148177952e+02 2.949876507015590683e-04 -6.398758137131050434e-05 5.122778696974414114e-05 6.003300000000000000e+04
2.062825911013838152e+02 2.896676879140577658e-04 -6.267264371533213575e-05 5.775422411336477791e-05 6.094900000000000000e+04
2.083770189145966185e+02 2.834045790552587249e-04 -6.398188806223878693e-05 5.195033466040973821e-05 6.223500000000000000e+04
2.104675816794403431e+02 2.743055387042605858e-04 -6.167396846007753121e-05 5.242269761725649058e-05 6.322900000000000000e+04
2.125667854244018145e+02 2.679020580324017846e-04 -5.986948860096451654e-05 4.772395403401327881e-05 6.513300000000000000e+04
2.146619261104851830e+02 2.614452439588918400e-04 -5.678441179221021840e-05 5.527628151142777282e-05 6.570700000000000000e+04
2.167561805722037036e+02 2.553132607402425615e-04 -6.107039192145745582e-05 5.349763840952150880e-05 6.756100000000000000e+04
2.188528705899679210e+02 2.505408818447618690e-04 -5.768691691970283996e-05 5.154507273174305454e-05 6.850500000000000000e+04
2.209456427453084473e+02 2.479286206438869396e-04 -6.052247618534170815e-05 6.028520872218461269e-05 6.994300000000000000e+04
2.230395148320731096e+02 2.395457445755923417e-04 -5.699101997269053805e-05 5.691715243104654215e-05 7.109700000000000000e+04
2.251356732858534997e+02 2.361801774147010726e-04 -5.759231777443470947e-05 5.852279133961274093e-05 7.302100000000000000e+04
2.272278504864401327e+02 2.322646661757196338e-04 -5.331723440125532093e-05 5.820624798552828265e-05 7.331700000000000000e+04
2.293197511287232544e+02 2.271076790240976028e-04 -5.401551593434513647e-05 5.188035998340795551e-05 7.579900000000000000e+04
2.314114772346510165e+02 2.270351605413062389e-04 -5.126823471877432851e-05 5.854254142776022673e-05 7.602100000000000000e+04
2.335058467478245632e+02 2.220489595178198254e-04 -5.172756605180115662e-05 5.945873569224725390e-05 7.875300000000000000e+04
2.356041652202905539e+02 2.190495315322842475e-04 -4.893813953526331275e-05 6.567933690245189213e-05 7.929100000000000000e+04
2.377006336558306998e+02 2.156575335727887207e-04 -5.230877693669479050e-05 6.546248720476689114e-05 8.112900000000000000e+04
2.397972750390475198e+02 2.115202916971442842e-04 -5.141888523321190991e-05 6.632492476696067796e-05 8.244100000000000000e+04
2.418944602532704096e+02 2.087816904577131992e-04 -5.027518438177389608e-05 6.724552217110566844e-05 8.394900000000000000e+04
2.439884227569783093e+02 2.068254028879460403e-04 -4.971652478619553403e-05 6.679632326099205978e-05 8.512300000000000000e+04
2.460835996828307373e+02 2.046003595483551047e-04 -4.507264965399658492e-05 6.842808257298274241e-05 8.692900000000000000e+04
2.481755280705312146e+02 2.022675935872029975e-04 -4.721209825382115033e-05 7.274383159929855589e-05 8.778900000000000000e+04
2.502623700647570217e+02 2.016762998935578747e-04 -4.714901837680901146e-05 7.813810066420455479e-05 8.962300000000000000e+04
2.523586155105348325e+02 1.982836902580634609e-04 -4.865415365701632221e-05 7.555610105927465677e-05 9.134100000000000000e+04
2.544547077866985489e+02 1.959901767325823978e-04 -4.798887055744004165e-05 8.776802275994498791e-05 9.284500000000000000e+04
2.565487653287422063e+02 1.938004830473050578e-04 -4.777712882352507613e-05 8.795856274753231677e-05 9.408700000000000000e+04
2.586464955058470991e+02 1.936393059481161870e-04 -4.483798144342386344e-05 9.415022322177313578e-05 9.633300000000000000e+04
2.607443047329861656e+02 1.926912413049610003e-04 -4.537222411584658000e-05 1.012485362862405576e-04 9.724900000000000000e+04
2.628438312173413465e+02 1.907870815454802357e-04 -4.249346152055966515e-05 1.027538485984613405e-04 9.950100000000000000e+04
2.649298855659840228e+02 1.892208425586951843e-04 -4.530422899074735600e-05 1.052738197274084359e-04 9.928300000000000000e+04
2.670163698864117805e+02 1.894167964052265738e-04 -4.236643133666614648e-05 1.096298265345354656e-04 1.025370000000000000e+05
2.691120556714307668e+02 1.872146676188634587e-04 -4.451508019458272141e-05 9.719355025057329852e-05 1.022830000000000000e+05
2.712074998348403483e+02 1.821592612235305067e-04 -3.997385617841880305e-05 6.749848590798802320e-05 1.021060000000000000e+05
2.733050116933233653e+02 1.780536998890669333e-04 -3.851281623015261307e-05 4.078201519558429639e-05 1.007340000000000000e+05
2.753977295572417461e+02 1.730251685467148787e-04 -3.777518395417811287e-05 1.006254509768135438e-05 9.999400000000000000e+04
2.774958294534935703e+02 1.715374568383932130e-04 -3.256916267901683611e-05 -9.211206966845682001e-06 9.936000000000000000e+04
2.795977707949222122e+02 1.689200649331507097e-04 -3.067933776560038966e-05 -3.085891519957599007e-05 9.860800000000000000e+04
2.816862895118986785e+02 1.663791546050657837e-04 -2.552162103727881161e-05 -4.978232059725776513e-05 9.625200000000000000e+04
2.837743515740906446e+02 1.630587019792098644e-04 -2.904687802766940644e-05 -6.465201351369883069e-05 9.640000000000000000e+04
2.858713251310674650e+02 1.607124607468410999e-04 -2.627833590145810860e-05 -7.801455084792341605e-05 9.539800000000000000e+04
2.879670932628575883e+02 1.581886250114235813e-04 -2.331024720590534868e-05 -9.370248641945837383e-05 9.402000000000000000e+04
2.900590582015512382e+02 1.551432990716807253e-04 -2.401211142268997627e-05 -1.065261548908259847e-04 9.316000000000000000e+04
2.921519201901450060e+02 1.527593747766905357e-04 -2.146317604229465808e-05 -1.177398491610954628e-04 9.177600000000000000e+04
2.942485935102203030e+02 1.503984730773645466e-04 -1.923670240648672761e-05 -1.270227162344240285e-04 9.137800000000000000e+04
2.963426645133968691e+02 1.483779603124183908e-04 -1.832145248284250814e-05 -1.394487846509759180e-04 8.949000000000000000e+04
2.984329904966970162e+02 1.462451927195045054e-04 -1.624860995658020980e-05 -1.510369134903256005e-04 8.845000000000000000e+04
3.005290481640043367e+02 1.442631432691294949e-04 -1.426702564134555058e-05 -1.622137620819226326e-04 8.794600000000000000e+04
3.026245947235937592e+02 1.429220088415988107e-04 -1.361557152860650924e-05 -1.680359922225968907e-04 8.575200000000000000e+04
3.047205651109674704e+02 1.409666211383758599e-04 -1.376232948323013445e-05 -1.767937495285946395e-04 8.574400000000000000e+04
3.068167457111920839e+02 1.391237396321242672e-04 -1.127717086084654925e-05 -1.849226949411483442e-04 8.322000000000000000e+04
3.089118625384018060e+02 1.374848465376966042e-04 -1.006608691377979921e-05 -1.898465872805489780e-04 8.302000000000000000e+04
3.110099981664167785e+02 1.350817237995062276e-04 -9.568716234222608504e-06 -1.935791192867985491e-04 8.106400000000000000e+04
3.131040997612852266e+02 1.331993858070764953e-04 -9.688496226169466876e-06 -1.995494203971022852e-04 7.983000000000000000e+04
3.151936712677708670e+02 1.331767585159929765e-04 -8.385170690303188638e-06 -2.053828034737373244e-04 7.823800000000000000e+04
3.172858841403398173e+02 1.300624438338207861e-04 -8.276242624919084205e-06 -2.090267620483340634e-04 7.715400000000000000e+04
3.193772099476266817e+02 1.289122561213132466e-04 -6.523980469075548468e-06 -2.139615831682473417e-04 7.546600000000000000e+04
3.214753775151562536e+02 1.284114713240986879e-04 -6.277413337743207694e-06 -2.210891894986904179e-04 7.480200000000000000e+04
3.235746879206847666e+02 1.282221693694267069e-04 -5.570153175593281062e-06 -2.251989912277931451e-04 7.258000000000000000e+04
3.256647237020029024e+02 1.274541931489536620e-04 -3.378881063392196137e-06 -2.328959166314784014e-04 7.133800000000000000e+04
3.277571324083919535e+02 1.272254006559584588e-04 -4.147317664942827926e-06 -2.359530316006163385e-04 6.964200000000000000e+04
3.298487111637800240e+02 1.261124068813026318e-04 -3.629250757366762423e-06 -2.394776841114453197e-04 6.832600000000000000e+04
3.319433744068021497e+02 1.259692216541981151e-04 -4.410982818946913300e-06 -2.436045425079519670e-04 6.674400000000000000e+04
3.340422322988853239e+02 1.260892605076830981e-04 -4.730728226827175935e-06 -2.480256247423377487e-04 6.533800000000000000e+04
3.361307892565458246e+02 1.247043084812275726e-04 -3.015289418158402046e-06 -2.527300162006056367e-04 6.315600000000000000e+04
3.382251120895489294e+02 1.244234269801216674e-04 -3.110207999899954503e-06 -2.564962626508963039e-04 6.214000000000000000e+04
3.403264013195363304e+02 1.231914174662249531e-04 -3.206025498175525393e-06 -2.565852281648378641e-04 6.051400000000000000e+04
3.424148842577288860e+02 1.243590938880796768e-04 -1.814759726918721784e-06 -2.659316281965902994e-04 5.799000000000000000e+04
3.445099495577244397e+02 1.246082827378735972e-04 -2.202594825454405288e-06 -2.687896715767384656e-04 5.742400000000000000e+04
3.466144105402300397e+02 1.230994678029983462e-04 -9.542980211553024684e-07 -2.697391714959928763e-04 5.518200000000000000e+04
3.487067496858389859e+02 1.233041079315193777e-04 -1.949523207789474242e-06 -2.720856772075236005e-04 5.306800000000000000e+04
3.507912540595516475e+02 1.244846293212050479e-04 -3.125946245420638832e-07 -2.790883013879111915e-04 5.152800000000000000e+04
3.528807167895711814e+02 1.243183650040665473e-04 2.488178005933167026e-08 -2.839767409208137630e-04 4.954600000000000000e+04
3.549828487415276754e+02 1.244433978542012857e-04 6.113221777048930431e-07 -2.861005297668928584e-04 4.846600000000000000e+04
3.570768480370360862e+02 1.249023363011856345e-04 -9.271612992225839258e-08 -2.902672498545333618e-04 4.566600000000000000e+04
3.591652111747225717e+02 1.255729119716835916e-04 1.455945209141384512e-06 -2.969453990094543397e-04 4.423000000000000000e+04
3.612627896178847777e+02 1.257041759933520545e-04 1.013148387496465454e-06 -2.999659365295982488e-04 4.254000000000000000e+04
3.633645820428338880e+02 1.254221011946945032e-04 -1.807352768294495545e-07 -3.019253758316915942e-04 4.022200000000000000e+04
3.654527365610065885e+02 1.258896912791878232e-04 1.446896125314772575e-06 -3.062874839634803785e-04 3.842200000000000000e+04
3.675441472124314259e+02 1.260425161682140029e-04 9.208144245313727311e-07 -3.132392400850283424e-04 3.624600000000000000e+04
3.696396280380744201e+02 1.265392711263657729e-04 6.192931863870784912e-07 -3.149425815168776415e-04 3.455200000000000000e+04
3.717297223820279441e+02 1.266478567644004419e-04 1.908789717461855422e-06 -3.253661728491687903e-04 3.213600000000000000e+04
3.738176974939287902e+02 1.296023750921905537e-04 1.117097086749012265e-06 -3.381090990793504214e-04 3.029200000000000000e+04
3.759110996783247174e+02 1.270148620190598391e-04 4.275089822778516959e-07 -3.398244263900847707e-04 2.830200000000000000e+04
3.780081394014102898e+02 1.263957915049920941e-04 2.335222645350296810e-06 -3.493094967133882609e-04 2.605600000000000000e+04
3.801051557582653118e+02 1.251869696517549980e-04 2.459434152729747598e-06 -3.537631569261748482e-04 2.421100000000000000e+04
3.821955053587425937e+02 1.242503116410860226e-04 1.285475798179801693e-06 -3.566674603058253221e-04 2.220600000000000000e+04
3.842862749912937943e+02 1.238008392287954530e-04 1.944954266965462049e-06 -3.654227103789130953e-04 2.088400000000000000e+04
3.863841918340856409e+02 1.217660637540678202e-04 1.374181110229378630e-06 -3.632792541035928654e-04 1.939200000000000000e+04
3.884771734501698006e+02 1.203019310778760388e-04 9.283408821285361213e-07 -3.636979863902327424e-04 1.805800000000000000e+04
3.905623371605522607e+02 1.227591420762476934e-04 6.884538372551759772e-07 -3.748182364442862575e-04 1.674600000000000000e+04
3.926667500119167471e+02 1.210233484561988148e-04 1.748788648532866307e-06 -3.771631125682514533e-04 1.589800000000000000e+04
3.947778557744774162e+02 1.230667550662179551e-04 9.000277159519206296e-07 -3.855461293885923540e-04 1.457800000000000000e+04
3.968631060462392952e+02 1.217215577620201866e-04 -4.788747351927957333e-07 -3.830830974624163296e-04 1.344300000000000000e+04
3.989413219049817485e+02 1.215348284928210521e-04 1.332012127336700620e-08 -3.867769205769264543e-04 1.251100000000000000e+04
4.010572258526528344e+02 1.231335403211628813e-04 1.367805451753422075e-06 -3.973689580153081367e-04 1.191900000000000000e+04
4.031656962107319373e+02 1.243138427786663538e-04 7.855300282414705803e-07 -4.025799642182591870e-04 1.063900000000000000e+04
4.052249146637423678e+02 1.223507110986011919e-04 1.022972889889717907e-06 -3.985035634749965099e-04 9.775000000000000000e+03
4.073276634718891387e+02 1.239126159919338684e-04 1.096568821773325930e-06 -4.078059330855955678e-04 9.423000000000000000e+03
4.094593776408451049e+02 1.243422272119305545e-04 1.524759784051889464e-06 -4.124943710694127302e-04 8.449000000000000000e+03
4.115405539130957777e+02 1.249235349072951441e-04 1.687736394759433481e-06 -4.168810869389604477e-04 7.596000000000000000e+03
4.135894252671187132e+02 1.227568739087457042e-04 3.035556414449498647e-06 -4.128590941400789370e-04 6.931000000000000000e+03
4.156930049049321951e+02 1.267813379954788456e-04 8.585719341872227287e-07 -4.268204693250345744e-04 6.612000000000000000e+03
4.178272827209258367e+02 1.263935231236417702e-04 9.548025740953375485e-07 -4.273034750573928087e-04 5.899000000000000000e+03
4.199082037741286513e+02 1.272375976414449471e-04 -6.641828008619308818e-07 -4.294547340707478302e-04 5.176000000000000000e+03
4.219826095167229028e+02 1.334938756073843051e-04 1.854913151274218420e-06 -4.547625105121635156e-04 4.824000000000000000e+03
4.241028763136273483e+02 1.370978627790627174e-04 2.512180135676575931e-06 -4.703546409397908550e-04 4.312000000000000000e+03
4.262107721966358440e+02 1.372333423935491470e-04 3.931850277853676589e-06 -4.734900919116341415e-04 3.819000000000000000e+03
4.282460731868927724e+02 1.391964236547329451e-04 2.356341159803425267e-06 -4.799247974445321283e-04 3.220000000000000000e+03
4.303287648834323136e+02 1.482989587302557431e-04 1.464757259547709931e-06 -5.120792541403331550e-04 3.132000000000000000e+03
4.325172248853483552e+02 1.458138618223984203e-04 -8.058837471429256931e-07 -5.020905975395573975e-04 2.680000000000000000e+03
4.346325070601815810e+02 1.471202027698402938e-04 -1.994048355861302971e-07 -5.079029102118625500e-04 2.218000000000000000e+03
4.365567227659553851e+02 1.538849463679701200e-04 8.425513519245326647e-08 -5.319752568200821971e-04 1.728000000000000000e+03
4.386277159174848634e+02 1.636958654597473221e-04 1.116884499119460704e-06 -5.692852550597676808e-04 1.816000000000000000e+03
4.409019266196692683e+02 1.717392981879148068e-04 1.117722730162713106e-06 -5.981297187740867776e-04 1.476000000000000000e+03
4.430735479208619836e+02 1.804875114777741512e-04 9.402102190360795008e-07 -6.288326630392689553e-04 1.108000000000000000e+03
4.448761117541747012e+02 1.870083354092427340e-04 -7.879599441643438255e-09 -6.506563833893717896e-04 7.560000000000000000e+02
4.469343758523184533e+02 1.927985096974913187e-04 1.077662376873791531e-06 -6.732347436567753590e-04 8.440000000000000000e+02
4.493013102792758104e+02 2.012470574902560380e-04 4.855417378567524848e-07 -7.028302571942511307e-04 6.280000000000000000e+02
4.515989744176221734e+02 1.990541317254351610e-04 -1.354266868841585662e-06 -6.939965370781116943e-04 4.050000000000000000e+02
4.533101867737696580e+02 2.264097021811905326e-04 7.455932964114544464e-08 -7.909732103783163751e-04 2.020000000000000000e+02
4.552338387398290820e+02 2.325993753351338230e-04 -2.818793182321458777e-08 -8.132894400707974284e-04 2.280000000000000000e+02
4.576034578613840722e+02 2.723783351995593934e-04 -6.661150136694790658e-07 -9.521140633165946958e-04 1.240000000000000000e+02
4.599517872444100703e+02 2.599234837982068030e-04 -1.438113121249918021e-06 -9.080341408881767223e-04 5.200000000000000000e+01
4.619205689144050666e+02 2.268951044632455509e-04 -2.135638415151812920e-06 -7.919408184901487961e-04 9.000000000000000000e+00
4.634281054380590490e+02 3.178101194451134898e-04 1.177512153080137882e-06 -1.113463494302335691e-03 4.000000000000000000e+00
