2.966547074898984615e+00 2.584880410532013895e-01 -8.610017416639045851e-02 -5.623960009985193992e-02 1.300000000000000000e+01
5.026374055021858744e+00 8.153641672153806585e-02 -5.536506420493440828e-02 7.446724952663730246e-02 3.300000000000000000e+01
7.149300621522788113e+00 4.084103282529876616e-02 -1.313251022691520192e-02 -3.816587271096774777e-04 7.900000000000000000e+01
9.278869254964254409e+00 2.453488879135994061e-02 -1.102149223653455488e-02 2.298650776650922566e-03 1.170000000000000000e+02
1.145033261934470126e+01 1.850637845094664502e-02 -4.622125179826431997e-04 -2.767959263209606845e-03 2.050000000000000000e+02
1.349295587141915043e+01 1.446898035215755246e-02 -3.905241337400771652e-03 -4.529432834154489308e-03 2.350000000000000000e+02
1.558905561191892986e+01 1.332870662517133056e-02 -3.839278957630155517e-03 -4.133101623147068804e-03 3.690000000000000000e+02
1.769408367255316961e+01 1.015802849843918353e-02 -5.888686495782268285e-03 2.024265139106160970e-03 4.330000000000000000e+02
1.981787480313529670e+01 8.671713541576954454e-03 -3.480317731301267505e-03 3.565464429150272570e-03 5.850000000000000000e+02
2.192074938196263645e+01 7.258357422906658481e-03 -3.702276238894310588e-03 4.300329264356073794e-03 6.790000000000000000e+02
2.398877635566245203e+01 6.526890168785125235e-03 -3.181193887420573786e-03 1.965379033171064591e-03 8.130000000000000000e+02
2.609286971896115759e+01 6.067318680878896163e-03 -2.808793586682562741e-03 1.745284690075843415e-03 9.850000000000000000e+02
2.823466315278179550e+01 5.737524269687677494e-03 -1.937082881664702527e-03 1.232072436077723916e-03 1.183000000000000000e+03
3.032284873509123102e+01 5.403396334991366658e-03 -1.402511108212916658e-03 1.349820176660771571e-03 1.269000000000000000e+03
3.240263258943403457e+01 4.820554899064526284e-03 -1.708450604521470238e-03 6.655119456932794691e-04 1.537000000000000000e+03
3.449210129864554375e+01 4.480626012640444820e-03 -1.333909760398327947e-03 7.374479390834030694e-04 1.653000000000000000e+03
3.658588147515196454e+01 4.186188849292852600e-03 -1.270451782165886879e-03 1.184676216097853329e-03 1.963000000000000000e+03
3.868476949266977272e+01 3.939949930000344845e-03 -1.038653788556062087e-03 4.529623432473286766e-04 2.121000000000000000e+03
4.078898888458283523e+01 3.647720840500284951e-03 -7.569721911730863291e-04 3.745913377970014357e-04 2.413000000000000000e+03
4.289390876967645738e+01 3.388759413521651252e-03 -7.477403427590422792e-04 6.717832276182304860e-04 2.635000000000000000e+03
4.498336005546935468e+01 3.263325171644368503e-03 -6.314065285842255897e-04 5.940500814317442070e-04 2.877000000000000000e+03
4.706498529473824988e+01 3.021479523661057751e-03 -5.053414678329046575e-04 2.897978685153956195e-04 3.169000000000000000e+03
4.917111919158227096e+01 2.934272483033535835e-03 -6.607944868425371255e-04 5.861482733487032503e-04 3.507000000000000000e+03
5.126216914174227668e+01 2.800156949385044364e-03 -6.344647155557145641e-04 5.732005072959857643e-04 3.685000000000000000e+03
5.335525146837034072e+01 2.639846766488102535e-03 -6.158136602963685743e-04 6.580004779932125585e-04 4.165000000000000000e+03
5.546637228956934251e+01 2.427957239165838294e-03 -6.220469956255427445e-04 7.104474020685857920e-04 4.377000000000000000e+03
5.757318819254808773e+01 2.235252514039694563e-03 -3.800830741917464689e-04 4.830059972832745178e-04 4.855000000000000000e+03
5.965884044590281121e+01 2.088671400465049420e-03 -4.018959117741593067e-04 1.726366610286494800e-04 4.929000000000000000e+03
6.174512302159506305e+01 1.991628199143970039e-03 -4.037369427119421174e-04 2.048002989912645988e-04 5.581000000000000000e+03
6.382689291137189969e+01 1.924375980227157777e-03 -5.194911639394169094e-04 2.251630063540540684e-04 5.679000000000000000e+03
6.592966228838450604e+01 1.824361164800046261e-03 -5.328046078144066649e-04 2.323943572081154339e-04 6.385000000000000000e+03
6.803125784825746791e+01 1.698100200444374337e-03 -4.719938159219195790e-04 3.795944076965145401e-04 6.553000000000000000e+03
7.013131008699485847e+01 1.571561838185419257e-03 -3.683680450616102532e-04 4.251197102632053534e-04 7.125000000000000000e+03
7.223032366074338029e+01 1.527474884679409393e-03 -3.099621536001724012e-04 3.417051727600628019e-04 7.447000000000000000e+03
7.432334270720505742e+01 1.474970538594123871e-03 -2.919663482434218410e-04 2.974397381548326506e-04 7.929000000000000000e+03
7.642066756954473306e+01 1.424461316852527635e-03 -3.192996189910970333e-04 2.272383032283356379e-04 8.353000000000000000e+03
7.850471694556040347e+01 1.352480950756010901e-03 -3.714802261478279905e-04 2.272457779479239318e-04 8.775000000000000000e+03
8.059701946059529121e+01 1.272231018098429842e-03 -3.447705022628149373e-04 2.483995679626637755e-04 9.313000000000000000e+03
8.269521798132063850e+01 1.193793740698831114e-03 -3.291192242734043228e-04 2.368520715668186215e-04 9.841000000000000000e+03
8.478307522909847194e+01 1.119102815634533945e-03 -3.031248127667477235e-04 1.624233364832310079e-04 1.019100000000000000e+04
8.687780839616016237e+01 1.081701384500284276e-03 -3.133721635789600232e-04 1.633969069242730996e-04 1.089700000000000000e+04
8.897524569656535220e+01 1.033622551255742109e-03 -3.055730725417920820e-04 1.406357270399159125e-04 1.130100000000000000e+04
9.108077810470518898e+01 9.976401006112254558e-04 -3.118616740073074057e-04 1.929921125449520478e-04 1.202500000000000000e+04
9.318432266948052245e+01 9.502615751568261248e-04 -2.786131778608028921e-04 1.994326803178836090e-04 1.242300000000000000e+04
9.527887641048309320e+01 9.085783278120322399e-04 -2.621203030338733488e-04 1.758216286779018609e-04 1.302100000000000000e+04
9.736254237981037818e+01 8.794835474005993723e-04 -2.318601741984414443e-04 2.042286591278896486e-04 1.340500000000000000e+04
9.944832814799407572e+01 8.327174306695622578e-04 -2.125253085107866083e-04 1.399351294496727364e-04 1.424700000000000000e+04
1.015460879802399035e+02 7.924255635307714480e-04 -2.196987577669505835e-04 1.222395241520813909e-04 1.471300000000000000e+04
1.036426375667732316e+02 7.529685126409230026e-04 -1.975755412536849562e-04 1.372204348124898777e-04 1.548900000000000000e+04
1.057389390539465950e+02 7.308128799894224314e-04 -1.854142483082102670e-04 1.463737165143262132e-04 1.591300000000000000e+04
1.078395855981474227e+02 6.923346148952744163e-04 -1.834756248206446873e-04 1.063267139063172798e-04 1.687900000000000000e+04
1.099389405850131709e+02 6.694788799260625043e-04 -1.887728985257913967e-04 1.225342422088036213e-04 1.719300000000000000e+04
1.120392143152385387e+02 6.322278435822939338e-04 -1.840637388008998414e-04 7.723348247540891970e-05 1.815700000000000000e+04
1.141233458569757744e+02 6.200234606589285742e-04 -1.851957873075543335e-04 7.379936008014967351e-05 1.833900000000000000e+04
1.162159397555423084e+02 5.940633054358652196e-04 -1.838321450738637948e-04 8.110360872103771358e-05 1.957300000000000000e+04
1.183137204803772420e+02 5.683638896374367498e-04 -1.688349477994809653e-04 9.199077953954643092e-05 1.994100000000000000e+04
1.203972311807013256e+02 5.434718805591061148e-04 -1.807788272735688043e-04 8.744096104558694578e-05 2.062900000000000000e+04
1.224922363187857286e+02 5.200808792881916496e-04 -1.628338036239185813e-04 7.253106280771851294e-05 2.165500000000000000e+04
1.245882598425863534e+02 4.983699710071747566e-04 -1.673129715729860720e-04 6.592504849692818337e-05 2.211300000000000000e+04
1.266884677158377315e+02 4.821568893363453127e-04 -1.294610422192809271e-04 3.743469275463620204e-05 2.318500000000000000e+04
1.287846620419940962e+02 4.609520981055247220e-04 -1.348186892396697144e-04 5.892137397813581321e-05 2.366700000000000000e+04
1.308713393788149801e+02 4.500042489134181939e-04 -1.397853600496105865e-04 4.881416252180600099e-05 2.438500000000000000e+04
1.329754833440644575e+02 4.296726141938047856e-04 -1.308410907438655227e-04 6.163205568914312520e-05 2.574900000000000000e+04
1.350691081525609434e+02 4.129651980965772830e-04 -1.185758466364959996e-04 5.205053471706011774e-05 2.567500000000000000e+04
1.371638825856825576e+02 4.011020487974702111e-04 -1.142538843676177169e-04 4.939633909067888182e-05 2.740900000000000000e+04
1.392604757372163533e+02 3.885398642005385246e-04 -1.098032816524003419e-04 6.334178816449166833e-05 2.740500000000000000e+04
1.413466882908376760e+02 3.778651899408691462e-04 -1.050168522625558694e-04 3.961270931774143762e-05 2.871700000000000000e+04
1.434475230090064031e+02 3.641154667279045674e-04 -9.472200254277865592e-05 4.717414310439821054e-05 2.959500000000000000e+04
1.455452853418541679e+02 3.513494328699041328e-04 -8.446707486986738879e-05 5.344649160974859265e-05 3.030100000000000000e+04
1.476332061073587738e+02 3.392939879777369535e-04 -8.237819841879939254e-05 4.250505769108009691e-05 3.110100000000000000e+04
1.497211472843286231e+02 3.240162285267525846e-04 -7.169077271708405765e-05 3.944754676763918421e-05 3.202300000000000000e+04
1.518138048751577287e+02 3.171271762631783708e-04 -7.051368581616430985e-05 4.679587796560413684e-05 3.297700000000000000e+04
1.539211490100352648e+02 3.095264217501328820e-04 -8.181452896563420646e-05 5.083735631346543519e-05 3.444900000000000000e+04
1.560214747341236716e+02 2.979284725596086157e-04 -7.981468211555661633e-05 4.921304896403047346e-05 3.454900000000000000e+04
1.581161747588121784e+02 2.896671963997547120e-04 -8.071406008986285448e-05 4.655838821049057932e-05 3.611100000000000000e+04
1.602118712271799836e+02 2.807526551859624480e-04 -7.723640728882621780e-05 5.290942021787977106e-05 3.654100000000000000e+04
1.623006419462898862e+02 2.723915821760777736e-04 -5.654296547826536448e-05 5.638803977820722706e-05 3.771700000000000000e+04
1.643899033199985240e+02 2.637709157738042588e-04 -5.755813138246233693e-05 4.051145509970174462e-05 3.861900000000000000e+04
1.664835582381511756e+02 2.610912625501016931e-04 -5.581540524061553255e-05 4.671253997318505768e-05 3.966100000000000000e+04
1.685719683778473552e+02 2.540815434023448454e-04 -4.962794236968962492e-05 4.265691313484584648e-05 4.054500000000000000e+04
1.706641332089364766e+02 2.461953436075714832e-04 -3.977775088792075272e-05 4.479164829729613464e-05 4.181500000000000000e+04
1.727708699256135390e+02 2.380137869884348958e-04 -3.823816050503135321e-05 4.796102556882475765e-05 4.312500000000000000e+04
1.748696546009699659e+02 2.304321808825343795e-04 -3.542251937966817366e-05 4.706414459353654796e-05 4.368100000000000000e+04
1.769585769494445344e+02 2.239530979718509437e-04 -3.428765485621520576e-05 3.933666113044551906e-05 4.462900000000000000e+04
1.790524509315575301e+02 2.198036175107723027e-04 -3.505825458019966962e-05 4.638850633012573917e-05 4.622700000000000000e+04
1.811526521261263554e+02 2.130806080916365468e-04 -3.489686241607132232e-05 4.407230127882330123e-05 4.690900000000000000e+04
1.832476884130738881e+02 2.096024672318138433e-04 -3.978373580903599692e-05 3.660620925073250622e-05 4.823700000000000000e+04
1.853312475833926101e+02 2.029113671546565946e-04 -3.674059785513318128e-05 3.949860053325597679e-05 4.858300000000000000e+04
1.874284892203218931e+02 1.982373597568658783e-04 -3.656476468124598793e-05 3.289813277437111716e-05 5.099700000000000000e+04
1.895337179075755216e+02 1.911793603120254487e-04 -3.508128360034904754e-05 3.371197712615868182e-05 5.139700000000000000e+04
1.916268196474026126e+02 1.876628389485892354e-04 -3.923242753652614697e-05 3.317609930350536230e-05 5.248900000000000000e+04
1.937183403446852878e+02 1.818510773326484408e-04 -3.458570453956336962e-05 3.514003426260605019e-05 5.378700000000000000e+04
1.958131498886989164e+02 1.782506928400136553e-04 -3.551905971338587773e-05 3.039829517640226130e-05 5.491300000000000000e+04
1.979058740098966211e+02 1.728837304898290584e-04 -3.241265400204012599e-05 2.607010867821662274e-05 5.597700000000000000e+04
1.999990651597893816e+02 1.688297861817608116e-04 -2.939353525376118252e-05 2.742426464242540918e-05 5.741500000000000000e+04
2.020893038374759101e+02 1.657236715088363009e-04 -3.401565707444774097e-05 2.415394390877355848e-05 5.810500000000000000e+04
2.041823192148177952e+02 1.613114502124794671e-04 -3.272343217792180489e-05 2.581534559574948640e-05 6.003300000000000000e+04
2.062825911013838152e+02 1.585936328003873441e-04 -3.254784113819136448e-05 2.687002151701394157e-05 6.094900000000000000e+04
2.083770189145966185e+02 1.563985651948190904e-04 -3.337554059851488520e-05 2.455763615302764409e-05 6.223500000000000000e+04
2.104675816794403431e+02 1.508552353351925003e-04 -2.762339250647671883e-05 1.978540203118935991e-05 6.322900000000000000e+04
2.125667854244018145e+02 1.477473743852998004e-04 -2.898260490808825463e-05 2.124518272803744767e-05 6.513300000000000000e+04
2.146619261104851830e+02 1.455639801296740115e-04 -2.784684739693274878e-05 2.072954557559071416e-05 6.570700000000000000e+04
2.167561805722037036e+02 1.424513876046540838e-04 -2.611607118303471893e-05 2.228386475738910932e-05 6.756100000000000000e+04
2.188528705899679210e+02 1.401775965148681097e-04 -2.582811854132753188e-05 2.172467217862848681e-05 6.850500000000000000e+04
2.209456427453084473e+02 1.368289404459790113e-04 -2.418112342547525852e-05 2.272090484625033849e-05 6.994300000000000000e+04
2.230395148320731096e+02 1.349092447052217759e-04 -2.176583896873186436e-05 2.498365945523175262e-05 7.109700000000000000e+04
2.251356732858534997e+02 1.315904939115256165e-04 -2.137148399330846327e-05 2.354224290167907243e-05 7.302100000000000000e+04
2.272278504864401327e+02 1.305530418149673094e-04 -2.321845395184705672e-05 2.352262539721651984e-05 7.331700000000000000e+04
2.293197511287232544e+02 1.264150025441673796e-04 -2.291676738857842480e-05 2.030099067613891061e-05 7.579900000000000000e+04
2.314114772346510165e+02 1.244830930669784883e-04 -2.217552984290834813e-05 2.519803174860158943e-05 7.602100000000000000e+04
2.335058467478245632e+02 1.220436400128097412e-04 -2.220942473902040712e-05 2.741511489753356600e-05 7.875300000000000000e+04
2.356041652202905539e+02 1.208437153571509381e-04 -2.298744666618111852e-05 3.008497044330465275e-05 7.929100000000000000e+04
2.377006336558306998e+02 1.186942902679732849e-04 -2.242231918881533207e-05 2.948481679159344800e-05 8.112900000000000000e+04
2.397972750390475198e+02 1.166136993264161421e-04 -2.134717066183583318e-05 2.887057740319589041e-05 8.244100000000000000e+04
2.418944602532704096e+02 1.153705234594584251e-04 -2.218134362602295056e-05 3.049751265800438571e-05 8.394900000000000000e+04
2.439884227569783093e+02 1.132186952469995376e-04 -2.227171668702252071e-05 2.878052346262877179e-05 8.512300000000000000e+04
2.460835996828307373e+02 1.127453793666286793e-04 -2.259059786386620103e-05 3.113667590422747940e-05 8.692900000000000000e+04
2.481755280705312146e+02 1.116765259850647135e-04 -2.227093705630665583e-05 3.114900563329920237e-05 8.778900000000000000e+04
2.502623700647570217e+02 1.102916929338551571e-04 -2.273788399288071942e-05 3.248288050747235895e-05 8.962300000000000000e+04
2.523586155105348325e+02 1.088209308782104841e-04 -2.414322066903659420e-05 3.050013607900190721e-05 9.134100000000000000e+04
2.544547077866985489e+02 1.086690166172244007e-04 -2.428026962971051761e-05 3.281628125275358205e-05 9.284500000000000000e+04
2.565487653287422063e+02 1.076556625842368513e-04 -2.606633764343022758e-05 3.658863555113708437e-05 9.408700000000000000e+04
2.586464955058470991e+02 1.069471156312635883e-04 -2.335049528960803460e-05 4.010785478129632296e-05 9.633300000000000000e+04
2.607443047329861656e+02 1.066543435447293522e-04 -2.265080125686686743e-05 4.621929013611515116e-05 9.724900000000000000e+04
2.628438312173413465e+02 1.066066300635828929e-04 -2.322208441176384951e-05 4.616942982704143637e-05 9.950100000000000000e+04
2.649298855659840228e+02 1.064623661031876672e-04 -2.201574231221334403e-05 5.047892233066967097e-05 9.928300000000000000e+04
2.670163698864117805e+02 1.066554428671021362e-04 -2.382362252501904080e-05 5.323160224677652959e-05 1.025370000000000000e+05
2.691120556714307668e+02 1.059421783002679519e-04 -2.219623389778901099e-05 4.896653169671388373e-05 1.022830000000000000e+05
2.712074998348403483e+02 1.041075859358796339e-04 -2.293546667340862284e-05 3.185815199086220319e-05 1.021060000000000000e+05
2.733050116933233653e+02 1.031754730374264637e-04 -2.440550197669983886e-05 2.125915167720907615e-05 1.007340000000000000e+05
2.753977295572417461e+02 1.010540528125336145e-04 -2.177487992355568220e-05 5.467535777749737061e-06 9.999400000000000000e+04
2.774958294534935703e+02 9.943838377668151455e-05 -1.922334687160988460e-05 -4.211758136026484845e-06 9.936000000000000000e+04
2.795977707949222122e+02 9.824832293479363726e-05 -2.035595381838204530e-05 -1.757649457808625146e-05 9.860800000000000000e+04
2.816862895118986785e+02 9.702165332660119782e-05 -1.991206854242493179e-05 -2.658859985407023465e-05 9.625200000000000000e+04
2.837743515740906446e+02 9.579949984844659150e-05 -2.024966501201128078e-05 -3.552603334049618793e-05 9.640000000000000000e+04
2.858713251310674650e+02 9.442778509744393376e-05 -1.881447145905413551e-05 -4.565703681870949898e-05 9.539800000000000000e+04
2.879670932628575883e+02 9.348626267070385138e-05 -1.762503706587290463e-05 -5.267228874975092969e-05 9.402000000000000000e+04
2.900590582015512382e+02 9.176711716052652387e-05 -1.630603835990736896e-05 -6.150516732499011448e-05 9.316000000000000000e+04
2.921519201901450060e+02 9.106582520691592546e-05 -1.449699724844499092e-05 -6.960820608142028159e-05 9.177600000000000000e+04
2.942485935102203030e+02 9.009967050317264318e-05 -1.591437866377617424e-05 -7.449552401970448428e-05 9.137800000000000000e+04
2.963426645133968691e+02 8.898451944057108242e-05 -1.609389866836861605e-05 -7.926480920511702253e-05 8.949000000000000000e+04
2.984329904966970162e+02 8.846714491022796033e-05 -1.526962476815024876e-05 -8.625963433735743720e-05 8.845000000000000000e+04
3.005290481640043367e+02 8.647719127013932684e-05 -1.391671172892478070e-05 -9.142817544023953134e-05 8.794600000000000000e+04
3.026245947235937592e+02 8.652343196780512460e-05 -1.357474834366833986e-05 -9.709301332410768658e-05 8.575200000000000000e+04
3.047205651109674704e+02 8.568094459293046469e-05 -1.306002563715859679e-05 -1.016206945114008425e-04 8.574400000000000000e+04
3.068167457111920839e+02 8.507071351345874921e-05 -1.216050495417195346e-05 -1.062034964982363225e-04 8.322000000000000000e+04
3.089118625384018060e+02 8.430210495018956428e-05 -1.191919779169900492e-05 -1.099079909379340478e-04 8.302000000000000000e+04
3.110099981664167785e+02 8.398096852224102345e-05 -1.163371399013004351e-05 -1.146212138485156769e-04 8.106400000000000000e+04
3.131040997612852266e+02 8.268091733337945201e-05 -1.088515260418676907e-05 -1.177954874551706760e-04 7.983000000000000000e+04
3.151936712677708670e+02 8.242882773825745710e-05 -1.100908523131087600e-05 -1.200029726977740728e-04 7.823800000000000000e+04
3.172858841403398173e+02 8.212729113488603707e-05 -1.028307798350342485e-05 -1.240170557225893594e-04 7.715400000000000000e+04
3.193772099476266817e+02 8.135410818069373998e-05 -1.102618275889136826e-05 -1.252666971808255928e-04 7.546600000000000000e+04
3.214753775151562536e+02 8.091083907314295309e-05 -9.851627477638647893e-06 -1.296348240141983999e-04 7.480200000000000000e+04
3.235746879206847666e+02 7.987670132733844036e-05 -1.035041348087956644e-05 -1.312356703354023118e-04 7.258000000000000000e+04
3.256647237020029024e+02 8.030414209506193577e-05 -9.225777404844089108e-06 -1.354191276522064176e-04 7.133800000000000000e+04
3.277571324083919535e+02 8.036920306565919320e-05 -9.382879894778777021e-06 -1.391301090378913507e-04 6.964200000000000000e+04
3.298487111637800240e+02 8.009735556319894914e-05 -9.225832166892715806e-06 -1.416337385516068385e-04 6.832600000000000000e+04
3.319433744068021497e+02 7.988044140525043233e-05 -9.005605174371385978e-06 -1.436737382084409952e-04 6.674400000000000000e+04
3.340422322988853239e+02 7.963731986082800635e-05 -8.813576471330151078e-06 -1.463260848539920322e-04 6.533800000000000000e+04
3.361307892565458246e+02 7.961489578305133306e-05 -8.004127943788625350e-06 -1.489937657729344990e-04 6.315600000000000000e+04
3.382251120895489294e+02 7.963264789667465053e-05 -6.979813484184866491e-06 -1.534014325689752993e-04 6.214000000000000000e+04
3.403264013195363304e+02 8.019275832331381848e-05 -7.102413570856191765e-06 -1.562647825915121629e-04 6.051400000000000000e+04
3.424148842577288860e+02 8.008031126702199658e-05 -7.087474091702239064e-06 -1.593051994361504491e-04 5.799000000000000000e+04
3.445099495577244397e+02 8.049343401813054762e-05 -7.386388942723577930e-06 -1.602776748745159282e-04 5.742400000000000000e+04
3.466144105402300397e+02 7.987286011968853659e-05 -7.507798575346564325e-06 -1.618418887750156313e-04 5.518200000000000000e+04
3.487067496858389859e+02 8.021941062252452043e-05 -6.037453780934040014e-06 -1.662703162829005238e-04 5.306800000000000000e+04
3.507912540595516475e+02 8.110194907631963117e-05 -6.544213302979160062e-06 -1.686024494787499381e-04 5.152800000000000000e+04
3.528807167895711814e+02 8.027031738671676407e-05 -5.172370189681723440e-06 -1.730027415576281913e-04 4.954600000000000000e+04
3.549828487415276754e+02 8.024337526168944987e-05 -6.014534980185741637e-06 -1.717738448426120034e-04 4.846600000000000000e+04
3.570768480370360862e+02 8.011354045128495874e-05 -5.175661588043728342e-06 -1.763797527834504023e-04 4.566600000000000000e+04
3.591652111747225717e+02 8.077378465769166638e-05 -6.195963755462672661e-06 -1.784430739684686646e-04 4.423000000000000000e+04
3.612627896178847777e+02 8.038760314782664716e-05 -5.962852413308487890e-06 -1.796594423542860496e-04 4.254000000000000000e+04
3.633645820428338880e+02 8.045470091181865593e-05 -5.103060373979998101e-06 -1.849006130595932929e-04 4.022200000000000000e+04
3.654527365610065885e+02 8.239287583359191009e-05 -5.362512129907990693e-06 -1.883569645334818492e-04 3.842200000000000000e+04
3.675441472124314259e+02 8.168213927998462160e-05 -4.778954614399876005e-06 -1.926325113902822611e-04 3.624600000000000000e+04
3.696396280380744201e+02 8.303131125178962626e-05 -5.522130954912142129e-06 -1.963752498604777290e-04 3.455200000000000000e+04
3.717297223820279441e+02 8.236446828662251851e-05 -5.495367964025558564e-06 -1.994392598931257505e-04 3.213600000000000000e+04
3.738176974939287902e+02 8.247630859347289281e-05 -4.285235004738666508e-06 -2.047565949079178525e-04 3.029200000000000000e+04
3.759110996783247174e+02 8.187611572828987986e-05 -3.410295470490587576e-06 -2.102639582453523189e-04 2.830200000000000000e+04
3.780081394014102898e+02 8.198184141634999264e-05 -2.207986291370672000e-06 -2.185097978805699138e-04 2.605600000000000000e+04
3.801051557582653118e+02 8.045086829530702388e-05 -2.724012275159928124e-06 -2.190675197730935521e-04 2.421100000000000000e+04
3.821955053587425937e+02 7.924277823607018927e-05 -2.060705918730190784e-06 -2.226178923892608891e-04 2.220600000000000000e+04
3.842862749912937943e+02 7.859723744427335630e-05 -2.928731920671131916e-06 -2.250961028619083502e-04 2.088400000000000000e+04
3.863841918340856409e+02 8.032019215019125602e-05 -2.154785502386244724e-06 -2.348201579485708669e-04 1.939200000000000000e+04
3.884771734501698006e+02 7.861863528243463425e-05 -1.011006498345679228e-06 -2.349793574985364040e-04 1.805800000000000000e+04
3.905623371605522607e+02 7.890086161324346011e-05 -1.544365150253922677e-06 -2.382676576855603237e-04 1.674600000000000000e+04
3.926667500119167471e+02 7.933954970667193981e-05 -1.071853422638745512e-06 -2.433885889959124893e-04 1.589800000000000000e+04
3.947778557744774162e+02 7.954519204618221845e-05 -5.424664834194143594e-07 -2.472650774516115153e-04 1.457800000000000000e+04
3.968631060462392952e+02 8.073774447322159165e-05 -1.237944567653034268e-06 -2.523397191341052626e-04 1.344300000000000000e+04
3.989413219049817485e+02 8.216065062574823676e-05 -2.743138262499984735e-07 -2.606243925572809426e-04 1.251100000000000000e+04
4.010572258526528344e+02 8.272425444594031321e-05 2.369816595211277874e-07 -2.657630822310402515e-04 1.191900000000000000e+04
4.031656962107319373e+02 8.471704925960142532e-05 1.591537679051161790e-08 -2.743410082462594099e-04 1.063900000000000000e+04
4.052249146637423678e+02 8.501261319595315301e-05 -1.540576930746641837e-06 -2.750999693585031380e-04 9.775000000000000000e+03
4.073276634718891387e+02 8.454968424469494102e-05 -7.223615489967882879e-07 -2.765830480665367038e-04 9.423000000000000000e+03
4.094593776408451049e+02 8.721822588089783908e-05 -1.021981487827830913e-06 -2.863665896355194760e-04 8.449000000000000000e+03
4.115405539130957777e+02 8.709457800664012614e-05 -1.360858970311439397e-06 -2.877234300628638301e-04 7.596000000000000000e+03
4.135894252671187132e+02 9.029317605022985245e-05 -1.432769214672552199e-06 -2.993254261910220063e-04 6.931000000000000000e+03
4.156930049049321951e+02 9.112163319748875598e-05 -1.603384571416220992e-06 -3.040310301475691911e-04 6.612000000000000000e+03
4.178272827209258367e+02 9.340834931252113950e-05 -8.344363409735008004e-07 -3.139140440155484659e-04 5.899000000000000000e+03
4.199082037741286513e+02 9.470197600415637370e-05 -1.285867202221980522e-06 -3.189546334488548214e-04 5.176000000000000000e+03
4.219826095167229028e+02 9.882541557652388029e-05 -1.752327847902611696e-06 -3.331156089725028344e-04 4.824000000000000000e+03
4.241028763136273483e+02 9.597906201463046131e-05 -1.309814732388174408e-07 -3.263329989521273765e-04 4.312000000000000000e+03
4.262107721966358440e+02 9.832533686267985870e-05 7.043827321580437705e-07 -3.362514102977646525e-04 3.819000000000000000e+03
4.282460731868927724e+02 1.027716455719473223e-04 6.921992718446705925e-07 -3.526522144294758684e-04 3.220000000000000000e+03
4.303287648834323136e+02 1.023634071467464072e-04 -1.462034284943668023e-07 -3.515039561055987986e-04 3.132000000000000000e+03
4.325172248853483552e+02 1.046609372890897299e-04 -3.786697682565445158e-07 -3.600803363856739086e-04 2.680000000000000000e+03
4.346325070601815810e+02 1.059098287378493198e-04 1.652438233741649490e-06 -3.675252359195874704e-04 2.218000000000000000e+03
4.365567227659553851e+02 1.123889321650411289e-04 1.781555166149851577e-06 -3.903145519659125960e-04 1.728000000000000000e+03
4.386277159174848634e+02 1.158352288276908094e-04 1.156690745773853820e-06 -4.031086636090023883e-04 1.816000000000000000e+03
4.409019266196692683e+02 1.137761035953150279e-04 1.053945385061595150e-06 -3.962156993813326870e-04 1.476000000000000000e+03
4.430735479208619836e+02 1.372154712632571980e-04 1.665447883016661692e-06 -4.789420946376586000e-04 1.108000000000000000e+03
4.448761117541747012e+02 1.361928293953508333e-04 1.922194200706933828e-06 -4.759553782961959290e-04 7.560000000000000000e+02
4.469343758523184533e+02 1.340496069215745922e-04 -1.829187452043715164e-06 -4.654795652911692685e-04 8.440000000000000000e+02
4.493013102792758104e+02 1.421222709189337498e-04 -1.329284882032676337e-06 -4.947332707432002333e-04 6.280000000000000000e+02
4.515989744176221734e+02 1.515464937382568109e-04 -5.680197702167451826e-07 -5.288301255118430964e-04 4.050000000000000000e+02
4.533101867737696580e+02 1.461792195844145324e-04 -4.289670191031670729e-07 -5.101177695015615731e-04 2.020000000000000000e+02
4.552338387398290820e+02 1.410440899422490155e-04 6.825681653144461231e-07 -4.938502187707646297e-04 2.280000000000000000e+02
4.576034578613840722e+02 1.356374273975562595e-04 1.706978441673423842e-08 -4.744123499142525319e-04 1.240000000000000000e+02
4.599517872444100703e+02 1.483685372990375235e-04 1.600050143168342743e-06 -5.206953632351066534e-04 5.200000000000000000e+01
4.619205689144050666e+02 1.271460308812083083e-04 2.207100879704201774e-07 -4.451977536627564841e-04 9.000000000000000000e+00
4.634281054380590490e+02 3.771350267429185487e-04 1.203268210101324271e-06 -1.321139785928348047e-03 4.000000000000000000e+00
