2.966547074898984615e+00 2.667541570154945973e-01 2.502089264781267447e-02 -1.997261635011328140e-01 1.300000000000000000e+01
5.026374055021858744e+00 8.335053049915179535e-02 1.412692918089586760e-02 -1.058470470371608400e-02 3.300000000000000000e+01
7.149300621522788113e+00 4.461257672743978997e-02 4.152103259206618821e-04 -1.108184824241851760e-02 7.900000000000000000e+01
9.278869254964254409e+00 2.918809302160432773e-02 -4.978724109885181810e-04 -4.926906024261273540e-03 1.170000000000000000e+02
1.145033261934470126e+01 1.764619917069603500e-02 2.966173982271425556e-03 3.100411357780869133e-03 2.050000000000000000e+02
1.349295587141915043e+01 1.409926675453941972e-02 2.315977556589203859e-03 3.244127657056375749e-03 2.350000000000000000e+02
1.558905561191892986e+01 1.111941031775067444e-02 2.235148120985953196e-03 1.581501268677189568e-03 3.690000000000000000e+02
1.769408367255316961e+01 9.071198426821382860e-03 1.854585770272848934e-03 7.281111756787257260e-04 4.330000000000000000e+02
1.981787480313529670e+01 8.229331886221168818e-03 1.154718762582441962e-03 1.034969407687664393e-03 5.850000000000000000e+02
2.192074938196263645e+01 6.145371714056876294e-03 1.070830464600734449e-03 8.225341943567268752e-04 6.790000000000000000e+02
2.398877635566245203e+01 5.403784508694635044e-03 9.561744604447045643e-04 4.384076755885752416e-04 8.130000000000000000e+02
2.609286971896115759e+01 4.598340764400979386e-03 2.859441071236242058e-04 -2.811516434377340685e-05 9.850000000000000000e+02
2.823466315278179550e+01 3.894898420245339766e-03 4.520812217595950185e-04 7.554601298587477858e-04 1.183000000000000000e+03
3.032284873509123102e+01 3.477287484900907100e-03 5.722435300147871075e-04 5.939817591208441374e-04 1.269000000000000000e+03
3.240263258943403457e+01 2.976552061451621500e-03 3.569508978769748400e-04 5.578129422362855007e-04 1.537000000000000000e+03
3.449210129864554375e+01 2.816240730918526461e-03 1.621507986463544644e-04 6.736365534102822534e-04 1.653000000000000000e+03
3.658588147515196454e+01 2.468651894977304598e-03 3.165907965440222589e-04 6.316142932730928368e-04 1.963000000000000000e+03
3.868476949266977272e+01 2.241561133889060416e-03 1.000045776188100553e-04 4.673193720848122911e-04 2.121000000000000000e+03
4.078898888458283523e+01 2.025571095329442572e-03 2.089310021902364455e-04 3.157757698507249080e-04 2.413000000000000000e+03
4.289390876967645738e+01 1.873631550522947276e-03 1.865987654399720442e-04 1.346121088577154762e-04 2.635000000000000000e+03
4.498336005546935468e+01 1.676814401725319455e-03 8.416333524412381647e-05 2.660442661587769870e-04 2.877000000000000000e+03
4.706498529473824988e+01 1.536028172273613390e-03 2.000664925344223643e-04 1.115297567715465741e-04 3.169000000000000000e+03
4.917111919158227096e+01 1.331983216516196807e-03 1.970189407246500911e-04 1.476407062106097556e-04 3.507000000000000000e+03
5.126216914174227668e+01 1.249266030001127412e-03 1.497006829374678688e-04 1.524418021530547676e-04 3.685000000000000000e+03
5.335525146837034072e+01 1.134821585606529898e-03 1.498042732156434052e-04 2.277890630675264317e-04 4.165000000000000000e+03
5.546637228956934251e+01 1.084461761880732653e-03 1.912113445190317344e-04 2.140990628297117138e-04 4.377000000000000000e+03
5.757318819254808773e+01 9.787740775763925389e-04 1.058522210597831112e-04 1.646344362708332984e-04 4.855000000000000000e+03
5.965884044590281121e+01 9.229264249677913371e-04 1.200783353323317380e-04 2.048707113525030882e-04 4.929000000000000000e+03
6.174512302159506305e+01 8.457987830883719610e-04 9.608335727216115037e-05 1.003843745697825460e-04 5.581000000000000000e+03
6.382689291137189969e+01 7.950342752777572047e-04 1.188704300562758203e-04 9.044231345326497068e-05 5.679000000000000000e+03
6.592966228838450604e+01 7.366763106322685162e-04 8.561555008190666017e-05 6.743926622515405294e-05 6.385000000000000000e+03
6.803125784825746791e+01 6.834099765329201218e-04 1.198374254700273583e-04 9.222636947380510126e-05 6.553000000000000000e+03
7.013131008699485847e+01 6.277171352316751086e-04 9.689769902292480735e-05 1.027605197807445131e-04 7.125000000000000000e+03
7.223032366074338029e+01 5.817208692062544786e-04 9.418202989874024955e-05 5.290171838543904052e-05 7.447000000000000000e+03
7.432334270720505742e+01 5.459878386635720225e-04 1.019168705722478947e-04 7.253308206805901862e-05 7.929000000000000000e+03
7.642066756954473306e+01 5.041189278608426434e-04 1.024723858599529481e-04 6.627817503608872309e-05 8.353000000000000000e+03
7.850471694556040347e+01 4.839842260479132637e-04 8.426320431425998497e-05 9.550210170159192621e-05 8.775000000000000000e+03
8.059701946059529121e+01 4.466030968750446138e-04 1.024928137769250987e-04 6.744045598924474033e-05 9.313000000000000000e+03
8.269521798132063850e+01 4.168947707294651771e-04 1.013371229098476462e-04 3.710126802003016331e-05 9.841000000000000000e+03
8.478307522909847194e+01 3.921664203191234724e-04 8.349737616151765547e-05 6.896649350032944500e-05 1.019100000000000000e+04
8.687780839616016237e+01 3.745336931083247220e-04 8.263729768177666428e-05 6.940514882962478906e-05 1.089700000000000000e+04
8.897524569656535220e+01 3.548203739973095159e-04 8.055029245159240898e-05 8.340590530044633450e-05 1.130100000000000000e+04
9.108077810470518898e+01 3.355377915721136388e-04 8.061851835700413634e-05 8.817040592710589811e-05 1.202500000000000000e+04
9.318432266948052245e+01 3.160311886301578636e-04 8.090770634489059387e-05 8.563937053916187848e-05 1.242300000000000000e+04
9.527887641048309320e+01 3.033004317690059107e-04 7.129860656562566972e-05 6.787032404219026929e-05 1.302100000000000000e+04
9.736254237981037818e+01 2.890638244235394123e-04 7.250092894888571042e-05 7.427117141721526882e-05 1.340500000000000000e+04
9.944832814799407572e+01 2.724268867181101083e-04 7.166297871405213687e-05 6.258681810480396705e-05 1.424700000000000000e+04
1.015460879802399035e+02 2.574418263580684164e-04 6.666916785476949378e-05 4.986317838862004475e-05 1.471300000000000000e+04
1.036426375667732316e+02 2.427225226630929386e-04 6.553746791983812295e-05 4.425442328065289885e-05 1.548900000000000000e+04
1.057389390539465950e+02 2.331148427712212228e-04 7.106722992905496479e-05 4.348795378801806707e-05 1.591300000000000000e+04
1.078395855981474227e+02 2.181967927500448991e-04 6.802058583727572016e-05 4.992247773195624934e-05 1.687900000000000000e+04
1.099389405850131709e+02 2.093971037190736682e-04 7.057941798717026955e-05 4.580148436045816538e-05 1.719300000000000000e+04
1.120392143152385387e+02 1.992006804387831350e-04 6.591861608138350136e-05 4.427630076787998322e-05 1.815700000000000000e+04
1.141233458569757744e+02 1.920755580993111704e-04 6.400206332828291321e-05 5.095923901711885259e-05 1.833900000000000000e+04
1.162159397555423084e+02 1.805735539321711629e-04 6.060602976259518189e-05 4.331116968229344310e-05 1.957300000000000000e+04
1.183137204803772420e+02 1.728006921877564116e-04 6.298347948004234342e-05 3.643665810530869397e-05 1.994100000000000000e+04
1.203972311807013256e+02 1.660134721326884792e-04 5.935739788594108758e-05 4.293263283620526793e-05 2.062900000000000000e+04
1.224922363187857286e+02 1.582135860628441264e-04 5.492987052973700253e-05 3.798655123073671383e-05 2.165500000000000000e+04
1.245882598425863534e+02 1.513652423010628249e-04 5.221356624771505441e-05 3.948410439015278899e-05 2.211300000000000000e+04
1.266884677158377315e+02 1.459039623376847620e-04 5.132649631795785860e-05 3.438015225543438142e-05 2.318500000000000000e+04
1.287846620419940962e+02 1.391770195851078809e-04 4.716094561243458304e-05 3.778977623936545592e-05 2.366700000000000000e+04
1.308713393788149801e+02 1.339403245346526322e-04 4.579922405089049758e-05 3.981012873520853524e-05 2.438500000000000000e+04
1.329754833440644575e+02 1.276550392176241128e-04 4.652003336634180939e-05 3.826724290248275300e-05 2.574900000000000000e+04
1.350691081525609434e+02 1.214368921454982858e-04 4.261837733712615575e-05 3.430415692673620203e-05 2.567500000000000000e+04
1.371638825856825576e+02 1.170066819307751514e-04 4.111438820129540236e-05 2.992354508238728860e-05 2.740900000000000000e+04
1.392604757372163533e+02 1.121437396937244579e-04 3.691591054206160510e-05 3.247003825892077697e-05 2.740500000000000000e+04
1.413466882908376760e+02 1.073291472149576876e-04 4.031532967065166767e-05 2.434703928571665350e-05 2.871700000000000000e+04
1.434475230090064031e+02 1.042482749862762309e-04 3.875009682384282766e-05 2.358725613539849100e-05 2.959500000000000000e+04
1.455452853418541679e+02 1.007000920613780197e-04 3.648224994590303929e-05 2.672538694958082907e-05 3.030100000000000000e+04
1.476332061073587738e+02 9.665077996760480306e-05 3.381188604869412402e-05 2.476298906851761300e-05 3.110100000000000000e+04
1.497211472843286231e+02 9.193284526426385582e-05 3.484569953013464663e-05 2.126110235132583175e-05 3.202300000000000000e+04
1.518138048751577287e+02 8.815242430923308635e-05 3.347174746164530460e-05 2.452350900816797381e-05 3.297700000000000000e+04
1.539211490100352648e+02 8.503177153598715020e-05 3.285916434486388111e-05 2.013259026916767389e-05 3.444900000000000000e+04
1.560214747341236716e+02 8.180499160871205773e-05 3.268093180311375928e-05 2.225819167552345806e-05 3.454900000000000000e+04
1.581161747588121784e+02 7.919115054145342949e-05 3.314444482005257046e-05 2.012602140224735523e-05 3.611100000000000000e+04
1.602118712271799836e+02 7.686454209887060918e-05 3.070286585985953804e-05 1.905642723841673186e-05 3.654100000000000000e+04
1.623006419462898862e+02 7.455629190866670851e-05 2.996850828786542243e-05 1.662175472570087976e-05 3.771700000000000000e+04
1.643899033199985240e+02 7.215270321680173466e-05 2.794542796818261856e-05 1.620951979159386146e-05 3.861900000000000000e+04
1.664835582381511756e+02 7.011599464173713929e-05 2.804487351975461823e-05 1.725030730430608897e-05 3.966100000000000000e+04
1.685719683778473552e+02 6.686501506556614927e-05 2.860615607661785053e-05 1.670452464781259857e-05 4.054500000000000000e+04
1.706641332089364766e+02 6.559107774487331311e-05 2.657940808476426438e-05 1.699753820045905964e-05 4.181500000000000000e+04
1.727708699256135390e+02 6.326898658323756852e-05 2.487062242772104917e-05 1.591602721179190326e-05 4.312500000000000000e+04
1.748696546009699659e+02 6.108935490219024786e-05 2.606348685605884270e-05 1.787404078463607009e-05 4.368100000000000000e+04
1.769585769494445344e+02 5.964088517743427217e-05 2.561963382477887578e-05 1.695358912028025367e-05 4.462900000000000000e+04
1.790524509315575301e+02 5.792939941593419243e-05 2.426034890786718566e-05 1.916498598537080453e-05 4.622700000000000000e+04
1.811526521261263554e+02 5.605457122076632815e-05 2.213506272967830129e-05 1.907624199678764141e-05 4.690900000000000000e+04
1.832476884130738881e+02 5.497222033407894574e-05 2.149643775898128141e-05 1.797990024065783927e-05 4.823700000000000000e+04
1.853312475833926101e+02 5.287126906547858602e-05 2.158365740233688954e-05 1.846012544324006750e-05 4.858300000000000000e+04
1.874284892203218931e+02 5.173490971355098640e-05 2.035056719267755692e-05 1.607021650248449251e-05 5.099700000000000000e+04
1.895337179075755216e+02 5.038047509304014008e-05 2.073578528393356650e-05 1.513331123493451145e-05 5.139700000000000000e+04
1.916268196474026126e+02 4.874980351911436735e-05 2.023332770288791140e-05 1.502457577454767933e-05 5.248900000000000000e+04
1.937183403446852878e+02 4.714671368186685815e-05 2.093168560741563128e-05 1.479939044563294970e-05 5.378700000000000000e+04
1.958131498886989164e+02 4.598238657424288012e-05 2.065850141250195692e-05 1.327606932802094750e-05 5.491300000000000000e+04
1.979058740098966211e+02 4.478225698432834094e-05 1.919185003911333357e-05 1.306198045397051148e-05 5.597700000000000000e+04
1.999990651597893816e+02 4.358590399209973370e-05 1.948810331979474020e-05 1.210455701884263245e-05 5.741500000000000000e+04
2.020893038374759101e+02 4.256082324848491837e-05 1.906624976323935020e-05 1.220717219958688228e-05 5.810500000000000000e+04
2.041823192148177952e+02 4.126157155868452646e-05 1.880562702067433496e-05 1.134031216290093256e-05 6.003300000000000000e+04
2.062825911013838152e+02 4.013807188362885172e-05 1.841790702844486166e-05 1.194689649972170683e-05 6.094900000000000000e+04
2.083770189145966185e+02 3.919451882555779039e-05 1.818927388808610154e-05 1.181022108807840589e-05 6.223500000000000000e+04
2.104675816794403431e+02 3.825099255518969851e-05 1.770862868172513508e-05 1.182470135663902103e-05 6.322900000000000000e+04
2.125667854244018145e+02 3.712790981000950170e-05 1.717403216786139410e-05 1.044845957231147126e-05 6.513300000000000000e+04
2.146619261104851830e+02 3.644616837575912562e-05 1.610949024549443914e-05 1.088744723221903802e-05 6.570700000000000000e+04
2.167561805722037036e+02 3.577281420506175940e-05 1.526670061645658675e-05 1.078294118207718103e-05 6.756100000000000000e+04
2.188528705899679210e+02 3.452312974837414185e-05 1.555543305353136464e-05 1.081187446456138919e-05 6.850500000000000000e+04
2.209456427453084473e+02 3.380128127486288167e-05 1.472961539525961689e-05 1.006213071724387446e-05 6.994300000000000000e+04
2.230395148320731096e+02 3.297084341134554915e-05 1.530551013243834648e-05 9.704417661627954869e-06 7.109700000000000000e+04
2.251356732858534997e+02 3.201371303806806997e-05 1.491239023856578169e-05 9.953900829347251365e-06 7.302100000000000000e+04
2.272278504864401327e+02 3.128634176910395550e-05 1.485221969435418465e-05 9.643287769282364000e-06 7.331700000000000000e+04
2.293197511287232544e+02 3.065560466378492056e-05 1.414242527796189189e-05 9.608312410976440837e-06 7.579900000000000000e+04
2.314114772346510165e+02 2.987112937994186520e-05 1.412839764353546388e-05 9.457879533471194990e-06 7.602100000000000000e+04
2.335058467478245632e+02 2.950875222689663645e-05 1.355733620446039229e-05 9.069606378772685060e-06 7.875300000000000000e+04
2.356041652202905539e+02 2.890728776789325762e-05 1.309499794151001551e-05 9.032554163028634359e-06 7.929100000000000000e+04
2.377006336558306998e+02 2.804048366489873955e-05 1.282973339306514326e-05 9.221454741954670264e-06 8.112900000000000000e+04
2.397972750390475198e+02 2.769639040459134248e-05 1.242945655963437498e-05 8.777496232897752558e-06 8.244100000000000000e+04
2.418944602532704096e+02 2.723626637476376009e-05 1.295550663774092780e-05 9.738994341264383509e-06 8.394900000000000000e+04
2.439884227569783093e+02 2.656238093972151663e-05 1.279899608913406105e-05 9.436813388895905772e-06 8.512300000000000000e+04
2.460835996828307373e+02 2.625337006208231053e-05 1.211517511795318217e-05 9.231706625120818084e-06 8.692900000000000000e+04
2.481755280705312146e+02 2.554664519325761433e-05 1.237820895382196342e-05 9.839191416617972319e-06 8.778900000000000000e+04
2.502623700647570217e+02 2.547517957670999072e-05 1.203237030459072506e-05 1.068407154941012736e-05 8.962300000000000000e+04
2.523586155105348325e+02 2.473125788300088395e-05 1.170748219300117507e-05 9.850337025813172276e-06 9.134100000000000000e+04
2.544547077866985489e+02 2.424374851431302280e-05 1.143543601570371044e-05 1.073127876712405202e-05 9.284500000000000000e+04
2.565487653287422063e+02 2.414828860921305607e-05 1.132489739090218564e-05 1.111339251639860750e-05 9.408700000000000000e+04
2.586464955058470991e+02 2.368787584450945206e-05 1.199950294793707154e-05 1.141064268228379764e-05 9.633300000000000000e+04
2.607443047329861656e+02 2.339396710781567937e-05 1.205934221947246041e-05 1.243013682958412777e-05 9.724900000000000000e+04
2.628438312173413465e+02 2.327574178426248676e-05 1.193341295601414370e-05 1.321130403777570363e-05 9.950100000000000000e+04
2.649298855659840228e+02 2.299575147559136491e-05 1.207302416586935116e-05 1.373444382730765339e-05 9.928300000000000000e+04
2.670163698864117805e+02 2.282184601001297782e-05 1.183661302703456257e-05 1.412998119693709479e-05 1.025370000000000000e+05
2.691120556714307668e+02 2.260219219417745472e-05 1.130686305847908749e-05 1.284936891422395621e-05 1.022830000000000000e+05
2.712074998348403483e+02 2.211697762112872719e-05 1.018069846079353320e-05 9.299122572004807518e-06 1.021060000000000000e+05
2.733050116933233653e+02 2.186982567794373795e-05 9.329749629626724064e-06 6.922313852153877559e-06 1.007340000000000000e+05
2.753977295572417461e+02 2.143051198030166305e-05 8.445766318834051843e-06 2.744719273661261350e-06 9.999400000000000000e+04
2.774958294534935703e+02 2.107823800988105082e-05 8.246806687113899441e-06 -2.585689815868187891e-07 9.936000000000000000e+04
2.795977707949222122e+02 2.044690550159395073e-05 7.498330548006264781e-06 -3.371709587479408358e-06 9.860800000000000000e+04
2.816862895118986785e+02 2.000617694969616549e-05 6.583000909475907289e-06 -5.778886295992359873e-06 9.625200000000000000e+04
2.837743515740906446e+02 1.954226542038742058e-05 6.034965275154219455e-06 -8.756613222641955306e-06 9.640000000000000000e+04
2.858713251310674650e+02 1.925037122508986307e-05 5.434113025894863536e-06 -1.029876074888682560e-05 9.539800000000000000e+04
2.879670932628575883e+02 1.887627826320679509e-05 5.231878726819753357e-06 -1.308753794762469375e-05 9.402000000000000000e+04
2.900590582015512382e+02 1.835755564778931607e-05 4.885617056978567321e-06 -1.500424770124530538e-05 9.316000000000000000e+04
2.921519201901450060e+02 1.783609462813598838e-05 4.327848279089423593e-06 -1.635222675623253678e-05 9.177600000000000000e+04
2.942485935102203030e+02 1.765224141537345359e-05 4.011889146521635803e-06 -1.812672520044238705e-05 9.137800000000000000e+04
2.963426645133968691e+02 1.720909864439560744e-05 3.388008773355016030e-06 -1.883751132342897745e-05 8.949000000000000000e+04
2.984329904966970162e+02 1.683963006086101733e-05 3.025911883259300631e-06 -1.979599972170518544e-05 8.845000000000000000e+04
3.005290481640043367e+02 1.658433837751830577e-05 2.802863068214190232e-06 -2.093074595502428373e-05 8.794600000000000000e+04
3.026245947235937592e+02 1.660041061387456383e-05 2.284671452509412929e-06 -2.090118333557207091e-05 8.575200000000000000e+04
3.047205651109674704e+02 1.643422068428173014e-05 2.101512800439574069e-06 -2.198219226751471842e-05 8.574400000000000000e+04
3.068167457111920839e+02 1.623938120744157100e-05 1.783149152771526442e-06 -2.294855145970078103e-05 8.322000000000000000e+04
3.089118625384018060e+02 1.598478820604492878e-05 1.452001093811620273e-06 -2.337295368389909021e-05 8.302000000000000000e+04
3.110099981664167785e+02 1.567461336064485296e-05 1.344543476210087204e-06 -2.401519251673413829e-05 8.106400000000000000e+04
3.131040997612852266e+02 1.516871258216185046e-05 1.054803452672322738e-06 -2.418320949124946030e-05 7.983000000000000000e+04
3.151936712677708670e+02 1.504584594646492582e-05 1.428009921729048052e-06 -2.499582398620791611e-05 7.823800000000000000e+04
3.172858841403398173e+02 1.474952922424706777e-05 1.004632011567665023e-06 -2.505568218411298090e-05 7.715400000000000000e+04
3.193772099476266817e+02 1.436166723679182950e-05 1.267768537000586639e-06 -2.574791366722753097e-05 7.546600000000000000e+04
3.214753775151562536e+02 1.422870611476838994e-05 1.378916692317298998e-06 -2.642446257620124719e-05 7.480200000000000000e+04
3.235746879206847666e+02 1.395408535119392381e-05 1.504543655990909562e-06 -2.711468846215843884e-05 7.258000000000000000e+04
3.256647237020029024e+02 1.370617573591458035e-05 1.531019829953072442e-06 -2.693045595934439928e-05 7.133800000000000000e+04
3.277571324083919535e+02 1.347174059089115424e-05 1.212517018655487818e-06 -2.693062115691234194e-05 6.964200000000000000e+04
3.298487111637800240e+02 1.351025582538823184e-05 1.045836026919201250e-06 -2.725265716991081446e-05 6.832600000000000000e+04
3.319433744068021497e+02 1.340269687914788499e-05 9.384844181896237924e-07 -2.742334009901649974e-05 6.674400000000000000e+04
3.340422322988853239e+02 1.315245244450769517e-05 9.095085246614225534e-07 -2.746234350304011505e-05 6.533800000000000000e+04
3.361307892565458246e+02 1.315055833831314913e-05 9.619231082025088736e-07 -2.790436074077612730e-05 6.315600000000000000e+04
3.382251120895489294e+02 1.325806760153343325e-05 1.130324427297314061e-06 -2.872409001245128705e-05 6.214000000000000000e+04
3.403264013195363304e+02 1.304617980941696430e-05 9.672700019811374886e-07 -2.845292239491632836e-05 6.051400000000000000e+04
3.424148842577288860e+02 1.306268881016493357e-05 1.005875732310307378e-06 -2.906798524575329005e-05 5.799000000000000000e+04
3.445099495577244397e+02 1.300256468383204103e-05 6.524012855046208260e-07 -2.878384909196269012e-05 5.742400000000000000e+04
3.466144105402300397e+02 1.293548884551553914e-05 8.476083822824310244e-07 -2.960115293648316959e-05 5.518200000000000000e+04
3.487067496858389859e+02 1.256670734789754318e-05 5.937777332336160767e-07 -2.858724207476379123e-05 5.306800000000000000e+04
3.507912540595516475e+02 1.274256323086622036e-05 4.219275898823672006e-07 -2.912120634438196791e-05 5.152800000000000000e+04
3.528807167895711814e+02 1.252287827367847789e-05 4.171460234687359356e-07 -2.921800013524480247e-05 4.954600000000000000e+04
3.549828487415276754e+02 1.245472198843240787e-05 8.331733489678556432e-07 -2.962541829046153491e-05 4.846600000000000000e+04
3.570768480370360862e+02 1.241757728736143298e-05 5.646509855498677862e-07 -2.978388526325366603e-05 4.566600000000000000e+04
3.591652111747225717e+02 1.230059857608888800e-05 4.849982037947323237e-07 -2.963046709463973324e-05 4.423000000000000000e+04
3.612627896178847777e+02 1.209281580742345202e-05 4.785874059117830138e-07 -2.960575295276275312e-05 4.254000000000000000e+04
3.633645820428338880e+02 1.235997445415500799e-05 6.358579253258098147e-07 -3.069100667653381183e-05 4.022200000000000000e+04
3.654527365610065885e+02 1.196361950225824417e-05 2.676242258413711511e-07 -2.958831713631348903e-05 3.842200000000000000e+04
3.675441472124314259e+02 1.203484864836138134e-05 2.282749020628985089e-07 -3.023772191504228067e-05 3.624600000000000000e+04
3.696396280380744201e+02 1.192667057510240308e-05 2.371449282803792351e-07 -3.005396889861450567e-05 3.455200000000000000e+04
3.717297223820279441e+02 1.190596424444148153e-05 4.798321075618147682e-07 -3.101992197918650087e-05 3.213600000000000000e+04
3.738176974939287902e+02 1.202730164716580476e-05 -4.248615945881904841e-08 -3.096209750427702449e-05 3.029200000000000000e+04
3.759110996783247174e+02 1.200225444370899651e-05 1.411586399007316607e-08 -3.160447338299088516e-05 2.830200000000000000e+04
3.780081394014102898e+02 1.186454490727820800e-05 -3.505247095119818920e-07 -3.153165141397311702e-05 2.605600000000000000e+04
3.801051557582653118e+02 1.167264777411832429e-05 -3.609671819019138269e-07 -3.170409371841100211e-05 2.421100000000000000e+04
3.821955053587425937e+02 1.116250137197950240e-05 -3.509091675401004534e-07 -3.117683323870629831e-05 2.220600000000000000e+04
3.842862749912937943e+02 1.138377060652512534e-05 -3.081139899158080936e-07 -3.234605727637711412e-05 2.088400000000000000e+04
3.863841918340856409e+02 1.091474178604097060e-05 -7.320641134416203168e-07 -3.112377723941123214e-05 1.939200000000000000e+04
3.884771734501698006e+02 1.044123091418387581e-05 -7.004765084263604082e-07 -3.016101248356425630e-05 1.805800000000000000e+04
3.905623371605522607e+02 1.013107972175586584e-05 -8.091796945882345756e-07 -2.974525790508359508e-05 1.674600000000000000e+04
3.926667500119167471e+02 1.029502358766323084e-05 -9.081589022835461200e-07 -3.056219657248957156e-05 1.589800000000000000e+04
3.947778557744774162e+02 1.020952049187966504e-05 -6.076068350272755523e-07 -3.119998852545260618e-05 1.457800000000000000e+04
3.968631060462392952e+02 1.011459857806624839e-05 -4.725909798259443974e-07 -3.131507046461173296e-05 1.344300000000000000e+04
3.989413219049817485e+02 1.024170825157777313e-05 -7.606611431983007365e-07 -3.165037277872409836e-05 1.251100000000000000e+04
4.010572258526528344e+02 9.712445067936184508e-06 -7.963153602937542318e-07 -3.008728087913882076e-05 1.191900000000000000e+04
4.031656962107319373e+02 1.022296778800508118e-05 -4.927749504442620519e-07 -3.237353111567093018e-05 1.063900000000000000e+04
4.052249146637423678e+02 9.806797741916389725e-06 -5.630207031779092956e-07 -3.122967155907783305e-05 9.775000000000000000e+03
4.073276634718891387e+02 9.957806190030076007e-06 -3.497236612884822461e-07 -3.231016282355748042e-05 9.423000000000000000e+03
4.094593776408451049e+02 1.009630596014872609e-05 -3.031561710478352889e-07 -3.293495547014276340e-05 8.449000000000000000e+03
4.115405539130957777e+02 1.010101429146374270e-05 -2.748897083667363030e-07 -3.321385736286290368e-05 7.596000000000000000e+03
4.135894252671187132e+02 9.649648212860925862e-06 -1.788279947024828801e-08 -3.199008624551310853e-05 6.931000000000000000e+03
4.156930049049321951e+02 1.008978273037561102e-05 -1.485978704438938859e-07 -3.368551602742540731e-05 6.612000000000000000e+03
4.178272827209258367e+02 1.016479431359367574e-05 1.600894133189810549e-07 -3.435559155213030420e-05 5.899000000000000000e+03
4.199082037741286513e+02 1.023230027748946255e-05 6.209953638328683358e-08 -3.464227338479162295e-05 5.176000000000000000e+03
4.219826095167229028e+02 9.724187341900326282e-06 1.121508263621415915e-07 -3.316934161415221582e-05 4.824000000000000000e+03
4.241028763136273483e+02 1.026149487701699897e-05 1.255656803948447572e-07 -3.513447169041356135e-05 4.312000000000000000e+03
4.262107721966358440e+02 1.020423848916392272e-05 4.120792060834704513e-08 -3.491425393777187032e-05 3.819000000000000000e+03
4.282460731868927724e+02 1.057407138923458703e-05 -3.390391415966768001e-07 -3.581607363796633414e-05 3.220000000000000000e+03
4.303287648834323136e+02 1.123868918903940326e-05 -2.620754118910967703e-07 -3.838921773055948785e-05 3.132000000000000000e+03
4.325172248853483552e+02 1.061884515576179039e-05 -1.927804225031291320e-07 -3.643138940608421178e-05 2.680000000000000000e+03
4.346325070601815810e+02 1.238820407091206896e-05 -1.336767548988784517e-07 -4.264694825168663595e-05 2.218000000000000000e+03
4.365567227659553851e+02 1.355217779039701677e-05 6.613760607184388521e-08 -4.693949943939845391e-05 1.728000000000000000e+03
4.386277159174848634e+02 1.220434729598821758e-05 -6.373431553072086571e-08 -4.231504125261933936e-05 1.816000000000000000e+03
4.409019266196692683e+02 1.328779320485617792e-05 2.493612146409198284e-07 -4.652842229880245966e-05 1.476000000000000000e+03
4.430735479208619836e+02 1.497629798787893018e-05 1.083773845233855371e-10 -5.218773476292364771e-05 1.108000000000000000e+03
4.448761117541747012e+02 1.551155296635119989e-05 3.728415174371424074e-08 -5.405542907325125700e-05 7.560000000000000000e+02
4.469343758523184533e+02 1.394518619244731874e-05 4.182811129933994145e-07 -4.911251602047136153e-05 8.440000000000000000e+02
4.493013102792758104e+02 1.922048512011235411e-05 7.923577625329999461e-07 -6.795566058374557746e-05 6.280000000000000000e+02
4.515989744176221734e+02 2.062472561180546472e-05 2.620870360120441016e-07 -7.232434812575437317e-05 4.050000000000000000e+02
4.533101867737696580e+02 1.799252898848641355e-05 6.746221624045226030e-07 -6.351310069670688637e-05 2.020000000000000000e+02
4.552338387398290820e+02 1.217182125563053704e-05 1.042557388634003302e-07 -4.267813912442471562e-05 2.280000000000000000e+02
4.576034578613840722e+02 1.449495404375639235e-05 3.680544783639512192e-07 -5.108361464708187361e-05 1.240000000000000000e+02
4.599517872444100703e+02 2.231212014943568785e-05 9.086046793506837129e-08 -7.815494774603490161e-05 5.200000000000000000e+01
4.619205689144050666e+02 1.229927403867433328e-05 2.436250410135952255e-07 -4.330271970159053934e-05 9.000000000000000000e+00
4.634281054380590490e+02 7.257129130014809974e-05 6.628841114532546365e-07 -2.546595947702325925e-04 4.000000000000000000e+00
