2.966547074898984615e+00 5.825820757234263514e-01 4.864933391635402338e-02 -4.457978750633946330e-01 1.300000000000000000e+01
5.026374055021858744e+00 2.408301541936721246e-01 6.105838225317149204e-02 1.146787042257672753e-04 3.300000000000000000e+01
7.149300621522788113e+00 1.540671656580234750e-01 9.791298276382835383e-03 -1.222066463327289680e-02 7.900000000000000000e+01
9.278869254964254409e+00 1.137848691658325112e-01 1.682637840402088220e-02 3.233193472734966281e-03 1.170000000000000000e+02
1.145033261934470126e+01 9.336873013572861979e-02 8.387630215495107955e-03 8.861058108749732959e-03 2.050000000000000000e+02
1.349295587141915043e+01 7.503591161985188884e-02 -1.049617337744917838e-04 2.589176617324873836e-02 2.350000000000000000e+02
1.558905561191892986e+01 6.598776320021192132e-02 8.292969692640034599e-04 1.622011802678135356e-02 3.690000000000000000e+02
1.769408367255316961e+01 5.906921310506421663e-02 -1.379195754778017591e-03 4.749606940071511921e-03 4.330000000000000000e+02
1.981787480313529670e+01 5.467898080803287875e-02 2.103571975775891337e-03 1.076153909691848591e-02 5.850000000000000000e+02
2.192074938196263645e+01 4.994501488434549552e-02 2.566904826709784891e-03 3.825212780230375677e-03 6.790000000000000000e+02
2.398877635566245203e+01 4.376807142579823562e-02 2.230899017698687731e-03 9.470584230528514020e-06 8.130000000000000000e+02
2.609286971896115759e+01 3.883494531187062226e-02 4.012825266349885969e-03 -5.754776271975356808e-04 9.850000000000000000e+02
2.823466315278179550e+01 3.448652089713832858e-02 4.634879154587574247e-03 7.956986256281809236e-03 1.183000000000000000e+03
3.032284873509123102e+01 3.188643798628065101e-02 5.635032570461008181e-03 2.505735181552456916e-03 1.269000000000000000e+03
3.240263258943403457e+01 2.931575915898634865e-02 3.402654253764398999e-03 -1.054564608032137336e-05 1.537000000000000000e+03
3.449210129864554375e+01 2.733308731010448273e-02 1.766468937471609010e-03 2.809020050561055956e-03 1.653000000000000000e+03
3.658588147515196454e+01 2.413000167976866658e-02 1.037434638986238543e-03 2.235723217454323002e-03 1.963000000000000000e+03
3.868476949266977272e+01 2.215391225060878849e-02 2.552806695676145075e-03 -1.494128068637152443e-04 2.121000000000000000e+03
4.078898888458283523e+01 2.003653608292240221e-02 2.638148038603857406e-03 7.965578766604568305e-04 2.413000000000000000e+03
4.289390876967645738e+01 1.847459015091663936e-02 2.281195312542736667e-03 -5.000599149270467400e-04 2.635000000000000000e+03
4.498336005546935468e+01 1.671156426913655152e-02 2.513106650079109661e-03 2.234634926036104668e-03 2.877000000000000000e+03
4.706498529473824988e+01 1.515111869504770503e-02 2.923819943551018378e-03 4.507259121417025744e-04 3.169000000000000000e+03
4.917111919158227096e+01 1.439807511802450139e-02 2.590467664833653785e-03 1.105294594526281442e-03 3.507000000000000000e+03
5.126216914174227668e+01 1.343953351286970507e-02 1.885913321711259975e-03 1.251529302626309135e-03 3.685000000000000000e+03
5.335525146837034072e+01 1.215539308257018031e-02 2.197385377170998477e-03 1.248919940407971141e-03 4.165000000000000000e+03
5.546637228956934251e+01 1.124568339634195863e-02 1.883533166244323164e-03 1.649376752971311311e-03 4.377000000000000000e+03
5.757318819254808773e+01 1.047886732568831421e-02 2.401049681900449019e-03 4.299164465499858128e-04 4.855000000000000000e+03
5.965884044590281121e+01 9.909986840815086795e-03 1.789847158291375025e-03 1.262914470611946728e-03 4.929000000000000000e+03
6.174512302159506305e+01 9.270481128300998852e-03 1.941866570829282055e-03 5.977325351546264667e-04 5.581000000000000000e+03
6.382689291137189969e+01 8.783028314230337946e-03 1.267258329598433672e-03 1.129907785953642536e-03 5.679000000000000000e+03
6.592966228838450604e+01 8.192526312941981678e-03 1.541338258341214259e-03 6.318751635381536719e-04 6.385000000000000000e+03
6.803125784825746791e+01 7.734286871270337933e-03 1.511867403082591682e-03 1.273449925108204950e-03 6.553000000000000000e+03
7.013131008699485847e+01 7.358399278807223678e-03 1.280328298355361315e-03 1.263209292253930421e-03 7.125000000000000000e+03
7.223032366074338029e+01 6.841280076198296735e-03 1.384250726010806008e-03 8.711106291835970681e-04 7.447000000000000000e+03
7.432334270720505742e+01 6.534975027744257571e-03 1.336817241398276929e-03 1.095212077537374012e-03 7.929000000000000000e+03
7.642066756954473306e+01 6.124909361777538044e-03 1.296039054339197336e-03 9.791288522744277974e-04 8.353000000000000000e+03
7.850471694556040347e+01 5.816206770127135654e-03 1.251827846952006419e-03 1.050523468530399195e-03 8.775000000000000000e+03
8.059701946059529121e+01 5.441800880508778845e-03 1.209066063509128472e-03 1.100862635276507809e-03 9.313000000000000000e+03
8.269521798132063850e+01 5.226986297902753986e-03 1.195751708915264487e-03 7.403708916754778808e-04 9.841000000000000000e+03
8.478307522909847194e+01 5.016146156956620417e-03 1.125579212773772592e-03 1.023763595206753692e-03 1.019100000000000000e+04
8.687780839616016237e+01 4.788940751428471740e-03 1.178467407971601480e-03 8.985503641768112330e-04 1.089700000000000000e+04
8.897524569656535220e+01 4.526058933268174017e-03 1.083516455371329049e-03 8.056867870887765440e-04 1.130100000000000000e+04
9.108077810470518898e+01 4.235570471969422011e-03 1.297372484604079933e-03 9.677710631168041835e-04 1.202500000000000000e+04
9.318432266948052245e+01 4.047161796948604839e-03 1.189310737924803357e-03 7.905828475752810789e-04 1.242300000000000000e+04
9.527887641048309320e+01 3.891081659057557020e-03 1.174084145204412665e-03 9.066225543910817015e-04 1.302100000000000000e+04
9.736254237981037818e+01 3.699313078287826389e-03 1.209239850332439851e-03 7.986695584532081628e-04 1.340500000000000000e+04
9.944832814799407572e+01 3.573566214922222622e-03 1.176806560544833066e-03 7.696962447705660640e-04 1.424700000000000000e+04
1.015460879802399035e+02 3.336780267603071341e-03 1.126497107236114478e-03 7.510346333196680092e-04 1.471300000000000000e+04
1.036426375667732316e+02 3.242358431528093946e-03 1.204780353874255116e-03 7.906400997264486762e-04 1.548900000000000000e+04
1.057389390539465950e+02 3.087715078976946935e-03 1.209111146382687782e-03 7.472250841608348926e-04 1.591300000000000000e+04
1.078395855981474227e+02 2.923977331927293723e-03 1.208162118030884583e-03 7.681652727661906176e-04 1.687900000000000000e+04
1.099389405850131709e+02 2.802266903926909757e-03 1.108759873355334626e-03 7.857653348342444333e-04 1.719300000000000000e+04
1.120392143152385387e+02 2.676706496583250699e-03 1.126221199300496412e-03 7.045850734305373437e-04 1.815700000000000000e+04
1.141233458569757744e+02 2.570934208138065356e-03 1.084204616278371070e-03 7.209008646588727261e-04 1.833900000000000000e+04
1.162159397555423084e+02 2.474477348642384594e-03 1.049501604613277406e-03 7.081086282169242723e-04 1.957300000000000000e+04
1.183137204803772420e+02 2.356061368733555414e-03 1.043782562974639606e-03 6.414707569034876905e-04 1.994100000000000000e+04
1.203972311807013256e+02 2.257619701496604066e-03 1.010437464829560357e-03 7.528671056597551967e-04 2.062900000000000000e+04
1.224922363187857286e+02 2.163029156500315218e-03 9.763057422292465001e-04 5.910155391291268320e-04 2.165500000000000000e+04
1.245882598425863534e+02 2.074862954859356748e-03 9.381612888058746876e-04 6.743699122776684136e-04 2.211300000000000000e+04
1.266884677158377315e+02 1.998280737276155773e-03 9.076951946545535731e-04 5.371828737033368731e-04 2.318500000000000000e+04
1.287846620419940962e+02 1.908223589735303250e-03 8.944706752156518026e-04 5.908643572934339609e-04 2.366700000000000000e+04
1.308713393788149801e+02 1.830141582567073330e-03 8.608452012675545453e-04 5.706368997520889315e-04 2.438500000000000000e+04
1.329754833440644575e+02 1.757055291844732397e-03 7.889449458604567717e-04 5.801541541547564941e-04 2.574900000000000000e+04
1.350691081525609434e+02 1.681878249556346223e-03 8.175732322173171395e-04 5.562420578747712509e-04 2.567500000000000000e+04
1.371638825856825576e+02 1.623635251507480866e-03 7.424970522217407692e-04 5.661512554611424549e-04 2.740900000000000000e+04
1.392604757372163533e+02 1.552670966034485830e-03 7.299062302425215554e-04 5.316053961064000572e-04 2.740500000000000000e+04
1.413466882908376760e+02 1.500023728494774989e-03 6.819425019003671302e-04 5.551235703627865458e-04 2.871700000000000000e+04
1.434475230090064031e+02 1.453595499662673884e-03 6.615161555446027108e-04 4.960259762730233422e-04 2.959500000000000000e+04
1.455452853418541679e+02 1.383977473977599784e-03 6.510623690208984689e-04 5.304934607835243374e-04 3.030100000000000000e+04
1.476332061073587738e+02 1.346646950446211055e-03 6.125471141680272069e-04 4.894958366262492375e-04 3.110100000000000000e+04
1.497211472843286231e+02 1.292294466683835494e-03 6.026283571337186663e-04 4.561272645307536035e-04 3.202300000000000000e+04
1.518138048751577287e+02 1.247219922635102365e-03 5.808997687565258406e-04 4.628940880546014150e-04 3.297700000000000000e+04
1.539211490100352648e+02 1.212893330008419507e-03 5.550010801310074687e-04 4.514556458950857000e-04 3.444900000000000000e+04
1.560214747341236716e+02 1.165452579767766112e-03 5.329928744290772513e-04 4.468593531264938921e-04 3.454900000000000000e+04
1.581161747588121784e+02 1.128716111009240956e-03 5.154196381664170965e-04 4.165997976050876900e-04 3.611100000000000000e+04
1.602118712271799836e+02 1.091128388144824678e-03 5.033764233731591623e-04 4.367486495290718988e-04 3.654100000000000000e+04
1.623006419462898862e+02 1.049503615550431397e-03 5.003967419632950140e-04 4.259700024085999199e-04 3.771700000000000000e+04
1.643899033199985240e+02 1.027724923216673074e-03 4.702468367881013317e-04 3.809168275632167627e-04 3.861900000000000000e+04
1.664835582381511756e+02 9.908001123073741350e-04 4.602637554193245682e-04 4.074012822825938906e-04 3.966100000000000000e+04
1.685719683778473552e+02 9.608141584219409776e-04 4.553421287577825039e-04 3.666056463893824398e-04 4.054500000000000000e+04
1.706641332089364766e+02 9.299746157790469720e-04 4.212052584810064724e-04 3.792887199416642048e-04 4.181500000000000000e+04
1.727708699256135390e+02 9.032703772406305148e-04 4.252304381478737966e-04 3.558014144892958494e-04 4.312500000000000000e+04
1.748696546009699659e+02 8.794527415670484044e-04 4.073811042948171485e-04 3.552032660051277629e-04 4.368100000000000000e+04
1.769585769494445344e+02 8.490560540903956252e-04 4.029948012198521267e-04 3.519486562200540300e-04 4.462900000000000000e+04
1.790524509315575301e+02 8.297230531381567277e-04 3.725490744037025055e-04 3.517595760337907532e-04 4.622700000000000000e+04
1.811526521261263554e+02 8.030485299791512762e-04 3.621023266438343192e-04 3.444674314498080573e-04 4.690900000000000000e+04
1.832476884130738881e+02 7.752068411083896070e-04 3.509521063774122198e-04 3.209737737271723974e-04 4.823700000000000000e+04
1.853312475833926101e+02 7.600951988091876653e-04 3.476656415093744160e-04 3.360204804920923199e-04 4.858300000000000000e+04
1.874284892203218931e+02 7.401468248689421509e-04 3.209637461852279288e-04 3.160930659302413391e-04 5.099700000000000000e+04
1.895337179075755216e+02 7.163969750451649457e-04 3.120985504949773674e-04 3.222224696424780569e-04 5.139700000000000000e+04
1.916268196474026126e+02 6.991555108497790605e-04 3.053462941883468198e-04 3.187901140693626817e-04 5.248900000000000000e+04
1.937183403446852878e+02 6.785818868136856774e-04 2.987573356442572601e-04 3.185987131357618835e-04 5.378700000000000000e+04
1.958131498886989164e+02 6.602123139640953637e-04 2.899620605760597930e-04 3.109788842717244777e-04 5.491300000000000000e+04
1.979058740098966211e+02 6.465178039144923658e-04 2.712111731513529452e-04 2.867469721190354925e-04 5.597700000000000000e+04
1.999990651597893816e+02 6.263095505777422755e-04 2.725973366606558612e-04 3.002898760421434201e-04 5.741500000000000000e+04
2.020893038374759101e+02 6.099729896033318638e-04 2.671474696946987931e-04 2.797318703665608013e-04 5.810500000000000000e+04
2.041823192148177952e+02 5.946313877067853837e-04 2.599545578969001845e-04 2.760406400158785852e-04 6.003300000000000000e+04
2.062825911013838152e+02 5.763174484729014120e-04 2.473187093523345815e-04 2.771898750923670104e-04 6.094900000000000000e+04
2.083770189145966185e+02 5.652794707810792881e-04 2.429175201046964447e-04 2.729477179963046645e-04 6.223500000000000000e+04
2.104675816794403431e+02 5.505406780929720427e-04 2.290917211809120598e-04 2.681499321014144143e-04 6.322900000000000000e+04
2.125667854244018145e+02 5.377514234321380347e-04 2.245547308081805374e-04 2.475371414619703236e-04 6.513300000000000000e+04
2.146619261104851830e+02 5.275076495094634414e-04 2.151249770961766693e-04 2.449075611275323429e-04 6.570700000000000000e+04
2.167561805722037036e+02 5.135092110520450819e-04 2.096321287003517688e-04 2.453550722776886607e-04 6.756100000000000000e+04
2.188528705899679210e+02 5.018115619649435571e-04 1.995376661731187409e-04 2.284014185725380234e-04 6.850500000000000000e+04
2.209456427453084473e+02 4.906928303213927344e-04 1.960316085621316982e-04 2.326120110656064812e-04 6.994300000000000000e+04
2.230395148320731096e+02 4.803480488802534310e-04 1.904414432101106359e-04 2.271627907658098659e-04 7.109700000000000000e+04
2.251356732858534997e+02 4.687760058770958061e-04 1.899162005962453054e-04 2.232589959217061025e-04 7.302100000000000000e+04
2.272278504864401327e+02 4.583037136090471991e-04 1.782873632107306525e-04 2.245214967771517914e-04 7.331700000000000000e+04
2.293197511287232544e+02 4.476364851183972844e-04 1.705847224339628228e-04 2.075530783455101702e-04 7.579900000000000000e+04
2.314114772346510165e+02 4.386153598826097707e-04 1.702286216596714372e-04 2.061977330584859069e-04 7.602100000000000000e+04
2.335058467478245632e+02 4.279597842054285676e-04 1.627172719415643132e-04 1.990388981942704393e-04 7.875300000000000000e+04
2.356041652202905539e+02 4.173575362825342585e-04 1.611826334385026626e-04 1.872157309730944884e-04 7.929100000000000000e+04
2.377006336558306998e+02 4.093272889562688715e-04 1.553046874552387198e-04 1.898138793954596572e-04 8.112900000000000000e+04
2.397972750390475198e+02 4.017965630995825872e-04 1.482572026882195886e-04 1.851658735440316181e-04 8.244100000000000000e+04
2.418944602532704096e+02 3.932871866299379889e-04 1.473256566190828533e-04 1.826515336125218551e-04 8.394900000000000000e+04
2.439884227569783093e+02 3.846218101195228727e-04 1.444139315267830930e-04 1.700809932290851573e-04 8.512300000000000000e+04
2.460835996828307373e+02 3.784412065273903814e-04 1.426734118634520425e-04 1.744961618438210912e-04 8.692900000000000000e+04
2.481755280705312146e+02 3.692376739510027143e-04 1.364720121052890244e-04 1.747429739971739858e-04 8.778900000000000000e+04
2.502623700647570217e+02 3.630586180409970483e-04 1.394157870018920603e-04 1.672898876280400429e-04 8.962300000000000000e+04
2.523586155105348325e+02 3.559163594303536566e-04 1.352987927691205912e-04 1.563597504395179119e-04 9.134100000000000000e+04
2.544547077866985489e+02 3.487524256575471032e-04 1.341176916565970712e-04 1.593280407781163741e-04 9.284500000000000000e+04
2.565487653287422063e+02 3.419512699050489463e-04 1.303312066072404539e-04 1.571412474460566109e-04 9.408700000000000000e+04
2.586464955058470991e+02 3.345177969514170186e-04 1.300139934748347913e-04 1.514790999091239064e-04 9.633300000000000000e+04
2.607443047329861656e+02 3.279857040789772339e-04 1.267712707197169851e-04 1.538031129182909466e-04 9.724900000000000000e+04
2.628438312173413465e+02 3.210498410510928199e-04 1.259551931410482083e-04 1.425556241596598491e-04 9.950100000000000000e+04
2.649298855659840228e+02 3.147284682651895491e-04 1.260968127292888910e-04 1.406657358187437948e-04 9.928300000000000000e+04
2.670163698864117805e+02 3.070247114236761342e-04 1.244349124413084715e-04 1.344446963449090645e-04 1.025370000000000000e+05
2.691121353909120444e+02 3.011786704456478740e-04 1.271179977518568525e-04 1.327099311299363986e-04 1.034770000000000000e+05
2.712076496124621485e+02 2.961333894921031398e-04 1.212306105871758209e-04 1.302381070403237572e-04 1.057510000000000000e+05
2.733050999653678446e+02 2.905842948289380457e-04 1.178375316414892855e-04 1.316584151654012086e-04 1.068690000000000000e+05
2.753984212130929450e+02 2.859012247841216810e-04 1.152205449554340210e-04 1.247218962677925681e-04 1.086970000000000000e+05
2.774965690026801326e+02 2.805691690515170781e-04 1.150433056463416267e-04 1.240916480504060642e-04 1.105770000000000000e+05
2.795986436403592279e+02 2.757865784688540677e-04 1.127263944242542484e-04 1.202910372751024153e-04 1.125550000000000000e+05
2.816878213234347754e+02 2.695891217253449019e-04 1.106337692667942632e-04 1.218778445174975041e-04 1.125930000000000000e+05
2.837760955854215581e+02 2.646096935076774057e-04 1.047027513391759758e-04 1.147408249719354396e-04 1.155730000000000000e+05
2.858732754634002617e+02 2.586626667143812923e-04 1.063141377761612875e-04 1.109014437911348504e-04 1.172830000000000000e+05
2.879686159020804439e+02 2.553235257409946384e-04 1.039010061491697491e-04 1.104855042954090716e-04 1.185810000000000000e+05
2.900612915162532204e+02 2.500236710620795904e-04 1.000657028213262277e-04 1.065639722791396349e-04 1.206250000000000000e+05
2.921547032025089266e+02 2.460040059965645982e-04 9.977643565085122428e-05 1.081966053658589685e-04 1.219350000000000000e+05
2.942501291133244763e+02 2.400639094114688683e-04 9.993075622435283246e-05 1.001647188939807878e-04 1.244410000000000000e+05
2.963444256131289194e+02 2.359286838903079046e-04 9.961727060571306787e-05 1.001207135976468039e-04 1.255170000000000000e+05
2.984361415704375418e+02 2.315255995891208967e-04 9.569045498560524931e-05 9.703830456907100140e-05 1.273570000000000000e+05
3.005318840555698330e+02 2.272577826363592535e-04 9.224076181005458504e-05 9.297599480500436076e-05 1.298950000000000000e+05
3.026277776031609505e+02 2.227159819020967243e-04 9.618246508737764914e-05 9.054863137735855887e-05 1.307010000000000000e+05
3.047248035439953924e+02 2.187703765753105337e-04 9.060595036855250849e-05 8.857619673670591974e-05 1.339210000000000000e+05
3.068210272572537747e+02 2.154036365721100717e-04 9.014179413874983966e-05 8.742997289058194500e-05 1.341870000000000000e+05
3.089144805088236581e+02 2.113178607255144722e-04 8.773933453369606812e-05 8.341433532793594873e-05 1.371250000000000000e+05
3.110108065784975793e+02 2.078345329093511716e-04 8.639826971854553457e-05 8.256478701000235165e-05 1.384570000000000000e+05
3.131088595191292256e+02 2.040069298303186284e-04 8.540553556270529467e-05 8.298536883145446550e-05 1.409370000000000000e+05
3.151991603466065044e+02 2.004868568342105890e-04 8.360666454492931079e-05 8.157618319967964882e-05 1.413670000000000000e+05
3.172886672848389935e+02 1.966019694260011136e-04 8.317256880803942942e-05 7.997173083147690337e-05 1.443810000000000000e+05
3.193804418510612209e+02 1.935242721780848518e-04 8.392690585244385953e-05 7.600801274498404495e-05 1.455490000000000000e+05
3.214783648369701723e+02 1.895715593393609659e-04 8.292506735262333926e-05 7.446517232635877566e-05 1.491390000000000000e+05
3.235785211189415804e+02 1.870032227986156417e-04 8.083715016777131006e-05 7.414385874915118714e-05 1.496410000000000000e+05
3.256693589483342635e+02 1.845546055780700255e-04 7.965942077322152694e-05 7.369141417395965127e-05 1.518250000000000000e+05
3.277607775121137479e+02 1.812291240521888322e-04 7.952070585935857715e-05 6.973998195434822809e-05 1.534530000000000000e+05
3.298523230655557654e+02 1.776355136712496220e-04 7.779405227238696101e-05 6.938431119038174341e-05 1.558870000000000000e+05
3.319485433973702015e+02 1.747605075818940918e-04 7.880173784525182259e-05 6.599421806942377077e-05 1.581210000000000000e+05
3.340454035812790607e+02 1.715752146635955027e-04 7.925166337512534341e-05 6.451584503630484818e-05 1.598410000000000000e+05
3.361349417783784475e+02 1.686804122795957620e-04 7.716779927026392119e-05 6.194075919177515356e-05 1.611750000000000000e+05
3.382313832787477850e+02 1.660583363524017564e-04 7.697434680144338271e-05 6.373542635060080530e-05 1.646770000000000000e+05
3.403308518124323996e+02 1.633896463060612177e-04 7.586299627564353960e-05 6.296833234712278799e-05 1.660570000000000000e+05
3.424246601457981001e+02 1.610552758139062555e-04 7.447799648682310947e-05 6.155251419731555486e-05 1.677030000000000000e+05
3.445197272986724215e+02 1.581571335973803614e-04 7.412906562953295773e-05 6.097863310595700768e-05 1.702690000000000000e+05
3.466158524641982694e+02 1.558259676400931945e-04 7.353339568266701297e-05 5.922002976423986582e-05 1.722570000000000000e+05
3.487089916477683005e+02 1.529342179274828322e-04 7.218005728378484257e-05 5.956981464908052594e-05 1.736530000000000000e+05
3.508011456036761615e+02 1.502224876638503408e-04 7.069029085948195558e-05 5.874559216938846995e-05 1.766190000000000000e+05
3.528935682172028692e+02 1.486066663567717021e-04 7.020375382548122226e-05 5.502203105652489468e-05 1.775650000000000000e+05
3.549881110219296829e+02 1.455135232737542704e-04 6.965160125831418823e-05 5.444033991750860368e-05 1.812850000000000000e+05
3.570855924802784216e+02 1.435011340508467105e-04 6.929786097500988465e-05 5.685981578725525889e-05 1.825470000000000000e+05
3.591813496003592832e+02 1.417585841726130543e-04 6.739924755268918643e-05 5.539624269552218347e-05 1.849930000000000000e+05
3.612749400626811394e+02 1.394275752168597313e-04 6.668839754628141253e-05 5.538793342411763222e-05 1.867770000000000000e+05
3.633693413142722193e+02 1.371046863359164927e-04 6.619570294750266859e-05 5.563576877693590829e-05 1.890730000000000000e+05
3.654632219855477047e+02 1.351201665814942522e-04 6.569922754607597124e-05 5.321487994521097110e-05 1.914910000000000000e+05
3.675603773529471141e+02 1.331579015853248291e-04 6.492878136982870192e-05 5.286187263905732200e-05 1.938450000000000000e+05
3.696543491982932892e+02 1.313647008712973845e-04 6.448751697558208857e-05 5.118057464909157769e-05 1.951810000000000000e+05
3.717418094879196815e+02 1.291082202263550401e-04 6.334285023438767357e-05 5.064131534190024147e-05 1.973190000000000000e+05
3.738340425382559147e+02 1.273273878288179385e-04 6.225150350830427521e-05 5.004408156739226238e-05 2.002330000000000000e+05
3.759308579415973099e+02 1.250468061403485888e-04 6.242691749627402552e-05 5.009849669460561831e-05 2.030370000000000000e+05
3.780298508894609313e+02 1.235747672183351337e-04 6.042939927931492000e-05 5.097563143827688173e-05 2.048710000000000000e+05
3.801213498834686106e+02 1.217621238095820704e-04 6.063133048780548024e-05 4.878248759654110707e-05 2.062210000000000000e+05
3.822130601069931117e+02 1.204119323608063410e-04 6.097330158226788721e-05 5.015957044292209798e-05 2.095290000000000000e+05
3.843141376638832867e+02 1.185804171057758824e-04 6.007738088581632307e-05 4.764113062780800899e-05 2.125450000000000000e+05
3.864096355836928751e+02 1.167147037450476095e-04 5.800460125339933838e-05 4.775578623082969465e-05 2.132070000000000000e+05
3.885029072957560174e+02 1.153678517063684588e-04 5.873849262388670982e-05 4.704800883679346687e-05 2.165770000000000000e+05
3.905976920854033665e+02 1.138690152015808425e-04 5.753274107129983630e-05 4.629676092701785940e-05 2.181930000000000000e+05
3.926958121232195822e+02 1.126797101907874818e-04 5.642825824569580606e-05 4.721801522366522486e-05 2.221510000000000000e+05
3.947892180838422291e+02 1.110625323920232772e-04 5.541180365900824682e-05 4.646448374636400532e-05 2.216410000000000000e+05
3.968782140997554961e+02 1.093846766430536891e-04 5.520467841952371278e-05 4.697750996177773593e-05 2.261730000000000000e+05
3.989707362781335291e+02 1.082394225107912919e-04 5.411924960111679482e-05 4.504065160474082259e-05 2.269810000000000000e+05
4.010671924513820272e+02 1.062696634221584313e-04 5.323407274711993846e-05 4.505589144182231803e-05 2.319030000000000000e+05
4.031622814805685380e+02 1.051277945163589658e-04 5.288520196698226125e-05 4.553809425462117412e-05 2.314930000000000000e+05
4.052546340249365926e+02 1.034255205738088523e-04 5.258940046760309688e-05 4.396150260862545603e-05 2.360410000000000000e+05
4.073499183903821859e+02 1.018985584031934145e-04 5.160965579780883890e-05 4.481785242147119262e-05 2.372310000000000000e+05
4.094468722071623006e+02 1.010558648774167279e-04 5.107113853230469308e-05 4.440054064429928298e-05 2.409250000000000000e+05
4.115443288589775648e+02 9.963993311170107892e-05 5.033278282030935360e-05 4.392793590422400783e-05 2.427690000000000000e+05
4.136340823922854497e+02 9.829072010489258121e-05 4.989747882183862416e-05 4.417176130187070712e-05 2.437570000000000000e+05
4.157249463815624608e+02 9.665970498461682377e-05 4.935681393703797405e-05 4.249223476322688998e-05 2.479830000000000000e+05
4.178218199778140161e+02 9.566908239825484014e-05 4.875675843147586494e-05 4.364496730410927965e-05 2.502730000000000000e+05
4.199166506307261102e+02 9.446918727856683348e-05 4.786762809783286666e-05 4.239583887786599228e-05 2.523730000000000000e+05
4.220107143757512631e+02 9.326898466287481199e-05 4.808791431784864838e-05 4.213019499994073979e-05 2.554470000000000000e+05
4.241054294906687687e+02 9.219224761210344308e-05 4.665731388623447931e-05 4.194249864888162545e-05 2.570890000000000000e+05
4.262013850195404530e+02 9.116822175512983499e-05 4.661055386095802188e-05 4.127858238459011797e-05 2.612370000000000000e+05
4.282955296445312570e+02 9.016076142271530153e-05 4.570361709846280332e-05 4.311907264438085194e-05 2.616670000000000000e+05
4.303918066888609815e+02 8.904914682937757554e-05 4.547728714692299116e-05 4.238679071190357020e-05 2.668890000000000000e+05
4.324885754579240142e+02 8.770623093386591932e-05 4.455628033810274619e-05 4.275497181436443869e-05 2.670490000000000000e+05
4.345806090039813512e+02 8.652774584702583021e-05 4.359271350340270803e-05 4.215493793536810216e-05 2.705770000000000000e+05
4.366724409742538455e+02 8.590358081849428689e-05 4.370225340440216696e-05 4.304905293022940043e-05 2.726430000000000000e+05
4.387671492209622102e+02 8.446229561248513895e-05 4.271459687043025545e-05 4.228018782645924875e-05 2.762050000000000000e+05
4.408622534544343239e+02 8.364632174295652826e-05 4.269932808689856310e-05 4.146430183389126307e-05 2.781690000000000000e+05
4.429551641509581259e+02 8.266096757023431313e-05 4.212205382629140673e-05 4.287299725377756210e-05 2.808190000000000000e+05
4.450482683181851371e+02 8.201491950374826623e-05 4.191744998686597112e-05 4.226738689285417330e-05 2.836290000000000000e+05
4.471468387574249732e+02 8.076710163122426394e-05 4.161313998005307119e-05 4.185396049796999884e-05 2.877370000000000000e+05
4.492436228056981236e+02 8.003107629424717180e-05 4.124001344910294061e-05 4.174317233428573407e-05 2.882290000000000000e+05
4.513338633316258210e+02 7.893723215059291832e-05 4.066227363936999084e-05 4.243654204065115849e-05 2.915190000000000000e+05
4.534275364325927740e+02 7.822105168739105683e-05 4.069990493124609859e-05 4.249551153321682538e-05 2.946970000000000000e+05
4.555218954858658549e+02 7.741448369731322872e-05 4.009639290537231706e-05 4.195139983530785994e-05 2.968170000000000000e+05
4.576171661608108252e+02 7.653928975360928309e-05 3.987783432316096475e-05 4.234379594477537809e-05 3.007390000000000000e+05
4.597117909764672277e+02 7.609590563445228686e-05 4.001310060026040617e-05 4.376495543175044922e-05 3.019210000000000000e+05
4.618031890496856704e+02 7.519900461774417142e-05 3.981883462274198927e-05 4.261265114209602335e-05 3.054570000000000000e+05
4.638995470730997681e+02 7.444230255322717156e-05 3.927885643862004747e-05 4.300905645743728449e-05 3.088390000000000000e+05
4.659948171464902202e+02 7.385400313618232810e-05 3.959404369169046406e-05 4.326147779805773551e-05 3.106410000000000000e+05
4.680892944697272355e+02 7.294196117361912205e-05 3.920845726583256755e-05 4.399378653957585118e-05 3.144850000000000000e+05
4.701849264949563576e+02 7.243704299620080868e-05 3.915971411112592046e-05 4.375662869074283619e-05 3.161130000000000000e+05
4.722792778491551076e+02 7.161913000969590026e-05 3.908680099902374637e-05 4.399303822007422440e-05 3.202750000000000000e+05
4.743727257290456691e+02 7.104424414854665511e-05 3.861896183559781684e-05 4.439830449883206396e-05 3.211090000000000000e+05
4.764659337214132506e+02 7.043059821199968600e-05 3.817001777221028030e-05 4.452990266689888963e-05 3.261210000000000000e+05
4.785623072742623663e+02 6.970881143531954829e-05 3.859276056886777270e-05 4.465056919913873093e-05 3.277270000000000000e+05
4.806590405897664482e+02 6.909598302615540567e-05 3.829541483475612382e-05 4.490101603439483635e-05 3.318210000000000000e+05
4.827512226177773869e+02 6.859252938162288505e-05 3.837543858776773850e-05 4.603454652674393875e-05 3.324970000000000000e+05
4.848441163240574951e+02 6.797191999436962993e-05 3.799483077617313846e-05 4.628790098650646412e-05 3.373530000000000000e+05
4.869397730506265702e+02 6.755099620165228665e-05 3.802427168803682148e-05 4.665737754302093891e-05 3.395590000000000000e+05
4.890367881340087592e+02 6.686447622312274668e-05 3.781822194935532077e-05 4.749250098612707328e-05 3.433090000000000000e+05
4.911309696496539914e+02 6.646276120183472068e-05 3.772733981753375140e-05 4.755715652232991316e-05 3.447570000000000000e+05
4.932233217478662368e+02 6.612164528972665439e-05 3.750022641166720944e-05 4.872076407109423760e-05 3.487030000000000000e+05
4.953187148676144602e+02 6.566161229146059595e-05 3.725617313511844872e-05 4.891929750595023113e-05 3.512610000000000000e+05
4.974112035877049607e+02 6.514066448636616190e-05 3.759580412447350521e-05 4.961319675099388208e-05 3.540610000000000000e+05
4.995008234599932848e+02 6.480831985252109005e-05 3.745805043143555027e-05 5.043987229945741396e-05 3.561150000000000000e+05
5.015952506837274996e+02 6.447221930841408235e-05 3.718147168727810548e-05 5.086726173769430233e-05 3.616690000000000000e+05
5.036919972981919500e+02 6.401868006432781836e-05 3.727980275385609133e-05 5.168673727641245365e-05 3.628930000000000000e+05
5.057872116617206757e+02 6.373758260193443164e-05 3.763400847080765907e-05 5.310814792231197980e-05 3.671010000000000000e+05
5.078828569897101488e+02 6.325851172534377692e-05 3.747148938575746451e-05 5.324457658586345286e-05 3.694390000000000000e+05
5.099793452386306853e+02 6.324263358150933496e-05 3.785788439623829094e-05 5.467349272277307400e-05 3.732570000000000000e+05
5.120767256379639321e+02 6.291175920509147509e-05 3.808672751641224014e-05 5.464761642085025665e-05 3.759490000000000000e+05
5.141702395931293950e+02 6.253014393696419422e-05 3.835330122998035525e-05 5.614480290140873249e-05 3.780430000000000000e+05
5.162613210276599602e+02 6.236159004318214151e-05 3.837642690266039797e-05 5.707888074348358137e-05 3.811170000000000000e+05
5.183576899265503926e+02 6.208996053631158968e-05 3.823653539900606554e-05 5.758993665235335525e-05 3.864490000000000000e+05
5.204524416424112587e+02 6.185910099891796091e-05 3.852368110492823905e-05 5.891470155595594619e-05 3.863970000000000000e+05
5.225430403510470114e+02 6.174292088325150966e-05 3.881345308701799360e-05 6.005706040549147216e-05 3.913150000000000000e+05
5.246378991347941110e+02 6.137449842176299463e-05 3.887285066463201351e-05 6.113169610465179332e-05 3.943050000000000000e+05
5.267345150769579050e+02 6.125114697127877531e-05 3.907011751220751514e-05 6.171263091678337088e-05 3.980770000000000000e+05
5.288284644781792849e+02 6.130201555910080500e-05 3.952941920425085505e-05 6.356319124073374002e-05 3.999190000000000000e+05
5.309200047543351957e+02 6.104423407574688398e-05 3.949493948547998332e-05 6.484292024035138253e-05 4.031130000000000000e+05
5.330154787982235121e+02 6.078877321277216501e-05 4.006811565004334431e-05 6.603590147032690767e-05 4.082290000000000000e+05
5.351140455458262295e+02 6.100126479202439461e-05 4.053683029134901342e-05 6.834931491303665267e-05 4.103130000000000000e+05
5.372065894545165747e+02 6.021701264833395520e-05 3.857064776430736762e-05 6.363703100354772520e-05 4.102750000000000000e+05
5.392990561174625554e+02 5.933276123680446116e-05 3.523577719035629878e-05 5.411766095177181278e-05 4.093020000000000000e+05
5.413942361800155822e+02 5.816745408524792591e-05 3.296565201908144039e-05 4.567822579025628904e-05 4.077820000000000000e+05
5.434880266486542268e+02 5.739644684553734869e-05 3.070402214572988706e-05 3.800008526442116987e-05 4.058980000000000000e+05
5.455827489438945577e+02 5.647110083107696965e-05 2.900640365523909626e-05 3.124667323047038012e-05 4.043220000000000000e+05
5.476767127561543020e+02 5.576080737719942693e-05 2.734688255673115259e-05 2.495696739626091662e-05 4.026280000000000000e+05
5.497693602110763322e+02 5.479108661519550946e-05 2.535036221822879583e-05 1.899771117027599033e-05 3.997920000000000000e+05
5.518640828781375376e+02 5.407780331782631206e-05 2.362517497076641322e-05 1.287239604565837726e-05 4.002640000000000000e+05
5.539594253277234657e+02 5.343128482961865535e-05 2.252092042177644555e-05 8.525804128006571610e-06 3.963360000000000000e+05
5.560560799784258279e+02 5.281424559145114653e-05 2.133142969994042751e-05 3.890524085231544372e-06 3.969640000000000000e+05
5.581498537014841759e+02 5.219329094346297250e-05 1.989029314005531470e-05 -1.011274066532588808e-06 3.918340000000000000e+05
5.602404618770235629e+02 5.156960130212342276e-05 1.890639432603904389e-05 -5.060164002828841143e-06 3.917040000000000000e+05
5.623373847462706863e+02 5.083823721109010242e-05 1.763098838414840658e-05 -8.963694076456397809e-06 3.907360000000000000e+05
5.644358269329779887e+02 5.017708665222933470e-05 1.674888759027066677e-05 -1.267481118503476519e-05 3.882660000000000000e+05
5.665268810116216400e+02 4.962091337664591915e-05 1.594031470387919410e-05 -1.586880530637581495e-05 3.839200000000000000e+05
5.686205978146614370e+02 4.918446483997115698e-05 1.514715641407621272e-05 -1.907923283440210316e-05 3.856120000000000000e+05
5.707172413959774531e+02 4.861610076780671354e-05 1.470224005377033830e-05 -2.156688333054028803e-05 3.807900000000000000e+05
5.728117953900567727e+02 4.803517679296905496e-05 1.373838915838242552e-05 -2.492837236302068610e-05 3.809500000000000000e+05
5.749061489786814718e+02 4.747124557883340544e-05 1.336810422781787907e-05 -2.760503274784168761e-05 3.765360000000000000e+05
5.769983061453493747e+02 4.707389763971911450e-05 1.285038985773795266e-05 -3.001081113315633129e-05 3.758500000000000000e+05
5.790954534396886402e+02 4.664342100233377105e-05 1.228246899250394130e-05 -3.232338635888016659e-05 3.745800000000000000e+05
5.811887675251532528e+02 4.618681558530060414e-05 1.218249923824767733e-05 -3.418969900890753356e-05 3.697240000000000000e+05
5.832786692590009352e+02 4.577652035900920156e-05 1.136647956917772386e-05 -3.642387905213337822e-05 3.694540000000000000e+05
5.853744262304652466e+02 4.523745119000912879e-05 1.097967923036778460e-05 -3.812317243732768251e-05 3.672900000000000000e+05
5.874702053520854861e+02 4.500595807535836054e-05 1.052357399348857572e-05 -4.015646080572119690e-05 3.649120000000000000e+05
5.895645263196835231e+02 4.466271596139383636e-05 9.874919706253341848e-06 -4.191925625642339875e-05 3.627360000000000000e+05
5.916589161290351058e+02 4.399795270282151876e-05 9.604236524346330831e-06 -4.365580398464642394e-05 3.599260000000000000e+05
5.937545405354702552e+02 4.362138622189364046e-05 9.209839500347084489e-06 -4.524932540479178946e-05 3.591180000000000000e+05
5.958485825352667007e+02 4.324744752261670323e-05 8.840009460249632545e-06 -4.605978970232480071e-05 3.543400000000000000e+05
5.979424307662475258e+02 4.288277927562392271e-05 8.649268307062770063e-06 -4.782166895067708015e-05 3.547300000000000000e+05
6.000359072472176649e+02 4.248047231950907883e-05 7.749373812947708059e-06 -4.887256075674149244e-05 3.494820000000000000e+05
6.021303046355956212e+02 4.204324855576094488e-05 7.574357856239167662e-06 -5.018356275542619965e-05 3.499900000000000000e+05
6.042248380914445534e+02 4.170869155594115536e-05 7.502068158386323718e-06 -5.147518025002188296e-05 3.451500000000000000e+05
6.063178784116851148e+02 4.144703845662153871e-05 7.095811787531837992e-06 -5.240187743591824987e-05 3.441700000000000000e+05
6.084128343028867221e+02 4.104084804227322545e-05 6.992112544250960739e-06 -5.379133888487081541e-05 3.414340000000000000e+05
6.105078954002700584e+02 4.068407394678809721e-05 6.390979975659904079e-06 -5.456426631524713904e-05 3.388500000000000000e+05
6.126034696602193890e+02 4.040874579794925955e-05 6.095148353846008728e-06 -5.532427262393343895e-05 3.366040000000000000e+05
6.146988087070261599e+02 4.002414986735867096e-05 5.825263692788727385e-06 -5.637736565106431691e-05 3.339600000000000000e+05
6.167923071676593736e+02 3.962820246181426870e-05 5.408629627475527879e-06 -5.718233687899831202e-05 3.307600000000000000e+05
6.188869153128759990e+02 3.937879218354435666e-05 5.149303047765343946e-06 -5.770162422262528558e-05 3.291900000000000000e+05
6.209811993625415880e+02 3.896232477861946860e-05 5.130093095760128490e-06 -5.880070909499652610e-05 3.253720000000000000e+05
6.230740163913213792e+02 3.882442906729293889e-05 4.872340961323389302e-06 -5.933545904737621548e-05 3.236140000000000000e+05
6.251692711909930722e+02 3.854927386230245069e-05 4.822348906052243862e-06 -6.034368944782358111e-05 3.208740000000000000e+05
6.272649983552782942e+02 3.825304660654872679e-05 4.658725592761655889e-06 -6.100888051840492948e-05 3.180760000000000000e+05
6.293592710458332249e+02 3.805949757089323592e-05 4.456137599482152445e-06 -6.160889415134135794e-05 3.153660000000000000e+05
6.314508150052482733e+02 3.783810713324854046e-05 4.381900471280076570e-06 -6.237451099031445672e-05 3.116620000000000000e+05
6.335459896170088996e+02 3.749713143375779515e-05 4.300391945538076248e-06 -6.298228596372149426e-05 3.110280000000000000e+05
6.356427790761956658e+02 3.714123912784531473e-05 4.049401955858739930e-06 -6.357417824088056285e-05 3.064960000000000000e+05
6.377340719528424415e+02 3.705862958102278945e-05 4.124455337947400575e-06 -6.425275841894068063e-05 3.036940000000000000e+05
6.398274114846987004e+02 3.682692343455763040e-05 3.824520174102123473e-06 -6.455532374985718520e-05 3.019080000000000000e+05
6.419233685823935502e+02 3.655552573631402587e-05 3.919091791807074024e-06 -6.518392463213985855e-05 2.981560000000000000e+05
6.440216367839542499e+02 3.658536412291448099e-05 3.779282959814412104e-06 -6.588011845028954750e-05 2.972040000000000000e+05
6.461135705040136372e+02 3.618870847130277571e-05 3.544559130092266125e-06 -6.591659102470400096e-05 2.903800000000000000e+05
6.482027620419783034e+02 3.603477205473417066e-05 3.465718106809883299e-06 -6.623575179709340218e-05 2.906340000000000000e+05
6.502989538008154113e+02 3.568348343227125536e-05 3.406153676008514995e-06 -6.668899188018770742e-05 2.865940000000000000e+05
6.523960399107609192e+02 3.561174204428094257e-05 3.229671650972787738e-06 -6.714822735748402372e-05 2.843980000000000000e+05
6.544916973579389605e+02 3.556360194213059210e-05 3.182297707606019729e-06 -6.772427810277774915e-05 2.808840000000000000e+05
6.565851093673111336e+02 3.522505135446239233e-05 3.252154159326981624e-06 -6.817108681678436084e-05 2.772460000000000000e+05
6.586804591655151171e+02 3.516741864887078256e-05 3.066506688458301051e-06 -6.852188251237637190e-05 2.754660000000000000e+05
6.607775344549748979e+02 3.498578879860303231e-05 3.078973167274482134e-06 -6.884500762550504072e-05 2.715280000000000000e+05
6.628705731018673077e+02 3.479813198269854802e-05 2.873369196389961212e-06 -6.904839333683107639e-05 2.680480000000000000e+05
6.649626428961414604e+02 3.466957026019188787e-05 2.762488174755333057e-06 -6.931580905772672101e-05 2.654580000000000000e+05
6.670576804481555655e+02 3.429218259299096210e-05 2.727169113995150204e-06 -6.931035023271062969e-05 2.618920000000000000e+05
6.691508741625193579e+02 3.428697942247111444e-05 2.839643193799957156e-06 -7.003827353565427382e-05 2.591340000000000000e+05
6.712424062066879742e+02 3.413032263300983345e-05 2.700425225879019384e-06 -7.022443764634562005e-05 2.549260000000000000e+05
6.733370267950843981e+02 3.401780890511241082e-05 2.602045301900167467e-06 -7.038359992609794218e-05 2.533140000000000000e+05
6.754346842769356272e+02 3.390506565069128532e-05 2.626496832125990344e-06 -7.072440333512640181e-05 2.493460000000000000e+05
6.775291194257562211e+02 3.380127574448385692e-05 2.516968564750262924e-06 -7.106405701900672667e-05 2.456800000000000000e+05
6.796203345896714154e+02 3.370336832902125343e-05 2.264095365065301660e-06 -7.108071610911370251e-05 2.424420000000000000e+05
6.817149665035004773e+02 3.348058016970973701e-05 2.392021125733578396e-06 -7.154383150148875916e-05 2.393860000000000000e+05
6.838122787538907232e+02 3.344541343198662579e-05 2.391389821712148364e-06 -7.188601087544307933e-05 2.365440000000000000e+05
6.859079406781141870e+02 3.333926729671399903e-05 2.377193630465911167e-06 -7.219798925155935837e-05 2.322940000000000000e+05
6.880014878013496400e+02 3.331766991842174095e-05 2.427510550749861744e-06 -7.270270083407117919e-05 2.290440000000000000e+05
6.900975947368352763e+02 3.305706320231768645e-05 2.411709504338458155e-06 -7.267211695871853287e-05 2.263000000000000000e+05
6.921949061753139176e+02 3.317819348365601728e-05 2.288106592376332018e-06 -7.338139300752410151e-05 2.219380000000000000e+05
6.942847476892718532e+02 3.317578119552904803e-05 2.202262807729757788e-06 -7.341671821887578745e-05 2.182620000000000000e+05
6.963741971262456900e+02 3.294758468779923605e-05 2.154283961609727786e-06 -7.369793950984150231e-05 2.145940000000000000e+05
6.984724339261314299e+02 3.293381831595290713e-05 2.266004190051689915e-06 -7.420849098941938767e-05 2.128920000000000000e+05
7.005676815460799389e+02 3.296245080514028823e-05 2.350913377767285159e-06 -7.493699591548861586e-05 2.071900000000000000e+05
7.026575777886681635e+02 3.282916161030462708e-05 2.423802452110093517e-06 -7.506974149731067793e-05 2.043540000000000000e+05
7.047519322523187384e+02 3.280136372878110967e-05 2.226921498446502056e-06 -7.527805306295373656e-05 2.012320000000000000e+05
7.068459632832323223e+02 3.296170843441951061e-05 2.479770999141799986e-06 -7.641841419453476204e-05 1.966000000000000000e+05
7.089402502640591592e+02 3.292692085379609148e-05 2.042073084635025350e-06 -7.612113628530170018e-05 1.942380000000000000e+05
7.110355673471533464e+02 3.283085124740814289e-05 2.122432118532471633e-06 -7.661638563824872390e-05 1.895260000000000000e+05
7.131333730770313650e+02 3.278506951118436411e-05 2.026710396529108899e-06 -7.688341631634123922e-05 1.868280000000000000e+05
7.152297995286576224e+02 3.280090452031679196e-05 1.905388888423930600e-06 -7.719786103644942854e-05 1.822960000000000000e+05
7.173192989414097838e+02 3.281365038395663719e-05 1.958970926529407022e-06 -7.790891194365272721e-05 1.777480000000000000e+05
7.194134444897839558e+02 3.268399304160679537e-05 1.867342916332529604e-06 -7.800472077716362885e-05 1.758060000000000000e+05
7.215101603067968199e+02 3.287490871627675698e-05 1.942174218945281656e-06 -7.892590346766571892e-05 1.704700000000000000e+05
7.236057227625441328e+02 3.294277226221652057e-05 1.742643050277675762e-06 -7.911537656078899711e-05 1.676460000000000000e+05
7.256997099768309454e+02 3.289964689712908977e-05 1.831552372116443301e-06 -7.971601109708889902e-05 1.631200000000000000e+05
7.277922467555420099e+02 3.260261885692191573e-05 1.880960541599769399e-06 -7.976222925785201418e-05 1.589820000000000000e+05
7.298848421535342368e+02 3.283613448685166337e-05 1.828936869125528154e-06 -8.040125911290412505e-05 1.558780000000000000e+05
7.319793806126314166e+02 3.268051480781555037e-05 1.958899311036085867e-06 -8.096329819747158862e-05 1.510300000000000000e+05
7.340724095566490632e+02 3.285191630768268531e-05 1.560854322184592473e-06 -8.079447366787261063e-05 1.479480000000000000e+05
7.361661669496161267e+02 3.268539894067604287e-05 1.755585855875740811e-06 -8.181794057713541674e-05 1.432480000000000000e+05
7.382645748820824565e+02 3.295595309895345076e-05 1.424906485150161604e-06 -8.228852966359101776e-05 1.401240000000000000e+05
7.403586061146017983e+02 3.256551288817106541e-05 1.621425653259347766e-06 -8.226841044205595872e-05 1.352020000000000000e+05
7.424460406642261887e+02 3.275525019834109720e-05 1.239131617635387308e-06 -8.314085391705895018e-05 1.306620000000000000e+05
7.445426408783455372e+02 3.256458904267794458e-05 1.226259712843896157e-06 -8.307483214607590759e-05 1.285780000000000000e+05
7.466429299010975456e+02 3.236465505922718868e-05 1.602256797072898385e-06 -8.427889774981336740e-05 1.225660000000000000e+05
7.487336140757349767e+02 3.225295719635010448e-05 9.980281197015561535e-07 -8.347839809203300089e-05 1.193040000000000000e+05
7.508270240678629079e+02 3.208678735946275483e-05 1.260798314548007750e-06 -8.477167053056892726e-05 1.147000000000000000e+05
7.529199776701107112e+02 3.163010431474476300e-05 9.890956789847327391e-07 -8.424573624065720249e-05 1.105920000000000000e+05
7.550125888924296760e+02 3.158486058521578190e-05 1.210134361265256932e-06 -8.543555078059655731e-05 1.065100000000000000e+05
7.571013038148125815e+02 3.110013570417751323e-05 1.366957916547878926e-06 -8.572629697039221874e-05 1.017160000000000000e+05
7.591965760733420439e+02 3.058706883444711820e-05 1.389429253724291850e-06 -8.568436958968355267e-05 9.871500000000000000e+04
7.612994351408076454e+02 3.046543508199615080e-05 1.302324604262412822e-06 -8.646127190311680023e-05 9.461500000000000000e+04
7.633900040839596386e+02 3.006746397896504930e-05 1.218165872852747153e-06 -8.610085909118365456e-05 9.051300000000000000e+04
7.654845246727142012e+02 3.013675431052013380e-05 9.720551647833504334e-07 -8.672305223987196356e-05 8.835100000000000000e+04
7.675845761735887436e+02 2.961169378952987669e-05 9.260422094596072954e-07 -8.625708948558767934e-05 8.455500000000000000e+04
7.696777532858808399e+02 2.942429534840831237e-05 8.961408057063412889e-07 -8.625749819222510134e-05 8.170900000000000000e+04
7.717689134972549709e+02 2.947844348720276994e-05 5.889184066766309321e-07 -8.657940045773438191e-05 7.872400000000000000e+04
7.738616343519329348e+02 2.898298137423749760e-05 4.371130300533889707e-07 -8.584826405371168481e-05 7.623300000000000000e+04
7.759586162661141771e+02 2.893341885300181808e-05 6.515648315599665403e-07 -8.649059735691745111e-05 7.356100000000000000e+04
7.780518126648190673e+02 2.871707566210432810e-05 3.485562251483133615e-07 -8.636215731118326942e-05 7.083000000000000000e+04
7.801397895704053553e+02 2.857411097222840681e-05 4.871961264051046220e-07 -8.648410927573642987e-05 6.823000000000000000e+04
7.822357002276578442e+02 2.843677990764425099e-05 2.421038734274928147e-07 -8.632510508929053879e-05 6.649800000000000000e+04
7.843344305330714405e+02 2.821758532642688869e-05 6.831371345669316926e-08 -8.621023559684323908e-05 6.358600000000000000e+04
7.864299648164494556e+02 2.808037097292374857e-05 1.595818759120439195e-07 -8.632759457799868159e-05 6.177400000000000000e+04
7.885179589970517782e+02 2.790024350006625487e-05 -1.781351738770275408e-08 -8.608796674209532977e-05 5.879400000000000000e+04
7.906085952377693502e+02 2.791650794238781540e-05 4.032136197493587931e-07 -8.724995376078611921e-05 5.754700000000000000e+04
7.927136344001445423e+02 2.777297450909847908e-05 3.116505151296770684e-07 -8.718151766701822411e-05 5.535000000000000000e+04
7.948093641956113515e+02 2.790931505140290079e-05 1.227100333365271219e-07 -8.778205722080583285e-05 5.302300000000000000e+04
7.968975274777668574e+02 2.787444893754001342e-05 3.571945492233419634e-07 -8.838534879668737587e-05 5.109900000000000000e+04
7.989960461285467090e+02 2.796799107575982207e-05 3.513809420928837169e-07 -8.917852044832634117e-05 4.955500000000000000e+04
8.011011828091563984e+02 2.782847856506607333e-05 4.236864174308525500e-07 -8.914140022135733598e-05 4.765900000000000000e+04
8.031910245513622613e+02 2.773673527492766431e-05 6.563410575899699181e-07 -8.968931491616613007e-05 4.529100000000000000e+04
8.052769337949931696e+02 2.787168184402564572e-05 2.453338550582043935e-07 -8.992645142642379527e-05 4.399900000000000000e+04
8.073812855876360572e+02 2.790701935867738657e-05 5.881356732375506528e-07 -9.091623016703944825e-05 4.248300000000000000e+04
8.094766858512334693e+02 2.798221960823136061e-05 3.426982546101552444e-07 -9.114946795810334262e-05 4.032700000000000000e+04
8.115592562593724324e+02 2.798549498412083729e-05 5.771202678644874223e-07 -9.182184614384707362e-05 3.882700000000000000e+04
8.136567375259069195e+02 2.789403100479119347e-05 6.084991358482430545e-07 -9.199003956234045589e-05 3.768300000000000000e+04
8.157663270894909147e+02 2.823962707629797366e-05 4.901498672276372713e-07 -9.325983659272923780e-05 3.605500000000000000e+04
8.178563728186526305e+02 2.812916093115239459e-05 5.936963487173060559e-07 -9.327722144660277614e-05 3.409800000000000000e+04
8.199333460481224165e+02 2.832341999532266233e-05 5.109856196286917703e-07 -9.408099600409401350e-05 3.277900000000000000e+04
8.220364116349165897e+02 2.807489787824835053e-05 4.905684452108774305e-07 -9.358604834500910236e-05 3.199200000000000000e+04
8.241381024298764260e+02 2.833010463635299961e-05 4.804707812997894060e-07 -9.474187360573306201e-05 2.995900000000000000e+04
8.262211838965614561e+02 2.836684015294414866e-05 4.346771350852880206e-07 -9.494526541446459648e-05 2.882800000000000000e+04
8.283114387597532868e+02 2.847191682993019808e-05 5.609802979712058631e-07 -9.568591283797295169e-05 2.761500000000000000e+04
8.304142770377928855e+02 2.842363526818624274e-05 6.718001176703058437e-07 -9.596465052987656729e-05 2.648800000000000000e+04
8.325184587527894564e+02 2.854640327254783972e-05 5.654271121282440777e-07 -9.651313729566385400e-05 2.520300000000000000e+04
8.346012634025569241e+02 2.894801357562900188e-05 5.840552040841997038e-07 -9.806605479312049988e-05 2.365600000000000000e+04
8.366834844536283526e+02 2.874222493463068876e-05 3.642115818844958592e-07 -9.737525813676208301e-05 2.288700000000000000e+04
8.387960511190381112e+02 2.919567525269879568e-05 4.465322983862909507e-07 -9.923046387967059394e-05 2.195200000000000000e+04
8.408989830964536623e+02 2.950650966396735261e-05 3.796779938161673789e-07 -1.004162902246464077e-04 2.050000000000000000e+04
8.429707059924822943e+02 2.965543710767566706e-05 5.236836339692020824e-07 -1.011313416041988579e-04 1.932300000000000000e+04
8.450649836591013582e+02 2.991061629877383153e-05 3.997399172407333494e-07 -1.022004260235750912e-04 1.881400000000000000e+04
8.471843383640474485e+02 3.055703183455494285e-05 4.691772313790587688e-07 -1.045950971183064768e-04 1.768800000000000000e+04
8.492778662800251368e+02 3.053284615208177663e-05 7.091561794035234140e-07 -1.049451531785264416e-04 1.650400000000000000e+04
8.513425754106416434e+02 3.109494738154282111e-05 5.735848937868086331e-07 -1.068517204708539266e-04 1.544400000000000000e+04
8.534452399857551654e+02 3.095999755657019131e-05 4.900357849543596106e-07 -1.065102208261850102e-04 1.515100000000000000e+04
8.555746058226856121e+02 3.179397839903852995e-05 4.687031297978989777e-07 -1.095220492598197198e-04 1.403200000000000000e+04
8.576491711351226286e+02 3.268195233854716161e-05 4.392444644929389777e-07 -1.126127549096739961e-04 1.279200000000000000e+04
8.597041751021378104e+02 3.204690445035485218e-05 5.734667096674316139e-07 -1.107645186252825836e-04 1.225600000000000000e+04
8.618251653739599760e+02 3.229208211278042384e-05 4.854223101968988207e-07 -1.116522296875656058e-04 1.184400000000000000e+04
8.639500650156841175e+02 3.266893309628917926e-05 4.105212793111399045e-07 -1.130061504180206449e-04 1.078000000000000000e+04
8.660197738272561310e+02 3.294918601824019851e-05 3.182572898730962090e-07 -1.139723115659850333e-04 9.868000000000000000e+03
8.680990532976293252e+02 3.361212023142737623e-05 3.104624460231291024e-07 -1.164174502160105298e-04 9.486000000000000000e+03
8.702248325038777921e+02 3.375432269331695524e-05 2.546122528280415601e-07 -1.169708170868204042e-04 8.824000000000000000e+03
8.723109447277366826e+02 3.400984512317319742e-05 2.763037684367768961e-07 -1.179744617185993406e-04 7.896000000000000000e+03
8.743361816731862746e+02 3.420968097533248303e-05 1.431488782197631889e-07 -1.185639624890010122e-04 7.228000000000000000e+03
8.764658436495250271e+02 3.451780973551004294e-05 1.355942013107788014e-07 -1.198381928664793113e-04 7.332000000000000000e+03
8.786368585693095383e+02 3.557175284167532752e-05 1.146490077869701011e-07 -1.235807060823122263e-04 6.292000000000000000e+03
8.806765954142658757e+02 3.723270277875682547e-05 1.895756557422989335e-07 -1.294455138010759633e-04 5.524000000000000000e+03
8.826798373970119655e+02 3.708503033105784374e-05 2.612550184690100622e-07 -1.291031606277421055e-04 5.172000000000000000e+03
8.848469874314355366e+02 3.732804183688326100e-05 2.247319915098359046e-07 -1.300585719736861137e-04 5.188000000000000000e+03
8.870600941920195055e+02 3.899777251144005680e-05 9.378092099560444405e-08 -1.358165123167124114e-04 4.386000000000000000e+03
8.890650491529471537e+02 3.911909638471074195e-05 4.335002830379682037e-08 -1.361553960755609394e-04 3.520000000000000000e+03
8.910303003350863946e+02 3.925400845425028735e-05 4.993447810224088938e-08 -1.367665713789888258e-04 3.516000000000000000e+03
8.932439214818294886e+02 3.974806922761947933e-05 3.062070802006729538e-08 -1.386044174854776830e-04 3.388000000000000000e+03
8.954889770077427329e+02 4.157690857747953168e-05 8.101783163291032418e-08 -1.450739508153599971e-04 2.800000000000000000e+03
8.973994521566129379e+02 4.202573911737302330e-05 3.047495054636448483e-07 -1.468750311771861640e-04 1.932000000000000000e+03
8.993215590711535015e+02 4.178440347418650036e-05 2.303739757507599078e-07 -1.460678390195246153e-04 2.236000000000000000e+03
9.016306464564273710e+02 3.997079338621127348e-05 2.145808668322764797e-08 -1.396113692537464103e-04 2.013000000000000000e+03
9.039400877163226369e+02 4.268801755268587599e-05 -2.269212050204895947e-07 -1.489156415231052339e-04 1.576000000000000000e+03
9.056993011289710012e+02 4.106902775372132768e-05 2.932690287772557688e-08 -1.434698128517264578e-04 8.460000000000000000e+02
9.075954821997991075e+02 4.304651283284078971e-05 -2.669085041527082601e-07 -1.501710954630626623e-04 1.228000000000000000e+03
9.099826156231260939e+02 4.277002632010667641e-05 -3.558010465058480552e-07 -1.491577255920515798e-04 9.640000000000000000e+02
9.123550959351615575e+02 3.871716302000211522e-05 -3.030765636095954220e-08 -1.353726160484202887e-04 7.170000000000000000e+02
9.141627346362355411e+02 4.662261661527393854e-05 -4.253377319155556333e-07 -1.626110259283527050e-04 3.040000000000000000e+02
9.159577727906530527e+02 4.156511360922414617e-05 -1.723788612335666452e-07 -1.452253270126099632e-04 4.440000000000000000e+02
9.183477127816340726e+02 4.514099657320291229e-05 -4.396163380884763558e-08 -1.579006386510144677e-04 2.920000000000000000e+02
9.207331147904719728e+02 4.535479488055906537e-05 2.580875270212694136e-08 -1.587357537688169123e-04 1.720000000000000000e+02
9.226309293958033777e+02 4.698990099470844108e-05 3.248138812994728440e-08 -1.644794593595978131e-04 5.100000000000000000e+01
9.242773274894232145e+02 6.477654197182204003e-05 1.196825135972183877e-08 -2.267153884262659239e-04 5.200000000000000000e+01
9.265519372403930447e+02 6.424810038285285352e-05 1.319484446837071616e-07 -2.249941042658352584e-04 1.200000000000000000e+01
9.286652744879194188e+02 7.162415711161732631e-05 3.975939417234360341e-20 -2.506845498906607166e-04 1.000000000000000000e+00
