2.966547074898984615e+00 2.766229759111059616e-01 2.494889960256268038e-02 -2.173738532595959061e-01 1.300000000000000000e+01
5.026374055021858744e+00 8.785700620997531629e-02 1.610052769901284403e-02 -1.153067862460086315e-02 3.300000000000000000e+01
7.149300621522788113e+00 4.855813291960731082e-02 1.258783866215496114e-03 -1.168679627588660626e-02 7.900000000000000000e+01
9.278869254964254409e+00 3.262228327135543310e-02 6.987134599095067488e-04 -5.091272609590930670e-03 1.170000000000000000e+02
1.145033261934470126e+01 2.050692158990232578e-02 4.342617938131081504e-03 3.857405401165701301e-03 2.050000000000000000e+02
1.349295587141915043e+01 1.678421250709923387e-02 3.962156848934119714e-03 4.539148390270834540e-03 2.350000000000000000e+02
1.558905561191892986e+01 1.375712077313423487e-02 3.436350866926801955e-03 2.758527111235309359e-03 3.690000000000000000e+02
1.769408367255316961e+01 1.173183343655310844e-02 2.849890497586377372e-03 1.623024264190339998e-03 4.330000000000000000e+02
1.981787480313529670e+01 1.110162721638403675e-02 1.756730530511911494e-03 2.037920450138413012e-03 5.850000000000000000e+02
2.192074938196263645e+01 8.711614959576305037e-03 1.671113342542088123e-03 1.707389039222293511e-03 6.790000000000000000e+02
2.398877635566245203e+01 7.938808334885727111e-03 1.350291758761977068e-03 7.742102015767802266e-04 8.130000000000000000e+02
2.609286971896115759e+01 7.003839274872932126e-03 5.349872811771097048e-04 -6.342868799236284455e-05 9.850000000000000000e+02
2.823466315278179550e+01 6.089775568629431264e-03 8.289372952780049231e-04 1.068582654310952854e-03 1.183000000000000000e+03
3.032284873509123102e+01 5.603115915634107255e-03 9.474150495901003180e-04 7.189028075232387028e-04 1.269000000000000000e+03
3.240263258943403457e+01 4.958346914036499027e-03 5.434947000180125748e-04 6.837878565704701974e-04 1.537000000000000000e+03
3.449210129864554375e+01 4.857367392518674269e-03 1.090038526184814051e-04 1.027890058187236116e-03 1.653000000000000000e+03
3.658588147515196454e+01 4.502582033087237576e-03 2.704646567404301498e-04 1.006433041987628589e-03 1.963000000000000000e+03
3.868476949266977272e+01 4.225181543777789019e-03 -5.349787273655754849e-05 5.442636803899475245e-04 2.121000000000000000e+03
4.078898888458283523e+01 3.955727294876582381e-03 1.230641346320555712e-04 3.839812025392817687e-04 2.413000000000000000e+03
4.289390876967645738e+01 3.752750114454203503e-03 9.973944317978109659e-05 1.884688957381243515e-05 2.635000000000000000e+03
4.498336005546935468e+01 3.454719767065060534e-03 -8.643674382075666686e-05 1.913546655509511002e-04 2.877000000000000000e+03
4.706498529473824988e+01 3.189136805331353654e-03 1.762070753929161147e-04 -4.400773364511794387e-05 3.169000000000000000e+03
4.917111919158227096e+01 2.821669455682962891e-03 2.570940798624859569e-04 -8.525882426694381903e-05 3.507000000000000000e+03
5.126216914174227668e+01 2.680942125488803337e-03 1.840883395100641900e-04 3.553472843130558572e-05 3.685000000000000000e+03
5.335525146837034072e+01 2.487404435739575849e-03 1.972260806778936449e-04 1.754452859472379049e-04 4.165000000000000000e+03
5.546637228956934251e+01 2.365149315529031272e-03 2.281894422277015407e-04 2.205059197839122733e-04 4.377000000000000000e+03
5.757318819254808773e+01 2.191779210723687234e-03 8.492329029443258933e-05 1.740624311026666956e-04 4.855000000000000000e+03
5.965884044590281121e+01 2.085486966431926350e-03 1.670635210629877159e-04 2.511575089176988976e-04 4.929000000000000000e+03
6.174512302159506305e+01 1.944574660944172135e-03 1.231500990537794321e-04 5.681883321090022205e-05 5.581000000000000000e+03
6.382689291137189969e+01 1.862567113729238135e-03 1.595946035519879460e-04 4.055777424699761490e-05 5.679000000000000000e+03
6.592966228838450604e+01 1.724853785590962658e-03 1.364981762018206376e-04 -1.610000847077190666e-05 6.385000000000000000e+03
6.803125784825746791e+01 1.619255537478810156e-03 1.811451088671457547e-04 7.854381601907271760e-05 6.553000000000000000e+03
7.013131008699485847e+01 1.489212076648629892e-03 1.336383422642157181e-04 5.591684510451545241e-05 7.125000000000000000e+03
7.223032366074338029e+01 1.388172670417598190e-03 1.253820796342194118e-04 -1.610420461424003126e-05 7.447000000000000000e+03
7.432334270720505742e+01 1.314015425800284546e-03 1.469438458435193772e-04 2.256609640520751398e-05 7.929000000000000000e+03
7.642066756954473306e+01 1.219788973546787753e-03 1.441111447264850176e-04 2.283605774098187996e-05 8.353000000000000000e+03
7.850471694556040347e+01 1.193933668761357376e-03 1.126438658338782664e-04 9.641924642276762116e-05 8.775000000000000000e+03
8.059701946059529121e+01 1.115907851950000964e-03 1.882774733175283325e-04 4.647498045786619059e-05 9.313000000000000000e+03
8.269521798132063850e+01 1.049726759271610819e-03 1.939039369108003425e-04 -1.930026857626575493e-05 9.841000000000000000e+03
8.478307522909847194e+01 1.000673065747892908e-03 1.413558461368411121e-04 5.307978613601541356e-05 1.019100000000000000e+04
8.687780839616016237e+01 9.567669307244918960e-04 1.468271768902551109e-04 7.845034754129468911e-05 1.089700000000000000e+04
8.897524569656535220e+01 9.090062992082611039e-04 1.278601223220923819e-04 1.094379247908440581e-04 1.130100000000000000e+04
9.108077810470518898e+01 8.531843140301370674e-04 1.247046499608423669e-04 1.195043167798313428e-04 1.202500000000000000e+04
9.318432266948052245e+01 8.131462298649032045e-04 1.112783428398310290e-04 1.176834254930785197e-04 1.242300000000000000e+04
9.527887641048309320e+01 7.925018966494304113e-04 1.086352221354530771e-04 9.403094759258616398e-05 1.302100000000000000e+04
9.736254237981037818e+01 7.651147106935567458e-04 1.257674154344473854e-04 9.012435993596421891e-05 1.340500000000000000e+04
9.944832814799407572e+01 7.221115432620055837e-04 1.265104688158418672e-04 7.072919353975446063e-05 1.424700000000000000e+04
1.015460879802399035e+02 6.886824590295541988e-04 1.334100344702503964e-04 3.970647294024258066e-05 1.471300000000000000e+04
1.036426375667732316e+02 6.520648355337349154e-04 1.200142062198661819e-04 2.625538387521367874e-05 1.548900000000000000e+04
1.057389390539465950e+02 6.279703521308028624e-04 1.436867266256000412e-04 2.617872880706335019e-05 1.591300000000000000e+04
1.078395855981474227e+02 5.933335376952373263e-04 1.244767540260736135e-04 4.733519943136391979e-05 1.687900000000000000e+04
1.099389405850131709e+02 5.715213130038289836e-04 1.322300000655028597e-04 3.062537795956426633e-05 1.719300000000000000e+04
1.120392143152385387e+02 5.414902431648750030e-04 1.145541632441714506e-04 3.994903335141508112e-05 1.815700000000000000e+04
1.141233458569757744e+02 5.268335118679526351e-04 1.132579722334499058e-04 6.946422090392321668e-05 1.833900000000000000e+04
1.162159397555423084e+02 4.952437926111196700e-04 1.112609851017049771e-04 5.248571668603180631e-05 1.957300000000000000e+04
1.183137204803772420e+02 4.741601423782962192e-04 1.224627842410415401e-04 3.561321673197421795e-05 1.994100000000000000e+04
1.203972311807013256e+02 4.590707626392542730e-04 1.036368782964343691e-04 6.624280766519524254e-05 2.062900000000000000e+04
1.224922363187857286e+02 4.401859260162995034e-04 9.961916033323281114e-05 5.011261300275712019e-05 2.165500000000000000e+04
1.245882598425863534e+02 4.217836834035765779e-04 9.404571048299185476e-05 6.206590706749348662e-05 2.211300000000000000e+04
1.266884677158377315e+02 4.078429634111798829e-04 9.459731900894675677e-05 5.612825292017821109e-05 2.318500000000000000e+04
1.287846620419940962e+02 3.917308356456131635e-04 8.403033431088265419e-05 6.413283058407298403e-05 2.366700000000000000e+04
1.308713393788149801e+02 3.799172873916369249e-04 7.807372418547131121e-05 6.707985658248468396e-05 2.438500000000000000e+04
1.329754833440644575e+02 3.625287373158292501e-04 7.957023724149862116e-05 6.684150674446376599e-05 2.574900000000000000e+04
1.350691081525609434e+02 3.457529192841491349e-04 7.110456538185847962e-05 5.979779220374443447e-05 2.567500000000000000e+04
1.371638825856825576e+02 3.328488202250432220e-04 6.908618919804649381e-05 4.919206744303409402e-05 2.740900000000000000e+04
1.392604757372163533e+02 3.229134832438448183e-04 5.941141332135329618e-05 5.263937822718174728e-05 2.740500000000000000e+04
1.413466882908376760e+02 3.101046277810701407e-04 6.935168115619887597e-05 3.715891979093955192e-05 2.871700000000000000e+04
1.434475230090064031e+02 3.015543312373674973e-04 6.782427744399443452e-05 3.055980834042483214e-05 2.959500000000000000e+04
1.455452853418541679e+02 2.915396977906589151e-04 6.363900655637208179e-05 3.803498433744485524e-05 3.030100000000000000e+04
1.476332061073587738e+02 2.825070853116427166e-04 5.767312069482965440e-05 3.387462099809193292e-05 3.110100000000000000e+04
1.497211472843286231e+02 2.715442967922694455e-04 6.100745506938960836e-05 2.683511647304975120e-05 3.202300000000000000e+04
1.518138048751577287e+02 2.608603976596810285e-04 5.878136838978509257e-05 3.538732717905451801e-05 3.297700000000000000e+04
1.539211490100352648e+02 2.544867584647789952e-04 5.416141368449938821e-05 2.295623138468589852e-05 3.444900000000000000e+04
1.560214747341236716e+02 2.457194415784875715e-04 5.338464599406899698e-05 3.166585941957720699e-05 3.454900000000000000e+04
1.581161747588121784e+02 2.373522896786734099e-04 5.612974499568154353e-05 2.598326054784673737e-05 3.611100000000000000e+04
1.602118712271799836e+02 2.321389357725329268e-04 5.156465837609934858e-05 2.101805708811008863e-05 3.654100000000000000e+04
1.623006419462898862e+02 2.258825468775728525e-04 4.858206070632471583e-05 1.597423574912311059e-05 3.771700000000000000e+04
1.643899033199985240e+02 2.200051560782317786e-04 4.824887597986663584e-05 1.431857715300481034e-05 3.861900000000000000e+04
1.664835582381511756e+02 2.119690983714287357e-04 4.589426111967040585e-05 2.363446960389333981e-05 3.966100000000000000e+04
1.685719683778473552e+02 2.053709568718439338e-04 4.833428069241346020e-05 1.838703025754799501e-05 4.054500000000000000e+04
1.706641332089364766e+02 2.003324267090077335e-04 4.576153805456493697e-05 2.012669576397383962e-05 4.181500000000000000e+04
1.727708699256135390e+02 1.940762356460841377e-04 4.318711795314709876e-05 1.458508373633095080e-05 4.312500000000000000e+04
1.748696546009699659e+02 1.882083524623103801e-04 4.492620912895191798e-05 2.027715798013695004e-05 4.368100000000000000e+04
1.769585769494445344e+02 1.833057182042412852e-04 4.716584949524508266e-05 1.463103320283727357e-05 4.462900000000000000e+04
1.790524509315575301e+02 1.787448952770477769e-04 4.221441197778374852e-05 2.079310041724753791e-05 4.622700000000000000e+04
1.811526521261263554e+02 1.732579776394463247e-04 3.883140043468882017e-05 2.036877420151391143e-05 4.690900000000000000e+04
1.832476884130738881e+02 1.703545662052614981e-04 3.810784223730885302e-05 1.706301799909211114e-05 4.823700000000000000e+04
1.853312475833926101e+02 1.648718019545350878e-04 3.749894195821405134e-05 2.105662115327788789e-05 4.858300000000000000e+04
1.874284892203218931e+02 1.618767423941610184e-04 3.641172613900003126e-05 1.619988514257654250e-05 5.099700000000000000e+04
1.895337179075755216e+02 1.582021651885254026e-04 3.767953224298265446e-05 1.452529841291004991e-05 5.139700000000000000e+04
1.916268196474026126e+02 1.539264075280702665e-04 3.440115004021014660e-05 1.843899232448010302e-05 5.248900000000000000e+04
1.937183403446852878e+02 1.491873178698000413e-04 3.657793468473145371e-05 1.712275905860449112e-05 5.378700000000000000e+04
1.958131498886989164e+02 1.455837197756685837e-04 3.511422016998452144e-05 1.620004953377896190e-05 5.491300000000000000e+04
1.979058740098966211e+02 1.419150846094968709e-04 3.389828955392334557e-05 1.266888310304125999e-05 5.597700000000000000e+04
1.999990651597893816e+02 1.385196577249521454e-04 3.543999971823461157e-05 1.288204528120401626e-05 5.741500000000000000e+04
2.020893038374759101e+02 1.353173749833188970e-04 3.477243518232801784e-05 1.315602725096009181e-05 5.810500000000000000e+04
2.041823192148177952e+02 1.316492067428652992e-04 3.309886510134154946e-05 1.230950155647389437e-05 6.003300000000000000e+04
2.062825911013838152e+02 1.285082029525248999e-04 3.310861822360120009e-05 1.329950667802506982e-05 6.094900000000000000e+04
2.083770189145966185e+02 1.262209979374064788e-04 3.347520173916846190e-05 1.322951942126767021e-05 6.223500000000000000e+04
2.104675816794403431e+02 1.230775950454259654e-04 3.103936650883865804e-05 1.232803106099761674e-05 6.322900000000000000e+04
2.125667854244018145e+02 1.194311945581705476e-04 3.108608707952406587e-05 1.284691513514696798e-05 6.513300000000000000e+04
2.146619261104851830e+02 1.171664342373556503e-04 3.118010175715046542e-05 1.226328177592741768e-05 6.570700000000000000e+04
2.167561805722037036e+02 1.150793940232623826e-04 2.835133952863328350e-05 1.282774355826345589e-05 6.756100000000000000e+04
2.188528705899679210e+02 1.116446896836904786e-04 2.948861720267716681e-05 1.461459009689315080e-05 6.850500000000000000e+04
2.209456427453084473e+02 1.095763645234103944e-04 2.646702592033707679e-05 1.351029033252530202e-05 6.994300000000000000e+04
2.230395148320731096e+02 1.069555277504623719e-04 2.730895859060880038e-05 1.452154595104242803e-05 7.109700000000000000e+04
2.251356732858534997e+02 1.042037122621729798e-04 2.643692574589845271e-05 1.510245834680818730e-05 7.302100000000000000e+04
2.272278504864401327e+02 1.013303888273951069e-04 2.623598773631619191e-05 1.483528108784614756e-05 7.331700000000000000e+04
2.293197511287232544e+02 9.918972895201969269e-05 2.515928385339525396e-05 1.457607806482859233e-05 7.579900000000000000e+04
2.314114772346510165e+02 9.696124762705909852e-05 2.616219953248760340e-05 1.407210626924782161e-05 7.602100000000000000e+04
2.335058467478245632e+02 9.563606776897545314e-05 2.476140549301855947e-05 1.206062845762738585e-05 7.875300000000000000e+04
2.356041652202905539e+02 9.285312253263581215e-05 2.415634068431712241e-05 1.232205711761435588e-05 7.929100000000000000e+04
2.377006336558306998e+02 9.034316624549806592e-05 2.386440251201839285e-05 1.208203492027621506e-05 8.112900000000000000e+04
2.397972750390475198e+02 8.923219868568085214e-05 2.240299225121721271e-05 1.041235193429751858e-05 8.244100000000000000e+04
2.418944602532704096e+02 8.718183765327328701e-05 2.431229390659628902e-05 1.219832664584538096e-05 8.394900000000000000e+04
2.439884227569783093e+02 8.518804374333048925e-05 2.297128673913792073e-05 9.342451322188370115e-06 8.512300000000000000e+04
2.460835996828307373e+02 8.334606082534397277e-05 2.160324169639738610e-05 1.185466556408317969e-05 8.692900000000000000e+04
2.481755280705312146e+02 8.102278243870198913e-05 2.211145509139280540e-05 1.275830898710410541e-05 8.778900000000000000e+04
2.502623700647570217e+02 8.013634347899884413e-05 2.092895828653361842e-05 1.320103465108227392e-05 8.962300000000000000e+04
2.523586155105348325e+02 7.756307447578909093e-05 2.007779306156556686e-05 9.941599205035131756e-06 9.134100000000000000e+04
2.544547077866985489e+02 7.580487357586813198e-05 1.791489951225148675e-05 1.191570297222068712e-05 9.284500000000000000e+04
2.565487653287422063e+02 7.467159404269233284e-05 1.836275830094997763e-05 1.070955064366664682e-05 9.408700000000000000e+04
2.586464955058470991e+02 7.285266154815773902e-05 1.868005671290820798e-05 1.026643610371406388e-05 9.633300000000000000e+04
2.607443047329861656e+02 7.164537058995184237e-05 1.785097567511106362e-05 1.153417157297955998e-05 9.724900000000000000e+04
2.628438312173413465e+02 7.030287120243036583e-05 1.736609583820948564e-05 1.092301643069576976e-05 9.950100000000000000e+04
2.649298855659840228e+02 6.856920263515710789e-05 1.723191288166112421e-05 1.070764490334101517e-05 9.928300000000000000e+04
2.670163698864117805e+02 6.744355138824915756e-05 1.686352872985525162e-05 9.498412360324768024e-06 1.025370000000000000e+05
2.691121353909120444e+02 6.619518809219748301e-05 1.543452162327862341e-05 1.053056721732188142e-05 1.034770000000000000e+05
2.712076496124621485e+02 6.510530511343541995e-05 1.504283385439310924e-05 1.141489450566062434e-05 1.057510000000000000e+05
2.733050999653678446e+02 6.362833359583244396e-05 1.466512038622168508e-05 1.102989554588495746e-05 1.068690000000000000e+05
2.753984212130929450e+02 6.227829449683180334e-05 1.371385907292526648e-05 9.773164511399533150e-06 1.086970000000000000e+05
2.774965690026801326e+02 6.154588934432269416e-05 1.446353407532987331e-05 9.697062896032527716e-06 1.105770000000000000e+05
2.795986436403592279e+02 6.009191568716460010e-05 1.495186596611286157e-05 9.629925295540202752e-06 1.125550000000000000e+05
2.816878213234347754e+02 5.901293402000649648e-05 1.428572508039917931e-05 9.372934244005624085e-06 1.125930000000000000e+05
2.837760955854215581e+02 5.757902900783684179e-05 1.348549086333916077e-05 7.413144494702247967e-06 1.155730000000000000e+05
2.858732754634002617e+02 5.670738749488177396e-05 1.286159605944447548e-05 8.811687887630243816e-06 1.172830000000000000e+05
2.879686159020804439e+02 5.590636827670526364e-05 1.290586884260004472e-05 8.441520283578434963e-06 1.185810000000000000e+05
2.900612915162532204e+02 5.459118952334452752e-05 1.292781198263049805e-05 7.242497148635996316e-06 1.206250000000000000e+05
2.921547032025089266e+02 5.345376084764670425e-05 1.177249930385975968e-05 7.809100566496510439e-06 1.219350000000000000e+05
2.942501291133244763e+02 5.247088276122200800e-05 1.177003098643297055e-05 7.693279679650861995e-06 1.244410000000000000e+05
2.963444256131289194e+02 5.163249897982952446e-05 1.171018856761564033e-05 8.395246761335376138e-06 1.255170000000000000e+05
2.984361415704375418e+02 5.078804983216336820e-05 1.176563946003938369e-05 7.425247754175660107e-06 1.273570000000000000e+05
3.005318840555698330e+02 4.994379990559235158e-05 1.111473347599539167e-05 7.555685760978705431e-06 1.298950000000000000e+05
3.026277776031609505e+02 4.930048607034906959e-05 1.070539885591855874e-05 8.709558450428301634e-06 1.307010000000000000e+05
3.047248035439953924e+02 4.851835532274176863e-05 1.031793552444782594e-05 7.776474569354061012e-06 1.339210000000000000e+05
3.068210272572537747e+02 4.763731983337534472e-05 9.848380784361967862e-06 7.549174789169369739e-06 1.341870000000000000e+05
3.089144805088236581e+02 4.696247785394941864e-05 9.957682187269701476e-06 7.237493720185576276e-06 1.371250000000000000e+05
3.110108065784975793e+02 4.616591982230305115e-05 9.678115359576193371e-06 7.474887617297578422e-06 1.384570000000000000e+05
3.131088595191292256e+02 4.527538792482894715e-05 9.568542208803831474e-06 7.280357943976613114e-06 1.409370000000000000e+05
3.151991603466065044e+02 4.456722882976588829e-05 9.326056875543237704e-06 6.804701266078900675e-06 1.413670000000000000e+05
3.172886672848389935e+02 4.379263894711729176e-05 9.333699377879397927e-06 7.629448046846061581e-06 1.443810000000000000e+05
3.193804418510612209e+02 4.303937628461268678e-05 8.916837483002354361e-06 6.501209404321329917e-06 1.455490000000000000e+05
3.214783648369701723e+02 4.229488638972854172e-05 8.388390856105915424e-06 6.599485278135526377e-06 1.491390000000000000e+05
3.235785211189415804e+02 4.167082607125881374e-05 8.843648695193271372e-06 6.143610344471816169e-06 1.496410000000000000e+05
3.256693589483342635e+02 4.097389718853384967e-05 8.591045976011946035e-06 6.659752666783912255e-06 1.518250000000000000e+05
3.277607775121137479e+02 4.037328547561089807e-05 7.972161652175810902e-06 6.427780657805536939e-06 1.534530000000000000e+05
3.298523230655557654e+02 3.972963121782467801e-05 8.246029834181017640e-06 5.643893349662003459e-06 1.558870000000000000e+05
3.319485433973702015e+02 3.900196313508904526e-05 7.853187380579135913e-06 5.430252036198705873e-06 1.581210000000000000e+05
3.340454035812790607e+02 3.843709172444241805e-05 7.581771711460263689e-06 5.776187655074943430e-06 1.598410000000000000e+05
3.361349417783784475e+02 3.787421284836364635e-05 7.172324245711895291e-06 5.579805290365865560e-06 1.611750000000000000e+05
3.382313832787477850e+02 3.716839448738157032e-05 6.865075473377823279e-06 5.620874511551434772e-06 1.646770000000000000e+05
3.403308518124323996e+02 3.686333239602043987e-05 6.773110379673618261e-06 5.092968040086078334e-06 1.660570000000000000e+05
3.424246601457981001e+02 3.636005120879856514e-05 6.342130266353687196e-06 5.084778586614778247e-06 1.677030000000000000e+05
3.445197272986724215e+02 3.578914269723455473e-05 6.404413183170852585e-06 5.012422515352209115e-06 1.702690000000000000e+05
3.466158524641982694e+02 3.510963449608266689e-05 6.146325419554701455e-06 5.327943241639463182e-06 1.722570000000000000e+05
3.487089916477683005e+02 3.449100710179437123e-05 6.160594896365393129e-06 5.099489700741334626e-06 1.736530000000000000e+05
3.508011456036761615e+02 3.391733031475331991e-05 5.973260503087569262e-06 4.405970391311255486e-06 1.766190000000000000e+05
3.528935682172028692e+02 3.329013681512823846e-05 5.807713624789245581e-06 4.153437014157854465e-06 1.775650000000000000e+05
3.549881110219296829e+02 3.292223187627984240e-05 5.496466567660407208e-06 4.064263117440947700e-06 1.812850000000000000e+05
3.570855924802784216e+02 3.234020324030614807e-05 5.488759811941680282e-06 4.399363374814955901e-06 1.825470000000000000e+05
3.591813496003592832e+02 3.189059031195840102e-05 5.533140100383904765e-06 3.665263912602882307e-06 1.849930000000000000e+05
3.612749400626811394e+02 3.139927698588080082e-05 5.370079689596651660e-06 4.042018966384352199e-06 1.867770000000000000e+05
3.633693413142722193e+02 3.107258930070581156e-05 4.974896913912454944e-06 4.143116867658902346e-06 1.890730000000000000e+05
3.654632219855477047e+02 3.047066348800453250e-05 4.985994406117015513e-06 4.013287359597278256e-06 1.914910000000000000e+05
3.675603773529471141e+02 2.992489269594268315e-05 4.818993343131376542e-06 3.463187891290507687e-06 1.938450000000000000e+05
3.696543491982932892e+02 2.961943481608837666e-05 4.780241331464787829e-06 3.186596760110421133e-06 1.951810000000000000e+05
3.717418094879196815e+02 2.917378022335413181e-05 4.580100884672548205e-06 3.301135757550399937e-06 1.973190000000000000e+05
3.738340425382559147e+02 2.879199822995772155e-05 4.548979055436214266e-06 3.217665506546482513e-06 2.002330000000000000e+05
3.759308579415973099e+02 2.858219181629822556e-05 4.428404625484410490e-06 2.889400193004531187e-06 2.030370000000000000e+05
3.780298508894609313e+02 2.815062558903431061e-05 4.288985379211393529e-06 2.968257067226076726e-06 2.048710000000000000e+05
3.801213498834686106e+02 2.759797340069994223e-05 3.978230847022175393e-06 2.393482268699935178e-06 2.062210000000000000e+05
3.822130601069931117e+02 2.732326560921963211e-05 4.123461367755291373e-06 2.902551190678224505e-06 2.095290000000000000e+05
3.843141376638832867e+02 2.692281931373346958e-05 4.166087386550921662e-06 2.575704789803816132e-06 2.125450000000000000e+05
3.864096355836928751e+02 2.648113130051902713e-05 4.121037778656010548e-06 2.662241018238298355e-06 2.132070000000000000e+05
3.885029072957560174e+02 2.621599043144516995e-05 3.727343994244850549e-06 2.623182234283377697e-06 2.165770000000000000e+05
3.905976920854033665e+02 2.583299309208803528e-05 3.934903591362361767e-06 2.244862333023687639e-06 2.181930000000000000e+05
3.926958121232195822e+02 2.552970373253381383e-05 3.698126239835900609e-06 2.571216108077141019e-06 2.221510000000000000e+05
3.947892180838422291e+02 2.521819020073841054e-05 3.791123788888338832e-06 2.631578189086304510e-06 2.216410000000000000e+05
3.968782140997554961e+02 2.493283311458036243e-05 3.574685358472330439e-06 2.751173682687490533e-06 2.261730000000000000e+05
3.989707362781335291e+02 2.463460519726134239e-05 3.531793686277694643e-06 2.492010373908229240e-06 2.269810000000000000e+05
4.010671924513820272e+02 2.431321695234879893e-05 3.589778258329031677e-06 2.507349043468049904e-06 2.319030000000000000e+05
4.031622814805685380e+02 2.399253689108915650e-05 3.601105767538425368e-06 2.399820797627294215e-06 2.314930000000000000e+05
4.052546340249365926e+02 2.373011359462059224e-05 3.660801116754840170e-06 2.532509452152815631e-06 2.360410000000000000e+05
4.073499183903821859e+02 2.345017308434377398e-05 3.224126046462973819e-06 2.518513817219954280e-06 2.372310000000000000e+05
4.094468722071623006e+02 2.320416871079886801e-05 3.333224338321330523e-06 2.362645959230979111e-06 2.409250000000000000e+05
4.115443288589775648e+02 2.289941562927093823e-05 3.470189845463756197e-06 2.448308546530420294e-06 2.427690000000000000e+05
4.136340823922854497e+02 2.263575583952641041e-05 3.379036850435204909e-06 2.528796249180719652e-06 2.437570000000000000e+05
4.157249463815624608e+02 2.240457299961600785e-05 3.289520238039437378e-06 1.989859648672681749e-06 2.479830000000000000e+05
4.178218199778140161e+02 2.210227734615272672e-05 3.443779464020809911e-06 2.446185565393354922e-06 2.502730000000000000e+05
4.199166506307261102e+02 2.180659845184572781e-05 3.483200389142541236e-06 2.348010560764387929e-06 2.523730000000000000e+05
4.220107143757512631e+02 2.153422517215355760e-05 3.355315597959358854e-06 2.249378835205893803e-06 2.554470000000000000e+05
4.241054294906687687e+02 2.130592950870824015e-05 3.439253595503831880e-06 2.145392840955651054e-06 2.570890000000000000e+05
4.262013850195404530e+02 2.103976017245755669e-05 3.090958543511952848e-06 2.391788721585654433e-06 2.612370000000000000e+05
4.282955296445312570e+02 2.095209603552569810e-05 3.158840666172045165e-06 2.287301117134276562e-06 2.616670000000000000e+05
4.303918066888609815e+02 2.067465722021617536e-05 3.017545416398281998e-06 2.028166214068130208e-06 2.668890000000000000e+05
4.324885754579240142e+02 2.049440655550677980e-05 3.150021485333758324e-06 2.051263109445119269e-06 2.670490000000000000e+05
4.345806090039813512e+02 2.020707938738657559e-05 3.072979846867506160e-06 2.114243888016339669e-06 2.705770000000000000e+05
4.366724409742538455e+02 1.997101409279166385e-05 2.992410715492293794e-06 2.279738657904405774e-06 2.726430000000000000e+05
4.387671492209622102e+02 1.978526372891688674e-05 3.035729956913480391e-06 2.094135688705357646e-06 2.762050000000000000e+05
4.408622534544343239e+02 1.957368237523922372e-05 2.880447629432424153e-06 2.185205942460336163e-06 2.781690000000000000e+05
4.429551641509581259e+02 1.937391374817334997e-05 2.917099874894812972e-06 2.320064387535402448e-06 2.808190000000000000e+05
4.450482683181851371e+02 1.911628407659600508e-05 3.062064650791030693e-06 2.015482203798813840e-06 2.836290000000000000e+05
4.471468387574249732e+02 1.895573744729915302e-05 2.832140961942563645e-06 1.941800524346349633e-06 2.877370000000000000e+05
4.492436228056981236e+02 1.873011441227491366e-05 2.925181002103842296e-06 2.101536680569151279e-06 2.882290000000000000e+05
4.513338633316258210e+02 1.856911724554201172e-05 2.781730568780328160e-06 2.149049066931955614e-06 2.915190000000000000e+05
4.534275364325927740e+02 1.835311950161541602e-05 2.852681566109289764e-06 2.313171315274614393e-06 2.946970000000000000e+05
4.555218954858658549e+02 1.811199331469121835e-05 2.794167896111192427e-06 2.143192982793485463e-06 2.968170000000000000e+05
4.576171661608108252e+02 1.796682281116788736e-05 2.923421604160744252e-06 2.125355607470506070e-06 3.007390000000000000e+05
4.597117909764672277e+02 1.779429866914536713e-05 2.748931200228067589e-06 2.192396079154473222e-06 3.019210000000000000e+05
4.618031890496856704e+02 1.754625636662299987e-05 2.551308652818402467e-06 1.978811086114577926e-06 3.054570000000000000e+05
4.638995470730997681e+02 1.743782808147100098e-05 2.648815110260946202e-06 2.037829763122413484e-06 3.088390000000000000e+05
4.659948171464902202e+02 1.724873204061709388e-05 2.575693709157986162e-06 2.326396382893187010e-06 3.106410000000000000e+05
4.680892944697272355e+02 1.711177612539041264e-05 2.441480408110497479e-06 2.121030240334645041e-06 3.144850000000000000e+05
4.701849264949563576e+02 1.698301964216578612e-05 2.407987853413828056e-06 2.476621455006525266e-06 3.161130000000000000e+05
4.722792778491551076e+02 1.677055454407348631e-05 2.384840253901601593e-06 2.337553188961670268e-06 3.202750000000000000e+05
4.743727257290456691e+02 1.661767119398220601e-05 2.478681792042921806e-06 2.175906818047811362e-06 3.211090000000000000e+05
4.764659337214132506e+02 1.646987096014724245e-05 2.469975621577040814e-06 2.263926390982312001e-06 3.261210000000000000e+05
4.785623072742623663e+02 1.635393252002765525e-05 2.483004483188847315e-06 2.369004048562369702e-06 3.277270000000000000e+05
4.806590405897664482e+02 1.613878752212760871e-05 2.528204630461677274e-06 2.392335181388705943e-06 3.318210000000000000e+05
4.827512226177773869e+02 1.606037518723736266e-05 2.466396582248138195e-06 2.704382326013575338e-06 3.324970000000000000e+05
4.848441163240574951e+02 1.587177112523376033e-05 2.428815061864263547e-06 2.697967210783342107e-06 3.373530000000000000e+05
4.869397730506265702e+02 1.577566570170108027e-05 2.446665034496477578e-06 2.412741297191239271e-06 3.395590000000000000e+05
4.890367881340087592e+02 1.563080514385176113e-05 2.342979233809844181e-06 2.660968990127654191e-06 3.433090000000000000e+05
4.911309696496539914e+02 1.556646489864172857e-05 2.326913824894249393e-06 2.897423198087656549e-06 3.447570000000000000e+05
4.932233217478662368e+02 1.537663498681316767e-05 2.339611057057805969e-06 3.157510981277768541e-06 3.487030000000000000e+05
4.953187148676144602e+02 1.527505695336293297e-05 2.429598112153258255e-06 3.053724183669509490e-06 3.512610000000000000e+05
4.974112035877049607e+02 1.516829614270498963e-05 2.375720763148356559e-06 3.320900808530277999e-06 3.540610000000000000e+05
4.995008234599932848e+02 1.505289765877445841e-05 2.522468445596344420e-06 3.316889041890608887e-06 3.561150000000000000e+05
5.015952506837274996e+02 1.493186350024654617e-05 2.575493710125753900e-06 3.517889093215716795e-06 3.616690000000000000e+05
5.036919972981919500e+02 1.485225250813155541e-05 2.437940620264125153e-06 3.536709324648933857e-06 3.628930000000000000e+05
5.057872116617206757e+02 1.478023840094555466e-05 2.628132181730885711e-06 3.845843273515895839e-06 3.671010000000000000e+05
5.078828569897101488e+02 1.470004532700098051e-05 2.549482602323598031e-06 3.958229969009697933e-06 3.694390000000000000e+05
5.099793452386306853e+02 1.462693377214385477e-05 2.561936608939848072e-06 4.095665681735564195e-06 3.732570000000000000e+05
5.120767256379639321e+02 1.452833509604099018e-05 2.558951494675208073e-06 4.265776696069040860e-06 3.759490000000000000e+05
5.141702395931293950e+02 1.447258524011397587e-05 2.598880977559487006e-06 4.440925088610156443e-06 3.780430000000000000e+05
5.162613210276599602e+02 1.436492979773759955e-05 2.662415395524865830e-06 4.723656116167605619e-06 3.811170000000000000e+05
5.183576899265503926e+02 1.431524397283658524e-05 2.674649729670550729e-06 4.887996427982981203e-06 3.864490000000000000e+05
5.204524416424112587e+02 1.423799896290029452e-05 2.618882431448454751e-06 5.102153173622892259e-06 3.863970000000000000e+05
5.225430403510470114e+02 1.418904147492883209e-05 2.642888434037020324e-06 5.150161259623244741e-06 3.913150000000000000e+05
5.246378991347941110e+02 1.416101497112627463e-05 2.697349181538782401e-06 5.667266570412530882e-06 3.943050000000000000e+05
5.267345150769579050e+02 1.412912826603259447e-05 2.601323803415213890e-06 5.661213538636805178e-06 3.980770000000000000e+05
5.288284644781792849e+02 1.407111440527409086e-05 2.709831311701824028e-06 5.957976421692974891e-06 3.999190000000000000e+05
5.309200047543351957e+02 1.398449298726910891e-05 2.584279510978327262e-06 6.177904162352664948e-06 4.031130000000000000e+05
5.330154787982235121e+02 1.398161957335775607e-05 2.729516209720103484e-06 6.454111456071281014e-06 4.082290000000000000e+05
5.351140455458262295e+02 1.389769117499311511e-05 2.779020540013876477e-06 6.755195871121296054e-06 4.103130000000000000e+05
5.372065894545165747e+02 1.385794493165172362e-05 2.890331282185786790e-06 6.299819408921783933e-06 4.102750000000000000e+05
5.392990561174625554e+02 1.378003986233393698e-05 2.856188534444216672e-06 5.500024635143272623e-06 4.093020000000000000e+05
5.413942361800155822e+02 1.370198133463074362e-05 2.787751572315201179e-06 4.767644288386118730e-06 4.077820000000000000e+05
5.434880266486542268e+02 1.359633588521005507e-05 2.865580880439366396e-06 3.840774164160962112e-06 4.058980000000000000e+05
5.455827489438945577e+02 1.350150512563458278e-05 2.750733303008375018e-06 3.002658987986739650e-06 4.043220000000000000e+05
5.476767127561543020e+02 1.341011537419772609e-05 2.672283578797351666e-06 2.215340900936431682e-06 4.026280000000000000e+05
5.497693602110763322e+02 1.333202998484323562e-05 2.581713699162256810e-06 1.291189988499192216e-06 3.997920000000000000e+05
5.518640828781375376e+02 1.318883625378977177e-05 2.527181326359846643e-06 3.282088820522948809e-07 4.002640000000000000e+05
5.539594253277234657e+02 1.310819496089049384e-05 2.396107380500629406e-06 -3.343823538286773391e-07 3.963360000000000000e+05
5.560560799784258279e+02 1.298209182450833133e-05 2.280592505566892943e-06 -1.194766831933688696e-06 3.969640000000000000e+05
5.581498537014841759e+02 1.289784047749467970e-05 2.217839443688783268e-06 -1.939880532316373530e-06 3.918340000000000000e+05
5.602404618770235629e+02 1.278342271228782739e-05 2.180685383822415372e-06 -2.741646449754060889e-06 3.917040000000000000e+05
5.623373847462706863e+02 1.269938765080021977e-05 2.137152142354386605e-06 -3.363398080125833181e-06 3.907360000000000000e+05
5.644358269329779887e+02 1.256410023080194189e-05 1.994782373879813391e-06 -4.028952051635353178e-06 3.882660000000000000e+05
5.665268810116216400e+02 1.249752653335847598e-05 1.985862669112255493e-06 -4.803323948337121947e-06 3.839200000000000000e+05
5.686205978146614370e+02 1.240677502197210866e-05 1.786641210467431490e-06 -5.386448011065269387e-06 3.856120000000000000e+05
5.707172413959774531e+02 1.228287360281722958e-05 1.855226150760097966e-06 -6.001821210278259999e-06 3.807900000000000000e+05
5.728117953900567727e+02 1.218243511171835300e-05 1.684549210804084273e-06 -6.589440968378579179e-06 3.809500000000000000e+05
5.749061489786814718e+02 1.208341530070734644e-05 1.614017013942426976e-06 -7.165543608170313813e-06 3.765360000000000000e+05
5.769983061453493747e+02 1.195341969379350126e-05 1.487194905518674243e-06 -7.538733623057078184e-06 3.758500000000000000e+05
5.790954534396886402e+02 1.189660532733568519e-05 1.452855149275514334e-06 -8.140487985203098345e-06 3.745800000000000000e+05
5.811887675251532528e+02 1.177585074919171251e-05 1.453817349280066676e-06 -8.556262050381613661e-06 3.697240000000000000e+05
5.832786692590009352e+02 1.168974147983400842e-05 1.348575913869643083e-06 -8.886779887474747329e-06 3.694540000000000000e+05
5.853744262304652466e+02 1.162080009662077277e-05 1.291640582799774528e-06 -9.450052992644338069e-06 3.672900000000000000e+05
5.874702053520854861e+02 1.153690084748305509e-05 1.244994095170108368e-06 -9.908396023937920797e-06 3.649120000000000000e+05
5.895645263196835231e+02 1.144433980825186042e-05 1.141101534720046641e-06 -1.023981003379090437e-05 3.627360000000000000e+05
5.916589161290351058e+02 1.134100249411853408e-05 1.149646512008632881e-06 -1.064344384364151516e-05 3.599260000000000000e+05
5.937545405354702552e+02 1.121174282826503119e-05 9.683002730503302141e-07 -1.111229147939240538e-05 3.591180000000000000e+05
5.958485825352667007e+02 1.120052746331386377e-05 9.730949494931159463e-07 -1.143147392384833071e-05 3.543400000000000000e+05
5.979424307662475258e+02 1.106393035270953160e-05 9.512245364161372884e-07 -1.178955562464308830e-05 3.547300000000000000e+05
6.000359072472176649e+02 1.097382671191956680e-05 8.980741200337849255e-07 -1.213859040395503065e-05 3.494820000000000000e+05
6.021303046355956212e+02 1.090615040970704198e-05 9.095064235298267755e-07 -1.244223457811459671e-05 3.499900000000000000e+05
6.042248380914445534e+02 1.084835992568898631e-05 8.305796105677875504e-07 -1.278874744098897808e-05 3.451500000000000000e+05
6.063178784116851148e+02 1.071936318921241850e-05 8.668560928110440853e-07 -1.309504846428580123e-05 3.441700000000000000e+05
6.084128343028867221e+02 1.067878549213876055e-05 8.591721290191071347e-07 -1.341228816003673554e-05 3.414340000000000000e+05
6.105078954002700584e+02 1.056749872600255028e-05 7.527471247461014115e-07 -1.369732583787935037e-05 3.388500000000000000e+05
6.126034696602193890e+02 1.049885280827097377e-05 7.160859844460491305e-07 -1.389334001423350848e-05 3.366040000000000000e+05
6.146988087070261599e+02 1.048657298895424652e-05 7.093614214552835578e-07 -1.424565606133701450e-05 3.339600000000000000e+05
6.167923071676593736e+02 1.039968295398378137e-05 6.882881069535510358e-07 -1.443222065901746936e-05 3.307600000000000000e+05
6.188869153128759990e+02 1.030229071379950519e-05 5.787367552652300379e-07 -1.465382583490044738e-05 3.291900000000000000e+05
6.209811993625415880e+02 1.020600090413331376e-05 5.644108607487456321e-07 -1.475376172897170536e-05 3.253720000000000000e+05
6.230740163913213792e+02 1.017595994422568010e-05 4.313470585440042930e-07 -1.495938325197423251e-05 3.236140000000000000e+05
6.251692711909930722e+02 1.005040715808581828e-05 3.592560900552580537e-07 -1.512255863549512701e-05 3.208740000000000000e+05
6.272649983552782942e+02 9.961484051077169888e-06 3.224764323708333410e-07 -1.512306289988682093e-05 3.180760000000000000e+05
6.293592710458332249e+02 9.925406110014375221e-06 3.500875190020863812e-07 -1.547354766617832676e-05 3.153660000000000000e+05
6.314508150052482733e+02 9.840147531640853874e-06 2.696233122899710872e-07 -1.556680044789073245e-05 3.116620000000000000e+05
6.335459896170088996e+02 9.814904548148543131e-06 1.648040042318688761e-07 -1.570234028919958248e-05 3.110280000000000000e+05
6.356427790761956658e+02 9.782112908655820908e-06 1.963719699672641388e-07 -1.586935656377978714e-05 3.064960000000000000e+05
6.377340719528424415e+02 9.724860192454364002e-06 1.205154935047374893e-07 -1.591023984327720545e-05 3.036940000000000000e+05
6.398274114846987004e+02 9.670667795949913325e-06 8.199169866430227835e-08 -1.605846486099313816e-05 3.019080000000000000e+05
6.419233685823935502e+02 9.625684713874507243e-06 2.204836503083148694e-08 -1.617253938681006514e-05 2.981560000000000000e+05
6.440216367839542499e+02 9.554996558357549129e-06 -2.315004161377800885e-08 -1.621034456385581288e-05 2.972040000000000000e+05
6.461135705040136372e+02 9.487088111370195692e-06 -1.812809709622079520e-08 -1.646780170914533589e-05 2.903800000000000000e+05
6.482027620419783034e+02 9.428720166480878101e-06 -9.675173221272272842e-08 -1.652484911484920625e-05 2.906340000000000000e+05
6.502989538008154113e+02 9.421441149881188911e-06 -7.614812824350793254e-08 -1.673184850928191643e-05 2.865940000000000000e+05
6.523960399107609192e+02 9.343058801032428138e-06 -8.024420010013501541e-08 -1.681181459843435292e-05 2.843980000000000000e+05
6.544916973579389605e+02 9.292707325260018977e-06 -9.757506777407756615e-08 -1.688970587491957134e-05 2.808840000000000000e+05
6.565851093673111336e+02 9.235729396238659847e-06 -1.207893416026566132e-07 -1.700092205298072703e-05 2.772460000000000000e+05
6.586804591655151171e+02 9.220927852549759866e-06 -1.031216766446373274e-07 -1.711972316880388926e-05 2.754660000000000000e+05
6.607775344549748979e+02 9.191024763740980090e-06 -1.191400959154437690e-07 -1.730011246654578809e-05 2.715280000000000000e+05
6.628705731018673077e+02 9.140294784308656371e-06 -1.721073830940688654e-07 -1.721254565939925711e-05 2.680480000000000000e+05
6.649626428961414604e+02 9.065251588400727461e-06 -2.302218122298068824e-07 -1.724701004311157489e-05 2.654580000000000000e+05
6.670576804481555655e+02 9.037442805979891994e-06 -2.382838045839168481e-07 -1.735004597615018214e-05 2.618920000000000000e+05
6.691508741625193579e+02 9.040104687390034763e-06 -3.233848681952483516e-07 -1.739769960353876953e-05 2.591340000000000000e+05
6.712424062066879742e+02 9.029661720018883935e-06 -2.793840355165505261e-07 -1.762077598344309113e-05 2.549260000000000000e+05
6.733370267950843981e+02 8.996155072665676437e-06 -3.200221206174219463e-07 -1.760812978718563550e-05 2.533140000000000000e+05
6.754346842769356272e+02 8.964383892325323864e-06 -3.319616866278650159e-07 -1.770526199015175198e-05 2.493460000000000000e+05
6.775291194257562211e+02 8.953972269930573523e-06 -2.966438574537836641e-07 -1.789331054307513784e-05 2.456800000000000000e+05
6.796203345896714154e+02 8.920853321777346675e-06 -3.354581619224338750e-07 -1.790625016059809889e-05 2.424420000000000000e+05
6.817149665035004773e+02 8.877806483888604324e-06 -3.588593278806964379e-07 -1.800391399916208502e-05 2.393860000000000000e+05
6.838122787538907232e+02 8.867054070113414139e-06 -3.607560236643581511e-07 -1.807009946422025797e-05 2.365440000000000000e+05
6.859079406781141870e+02 8.815034919664803574e-06 -3.296150899247887015e-07 -1.815834020301762729e-05 2.322940000000000000e+05
6.880014878013496400e+02 8.812331978937044656e-06 -3.736987336531920787e-07 -1.819455599054453044e-05 2.290440000000000000e+05
6.900975947368352763e+02 8.833144316467352549e-06 -3.234526028742529500e-07 -1.842750323769223170e-05 2.263000000000000000e+05
6.921949061753139176e+02 8.780155390562675074e-06 -3.313937349984706300e-07 -1.850722596820528245e-05 2.219380000000000000e+05
6.942847476892718532e+02 8.776583170013381959e-06 -3.504573674275014003e-07 -1.861151697436798624e-05 2.182620000000000000e+05
6.963741971262456900e+02 8.752191414325140602e-06 -3.204180526508356926e-07 -1.873503672634797195e-05 2.145940000000000000e+05
6.984724339261314299e+02 8.785503236668268636e-06 -3.382885548100658778e-07 -1.883775087554316250e-05 2.128920000000000000e+05
7.005676815460799389e+02 8.779414790016802417e-06 -3.526308469372280332e-07 -1.896523288907774185e-05 2.071900000000000000e+05
7.026575777886681635e+02 8.774921253238443541e-06 -3.040460855140976068e-07 -1.913328053492494235e-05 2.043540000000000000e+05
7.047519322523187384e+02 8.828073568716288393e-06 -4.065063860238890005e-07 -1.915471999167993024e-05 2.012320000000000000e+05
7.068459632832323223e+02 8.814600875201494059e-06 -4.177655827824737132e-07 -1.926358710104322176e-05 1.966000000000000000e+05
7.089402502640591592e+02 8.855077819051684510e-06 -4.383464608732341918e-07 -1.934260182477674949e-05 1.942380000000000000e+05
7.110355673471533464e+02 8.816265910165207832e-06 -4.842516972921022501e-07 -1.942684888901576230e-05 1.895260000000000000e+05
7.131333730770313650e+02 8.793435577886637820e-06 -4.696466501943980824e-07 -1.946937872436236303e-05 1.868280000000000000e+05
7.152297995286576224e+02 8.864557283414161795e-06 -4.906282530189576651e-07 -1.973720254097868304e-05 1.822960000000000000e+05
7.173192989414097838e+02 8.866082152264099966e-06 -5.679803140874699776e-07 -1.977098360436142083e-05 1.777480000000000000e+05
7.194134444897839558e+02 8.856886829325005098e-06 -4.718131281308337203e-07 -1.996617100646936934e-05 1.758060000000000000e+05
7.215101603067968199e+02 8.864476479796528095e-06 -5.336118251686381994e-07 -2.004478003033314452e-05 1.704700000000000000e+05
7.236057227625441328e+02 8.848259162108613698e-06 -4.571046389434887444e-07 -2.028011864986828015e-05 1.676460000000000000e+05
7.256997099768309454e+02 8.819322568980157847e-06 -4.373737025755832800e-07 -2.035975763730812161e-05 1.631200000000000000e+05
7.277922467555420099e+02 8.832129398837645939e-06 -4.553194690667032189e-07 -2.059177371937853055e-05 1.589820000000000000e+05
7.298848421535342368e+02 8.825389821665360953e-06 -5.057329348853746531e-07 -2.052508792654148258e-05 1.558780000000000000e+05
7.319793806126314166e+02 8.824355341297883965e-06 -5.165403336266847727e-07 -2.076322387019907231e-05 1.510300000000000000e+05
7.340724095566490632e+02 8.878024273008924995e-06 -4.596591389914246664e-07 -2.096050920613801559e-05 1.479480000000000000e+05
7.361661669496161267e+02 8.885272005503275916e-06 -5.579349722200681632e-07 -2.109619365572959447e-05 1.432480000000000000e+05
7.382645748820824565e+02 8.901576549484158091e-06 -5.034496442856836765e-07 -2.132755694938344012e-05 1.401240000000000000e+05
7.403586061146017983e+02 8.887457044236800408e-06 -5.988477807382584446e-07 -2.136530696311808421e-05 1.352020000000000000e+05
7.424460406642261887e+02 8.899610102550539124e-06 -5.248579396678399948e-07 -2.172037570907674658e-05 1.306620000000000000e+05
7.445426408783455372e+02 8.922569230869942968e-06 -5.656128958988022379e-07 -2.185461541322868603e-05 1.285780000000000000e+05
7.466429299010975456e+02 8.901229344189862583e-06 -4.870224680197648078e-07 -2.226297889851092056e-05 1.225660000000000000e+05
7.487336140757349767e+02 8.920244211337920536e-06 -5.940766864074771427e-07 -2.223931414853990972e-05 1.193040000000000000e+05
7.508270240678629079e+02 8.887028810045006992e-06 -6.011310094549331283e-07 -2.248290975379086158e-05 1.147000000000000000e+05
7.529199776701107112e+02 8.894810985722380493e-06 -5.113839373151570888e-07 -2.295081704146889034e-05 1.105920000000000000e+05
7.550125888924296760e+02 8.806983607583227137e-06 -5.737704762819289491e-07 -2.287058390551945523e-05 1.065100000000000000e+05
7.571013038148125815e+02 8.767735294358191018e-06 -6.298480600460464536e-07 -2.306311732797331133e-05 1.017160000000000000e+05
7.591965760733420439e+02 8.710479245071127755e-06 -5.878821644579654183e-07 -2.334995236803762188e-05 9.871500000000000000e+04
7.612994351408076454e+02 8.716223061105889480e-06 -5.232826301048099734e-07 -2.376647601132425916e-05 9.461500000000000000e+04
7.633900040839596386e+02 8.686441652872478098e-06 -4.935207361179628485e-07 -2.402640937805749149e-05 9.051300000000000000e+04
7.654845246727142012e+02 8.632098813701366726e-06 -4.169799263333599429e-07 -2.423889707217933773e-05 8.835100000000000000e+04
7.675845761735887436e+02 8.598998246367479264e-06 -4.091760263605013507e-07 -2.445481296389178906e-05 8.455500000000000000e+04
7.696777532858808399e+02 8.525078303692240728e-06 -4.068151036494046063e-07 -2.439551961077014461e-05 8.170900000000000000e+04
7.717689134972549709e+02 8.521333162832239372e-06 -4.065880479729614937e-07 -2.458204925407689748e-05 7.872400000000000000e+04
7.738616343519329348e+02 8.606900259447830458e-06 -4.190786078540949725e-07 -2.509785811009565941e-05 7.623300000000000000e+04
7.759586162661141771e+02 8.588960949431591197e-06 -3.762551957056408567e-07 -2.528209297102683545e-05 7.356100000000000000e+04
7.780518126648190673e+02 8.571258170431271149e-06 -3.307703801753336945e-07 -2.545008385311253875e-05 7.083000000000000000e+04
7.801397895704053553e+02 8.584972590360746101e-06 -3.315132309320229618e-07 -2.568276017758562232e-05 6.823000000000000000e+04
7.822357002276578442e+02 8.611287661355833522e-06 -3.317637611266545986e-07 -2.591435293795027808e-05 6.649800000000000000e+04
7.843344305330714405e+02 8.617810816077126746e-06 -3.423802751835023999e-07 -2.607848459031676032e-05 6.358600000000000000e+04
7.864299648164494556e+02 8.671927720474340679e-06 -3.349288281653396988e-07 -2.638431477323651878e-05 6.177400000000000000e+04
7.885179589970517782e+02 8.649104338314966850e-06 -2.753024457868296160e-07 -2.653918272705843730e-05 5.879400000000000000e+04
7.906085952377693502e+02 8.657074564137122075e-06 -2.907663924616693162e-07 -2.670270644431876669e-05 5.754700000000000000e+04
7.927136344001445423e+02 8.728492466690494417e-06 -2.239305138602181025e-07 -2.715249052989447814e-05 5.535000000000000000e+04
7.948093641956113515e+02 8.788515373553103596e-06 -2.172865367520859700e-07 -2.749596653842937392e-05 5.302300000000000000e+04
7.968975274777668574e+02 8.863297231579158914e-06 -2.395608034608134621e-07 -2.786209289065732283e-05 5.109900000000000000e+04
7.989960461285467090e+02 8.918981734723026146e-06 -2.172130303161584925e-07 -2.819545786955004459e-05 4.955500000000000000e+04
8.011011828091563984e+02 8.884483906054070434e-06 -2.367505467534905405e-07 -2.815468270467578991e-05 4.765900000000000000e+04
8.031910245513622613e+02 8.949365022767139728e-06 -1.641483312004536075e-07 -2.856620849242560533e-05 4.529100000000000000e+04
8.052769337949931696e+02 8.932595284326457589e-06 -2.039953005752805291e-07 -2.857128118115209384e-05 4.399900000000000000e+04
8.073812855876360572e+02 8.949109488795734208e-06 -2.038099544951851110e-07 -2.876542405601506441e-05 4.248300000000000000e+04
8.094766858512334693e+02 8.943287619396519494e-06 -2.396580246675191855e-07 -2.879725270038408489e-05 4.032700000000000000e+04
8.115592562593724324e+02 9.026304699003205682e-06 -2.265735847322979944e-07 -2.918402617820641971e-05 3.882700000000000000e+04
8.136567375259069195e+02 9.101030756492008356e-06 -7.300698929042017459e-08 -2.975416167630448206e-05 3.768300000000000000e+04
8.157663270894909147e+02 9.194252091951873776e-06 -1.313810661286403808e-07 -3.006250642230957906e-05 3.605500000000000000e+04
8.178563728186526305e+02 9.257991789259156391e-06 -8.192339535349382353e-08 -3.039122692968286381e-05 3.409800000000000000e+04
8.199333460481224165e+02 9.389758168952191405e-06 -1.170400707505940213e-07 -3.087490663373834975e-05 3.277900000000000000e+04
8.220364116349165897e+02 9.429392283780306175e-06 -8.458686221595605668e-08 -3.113481345858079943e-05 3.199200000000000000e+04
8.241381024298764260e+02 9.482923887848088582e-06 -2.236342137447817448e-08 -3.151069222036565127e-05 2.995900000000000000e+04
8.262211838965614561e+02 9.460605287694216252e-06 -4.427704780599742874e-08 -3.145995618951595796e-05 2.882800000000000000e+04
8.283114387597532868e+02 9.508043499254726304e-06 -3.490167950782081984e-08 -3.172011355760999895e-05 2.761500000000000000e+04
8.304142770377928855e+02 9.530199060780718967e-06 -2.085626354678875458e-08 -3.191040663478354148e-05 2.648800000000000000e+04
8.325184587527894564e+02 9.467291306460686384e-06 3.643474428391018357e-08 -3.183362224906500994e-05 2.520300000000000000e+04
8.346012634025569241e+02 9.652263504948779035e-06 -3.508178178977356874e-08 -3.240105120704025294e-05 2.365600000000000000e+04
8.366834844536283526e+02 9.665343371124261761e-06 1.291143677775519680e-08 -3.258558462924420661e-05 2.288700000000000000e+04
8.387960511190381112e+02 9.720518599514665437e-06 1.904482912568492707e-08 -3.285864554739503595e-05 2.195200000000000000e+04
8.408989830964536623e+02 9.683258797152607847e-06 -3.163656746488534930e-08 -3.275576318431940525e-05 2.050000000000000000e+04
8.429707059924822943e+02 1.004380106126047684e-05 4.671886198754703279e-08 -3.408767888123992093e-05 1.932300000000000000e+04
8.450649836591013582e+02 9.910682319479145955e-06 -2.994594120027982203e-08 -3.367117446878997061e-05 1.881400000000000000e+04
8.471843383640474485e+02 9.851755384144435422e-06 2.651890315275529610e-09 -3.355756001649086678e-05 1.768800000000000000e+04
8.492778662800251368e+02 1.005554968735500341e-05 4.960977395043151244e-08 -3.433321109922480923e-05 1.650400000000000000e+04
8.513425754106416434e+02 1.027826478314516299e-05 3.886960287419771292e-08 -3.514687510902118932e-05 1.544400000000000000e+04
8.534452399857551654e+02 1.022752054148415449e-05 3.263390129421341127e-08 -3.502508634790239080e-05 1.515100000000000000e+04
8.555746058226856121e+02 1.043004179705541203e-05 -7.656524883632763599e-09 -3.573558822354393899e-05 1.403200000000000000e+04
8.576491711351226286e+02 1.055321306579604695e-05 4.713885012946040443e-08 -3.625830339736345689e-05 1.279200000000000000e+04
8.597041751021378104e+02 1.059561742141815668e-05 5.601020870980230231e-09 -3.640223553235490589e-05 1.225600000000000000e+04
8.618251653739599760e+02 1.069828269211556242e-05 4.839941697688961202e-08 -3.687152352322468988e-05 1.184400000000000000e+04
8.639500650156841175e+02 1.115316534262476733e-05 -1.891865366784417027e-08 -3.839431303392563624e-05 1.078000000000000000e+04
8.660197738272561310e+02 1.133522043586475290e-05 -7.038145560667747144e-08 -3.900946766138888141e-05 9.868000000000000000e+03
8.680990532976293252e+02 1.133919618228861432e-05 -5.740742149424571426e-08 -3.909794246106986101e-05 9.486000000000000000e+03
8.702248325038777921e+02 1.151344448224869899e-05 3.435157323539356131e-08 -3.983879463213128890e-05 8.824000000000000000e+03
8.723109447277366826e+02 1.184650175173798010e-05 6.132578089290065522e-09 -4.099402947957687509e-05 7.896000000000000000e+03
8.743361816731862746e+02 1.184368699624987434e-05 1.635416718854582732e-08 -4.100540985099051226e-05 7.228000000000000000e+03
8.764658436495250271e+02 1.244698817421135175e-05 1.131524907396238991e-08 -4.316701377734992934e-05 7.332000000000000000e+03
8.786368585693095383e+02 1.260901176402496439e-05 4.871369462385569422e-10 -4.375842237912102846e-05 6.292000000000000000e+03
8.806765954142658757e+02 1.277619920265432875e-05 8.150454933780161585e-10 -4.434580143216163163e-05 5.524000000000000000e+03
8.826798373970119655e+02 1.318547883344613478e-05 2.467051216898854525e-08 -4.581204815711268459e-05 5.172000000000000000e+03
8.848469874314355366e+02 1.317928928057101989e-05 3.238188525101063591e-09 -4.583554538467824602e-05 5.188000000000000000e+03
8.870600941920195055e+02 1.355754856759326770e-05 4.182114211228338894e-08 -4.721458875444297694e-05 4.386000000000000000e+03
8.890650491529471537e+02 1.384152372022988815e-05 8.260910526126816538e-08 -4.825733874113811490e-05 3.520000000000000000e+03
8.910303003350863946e+02 1.407441775553633492e-05 4.357059698351156477e-08 -4.907316055243658254e-05 3.516000000000000000e+03
8.932439214818294886e+02 1.402077234885470001e-05 3.919181405446071598e-08 -4.892671874966445970e-05 3.388000000000000000e+03
8.954889770077427329e+02 1.497323355002773864e-05 2.380048181669248434e-08 -5.227278675333893351e-05 2.800000000000000000e+03
8.973994521566129379e+02 1.494298816622702555e-05 1.640600101234678415e-08 -5.214555276188048076e-05 1.932000000000000000e+03
8.993215590711535015e+02 1.505506124725798823e-05 -5.694293458718702997e-08 -5.249074939075389936e-05 2.236000000000000000e+03
9.016306464564273710e+02 1.651464275071042146e-05 1.204874330641268308e-08 -5.769144654809056508e-05 2.013000000000000000e+03
9.039400877163226369e+02 1.722853675663265252e-05 6.609444300935099397e-08 -6.027254269241458159e-05 1.576000000000000000e+03
9.056993011289710012e+02 1.688784969438418489e-05 1.771765556776947021e-07 -5.917374501087404166e-05 8.460000000000000000e+02
9.075954821997991075e+02 1.747450015470075255e-05 3.154303638403098543e-08 -6.111387740665780903e-05 1.228000000000000000e+03
9.099826156231260939e+02 1.875729678781520342e-05 1.349177145499917398e-07 -6.571666403579671893e-05 9.640000000000000000e+02
9.123550959351615575e+02 1.857788857922117111e-05 1.291466425760385565e-07 -6.510136192975329698e-05 7.170000000000000000e+02
9.141627346362355411e+02 2.021649699459336544e-05 8.804413674526075524e-08 -7.079177325015775877e-05 3.040000000000000000e+02
9.159577727906530527e+02 1.868455532198651115e-05 6.459999103924378078e-08 -6.542479124280818734e-05 4.440000000000000000e+02
9.183477127816340726e+02 1.721357490315771917e-05 3.245911539099509355e-08 -6.025959331611946781e-05 2.920000000000000000e+02
9.207331147904719728e+02 1.656427549118566971e-05 -3.594107880813101601e-08 -5.792577210535539828e-05 1.720000000000000000e+02
9.226309293958033777e+02 1.880972507835403627e-05 -3.049963441808649375e-08 -6.579605649330983169e-05 5.100000000000000000e+01
9.242773274894232145e+02 1.738451983484411398e-05 5.576403395530836440e-08 -6.089650404097184398e-05 5.200000000000000000e+01
9.265519372403930447e+02 2.074402209898604233e-05 -2.372812116188475951e-08 -7.257777348414741155e-05 1.200000000000000000e+01
9.286652744879194188e+02 1.472919057165628509e-06 8.176343253372289904e-22 -5.155216700079702639e-06 1.000000000000000000e+00
