2.966547074898984615e+00 1.865872915084050288e+00 9.512055950361929524e-01 -2.366722350364068639e+00 1.300000000000000000e+01
5.026374055021858744e+00 9.186735496791688105e-01 7.364916022691105901e-01 3.543496595252239312e-02 3.300000000000000000e+01
7.149300621522788113e+00 7.822914960727613831e-01 2.570660314553659398e-01 -5.192612847299243883e-02 7.900000000000000000e+01
9.278869254964254409e+00 6.117524556425367743e-01 2.440925627801504572e-01 9.064715164848501094e-02 1.170000000000000000e+02
1.145033261934470126e+01 5.732899383827191331e-01 1.067585533727731378e-01 3.797909557245721102e-02 2.050000000000000000e+02
1.349295587141915043e+01 5.034167185900448871e-01 6.274740027724998170e-02 2.019900468977125774e-01 2.350000000000000000e+02
1.558905561191892986e+01 4.708653133333817742e-01 6.642130113722106988e-02 9.957837718248686854e-02 3.690000000000000000e+02
1.769408367255316961e+01 4.467249865460460878e-01 1.302357248902491667e-02 6.186036405111028369e-02 4.330000000000000000e+02
1.981787480313529670e+01 4.317931108056113354e-01 3.890793652881571058e-02 8.723062536824727209e-02 5.850000000000000000e+02
2.192074938196263645e+01 4.144678313180027440e-01 3.474129754068777665e-02 5.659449495032223276e-02 6.790000000000000000e+02
2.398877635566245203e+01 3.850305087472583598e-01 3.548740156247315314e-02 1.824313062793082862e-02 8.130000000000000000e+02
2.609286971896115759e+01 3.695659223966228368e-01 2.456903887850472520e-02 3.896647931912286100e-03 9.850000000000000000e+02
2.823466315278179550e+01 3.543916989258316108e-01 2.779920861237731092e-02 6.543382244005305215e-02 1.183000000000000000e+03
3.032284873509123102e+01 3.364375925666631684e-01 2.677115025649492996e-02 3.842284393685475863e-02 1.269000000000000000e+03
3.240263258943403457e+01 3.278745214073635061e-01 2.331170025351324629e-02 3.481786066035923426e-03 1.537000000000000000e+03
3.449210129864554375e+01 3.189950179691435350e-01 1.329938800719996685e-02 3.431605277998937831e-02 1.653000000000000000e+03
3.658588147515196454e+01 3.050287277573524025e-01 1.264193793605340342e-03 2.606960395664431607e-02 1.963000000000000000e+03
3.868476949266977272e+01 2.935463499893001815e-01 1.504312892046979523e-02 7.232549232448951156e-03 2.121000000000000000e+03
4.078898888458283523e+01 2.785468460767824284e-01 1.751735189401833204e-02 9.979758724779063186e-03 2.413000000000000000e+03
4.289390876967645738e+01 2.683267167952206878e-01 1.268903385556542293e-02 -4.097953452098707094e-03 2.635000000000000000e+03
4.498336005546935468e+01 2.569248404495265148e-01 1.788725563923176942e-02 2.950429726381698092e-02 2.877000000000000000e+03
4.706498529473824988e+01 2.464571674839975690e-01 2.475921655913656746e-02 -4.652505093692372792e-04 3.169000000000000000e+03
4.917111919158227096e+01 2.377664829872769281e-01 2.561892202022812010e-02 4.758778325176002411e-03 3.507000000000000000e+03
5.126216914174227668e+01 2.310460922162090591e-01 2.054041107459137622e-02 5.463141499540553371e-03 3.685000000000000000e+03
5.335525146837034072e+01 2.217215966843888997e-01 2.399964710078861599e-02 8.961545578616385288e-03 4.165000000000000000e+03
5.546637228956934251e+01 2.115974851609851437e-01 2.098113968368995469e-02 1.599034677286741146e-02 4.377000000000000000e+03
5.757318819254808773e+01 2.032200368805658908e-01 2.958521937683203373e-02 -4.776849670728653720e-03 4.855000000000000000e+03
5.965884044590281121e+01 1.951544826579333092e-01 2.563412115380668196e-02 8.832704231013868007e-03 4.929000000000000000e+03
6.174512302159506305e+01 1.886438500023339682e-01 2.338549870832608638e-02 -2.453916102624953671e-03 5.581000000000000000e+03
6.382689291137189969e+01 1.809211539846947159e-01 2.208308539637800910e-02 6.790966230780367749e-03 5.679000000000000000e+03
6.592966228838450604e+01 1.749960630578584753e-01 2.662868756701033263e-02 -5.712865916129032141e-03 6.385000000000000000e+03
6.803125784825746791e+01 1.672395245310200895e-01 2.363012010027961546e-02 5.962584765466487878e-03 6.553000000000000000e+03
7.013131008699485847e+01 1.621723300773356136e-01 2.565570984880536157e-02 3.286821876180539680e-03 7.125000000000000000e+03
7.223032366074338029e+01 1.546772453635598399e-01 2.845268344454484483e-02 -2.035033137876221185e-03 7.447000000000000000e+03
7.432334270720505742e+01 1.491304497390449624e-01 2.729224301169544051e-02 -2.092154622029273291e-03 7.929000000000000000e+03
7.642066756954473306e+01 1.435489052391242804e-01 2.811019646978410794e-02 -1.200226991763572726e-03 8.353000000000000000e+03
7.850471694556040347e+01 1.389575519592889108e-01 2.784237390080431668e-02 1.594914627129353233e-03 8.775000000000000000e+03
8.059701946059529121e+01 1.329794157933293086e-01 2.788028198272823888e-02 1.560662539841826393e-03 9.313000000000000000e+03
8.269521798132063850e+01 1.280094994135167197e-01 2.745538488439226363e-02 -4.371993252533603637e-03 9.841000000000000000e+03
8.478307522909847194e+01 1.241384526153490597e-01 2.742634615474772580e-02 4.730748490479594662e-04 1.019100000000000000e+04
8.687780839616016237e+01 1.192477454099113293e-01 2.666934101938031598e-02 -1.918770757327330169e-03 1.089700000000000000e+04
8.897524569656535220e+01 1.145704313420901205e-01 2.777134305941350231e-02 -4.480975763394938298e-03 1.130100000000000000e+04
9.108077810470518898e+01 1.095414208320656529e-01 3.021819887009946984e-02 -9.072380238039373266e-04 1.202500000000000000e+04
9.318432266948052245e+01 1.059436462446472771e-01 2.785791060490840423e-02 -1.598148963308437982e-03 1.242300000000000000e+04
9.527887641048309320e+01 1.034670014545530925e-01 2.802314002711654359e-02 -1.190777839128450170e-03 1.302100000000000000e+04
9.736254237981037818e+01 9.914384396421233037e-02 2.887045113932035917e-02 -1.322596876344386428e-04 1.340500000000000000e+04
9.944832814799407572e+01 9.668959624061197744e-02 2.832128633844416266e-02 -9.854113777393431160e-04 1.424700000000000000e+04
1.015460879802399035e+02 9.208529706739676524e-02 2.859651303978422154e-02 -4.430154601113788469e-04 1.471300000000000000e+04
1.036426375667732316e+02 9.034301576906016151e-02 3.004957654483693744e-02 -1.104823030743668390e-05 1.548900000000000000e+04
1.057389390539465950e+02 8.624348868621027620e-02 2.941632640617674807e-02 9.314650930468242876e-04 1.591300000000000000e+04
1.078395855981474227e+02 8.331204254866318715e-02 3.104982410341944332e-02 4.477935384212170487e-04 1.687900000000000000e+04
1.099389405850131709e+02 8.098085110143947440e-02 2.985529384439096143e-02 1.653651973519375696e-03 1.719300000000000000e+04
1.120392143152385387e+02 7.810829622817970497e-02 2.989198151245080898e-02 -1.299200425925386569e-04 1.815700000000000000e+04
1.141233458569757744e+02 7.604938745998672533e-02 3.016844614699226712e-02 2.136996540899829648e-03 1.833900000000000000e+04
1.162159397555423084e+02 7.387101670979606682e-02 2.999858727494352645e-02 2.172384377004558074e-03 1.957300000000000000e+04
1.183137204803772420e+02 7.131088304419473667e-02 3.055723269525158214e-02 2.191559937878654555e-03 1.994100000000000000e+04
1.203972311807013256e+02 6.947852361436369917e-02 3.057477351651350511e-02 6.317561429654604613e-03 2.062900000000000000e+04
1.224922363187857286e+02 6.726453128020891403e-02 3.127504149151248691e-02 2.119360370675561246e-03 2.165500000000000000e+04
1.245882598425863534e+02 6.508990708892394006e-02 3.115142106672650485e-02 5.309784480338882069e-03 2.211300000000000000e+04
1.266884677158377315e+02 6.367936251294628591e-02 3.121755626951308593e-02 2.594519418561281113e-03 2.318500000000000000e+04
1.287846620419940962e+02 6.176160100429189254e-02 3.127960801135489660e-02 5.777277921648117133e-03 2.366700000000000000e+04
1.308713393788149801e+02 6.014790524051459586e-02 3.121341781392204459e-02 5.577715768908906614e-03 2.438500000000000000e+04
1.329754833440644575e+02 5.835104385096613611e-02 3.111076600904017983e-02 5.621162462190615501e-03 2.574900000000000000e+04
1.350691081525609434e+02 5.683509228136193053e-02 3.189503534831213821e-02 5.812472703898563520e-03 2.567500000000000000e+04
1.371638825856825576e+02 5.541993588442901270e-02 3.074980266605945728e-02 5.488115317045351785e-03 2.740900000000000000e+04
1.392604757372163533e+02 5.378943168332080138e-02 3.127443568327605006e-02 7.019154229800912345e-03 2.740500000000000000e+04
1.413466882908376760e+02 5.244370603470696612e-02 3.116607289496315172e-02 6.672742147118071801e-03 2.871700000000000000e+04
1.434475230090064031e+02 5.129905597603873213e-02 3.087142041732958767e-02 6.481292548929013832e-03 2.959500000000000000e+04
1.455452853418541679e+02 4.989728184174357234e-02 3.104182086757182463e-02 8.230056284020135018e-03 3.030100000000000000e+04
1.476332061073587738e+02 4.894955285846716575e-02 3.067565349303585931e-02 7.180794567116131726e-03 3.110100000000000000e+04
1.497211472843286231e+02 4.755338401384781588e-02 3.058304565779533524e-02 6.465456432849892715e-03 3.202300000000000000e+04
1.518138048751577287e+02 4.647364437764110040e-02 3.073494146575269856e-02 7.672278332439915263e-03 3.297700000000000000e+04
1.539211490100352648e+02 4.559486895065373302e-02 3.012904875971433860e-02 8.252327788589785759e-03 3.444900000000000000e+04
1.560214747341236716e+02 4.438031942798088825e-02 3.019932456291105419e-02 8.618720940400951408e-03 3.454900000000000000e+04
1.581161747588121784e+02 4.347916030800075271e-02 2.954127865545464263e-02 7.962944481840069158e-03 3.611100000000000000e+04
1.602118712271799836e+02 4.261279151164105300e-02 2.968678290403325634e-02 8.886840461170249575e-03 3.654100000000000000e+04
1.623006419462898862e+02 4.158781345516212452e-02 2.922362346737393188e-02 9.037623474327800832e-03 3.771700000000000000e+04
1.643899033199985240e+02 4.091508517952503754e-02 2.888636349667958458e-02 7.606075880106043935e-03 3.861900000000000000e+04
1.664835582381511756e+02 3.984732618570508561e-02 2.878459694218744869e-02 9.024053882624406484e-03 3.966100000000000000e+04
1.685719683778473552e+02 3.910037219717546475e-02 2.900931787774286424e-02 8.413857911851316956e-03 4.054500000000000000e+04
1.706641332089364766e+02 3.823400492595886713e-02 2.852530370803386950e-02 9.215598902303740597e-03 4.181500000000000000e+04
1.727708699256135390e+02 3.756081165148851542e-02 2.839952576673044488e-02 8.889610364414098770e-03 4.312500000000000000e+04
1.748696546009699659e+02 3.687494042293715246e-02 2.811471991704788537e-02 8.850213339939584298e-03 4.368100000000000000e+04
1.769585769494445344e+02 3.615567625227016080e-02 2.781225594083324565e-02 9.074052941165901276e-03 4.462900000000000000e+04
1.790524509315575301e+02 3.556579928034579730e-02 2.756777204142179735e-02 9.166853818330314083e-03 4.622700000000000000e+04
1.811526521261263554e+02 3.484760499350725987e-02 2.732153819638914044e-02 9.493544104187026655e-03 4.690900000000000000e+04
1.832476884130738881e+02 3.413996093994745712e-02 2.729416393797545054e-02 8.762385843061420293e-03 4.823700000000000000e+04
1.853312475833926101e+02 3.363445213355659852e-02 2.710956983651579069e-02 9.768041945183573646e-03 4.858300000000000000e+04
1.874284892203218931e+02 3.294336567078980094e-02 2.672105007049826661e-02 9.230170851229400550e-03 5.099700000000000000e+04
1.895337179075755216e+02 3.233647357394300176e-02 2.648271206763019164e-02 9.293120265771351307e-03 5.139700000000000000e+04
1.916268196474026126e+02 3.190916003080210284e-02 2.645282003349280417e-02 9.471069320669758471e-03 5.248900000000000000e+04
1.937183403446852878e+02 3.133206195046114168e-02 2.638156171730091093e-02 9.848953721090127414e-03 5.378700000000000000e+04
1.958131498886989164e+02 3.079208092675285446e-02 2.595574148432873082e-02 9.883922901727321131e-03 5.491300000000000000e+04
1.979058740098966211e+02 3.039117498260108380e-02 2.559734885301014062e-02 9.431008164018334777e-03 5.597700000000000000e+04
1.999990651597893816e+02 2.979787094962652733e-02 2.558473463726412475e-02 1.004497317037730299e-02 5.741500000000000000e+04
2.020893038374759101e+02 2.933410627910816235e-02 2.529085449691440349e-02 9.682705585907464690e-03 5.810500000000000000e+04
2.041823192148177952e+02 2.882816188161788085e-02 2.509738807812917846e-02 9.481357074196651580e-03 6.003300000000000000e+04
2.062825911013838152e+02 2.839390969202415169e-02 2.485581812862795378e-02 1.011730266750451683e-02 6.094900000000000000e+04
2.083770189145966185e+02 2.801621326728162553e-02 2.458615854240386520e-02 9.812386814681302652e-03 6.223500000000000000e+04
2.104675816794403431e+02 2.750820253556545553e-02 2.436412774824545796e-02 1.004493254921803511e-02 6.322900000000000000e+04
2.125667854244018145e+02 2.714405737474430771e-02 2.400601772243437376e-02 9.641001467998252736e-03 6.513300000000000000e+04
2.146619261104851830e+02 2.675674938565708247e-02 2.376116988636570518e-02 9.855970819665941379e-03 6.570700000000000000e+04
2.167561805722037036e+02 2.634343439138403867e-02 2.364995078908386367e-02 1.028745293900984459e-02 6.756100000000000000e+04
2.188528705899679210e+02 2.593563090266911078e-02 2.324464467974612925e-02 9.693908871044921299e-03 6.850500000000000000e+04
2.209456427453084473e+02 2.564828181023712586e-02 2.311852308407945020e-02 1.008070956407413829e-02 6.994300000000000000e+04
2.230395148320731096e+02 2.526249566929061885e-02 2.276974934746441720e-02 1.006713705771794184e-02 7.109700000000000000e+04
2.251356732858534997e+02 2.490879495196733975e-02 2.264601235241029548e-02 1.007551769795590052e-02 7.302100000000000000e+04
2.272278504864401327e+02 2.455338287637290687e-02 2.230883304165049916e-02 1.025463261580716878e-02 7.331700000000000000e+04
2.293197511287232544e+02 2.421590915218503615e-02 2.209052351218427496e-02 9.615188471117060501e-03 7.579900000000000000e+04
2.314114772346510165e+02 2.390622131942830506e-02 2.190430666276855370e-02 1.013182194541832094e-02 7.602100000000000000e+04
2.335058467478245632e+02 2.361656186754973810e-02 2.165454355825422242e-02 9.986666238733836465e-03 7.875300000000000000e+04
2.356041652202905539e+02 2.324538025842288330e-02 2.130223458346881815e-02 9.942401361223167713e-03 7.929100000000000000e+04
2.377006336558306998e+02 2.299621941824836480e-02 2.111547592648017543e-02 1.022529543598839873e-02 8.112900000000000000e+04
2.397972750390475198e+02 2.270866064504289614e-02 2.081056539668257876e-02 9.850187356280831058e-03 8.244100000000000000e+04
2.418944602532704096e+02 2.241851429830537396e-02 2.071699178566697649e-02 1.032076213876149257e-02 8.394900000000000000e+04
2.439884227569783093e+02 2.207117510640427271e-02 2.041540497934515863e-02 9.617851034806716715e-03 8.512300000000000000e+04
2.460835996828307373e+02 2.182643348924820023e-02 2.032887631026975006e-02 1.019162237884766072e-02 8.692900000000000000e+04
2.481755280705312146e+02 2.159169710055848512e-02 2.009650082939610019e-02 9.940228241702799006e-03 8.778900000000000000e+04
2.502623700647570217e+02 2.129273795864572091e-02 1.997100635515011019e-02 1.002511121588297097e-02 8.962300000000000000e+04
2.523586155105348325e+02 2.101096461100054880e-02 1.958280883956479632e-02 9.683063205584334712e-03 9.134100000000000000e+04
2.544547077866985489e+02 2.077143225075375743e-02 1.955068999797370671e-02 9.892235729614104467e-03 9.284500000000000000e+04
2.565487653287422063e+02 2.054237571954491831e-02 1.923347196579117818e-02 1.014091682014523627e-02 9.408700000000000000e+04
2.586464955058470991e+02 2.029264701045956076e-02 1.901211847872421798e-02 9.751883010134045765e-03 9.633300000000000000e+04
2.607443047329861656e+02 2.002775213096101570e-02 1.889279978042190944e-02 1.021374659400901136e-02 9.724900000000000000e+04
2.628438312173413465e+02 1.982162718937905896e-02 1.863943715440401216e-02 9.667585739867892020e-03 9.950100000000000000e+04
2.649298855659840228e+02 1.953493116250180558e-02 1.849727165541054097e-02 9.927482063775843607e-03 9.928300000000000000e+04
2.670163698864117805e+02 1.929647490529763990e-02 1.824687065066191161e-02 9.725804998832654827e-03 1.025370000000000000e+05
2.691121353909120444e+02 1.909574901900276331e-02 1.819431908441046519e-02 9.734269481139513902e-03 1.034770000000000000e+05
2.712076496124621485e+02 1.885486173139446983e-02 1.788577584266635295e-02 9.904003714764440108e-03 1.057510000000000000e+05
2.733050999653678446e+02 1.868949985279861822e-02 1.771964351224867770e-02 9.969413088718410976e-03 1.068690000000000000e+05
2.753984212130929450e+02 1.843490135675999314e-02 1.743487866630030400e-02 9.757139822229738899e-03 1.086970000000000000e+05
2.774965690026801326e+02 1.825100504768337878e-02 1.743985633386947384e-02 9.938977129071111319e-03 1.105770000000000000e+05
2.795986436403592279e+02 1.802727541894845117e-02 1.709846495174442357e-02 9.745818720783091041e-03 1.125550000000000000e+05
2.816878213234347754e+02 1.781031994274557065e-02 1.698657559010193982e-02 9.922760740141934807e-03 1.125930000000000000e+05
2.837760955854215581e+02 1.757422786354996547e-02 1.675423469084972444e-02 9.696552520961973856e-03 1.155730000000000000e+05
2.858732754634002617e+02 1.737786099118707878e-02 1.674258894143720519e-02 9.730540882361993563e-03 1.172830000000000000e+05
2.879686159020804439e+02 1.718211860433074487e-02 1.657406433554555608e-02 9.720681520963482536e-03 1.185810000000000000e+05
2.900612915162532204e+02 1.698797266866442293e-02 1.629517567812341361e-02 9.656570425237534158e-03 1.206250000000000000e+05
2.921547032025089266e+02 1.678162504048094986e-02 1.624633114303512815e-02 9.766908538112822891e-03 1.219350000000000000e+05
2.942501291133244763e+02 1.660793626967574377e-02 1.609191814978252338e-02 9.453417997241081797e-03 1.244410000000000000e+05
2.963444256131289194e+02 1.643115709671823937e-02 1.601608347430794055e-02 9.761392298311003315e-03 1.255170000000000000e+05
2.984361415704375418e+02 1.620450471347041968e-02 1.579577869711890764e-02 9.565732802198138179e-03 1.273570000000000000e+05
3.005318840555698330e+02 1.604586593560742083e-02 1.567295933990134338e-02 9.472821405726120428e-03 1.298950000000000000e+05
3.026277776031609505e+02 1.584154725550932299e-02 1.567404574125684513e-02 9.597406674362658763e-03 1.307010000000000000e+05
3.047248035439953924e+02 1.567153865651008809e-02 1.541811316926787988e-02 9.324519289212180109e-03 1.339210000000000000e+05
3.068210272572537747e+02 1.551200998536866708e-02 1.533591790614183790e-02 9.510841374873528833e-03 1.341870000000000000e+05
3.089144805088236581e+02 1.529890519679192457e-02 1.519024840652582163e-02 9.374939968025530063e-03 1.371250000000000000e+05
3.110108065784975793e+02 1.517001213132227778e-02 1.508229419194732739e-02 9.353243069156334105e-03 1.384570000000000000e+05
3.131088595191292256e+02 1.498585248324205144e-02 1.500469367637775539e-02 9.426817617709592340e-03 1.409370000000000000e+05
3.151991603466065044e+02 1.482665861008884874e-02 1.485503430506683424e-02 9.267559617266073191e-03 1.413670000000000000e+05
3.172886672848389935e+02 1.465003493208605519e-02 1.473384748246701556e-02 9.323687771958983489e-03 1.443810000000000000e+05
3.193804418510612209e+02 1.448825268895540669e-02 1.472406718252731485e-02 9.078804717792928608e-03 1.455490000000000000e+05
3.214783648369701723e+02 1.432774183583326345e-02 1.457359220098747299e-02 9.154631067990392709e-03 1.491390000000000000e+05
3.235785211189415804e+02 1.417471442689193471e-02 1.451276655522284499e-02 9.114936309256183727e-03 1.496410000000000000e+05
3.256693589483342635e+02 1.403297067788872310e-02 1.439059714333404058e-02 9.117349166409575642e-03 1.518250000000000000e+05
3.277607775121137479e+02 1.385865214900032331e-02 1.430261132857561963e-02 8.947552426349526106e-03 1.534530000000000000e+05
3.298523230655557654e+02 1.369439127509618041e-02 1.420761908382360376e-02 8.995700501553117318e-03 1.558870000000000000e+05
3.319485433973702015e+02 1.356543979199041107e-02 1.410029794275106940e-02 8.847620332447375668e-03 1.581210000000000000e+05
3.340454035812790607e+02 1.341135720322507614e-02 1.401542240208494480e-02 8.826495862821491512e-03 1.598410000000000000e+05
3.361349417783784475e+02 1.325409629976689874e-02 1.392111257294896022e-02 8.714934212984930609e-03 1.611750000000000000e+05
3.382313832787477850e+02 1.313950703039119122e-02 1.389517333193300043e-02 8.781861812868892170e-03 1.646770000000000000e+05
3.403308518124323996e+02 1.297678103197203413e-02 1.374111707557326527e-02 8.648219110699217546e-03 1.660570000000000000e+05
3.424246601457981001e+02 1.287475236623153094e-02 1.371077582905303772e-02 8.684936685454841196e-03 1.677030000000000000e+05
3.445197272986724215e+02 1.270569929815581339e-02 1.363651479783866208e-02 8.626647059724960528e-03 1.702690000000000000e+05
3.466158524641982694e+02 1.258053819310347293e-02 1.354205804172102338e-02 8.491329774607874956e-03 1.722570000000000000e+05
3.487089916477683005e+02 1.244054718020582220e-02 1.344693732700322393e-02 8.572662383642177045e-03 1.736530000000000000e+05
3.508011456036761615e+02 1.231806568076875864e-02 1.337469525542177989e-02 8.422952384072156934e-03 1.766190000000000000e+05
3.528935682172028692e+02 1.219676334619230508e-02 1.329443048414263341e-02 8.355895837993227229e-03 1.775650000000000000e+05
3.549881110219296829e+02 1.204966607203664455e-02 1.321602748946645867e-02 8.326323636864845640e-03 1.812850000000000000e+05
3.570855924802784216e+02 1.195492864776252946e-02 1.320161840710609540e-02 8.388789593798776437e-03 1.825470000000000000e+05
3.591813496003592832e+02 1.180906976419806090e-02 1.305206413992791858e-02 8.238726704446374532e-03 1.849930000000000000e+05
3.612749400626811394e+02 1.170412713853326118e-02 1.304651099922335411e-02 8.223892836283712426e-03 1.867770000000000000e+05
3.633693413142722193e+02 1.158208257792499481e-02 1.299469916615915085e-02 8.290929279583863706e-03 1.890730000000000000e+05
3.654632219855477047e+02 1.146216247997725729e-02 1.294478885579526325e-02 8.165507054835319245e-03 1.914910000000000000e+05
3.675603773529471141e+02 1.134886449811412651e-02 1.286435057137479826e-02 8.135914088252683973e-03 1.938450000000000000e+05
3.696543491982932892e+02 1.122518442586403764e-02 1.281774344282434266e-02 8.058241541822396686e-03 1.951810000000000000e+05
3.717418094879196815e+02 1.112861883438789889e-02 1.275796347434629031e-02 8.030661351486473309e-03 1.973190000000000000e+05
3.738340425382559147e+02 1.101898921243796292e-02 1.265620072164058349e-02 8.069279955793449977e-03 2.002330000000000000e+05
3.759308579415973099e+02 1.092362847867893970e-02 1.264265850755852058e-02 7.976749318909841235e-03 2.030370000000000000e+05
3.780298508894609313e+02 1.079785774403989144e-02 1.256493333144055417e-02 8.055382724930539029e-03 2.048710000000000000e+05
3.801213498834686106e+02 1.068714502016419703e-02 1.250998904574484455e-02 7.847029504427737584e-03 2.062210000000000000e+05
3.822130601069931117e+02 1.059291563078353961e-02 1.250068891962846825e-02 7.962298865810773368e-03 2.095290000000000000e+05
3.843141376638832867e+02 1.049501678041534804e-02 1.242052348910680296e-02 7.878085041867047972e-03 2.125450000000000000e+05
3.864096355836928751e+02 1.037994544108694801e-02 1.234893846882364511e-02 7.869210302318789541e-03 2.132070000000000000e+05
3.885029072957560174e+02 1.029265542401990204e-02 1.235824240249000679e-02 7.852131268725916560e-03 2.165770000000000000e+05
3.905976920854033665e+02 1.020198848955347799e-02 1.229214640986342651e-02 7.807971028856755882e-03 2.181930000000000000e+05
3.926958121232195822e+02 1.009166152914291528e-02 1.220441666075362114e-02 7.858408758780948550e-03 2.221510000000000000e+05
3.947892180838422291e+02 1.001515257876707879e-02 1.218306714650183378e-02 7.775453275791596904e-03 2.216410000000000000e+05
3.968782140997554961e+02 9.893929478902035307e-03 1.214304819752631132e-02 7.792119333753043560e-03 2.261730000000000000e+05
3.989707362781335291e+02 9.811185766312019094e-03 1.208748886603167039e-02 7.732132845114187900e-03 2.269810000000000000e+05
4.010671924513820272e+02 9.711521444286478136e-03 1.201968862493025224e-02 7.715214819863609047e-03 2.319030000000000000e+05
4.031622814805685380e+02 9.643502258512071101e-03 1.201292802881368145e-02 7.823333072741026767e-03 2.314930000000000000e+05
4.052546340249365926e+02 9.537877307619168146e-03 1.195647613271435747e-02 7.679874957343602558e-03 2.360410000000000000e+05
4.073499183903821859e+02 9.446372810702090284e-03 1.190533220113098103e-02 7.774537265995036528e-03 2.372310000000000000e+05
4.094468722071623006e+02 9.380872490302737815e-03 1.185574121064733588e-02 7.764330607344182601e-03 2.409250000000000000e+05
4.115443288589775648e+02 9.284550230725300765e-03 1.180432899899856378e-02 7.740488298604185011e-03 2.427690000000000000e+05
4.136340823922854497e+02 9.203651162660846791e-03 1.180920805314957835e-02 7.844308752748167107e-03 2.437570000000000000e+05
4.157249463815624608e+02 9.112434146072583702e-03 1.172756504990741730e-02 7.679605552012233605e-03 2.479830000000000000e+05
4.178218199778140161e+02 9.034750660697043328e-03 1.171876056465076359e-02 7.883412154864774882e-03 2.502730000000000000e+05
4.199166506307261102e+02 8.960741688798637417e-03 1.166180417606980935e-02 7.752886293701832451e-03 2.523730000000000000e+05
4.220107143757512631e+02 8.880261019642796474e-03 1.163593603499674112e-02 7.789671514347316222e-03 2.554470000000000000e+05
4.241054294906687687e+02 8.797094319020900069e-03 1.156510634722323141e-02 7.830701604205632382e-03 2.570890000000000000e+05
4.262013850195404530e+02 8.741768445801538501e-03 1.153290487564051156e-02 7.797948332246624169e-03 2.612370000000000000e+05
4.282955296445312570e+02 8.660349800946607127e-03 1.153469436665565014e-02 8.003771167525557464e-03 2.616670000000000000e+05
4.303918066888609815e+02 8.587454395623526568e-03 1.147538550170931239e-02 7.872600467811543407e-03 2.668890000000000000e+05
4.324885754579240142e+02 8.510619182677477829e-03 1.145859156752425563e-02 7.927705207072815660e-03 2.670490000000000000e+05
4.345806090039813512e+02 8.442040059722349943e-03 1.141449548447634812e-02 7.956239922757906910e-03 2.705770000000000000e+05
4.366724409742538455e+02 8.396178382514676852e-03 1.139818476097073131e-02 7.988712509450655516e-03 2.726430000000000000e+05
4.387671492209622102e+02 8.304811786671006599e-03 1.135811203296991680e-02 8.050478695005372498e-03 2.762050000000000000e+05
4.408622534544343239e+02 8.256827522971573602e-03 1.135120784982557307e-02 7.986973710166480819e-03 2.781690000000000000e+05
4.429551641509581259e+02 8.183918043594121464e-03 1.130501416907704441e-02 8.175147667740656834e-03 2.808190000000000000e+05
4.450482683181851371e+02 8.136782393332394822e-03 1.131860874906302772e-02 8.172304844414814140e-03 2.836290000000000000e+05
4.471468387574249732e+02 8.058607004371267854e-03 1.127205176014072982e-02 8.156038485331093893e-03 2.877370000000000000e+05
4.492436228056981236e+02 7.994272292248893672e-03 1.126436193677646767e-02 8.213104040934946989e-03 2.882290000000000000e+05
4.513338633316258210e+02 7.945469153401137422e-03 1.125427300891015774e-02 8.269445634631066716e-03 2.915190000000000000e+05
4.534275364325927740e+02 7.885439461509845260e-03 1.123132956579654673e-02 8.322587350092008548e-03 2.946970000000000000e+05
4.555218954858658549e+02 7.825313508329876863e-03 1.122136875825601073e-02 8.335467009000539079e-03 2.968170000000000000e+05
4.576171661608108252e+02 7.766716300882214874e-03 1.119064785069370099e-02 8.406263519968008510e-03 3.007390000000000000e+05
4.597117909764672277e+02 7.733328128271966216e-03 1.123793707719030442e-02 8.579946336652446992e-03 3.019210000000000000e+05
4.618031890496856704e+02 7.664348291476267248e-03 1.117873056718342306e-02 8.531785384122874197e-03 3.054570000000000000e+05
4.638995470730997681e+02 7.613735972064456653e-03 1.119595784305065303e-02 8.618420967886494810e-03 3.088390000000000000e+05
4.659948171464902202e+02 7.567213660191649330e-03 1.121135319548243435e-02 8.687267633825837554e-03 3.106410000000000000e+05
4.680892944697272355e+02 7.517871493781694975e-03 1.121351008521652773e-02 8.784015256469648522e-03 3.144850000000000000e+05
4.701849264949563576e+02 7.470556107822733105e-03 1.118682448933053242e-02 8.813583162971439997e-03 3.161130000000000000e+05
4.722792778491551076e+02 7.420946926524607350e-03 1.119636343647516241e-02 8.903430765351194251e-03 3.202750000000000000e+05
4.743727257290456691e+02 7.377689381775043645e-03 1.122493306306803114e-02 9.009689593800745966e-03 3.211090000000000000e+05
4.764659337214132506e+02 7.331572494152419246e-03 1.119349807230835166e-02 9.036873245012792127e-03 3.261210000000000000e+05
4.785623072742623663e+02 7.293343061430349397e-03 1.125904332528258021e-02 9.184992728718048907e-03 3.277270000000000000e+05
4.806590405897664482e+02 7.241343916301818187e-03 1.123141958777506416e-02 9.187813194775901540e-03 3.318210000000000000e+05
4.827512226177773869e+02 7.207585132202444164e-03 1.130310661249540882e-02 9.360102782314154782e-03 3.324970000000000000e+05
4.848441163240574951e+02 7.170257864302343430e-03 1.129272673503549200e-02 9.429150441517332101e-03 3.373530000000000000e+05
4.869397730506265702e+02 7.136401270751508569e-03 1.129914844420592222e-02 9.511338493058211704e-03 3.395590000000000000e+05
4.890367881340087592e+02 7.091047083223406960e-03 1.132659455907653739e-02 9.609489726696738079e-03 3.433090000000000000e+05
4.911309696496539914e+02 7.066543219682456037e-03 1.137293635787105066e-02 9.714245846478722010e-03 3.447570000000000000e+05
4.932233217478662368e+02 7.033238221384317812e-03 1.140788836235563479e-02 9.864184375091282486e-03 3.487030000000000000e+05
4.953187148676144602e+02 6.994734298834882902e-03 1.139399021163626027e-02 9.924126118580867476e-03 3.512610000000000000e+05
4.974112035877049607e+02 6.973271850525006831e-03 1.147263102296568887e-02 1.005208418538087317e-02 3.540610000000000000e+05
4.995008234599932848e+02 6.929596890328103449e-03 1.149194481952513051e-02 1.015880264812111557e-02 3.561150000000000000e+05
5.015952506837274996e+02 6.910047252871324465e-03 1.149783040918724193e-02 1.021018360587369785e-02 3.616690000000000000e+05
5.036919972981919500e+02 6.878843030323569981e-03 1.153865926936142351e-02 1.037800918335513543e-02 3.628930000000000000e+05
5.057872116617206757e+02 6.873129047559907792e-03 1.162545584744125761e-02 1.055201986916152850e-02 3.671010000000000000e+05
5.078828569897101488e+02 6.835973655131158920e-03 1.165255307710949886e-02 1.065926805897712305e-02 3.694390000000000000e+05
5.099793452386306853e+02 6.827408791797619746e-03 1.173372197216753648e-02 1.082348155018949404e-02 3.732570000000000000e+05
5.120767256379639321e+02 6.798407660521391289e-03 1.174244090146022920e-02 1.091313217047644793e-02 3.759490000000000000e+05
5.141702395931293950e+02 6.783048790180008954e-03 1.182053856744222017e-02 1.111728161319707441e-02 3.780430000000000000e+05
5.162613210276599602e+02 6.771509538590528288e-03 1.188044746960299596e-02 1.121815677188927295e-02 3.811170000000000000e+05
5.183576899265503926e+02 6.754190876792283936e-03 1.192766703378995118e-02 1.139223972310365179e-02 3.864490000000000000e+05
5.204524416424112587e+02 6.742446165784994269e-03 1.199069074868898757e-02 1.155836759437553311e-02 3.863970000000000000e+05
5.225430403510470114e+02 6.733761163052850302e-03 1.203579289469538897e-02 1.170456892565610585e-02 3.913150000000000000e+05
5.246378991347941110e+02 6.726345354025393096e-03 1.214013547832246132e-02 1.189509644994746901e-02 3.943050000000000000e+05
5.267345150769579050e+02 6.712660955230983356e-03 1.214908387997210362e-02 1.198774134247653465e-02 3.980770000000000000e+05
5.288284644781792849e+02 6.723294050221885997e-03 1.229754412389916229e-02 1.229159071672408440e-02 3.999190000000000000e+05
5.309200047543351957e+02 6.716846590942736860e-03 1.236593002968920316e-02 1.245907544075512512e-02 4.031130000000000000e+05
5.330154787982235121e+02 6.706718641814024204e-03 1.241713258217718927e-02 1.259100449828330984e-02 4.082290000000000000e+05
5.351140455458262295e+02 6.728119129179464288e-03 1.257793154552169779e-02 1.292993344799768865e-02 4.103130000000000000e+05
5.372065894545165747e+02 6.643816169401968452e-03 1.214385133145904835e-02 1.209722422956151754e-02 4.102750000000000000e+05
5.392990561174625554e+02 6.496289808618691680e-03 1.141759177714483237e-02 1.059082097895054468e-02 4.093020000000000000e+05
5.413942361800155822e+02 6.337529012282542770e-03 1.068986113371536359e-02 9.097663123073964839e-03 4.077820000000000000e+05
5.434880266486542268e+02 6.215722169552714664e-03 1.006977311682642935e-02 7.791598161541907729e-03 4.058980000000000000e+05
5.455827489438945577e+02 6.079440883790787273e-03 9.466564523535891951e-03 6.654140328909497956e-03 4.043220000000000000e+05
5.476767127561543020e+02 5.965264292204188433e-03 8.959209537560608103e-03 5.561528684038560648e-03 4.026280000000000000e+05
5.497693602110763322e+02 5.845082019338619823e-03 8.452647841651457494e-03 4.557448829464493152e-03 3.997920000000000000e+05
5.518640828781375376e+02 5.725801065827295852e-03 7.953699242728651253e-03 3.566194489912878022e-03 4.002640000000000000e+05
5.539594253277234657e+02 5.637363144603576778e-03 7.578173427784671949e-03 2.797936063670343303e-03 3.963360000000000000e+05
5.560560799784258279e+02 5.536314544634090944e-03 7.185275415129589206e-03 2.033709545686001458e-03 3.969640000000000000e+05
5.581498537014841759e+02 5.444002115753416270e-03 6.828144919228376110e-03 1.296885689496850898e-03 3.918340000000000000e+05
5.602404618770235629e+02 5.350809705493839337e-03 6.487128709352088345e-03 6.548465598036293939e-04 3.917040000000000000e+05
5.623373847462706863e+02 5.270624697517481069e-03 6.188979136337233872e-03 2.113068491570176976e-05 3.907360000000000000e+05
5.644358269329779887e+02 5.184882686261715889e-03 5.884006773039685001e-03 -5.431613609003212509e-04 3.882660000000000000e+05
5.665268810116216400e+02 5.105449700759014803e-03 5.634896978800493263e-03 -1.068740359697746512e-03 3.839200000000000000e+05
5.686205978146614370e+02 5.035140639264175030e-03 5.396455099385378922e-03 -1.555822990331337226e-03 3.856120000000000000e+05
5.707172413959774531e+02 4.963966995017059410e-03 5.187215559626206715e-03 -1.957975229946453191e-03 3.807900000000000000e+05
5.728117953900567727e+02 4.900912647908539643e-03 4.975710717770449355e-03 -2.420516028738130959e-03 3.809500000000000000e+05
5.749061489786814718e+02 4.830352857015807709e-03 4.789778754121513243e-03 -2.827514707866612270e-03 3.765360000000000000e+05
5.769983061453493747e+02 4.765407865072421832e-03 4.619426838046837916e-03 -3.158035610256072247e-03 3.758500000000000000e+05
5.790954534396886402e+02 4.713023806592903792e-03 4.463355458863639373e-03 -3.499046282654114104e-03 3.745800000000000000e+05
5.811887675251532528e+02 4.654314686764124409e-03 4.334945142571038079e-03 -3.804447516203923220e-03 3.697240000000000000e+05
5.832786692590009352e+02 4.593058907509924536e-03 4.148894698210143540e-03 -4.138894786772625081e-03 3.694540000000000000e+05
5.853744262304652466e+02 4.540422364400113937e-03 4.059365546138705982e-03 -4.400559428274592941e-03 3.672900000000000000e+05
5.874702053520854861e+02 4.487882645867016448e-03 3.932329336408756787e-03 -4.640422927079341196e-03 3.649120000000000000e+05
5.895645263196835231e+02 4.440136799824800917e-03 3.801007731876934401e-03 -4.883299551889265858e-03 3.627360000000000000e+05
5.916589161290351058e+02 4.382442598618787634e-03 3.703520953406347436e-03 -5.143401663308964748e-03 3.599260000000000000e+05
5.937545405354702552e+02 4.338301241255192175e-03 3.592523243799606615e-03 -5.363892875214331876e-03 3.591180000000000000e+05
5.958485825352667007e+02 4.294189690548008004e-03 3.511943111827458327e-03 -5.524717248123390927e-03 3.543400000000000000e+05
5.979424307662475258e+02 4.243940617224565594e-03 3.411643985529952145e-03 -5.716014059064021199e-03 3.547300000000000000e+05
6.000359072472176649e+02 4.208347949663845261e-03 3.330423521075586649e-03 -5.928493166469017348e-03 3.494820000000000000e+05
6.021303046355956212e+02 4.145541866303440424e-03 3.217769095789632834e-03 -6.073724169503799848e-03 3.499900000000000000e+05
6.042248380914445534e+02 4.119509928681690074e-03 3.155625056763875728e-03 -6.251530582740018500e-03 3.451500000000000000e+05
6.063178784116851148e+02 4.073662854972728495e-03 3.080845919690906789e-03 -6.366349404392602183e-03 3.441700000000000000e+05
6.084128343028867221e+02 4.032869591686299472e-03 2.997547297819202171e-03 -6.525858284987764123e-03 3.414340000000000000e+05
6.105078954002700584e+02 3.989031852065500275e-03 2.918630371000875603e-03 -6.663271631307533284e-03 3.388500000000000000e+05
6.126034696602193890e+02 3.952868943851862125e-03 2.857320753470984388e-03 -6.774711028101117888e-03 3.366040000000000000e+05
6.146988087070261599e+02 3.914430770302499731e-03 2.781694036312474649e-03 -6.907406478046288802e-03 3.339600000000000000e+05
6.167923071676593736e+02 3.871969017483084703e-03 2.712777258834970801e-03 -7.002573150768303008e-03 3.307600000000000000e+05
6.188869153128759990e+02 3.839443209380037723e-03 2.675397776171197124e-03 -7.129458269574113008e-03 3.291900000000000000e+05
6.209811993625415880e+02 3.802470120213073939e-03 2.588149656492776899e-03 -7.211071887573347605e-03 3.253720000000000000e+05
6.230740163913213792e+02 3.770650601324209133e-03 2.549270456882414895e-03 -7.304469646157838239e-03 3.236140000000000000e+05
6.251692711909930722e+02 3.737565688719991612e-03 2.494078751911293045e-03 -7.400554084250345575e-03 3.208740000000000000e+05
6.272649983552782942e+02 3.699516539897579684e-03 2.441541028637716961e-03 -7.479248411976780787e-03 3.180760000000000000e+05
6.293592710458332249e+02 3.668807139296268154e-03 2.393153496471185204e-03 -7.544620246295131137e-03 3.153660000000000000e+05
6.314508150052482733e+02 3.642909947556552484e-03 2.344884974773198995e-03 -7.628564487359015128e-03 3.116620000000000000e+05
6.335459896170088996e+02 3.608390591361543016e-03 2.304728312471433956e-03 -7.705943040450139586e-03 3.110280000000000000e+05
6.356427790761956658e+02 3.572626450554829743e-03 2.252826811664632948e-03 -7.749822635247378966e-03 3.064960000000000000e+05
6.377340719528424415e+02 3.557390534831447911e-03 2.231681367233719245e-03 -7.839035130990329100e-03 3.036940000000000000e+05
6.398274114846987004e+02 3.522185265783316088e-03 2.172421211170907484e-03 -7.867791389111998546e-03 3.019080000000000000e+05
6.419233685823935502e+02 3.501397695941764129e-03 2.155996344228985461e-03 -7.964068108978252999e-03 2.981560000000000000e+05
6.440216367839542499e+02 3.468895226038929813e-03 2.102097769541173226e-03 -7.974444262831448249e-03 2.972040000000000000e+05
6.461135705040136372e+02 3.443582500468086397e-03 2.074755129714012276e-03 -8.038804445859660044e-03 2.903800000000000000e+05
6.482027620419783034e+02 3.426359141214317932e-03 2.035924143679255713e-03 -8.086584935950583489e-03 2.906340000000000000e+05
6.502989538008154113e+02 3.396283679279903100e-03 2.012626423817361846e-03 -8.133710854805487403e-03 2.865940000000000000e+05
6.523960399107609192e+02 3.374975743459985526e-03 1.982496656075687959e-03 -8.179826864434721137e-03 2.843980000000000000e+05
6.544916973579389605e+02 3.355195119211701760e-03 1.952344149350227018e-03 -8.214586857058680386e-03 2.808840000000000000e+05
6.565851093673111336e+02 3.338875115407880997e-03 1.944878456909703360e-03 -8.280505839207379440e-03 2.772460000000000000e+05
6.586804591655151171e+02 3.308498916014891537e-03 1.893047362154690050e-03 -8.291098256692273558e-03 2.754660000000000000e+05
6.607775344549748979e+02 3.298069030848499363e-03 1.901434485305881442e-03 -8.365774578503716585e-03 2.715280000000000000e+05
6.628705731018673077e+02 3.276141747172211897e-03 1.857061097526315060e-03 -8.379127238337929356e-03 2.680480000000000000e+05
6.649626428961414604e+02 3.263018838891861700e-03 1.846320538079484650e-03 -8.438662787149010455e-03 2.654580000000000000e+05
6.670576804481555655e+02 3.244787138617995399e-03 1.833031486441069439e-03 -8.478761751595655094e-03 2.618920000000000000e+05
6.691508741625193579e+02 3.224777760556714248e-03 1.808060772793657631e-03 -8.508920124102368684e-03 2.591340000000000000e+05
6.712424062066879742e+02 3.216410930445848682e-03 1.800518397942622948e-03 -8.567871167174613903e-03 2.549260000000000000e+05
6.733370267950843981e+02 3.199962997382330143e-03 1.766340963066978737e-03 -8.582120874611543285e-03 2.533140000000000000e+05
6.754346842769356272e+02 3.191885802985295218e-03 1.773880373631605721e-03 -8.651761878411923928e-03 2.493460000000000000e+05
6.775291194257562211e+02 3.172246121141567357e-03 1.756759813491620302e-03 -8.686017788011871771e-03 2.456800000000000000e+05
6.796203345896714154e+02 3.168527094195306478e-03 1.740632412225514344e-03 -8.726354630661209422e-03 2.424420000000000000e+05
6.817149665035004773e+02 3.158616019824235944e-03 1.725714203387194393e-03 -8.777375932578291087e-03 2.393860000000000000e+05
6.838122787538907232e+02 3.138759014787239655e-03 1.714405834409338291e-03 -8.792625591032429688e-03 2.365440000000000000e+05
6.859079406781141870e+02 3.142327541951608905e-03 1.717668048178008560e-03 -8.880162004751213783e-03 2.322940000000000000e+05
6.880014878013496400e+02 3.122593730502633974e-03 1.692356277894590698e-03 -8.880530439071892754e-03 2.290440000000000000e+05
6.900975947368352763e+02 3.124246544483783375e-03 1.696750013569999199e-03 -8.956103819961206552e-03 2.263000000000000000e+05
6.921949061753139176e+02 3.115127879307508403e-03 1.676921965508533204e-03 -8.990548171877629433e-03 2.219380000000000000e+05
6.942847476892718532e+02 3.107580665817784131e-03 1.682232863464308385e-03 -9.032818905013203017e-03 2.182620000000000000e+05
6.963741971262456900e+02 3.103761525828357872e-03 1.667561513632872259e-03 -9.088205247227197289e-03 2.145940000000000000e+05
6.984724339261314299e+02 3.096804767752687256e-03 1.663679370229851273e-03 -9.122069437376442366e-03 2.128920000000000000e+05
7.005676815460799389e+02 3.096721764573284654e-03 1.655319396631259885e-03 -9.174748934227788810e-03 2.071900000000000000e+05
7.026575777886681635e+02 3.096039366962088403e-03 1.654463675000280177e-03 -9.231947179125444408e-03 2.043540000000000000e+05
7.047519322523187384e+02 3.081933209603888307e-03 1.639269880858670782e-03 -9.245830007200084300e-03 2.012320000000000000e+05
7.068459632832323223e+02 3.103600790120121435e-03 1.662008050980396745e-03 -9.384306303368160698e-03 1.966000000000000000e+05
7.089402502640591592e+02 3.080395498421736704e-03 1.629362534910210178e-03 -9.333505935422040795e-03 1.942380000000000000e+05
7.110355673471533464e+02 3.097431816026032653e-03 1.650042323453910576e-03 -9.462453766228215435e-03 1.895260000000000000e+05
7.131333730770313650e+02 3.083261272518163752e-03 1.626526852025618778e-03 -9.453014156814170191e-03 1.868280000000000000e+05
7.152297995286576224e+02 3.088227384196571071e-03 1.634770137212593084e-03 -9.525078360688955456e-03 1.822960000000000000e+05
7.173192989414097838e+02 3.099440021827246355e-03 1.638809437758526879e-03 -9.612368633907235338e-03 1.777480000000000000e+05
7.194134444897839558e+02 3.086769420911059537e-03 1.618821682087422456e-03 -9.601599824015445012e-03 1.758060000000000000e+05
7.215101603067968199e+02 3.104992754097579948e-03 1.640067789298227515e-03 -9.728017499970523577e-03 1.704700000000000000e+05
7.236057227625441328e+02 3.092850119403895478e-03 1.615379761723513595e-03 -9.706919910203708896e-03 1.676460000000000000e+05
7.256997099768309454e+02 3.113609878353702093e-03 1.626891921561535300e-03 -9.819825805830970436e-03 1.631200000000000000e+05
7.277922467555420099e+02 3.102877627843851540e-03 1.619383107676821733e-03 -9.843972306961183347e-03 1.589820000000000000e+05
7.298848421535342368e+02 3.107150936959272251e-03 1.613601316369424245e-03 -9.875881944793947487e-03 1.558780000000000000e+05
7.319793806126314166e+02 3.127990195972291977e-03 1.629492655787920675e-03 -1.001305245867370984e-02 1.510300000000000000e+05
7.340724095566490632e+02 3.106897405684486829e-03 1.594726463140098841e-03 -9.932423767547712140e-03 1.479480000000000000e+05
7.361661669496161267e+02 3.129236127341379712e-03 1.613493858328178630e-03 -1.008907559121993182e-02 1.432480000000000000e+05
7.382645748820824565e+02 3.117314516065880503e-03 1.597916914784549766e-03 -1.006577415797888127e-02 1.401240000000000000e+05
7.403586061146017983e+02 3.129264238710398327e-03 1.598142510705942692e-03 -1.015457464999878698e-02 1.352020000000000000e+05
7.424460406642261887e+02 3.137157572603645715e-03 1.593121241454331215e-03 -1.021974817917001635e-02 1.306620000000000000e+05
7.445426408783455372e+02 3.105256385845342037e-03 1.554525219198173679e-03 -1.013073786531574517e-02 1.285780000000000000e+05
7.466429299010975456e+02 3.133623909913383666e-03 1.574294942527075872e-03 -1.029478859759994265e-02 1.225660000000000000e+05
7.487336140757349767e+02 3.104898819818088015e-03 1.539373777572508682e-03 -1.021642251918747010e-02 1.193040000000000000e+05
7.508270240678629079e+02 3.116583642842263389e-03 1.537664288344380058e-03 -1.031798170320490787e-02 1.147000000000000000e+05
7.529199776701107112e+02 3.085298987725197846e-03 1.495347070947440583e-03 -1.024888481509158081e-02 1.105920000000000000e+05
7.550125888924296760e+02 3.092725129899671910e-03 1.496796543720908031e-03 -1.032907426272924346e-02 1.065100000000000000e+05
7.571013038148125815e+02 3.066120021252228579e-03 1.446078474703119641e-03 -1.027459692876008836e-02 1.017160000000000000e+05
7.591965760733420439e+02 3.022825476979704249e-03 1.408500587425554193e-03 -1.018471989069518954e-02 9.871500000000000000e+04
7.612994351408076454e+02 2.996596502632406425e-03 1.356916925986664411e-03 -1.012879068375967251e-02 9.461500000000000000e+04
7.633900040839596386e+02 2.944043981489360626e-03 1.284621246617042656e-03 -9.958194418684668606e-03 9.051300000000000000e+04
7.654845246727142012e+02 2.917016562883655191e-03 1.253145350026477634e-03 -9.895045046041071879e-03 8.835100000000000000e+04
7.675845761735887436e+02 2.856684192458870848e-03 1.163632254278957213e-03 -9.692424529447274048e-03 8.455500000000000000e+04
7.696777532858808399e+02 2.795796189871873998e-03 1.108060851973700477e-03 -9.501531090747869848e-03 8.170900000000000000e+04
7.717689134972549709e+02 2.765239024231768133e-03 1.059054557027232311e-03 -9.407992477225160868e-03 7.872400000000000000e+04
7.738616343519329348e+02 2.702961192697489294e-03 9.769060768334747371e-04 -9.189092425460305275e-03 7.623300000000000000e+04
7.759586162661141771e+02 2.657025073489508674e-03 9.472750363029117668e-04 -9.061811328760835740e-03 7.356100000000000000e+04
7.780518126648190673e+02 2.605760546091310560e-03 8.727531993659491888e-04 -8.876585418981309053e-03 7.083000000000000000e+04
7.801397895704053553e+02 2.557197786951019309e-03 8.317232025964049627e-04 -8.725883343209414264e-03 6.823000000000000000e+04
7.822357002276578442e+02 2.513007789731238131e-03 7.865202031267844607e-04 -8.585975733218176309e-03 6.649800000000000000e+04
7.843344305330714405e+02 2.466588700602158346e-03 7.295686207220957852e-04 -8.425007989809819159e-03 6.358600000000000000e+04
7.864299648164494556e+02 2.429242689485259111e-03 7.070809091125909935e-04 -8.317951186193493426e-03 6.177400000000000000e+04
7.885179589970517782e+02 2.396279274387881630e-03 6.625934380356173848e-04 -8.204419677400371161e-03 5.879400000000000000e+04
7.906085952377693502e+02 2.335747512569904052e-03 6.169493994668920648e-04 -8.004737725743737292e-03 5.754700000000000000e+04
7.927136344001445423e+02 2.312324563484916429e-03 5.940125286079098220e-04 -7.940408054511651631e-03 5.535000000000000000e+04
7.948093641956113515e+02 2.274621159426352436e-03 5.558451997190224769e-04 -7.809732306903850209e-03 5.302300000000000000e+04
7.968975274777668574e+02 2.237388532458632617e-03 5.360314113894916639e-04 -7.701055461168693564e-03 5.109900000000000000e+04
7.989960461285467090e+02 2.201476390746778637e-03 5.008572135998514080e-04 -7.580906937612629133e-03 4.955500000000000000e+04
8.011011828091563984e+02 2.168370655166391818e-03 4.787799891237460486e-04 -7.475663439026485751e-03 4.765900000000000000e+04
8.031910245513622613e+02 2.133280215268046863e-03 4.616680098687937013e-04 -7.376013573706118043e-03 4.529100000000000000e+04
8.052769337949931696e+02 2.113650575114232617e-03 4.254680315872042874e-04 -7.295477820702038312e-03 4.399900000000000000e+04
8.073812855876360572e+02 2.066979671472078933e-03 4.181630990213781071e-04 -7.166470660058694639e-03 4.248300000000000000e+04
8.094766858512334693e+02 2.044147924063798635e-03 3.863798458815086720e-04 -7.079971962500622613e-03 4.032700000000000000e+04
8.115592562593724324e+02 2.022813130170574014e-03 3.768428999547779714e-04 -7.018163693160561073e-03 3.882700000000000000e+04
8.136567375259069195e+02 1.975351827424699259e-03 3.542241876241302508e-04 -6.868728059484118312e-03 3.768300000000000000e+04
8.157663270894909147e+02 1.960093009192594160e-03 3.266982735110154803e-04 -6.805226945675410533e-03 3.605500000000000000e+04
8.178563728186526305e+02 1.923497152729509302e-03 3.194693063569762053e-04 -6.696901010277800208e-03 3.409800000000000000e+04
8.199333460481224165e+02 1.910936286489226020e-03 3.002657358812757548e-04 -6.649954851685888069e-03 3.277900000000000000e+04
8.220364116349165897e+02 1.870701384961522516e-03 2.808480187737600990e-04 -6.516263630040198401e-03 3.199200000000000000e+04
8.241381024298764260e+02 1.837018566093003577e-03 2.626790761603034702e-04 -6.407844057787176299e-03 2.995900000000000000e+04
8.262211838965614561e+02 1.829328143300935211e-03 2.525564826522894179e-04 -6.377748183143603505e-03 2.882800000000000000e+04
8.283114387597532868e+02 1.798436794855197765e-03 2.369103912404906410e-04 -6.275258525045328099e-03 2.761500000000000000e+04
8.304142770377928855e+02 1.778823082881915863e-03 2.171064683831496801e-04 -6.205646322736305120e-03 2.648800000000000000e+04
8.325184587527894564e+02 1.746575246201233873e-03 2.054287196568531653e-04 -6.097590923314134305e-03 2.520300000000000000e+04
8.346012634025569241e+02 1.744727586705726273e-03 1.949342736665610795e-04 -6.090044940837232960e-03 2.365600000000000000e+04
8.366834844536283526e+02 1.718608350653778091e-03 1.719602391643995751e-04 -5.992283212234341370e-03 2.288700000000000000e+04
8.387960511190381112e+02 1.698513578636368657e-03 1.663246427739936467e-04 -5.929322490133431996e-03 2.195200000000000000e+04
8.408989830964536623e+02 1.689567633870299023e-03 1.451934574175594542e-04 -5.887231948755656218e-03 2.050000000000000000e+04
8.429707059924822943e+02 1.680040437333353391e-03 1.437711933088159247e-04 -5.858866528206035235e-03 1.932300000000000000e+04
8.450649836591013582e+02 1.655073833022803042e-03 1.232027331551822252e-04 -5.769600773509737761e-03 1.881400000000000000e+04
8.471843383640474485e+02 1.660758950533109280e-03 1.105719769806995563e-04 -5.781364569198031364e-03 1.768800000000000000e+04
8.492778662800251368e+02 1.637798887651878855e-03 1.066593495219995421e-04 -5.707808842968497935e-03 1.650400000000000000e+04
8.513425754106416434e+02 1.650100897250892122e-03 9.346999465089594428e-05 -5.742211846392657019e-03 1.544400000000000000e+04
8.534452399857551654e+02 1.651486909632985658e-03 8.644136519924499847e-05 -5.751050313332613934e-03 1.515100000000000000e+04
8.555746058226856121e+02 1.637537916208057012e-03 7.739457531182745889e-05 -5.701616111694222076e-03 1.403200000000000000e+04
8.576491711351226286e+02 1.667555294405880569e-03 6.772312380914112322e-05 -5.798716652434417022e-03 1.279200000000000000e+04
8.597041751021378104e+02 1.655979745797643392e-03 6.408822995015623389e-05 -5.763712859532370454e-03 1.225600000000000000e+04
8.618251653739599760e+02 1.665909280936781790e-03 5.129862585722931183e-05 -5.791952284073095293e-03 1.184400000000000000e+04
8.639500650156841175e+02 1.690027848688044950e-03 4.621453135349883377e-05 -5.874527786104247716e-03 1.078000000000000000e+04
8.660197738272561310e+02 1.690838431584171676e-03 4.142254399937973363e-05 -5.877566083007225960e-03 9.868000000000000000e+03
8.680990532976293252e+02 1.712206472030992823e-03 3.476914393845094642e-05 -5.953254463795203469e-03 9.486000000000000000e+03
8.702248325038777921e+02 1.718978024356934134e-03 2.840420724568246610e-05 -5.976639522571386941e-03 8.824000000000000000e+03
8.723109447277366826e+02 1.760916180697377157e-03 2.973092959372818778e-05 -6.125888025167122199e-03 7.896000000000000000e+03
8.743361816731862746e+02 1.775939325964697758e-03 2.178094439843419208e-05 -6.172774852152874102e-03 7.228000000000000000e+03
8.764658436495250271e+02 1.804844501420769598e-03 2.118168305387144892e-05 -6.282799725973084969e-03 7.332000000000000000e+03
8.786368585693095383e+02 1.837391870762967875e-03 1.831466132150041769e-05 -6.396838650844306577e-03 6.292000000000000000e+03
8.806765954142658757e+02 1.879830384203184327e-03 1.838295201522978660e-05 -6.546640867830456206e-03 5.524000000000000000e+03
8.826798373970119655e+02 1.904079240366866096e-03 1.629765399563640034e-05 -6.631604254711131671e-03 5.172000000000000000e+03
8.848469874314355366e+02 1.952497242133932782e-03 1.172547018498196451e-05 -6.804226680542466155e-03 5.188000000000000000e+03
8.870600941920195055e+02 2.011916479406625820e-03 1.418172738201462625e-05 -7.018371853334853111e-03 4.386000000000000000e+03
8.890650491529471537e+02 2.031715106140483465e-03 6.366536858769729785e-06 -7.077689751327019552e-03 3.520000000000000000e+03
8.910303003350863946e+02 2.111659799355789999e-03 9.059008950032815396e-06 -7.364527095893614282e-03 3.516000000000000000e+03
8.932439214818294886e+02 2.145871483762032753e-03 5.686901033778355903e-06 -7.487572853115997615e-03 3.388000000000000000e+03
8.954889770077427329e+02 2.203844639366351471e-03 4.108886839461752352e-06 -7.691504001527358150e-03 2.800000000000000000e+03
8.973994521566129379e+02 2.294106841654733071e-03 5.700299678518557143e-06 -8.006902718285512435e-03 1.932000000000000000e+03
8.993215590711535015e+02 2.317190536458096483e-03 5.266224083553285188e-06 -8.092653548061464266e-03 2.236000000000000000e+03
9.016306464564273710e+02 2.362100040579025607e-03 3.703412164308510636e-06 -8.253062447705681801e-03 2.013000000000000000e+03
9.039400877163226369e+02 2.488257212906263161e-03 -3.467826914054424911e-06 -8.690677198688611521e-03 1.576000000000000000e+03
9.056993011289710012e+02 2.502227971809471100e-03 3.527141992803035029e-06 -8.744008909851455624e-03 8.460000000000000000e+02
9.075954821997991075e+02 2.542408887728670429e-03 -6.237991617984734046e-06 -8.879887521784398177e-03 1.228000000000000000e+03
9.099826156231260939e+02 2.647692858507624467e-03 -3.582115107687826999e-06 -9.252779199123883219e-03 9.640000000000000000e+02
9.123550959351615575e+02 2.658219690981088179e-03 4.810224637173413507e-06 -9.301244213395542734e-03 7.170000000000000000e+02
9.141627346362355411e+02 2.771243622176274533e-03 5.720871337626842749e-06 -9.697924065925530787e-03 3.040000000000000000e+02
9.159577727906530527e+02 2.824320972037606178e-03 7.437682721681460304e-06 -9.887558066929667822e-03 4.440000000000000000e+02
9.183477127816340726e+02 2.890439857615858827e-03 8.690632017801763116e-06 -1.012182088011262873e-02 2.920000000000000000e+02
9.207331147904719728e+02 3.065236643758986919e-03 4.150506098556629607e-06 -1.073026262673925160e-02 1.720000000000000000e+02
9.226309293958033777e+02 3.453181035326502619e-03 3.384038676121535915e-06 -1.208809211945068365e-02 5.100000000000000000e+01
9.242773274894232145e+02 3.648596149696904656e-03 -8.443262635022510111e-06 -1.276061111851673271e-02 5.200000000000000000e+01
9.265519372403930447e+02 5.024603745886934564e-03 -2.451967891305640488e-06 -1.758319751859002689e-02 1.200000000000000000e+01
9.286652744879194188e+02 3.261451221601579815e-04 1.810469119956958814e-19 -1.141507927560553477e-03 1.000000000000000000e+00
