2.966547074898984615e+00 1.309498386041533236e+00 4.225573185457902059e-01 3.435021261394739067e+00 1.300000000000000000e+01
5.026374055021858744e+00 1.142092666630106335e+00 -2.304999966265937061e-01 1.229271226434649478e+00 3.300000000000000000e+01
7.149300621522788113e+00 5.912074556408315473e-01 -4.134392559528902132e-03 9.421753358186960026e-02 7.900000000000000000e+01
9.278869254964254409e+00 5.568276831127956239e-01 -7.064895464585738138e-02 5.570220352282220233e-01 1.170000000000000000e+02
1.145033261934470126e+01 4.670117608393126729e-01 2.935199061308391144e-02 3.913749884856030370e-01 2.050000000000000000e+02
1.349295587141915043e+01 4.168969673345179205e-01 9.172990270002154278e-02 3.078475668553750655e-01 2.350000000000000000e+02
1.558905561191892986e+01 3.662545514249901379e-01 1.530775283970592371e-01 8.145041655228184296e-02 3.690000000000000000e+02
1.769408367255316961e+01 2.770390543722539567e-01 2.393228257629109387e-02 -3.847791944181951085e-02 4.330000000000000000e+02
1.981787480313529670e+01 2.357833986638396828e-01 1.331890843071540818e-03 -4.568046946880580106e-02 5.850000000000000000e+02
2.192074938196263645e+01 2.017996116072144908e-01 3.464422531210565540e-03 2.529493240094411385e-02 6.790000000000000000e+02
2.398877635566245203e+01 1.892719557283739640e-01 2.970212766750857103e-02 4.778103331137718846e-02 8.130000000000000000e+02
2.609286971896115759e+01 1.683692982909933689e-01 3.901917093259027469e-02 3.397580929230801378e-02 9.850000000000000000e+02
2.823466315278179550e+01 1.542701381800990756e-01 2.897644652246933808e-02 4.038560761417423622e-02 1.183000000000000000e+03
3.032284873509123102e+01 1.313347217458369909e-01 9.624594522911082695e-03 -1.098573771019686028e-02 1.269000000000000000e+03
3.240263258943403457e+01 1.156329031692135134e-01 -2.617302314593152480e-03 -2.931029005773221063e-02 1.537000000000000000e+03
3.449210129864554375e+01 1.046569036523605362e-01 -1.518121136045501784e-03 -7.393062181111837057e-03 1.653000000000000000e+03
3.658588147515196454e+01 9.476941396870365575e-02 1.601157806648876095e-02 1.234406735313144793e-02 1.963000000000000000e+03
3.868476949266977272e+01 8.315469989647857052e-02 1.981969023414396208e-02 7.086776651085198268e-03 2.121000000000000000e+03
4.078898888458283523e+01 7.585473591409877536e-02 2.163511920675494429e-02 8.954230207443420603e-03 2.413000000000000000e+03
4.289390876967645738e+01 6.914087156183586214e-02 7.789982331368992124e-03 -6.564352472568655075e-03 2.635000000000000000e+03
4.498336005546935468e+01 6.259761345002566590e-02 -4.189706234376130664e-05 -5.743315569283395303e-03 2.877000000000000000e+03
4.706498529473824988e+01 5.642326540713592242e-02 -1.257577472860964100e-03 -7.651647990305225980e-03 3.169000000000000000e+03
4.917111919158227096e+01 5.229604507750094944e-02 8.211592942642302953e-03 6.501618127476543885e-03 3.507000000000000000e+03
5.126216914174227668e+01 4.878157106309724544e-02 1.081488108331657774e-02 8.964105994857770807e-03 3.685000000000000000e+03
5.335525146837034072e+01 4.484116575552423573e-02 5.845337818362701318e-03 6.179601092333299704e-03 4.165000000000000000e+03
5.546637228956934251e+01 4.257076894944136769e-02 2.712987330504020023e-03 5.432981672607658727e-03 4.377000000000000000e+03
5.757318819254808773e+01 3.753630810761740544e-02 -2.361283563192044261e-03 -3.876500735037832421e-03 4.855000000000000000e+03
5.965884044590281121e+01 3.524619615192266936e-02 8.765669463735672497e-05 9.892572647947825686e-04 4.929000000000000000e+03
6.174512302159506305e+01 3.280637308137144409e-02 2.044797065077953550e-03 1.372812108512471742e-03 5.581000000000000000e+03
6.382689291137189969e+01 3.134006061258980125e-02 2.877953949108303169e-03 6.232505095546178771e-03 5.679000000000000000e+03
6.592966228838450604e+01 2.947225047848691173e-02 1.159912248305866242e-03 2.487647022617276923e-03 6.385000000000000000e+03
6.803125784825746791e+01 2.727230376657085315e-02 -2.216376945058170546e-03 5.699003051755445861e-04 6.553000000000000000e+03
7.013131008699485847e+01 2.522038900396198630e-02 -2.160559337071205413e-03 -1.650232719451551026e-03 7.125000000000000000e+03
7.223032366074338029e+01 2.389554252756781114e-02 -2.689945970864321238e-03 2.772022190900689967e-04 7.447000000000000000e+03
7.432334270720505742e+01 2.284118336167505897e-02 -4.209539843581818863e-04 1.642333620389509674e-03 7.929000000000000000e+03
7.642066756954473306e+01 2.170259199892757979e-02 -6.732331542590891957e-04 2.800242248018012040e-03 8.353000000000000000e+03
7.850471694556040347e+01 2.014095494335734968e-02 -9.495779763177790694e-04 1.741503766057078163e-03 8.775000000000000000e+03
8.059701946059529121e+01 1.870510891191584993e-02 -1.464435962991086221e-03 -1.062287972280081400e-03 9.313000000000000000e+03
8.269521798132063850e+01 1.732764800923753193e-02 -1.553498009591047953e-03 -7.524627149860626174e-04 9.841000000000000000e+03
8.478307522909847194e+01 1.654156780820865980e-02 -5.315093516222917178e-04 1.168977873828781766e-03 1.019100000000000000e+04
8.687780839616016237e+01 1.602150003625717536e-02 1.674843068068863450e-04 9.737755613172151140e-04 1.089700000000000000e+04
8.897524569656535220e+01 1.496042014789777941e-02 3.058348558911082576e-04 2.315787699231912529e-03 1.130100000000000000e+04
9.108077810470518898e+01 1.423775156419140528e-02 1.784902705916022869e-05 2.044101359486560736e-03 1.202500000000000000e+04
9.318432266948052245e+01 1.306636829779951950e-02 -2.763007916003175704e-04 -1.029497231066087907e-04 1.242300000000000000e+04
9.527887641048309320e+01 1.236901817474855489e-02 -8.430105326393340544e-04 1.801120058997375528e-04 1.302100000000000000e+04
9.736254237981037818e+01 1.173924367089948344e-02 -4.614685282401905560e-04 4.950229485656974706e-04 1.340500000000000000e+04
9.944832814799407572e+01 1.145845445973175079e-02 -3.489241244542157271e-04 1.251253957641774821e-03 1.424700000000000000e+04
1.015460879802399035e+02 1.071356220459956238e-02 -1.673077628041501699e-04 6.007717875921822796e-04 1.471300000000000000e+04
1.036426375667732316e+02 1.029574617852365391e-02 -3.280123243908814284e-04 1.970763129218681270e-04 1.548900000000000000e+04
1.057389390539465950e+02 9.689022768839119365e-03 -3.355204574456466422e-04 -1.291726088736350664e-04 1.591300000000000000e+04
1.078395855981474227e+02 9.350625464982924989e-03 -5.739967722039611593e-04 2.382215172674448822e-04 1.687900000000000000e+04
1.099389405850131709e+02 9.093362598214454334e-03 -2.173300375549252149e-04 8.603691748173214688e-04 1.719300000000000000e+04
1.120392143152385387e+02 8.670542932666190639e-03 -2.410203265197429585e-04 5.722421310404043719e-04 1.815700000000000000e+04
1.141233458569757744e+02 8.374911877873241622e-03 -6.797764295301273658e-06 8.008965529458839019e-04 1.833900000000000000e+04
1.162159397555423084e+02 7.843077126139947827e-03 -4.013229066370908329e-04 1.523643826691933639e-04 1.957300000000000000e+04
1.183137204803772420e+02 7.600157718233568720e-03 -4.846548535346378774e-04 6.806458837378218129e-05 1.994100000000000000e+04
1.203972311807013256e+02 7.219836104033176480e-03 -5.066637782789154597e-04 4.891650232504440605e-04 2.062900000000000000e+04
1.224922363187857286e+02 6.855783071363787118e-03 -3.280035917525294612e-04 2.420341352522431013e-04 2.165500000000000000e+04
1.245882598425863534e+02 6.688192703877656603e-03 -5.283827536979957896e-05 5.310075208635113998e-04 2.211300000000000000e+04
1.266884677158377315e+02 6.370565394618439396e-03 -8.384578070367383531e-05 2.091372059493518652e-04 2.318500000000000000e+04
1.287846620419940962e+02 6.166072925609131748e-03 -2.486465534345028063e-04 1.239293112127658430e-04 2.366700000000000000e+04
1.308713393788149801e+02 5.955920625863295181e-03 -2.424149704803059944e-04 1.636235559395289384e-05 2.438500000000000000e+04
1.329754833440644575e+02 5.838251640935849564e-03 -2.998019165134391283e-04 8.098640215458572853e-05 2.574900000000000000e+04
1.350691081525609434e+02 5.669085093057395913e-03 -1.716633691666565942e-04 2.385379572536563432e-04 2.567500000000000000e+04
1.371638825856825576e+02 5.480814869117112131e-03 -1.325006392872567261e-04 4.318970468021304104e-04 2.740900000000000000e+04
1.392604757372163533e+02 5.291599911350822194e-03 -1.436938336552306440e-04 4.043847260362024953e-04 2.740500000000000000e+04
1.413466882908376760e+02 5.081803588285347707e-03 -5.133029330580542269e-05 1.714336502498190471e-04 2.871700000000000000e+04
1.434475230090064031e+02 4.910797710154736831e-03 -2.037954041447810323e-04 1.928934968912458120e-04 2.959500000000000000e+04
1.455452853418541679e+02 4.618112913027549137e-03 -1.091361487209174238e-04 1.961419201570144038e-04 3.030100000000000000e+04
1.476332061073587738e+02 4.501467039027816017e-03 5.923469909147626748e-07 3.647502975685439183e-04 3.110100000000000000e+04
1.497211472843286231e+02 4.337103917918820085e-03 1.065083862531152574e-04 3.406489584493490566e-04 3.202300000000000000e+04
1.518138048751577287e+02 4.201926779125650206e-03 3.555053533841517536e-05 2.809688542539102692e-04 3.297700000000000000e+04
1.539211490100352648e+02 4.063242197864771338e-03 3.625695599142529738e-05 3.259681817317969764e-04 3.444900000000000000e+04
1.560214747341236716e+02 3.902670016610749245e-03 -6.727785065097112029e-06 2.325119039391519346e-04 3.454900000000000000e+04
1.581161747588121784e+02 3.826292785498950407e-03 8.457177851627340040e-06 4.234589469120736372e-04 3.611100000000000000e+04
1.602118712271799836e+02 3.745142868448005265e-03 -5.978607508788742541e-05 4.863699997328738015e-04 3.654100000000000000e+04
1.623006419462898862e+02 3.662660431184701099e-03 -3.178750543553004407e-05 5.417934817536403927e-04 3.771700000000000000e+04
1.643899033199985240e+02 3.516082340192496370e-03 -3.264566151426712094e-05 2.990979181295837664e-04 3.861900000000000000e+04
1.664835582381511756e+02 3.415533108582649927e-03 -9.897033101634559614e-05 3.581065817236770582e-04 3.966100000000000000e+04
1.685719683778473552e+02 3.334377334728892087e-03 -7.723553634648096960e-05 2.657219178611692979e-04 4.054500000000000000e+04
1.706641332089364766e+02 3.240894292991389203e-03 -1.835631275013908852e-05 3.033429493151803494e-04 4.181500000000000000e+04
1.727708699256135390e+02 3.127103164345548456e-03 7.875626076516394070e-05 2.959037494458611941e-04 4.312500000000000000e+04
1.748696546009699659e+02 3.029929211747799198e-03 3.174767324829762586e-05 2.804717563625733407e-04 4.368100000000000000e+04
1.769585769494445344e+02 2.974820961017986092e-03 6.299653351358157089e-05 1.250158625459676421e-04 4.462900000000000000e+04
1.790524509315575301e+02 2.865531239149309017e-03 3.301142795219213605e-05 1.627941195480611615e-04 4.622700000000000000e+04
1.811526521261263554e+02 2.794589948634596758e-03 3.222090587469213945e-05 2.477533472219390514e-04 4.690900000000000000e+04
1.832476884130738881e+02 2.715786566730713555e-03 6.407371138837886313e-05 1.537205417305330846e-04 4.823700000000000000e+04
1.853312475833926101e+02 2.650529218610910617e-03 5.921593885568580279e-05 2.040344628754112773e-04 4.858300000000000000e+04
1.874284892203218931e+02 2.556534896638460157e-03 1.096973953263112342e-05 1.237387249617060911e-04 5.099700000000000000e+04
1.895337179075755216e+02 2.497070855714504135e-03 -4.258121168762035696e-07 1.133294127897720350e-04 5.139700000000000000e+04
1.916268196474026126e+02 2.417733034378353064e-03 -1.996868762314215205e-06 1.759936501436303047e-04 5.248900000000000000e+04
1.937183403446852878e+02 2.360401746776116458e-03 1.039499729192488444e-04 2.008513260383110058e-04 5.378700000000000000e+04
1.958131498886989164e+02 2.292539803452207665e-03 1.135083220321143926e-04 1.951147140828773041e-04 5.491300000000000000e+04
1.979058740098966211e+02 2.233290829577413896e-03 1.654425198462211024e-04 2.399273674043978617e-04 5.597700000000000000e+04
1.999990651597893816e+02 2.172289550154636682e-03 9.575347415235583605e-05 2.000136033531490695e-04 5.741500000000000000e+04
2.020893038374759101e+02 2.124708261996791341e-03 7.594826522741587481e-05 1.407875463168029050e-04 5.810500000000000000e+04
2.041823192148177952e+02 2.067205662531325285e-03 6.027364960494548189e-05 8.246136003147977640e-05 6.003300000000000000e+04
2.062825911013838152e+02 2.022601157610851193e-03 6.429041716393677267e-05 1.358704969216048965e-04 6.094900000000000000e+04
2.083770189145966185e+02 1.960764341880443049e-03 8.341349922897046889e-05 1.228042401577035775e-04 6.223500000000000000e+04
2.104675816794403431e+02 1.925865935594358409e-03 6.297179114005466280e-05 1.223011857141239364e-04 6.322900000000000000e+04
2.125667854244018145e+02 1.880049019268682743e-03 7.350818387580337898e-05 1.394952534591297475e-04 6.513300000000000000e+04
2.146619261104851830e+02 1.834210228107450861e-03 5.456532120694588514e-05 1.246074811623236022e-04 6.570700000000000000e+04
2.167561805722037036e+02 1.800600314057439633e-03 6.189751150037130841e-05 1.567949366595801689e-04 6.756100000000000000e+04
2.188528705899679210e+02 1.757459982204200629e-03 7.095655751540426112e-05 1.196107251548658848e-04 6.850500000000000000e+04
2.209456427453084473e+02 1.717664535777586616e-03 7.023627675750943001e-05 1.898424211421610101e-04 6.994300000000000000e+04
2.230395148320731096e+02 1.668619609844019993e-03 3.246682337913674664e-05 1.813974247870802378e-04 7.109700000000000000e+04
2.251356732858534997e+02 1.655635511556208771e-03 5.559154038734273292e-05 1.869774260378254430e-04 7.302100000000000000e+04
2.272278504864401327e+02 1.609595097001560336e-03 3.698349147512425099e-05 1.564273844819471463e-04 7.331700000000000000e+04
2.293197511287232544e+02 1.577345360825886927e-03 2.901897768772273802e-05 1.512635404561297244e-04 7.579900000000000000e+04
2.314114772346510165e+02 1.554768444531287423e-03 3.179242683813388293e-06 1.721143578659660130e-04 7.602100000000000000e+04
2.335058467478245632e+02 1.537994467244453625e-03 3.854518285220715028e-06 1.983024954745317642e-04 7.875300000000000000e+04
2.356041652202905539e+02 1.507788131328023033e-03 4.105440163759586758e-06 1.774207625784425773e-04 7.929100000000000000e+04
2.377006336558306998e+02 1.484085054956129713e-03 -5.800901525133076648e-06 1.809760984797823902e-04 8.112900000000000000e+04
2.397972750390475198e+02 1.450610509695972458e-03 -5.332171147157740411e-06 1.784436327566054931e-04 8.244100000000000000e+04
2.418944602532704096e+02 1.441641112314785960e-03 1.007096695521820193e-05 1.865339111936762957e-04 8.394900000000000000e+04
2.439884227569783093e+02 1.418282056356389266e-03 3.232363358608567787e-06 1.825313346643376829e-04 8.512300000000000000e+04
2.460835996828307373e+02 1.396129308753610646e-03 3.037493849433210087e-05 2.246412084240313766e-04 8.692900000000000000e+04
2.481755280705312146e+02 1.378428591099842586e-03 2.761260262649845571e-06 2.377154170353870416e-04 8.778900000000000000e+04
2.502623700647570217e+02 1.349540442553855092e-03 1.037382572982171952e-05 2.361533329671558685e-04 8.962300000000000000e+04
2.523586155105348325e+02 1.337888284886404149e-03 -4.991105621096082666e-06 2.668659974076776904e-04 9.134100000000000000e+04
2.544547077866985489e+02 1.321390305381775834e-03 -1.516259649114037578e-05 2.953079807823377474e-04 9.284500000000000000e+04
2.565487653287422063e+02 1.306069967472289978e-03 -7.078839321917139015e-06 3.413357514036054175e-04 9.408700000000000000e+04
2.586464955058470991e+02 1.295332413514696177e-03 -1.696092315614408817e-05 3.428200118302462832e-04 9.633300000000000000e+04
2.607443047329861656e+02 1.292916987637258291e-03 7.731267733264321441e-06 4.153797632407724583e-04 9.724900000000000000e+04
2.628438312173413465e+02 1.281828236756214941e-03 2.524546880377646194e-06 4.459291832662966889e-04 9.950100000000000000e+04
2.649298855659840228e+02 1.272028741004200408e-03 -6.588888890556256560e-06 4.953758807454351808e-04 9.928300000000000000e+04
2.670163698864117805e+02 1.265999898073592780e-03 1.461103398417784048e-05 5.396230787435601006e-04 1.025370000000000000e+05
2.691120556714307668e+02 1.256684292216370558e-03 3.191982049723720720e-05 4.730857397263704776e-04 1.022830000000000000e+05
2.712074998348403483e+02 1.234410521926275007e-03 4.310150239187847783e-05 2.935872525888141697e-04 1.021060000000000000e+05
2.733050116933233653e+02 1.210838106393875152e-03 5.066064610910531776e-05 1.509278452042888004e-04 1.007340000000000000e+05
2.753977295572417461e+02 1.193834644616992768e-03 6.499249491721803811e-05 -2.069065412723379728e-05 9.999400000000000000e+04
2.774958294534935703e+02 1.180098539873198965e-03 6.625440045119647403e-05 -1.716656091382816893e-04 9.936000000000000000e+04
2.795977707949222122e+02 1.158420166111059219e-03 7.723763526248702952e-05 -3.308267943927932389e-04 9.860800000000000000e+04
2.816862895118986785e+02 1.135250971418448693e-03 7.699829111637218940e-05 -4.454851966584122869e-04 9.625200000000000000e+04
2.837743515740906446e+02 1.114401084692009805e-03 9.585686697692313971e-05 -5.748742681943557874e-04 9.640000000000000000e+04
2.858713251310674650e+02 1.108061850054661672e-03 9.665253183164721189e-05 -6.608773401713097760e-04 9.539800000000000000e+04
2.879670932628575883e+02 1.096093934021840580e-03 8.862051151394705929e-05 -7.675112717374616518e-04 9.402000000000000000e+04
2.900590582015512382e+02 1.082011960156640303e-03 7.985784702077786210e-05 -8.840763745305828952e-04 9.316000000000000000e+04
2.921519201901450060e+02 1.069073428323092300e-03 6.445101932138295054e-05 -9.675675996457604698e-04 9.177600000000000000e+04
2.942485935102203030e+02 1.050605555426934942e-03 4.713392011706555814e-05 -1.057717984414005509e-03 9.137800000000000000e+04
2.963426645133968691e+02 1.031308949860933926e-03 5.581162142121153116e-05 -1.112504746887871916e-03 8.949000000000000000e+04
2.984329904966970162e+02 1.020644880255516069e-03 6.306862437788356992e-05 -1.186998449586004149e-03 8.845000000000000000e+04
3.005290481640043367e+02 1.003201623026157147e-03 5.708815853429591324e-05 -1.255876914605063947e-03 8.794600000000000000e+04
3.026245947235937592e+02 9.913181377940740412e-04 6.444686497398660055e-05 -1.306889502540043747e-03 8.575200000000000000e+04
3.047205651109674704e+02 9.748600218390252991e-04 6.515043951169103697e-05 -1.351844356652312984e-03 8.574400000000000000e+04
3.068167457111920839e+02 9.749233249085201627e-04 4.726201555849033031e-05 -1.412511756196886117e-03 8.322000000000000000e+04
3.089118625384018060e+02 9.540622552987790663e-04 6.216861259665513008e-05 -1.472032357683543445e-03 8.302000000000000000e+04
3.110099981664167785e+02 9.440153002015733239e-04 4.563454489342044768e-05 -1.510144170679279894e-03 8.106400000000000000e+04
3.131040997612852266e+02 9.321367817929761355e-04 4.755657595569320986e-05 -1.543892345035578718e-03 7.983000000000000000e+04
3.151936712677708670e+02 9.257890787330711651e-04 4.375422671116509465e-05 -1.569612722651964921e-03 7.823800000000000000e+04
3.172858841403398173e+02 9.240094999291211539e-04 5.086261365071347707e-05 -1.618728602205175750e-03 7.715400000000000000e+04
3.193772099476266817e+02 9.141774606816333157e-04 5.743658660370321072e-05 -1.653413432720786782e-03 7.546600000000000000e+04
3.214753775151562536e+02 9.109062272840118789e-04 4.836247603058247443e-05 -1.667060226482043562e-03 7.480200000000000000e+04
3.235746879206847666e+02 9.001883730686517171e-04 4.728937637714348240e-05 -1.687319474138479405e-03 7.258000000000000000e+04
3.256647237020029024e+02 8.931311883576518746e-04 4.952509610352040975e-05 -1.709203377320931945e-03 7.133800000000000000e+04
3.277571324083919535e+02 8.869263135895980943e-04 4.810754527410109792e-05 -1.735055886244238474e-03 6.964200000000000000e+04
3.298487111637800240e+02 8.846095737305073982e-04 6.343919505406555095e-05 -1.781618022388793297e-03 6.832600000000000000e+04
3.319433744068021497e+02 8.756182725861801812e-04 4.228929233165392760e-05 -1.771810496700791139e-03 6.674400000000000000e+04
3.340422322988853239e+02 8.754788422102841071e-04 3.687144048848385000e-05 -1.797231103681821854e-03 6.533800000000000000e+04
3.361307892565458246e+02 8.643481147947903445e-04 4.306107067321544190e-05 -1.829377171470575455e-03 6.315600000000000000e+04
3.382251120895489294e+02 8.677286190313705534e-04 3.946459965472083744e-05 -1.855631850895370387e-03 6.214000000000000000e+04
3.403264013195363304e+02 8.689297152092138486e-04 3.573039855213772244e-05 -1.870825225359276818e-03 6.051400000000000000e+04
3.424148842577288860e+02 8.807495418426498565e-04 4.113984021561585335e-05 -1.945988829188941742e-03 5.799000000000000000e+04
3.445099495577244397e+02 8.796496233305095298e-04 3.646132558770642882e-05 -1.966615942916467245e-03 5.742400000000000000e+04
3.466144105402300397e+02 8.738771200522436541e-04 4.142845071390868349e-05 -1.980192185682028757e-03 5.518200000000000000e+04
3.487067496858389859e+02 8.802057479615372224e-04 4.371538405418324191e-05 -2.013235409844257862e-03 5.306800000000000000e+04
3.507912540595516475e+02 8.836261296496382336e-04 4.630519793974808629e-05 -2.032576702828603823e-03 5.152800000000000000e+04
3.528807167895711814e+02 8.861956382038231172e-04 5.075175828785077344e-05 -2.080993783933914477e-03 4.954600000000000000e+04
3.549828487415276754e+02 8.821033934495466728e-04 3.853098984206233173e-05 -2.066916567779153360e-03 4.846600000000000000e+04
3.570768480370360862e+02 8.783307253587178346e-04 3.137827587670704812e-05 -2.076106977863657107e-03 4.566600000000000000e+04
3.591652111747225717e+02 8.835915016960911150e-04 1.229940957589659373e-05 -2.080855039576031632e-03 4.423000000000000000e+04
3.612627896178847777e+02 8.838881607318050272e-04 1.957088707458789551e-05 -2.132744877631269093e-03 4.254000000000000000e+04
3.633645820428338880e+02 8.855269359235198694e-04 1.785157234125328809e-05 -2.167680186776206001e-03 4.022200000000000000e+04
3.654527365610065885e+02 8.989963478479123631e-04 1.574849284731277461e-05 -2.197849777125774739e-03 3.842200000000000000e+04
3.675441472124314259e+02 8.939767439917516633e-04 2.698106978131219630e-05 -2.266445394161964097e-03 3.624600000000000000e+04
3.696396280380744201e+02 9.198620098557593527e-04 3.228218675420788970e-05 -2.332927772417482670e-03 3.455200000000000000e+04
3.717297223820279441e+02 9.145678274009102918e-04 3.972086994876708249e-05 -2.389562903360719151e-03 3.213600000000000000e+04
3.738176974939287902e+02 9.271844581618472790e-04 3.882264419673308898e-05 -2.449494281969321566e-03 3.029200000000000000e+04
3.759110996783247174e+02 9.197131509917629922e-04 3.645639094581858971e-05 -2.488122251775929696e-03 2.830200000000000000e+04
3.780081394014102898e+02 9.258964231157274048e-04 3.009710624399487079e-05 -2.559380808317554806e-03 2.605600000000000000e+04
3.801051557582653118e+02 9.282886438990565646e-04 2.104935915673352976e-05 -2.605343570587141319e-03 2.421100000000000000e+04
3.821955053587425937e+02 9.053169156583531531e-04 1.787417426242764060e-05 -2.610011825791347384e-03 2.220600000000000000e+04
3.842862749912937943e+02 8.975216981192908660e-04 3.075241270947150761e-06 -2.631408171822720993e-03 2.088400000000000000e+04
3.863841918340856409e+02 8.861157577518684499e-04 1.020079395118097579e-05 -2.644175550788049195e-03 1.939200000000000000e+04
3.884771734501698006e+02 8.891932038701255703e-04 8.761152145642009910e-06 -2.690224274568788886e-03 1.805800000000000000e+04
3.905623371605522607e+02 8.881584967136539350e-04 4.095496918353857380e-06 -2.715944780433522145e-03 1.674600000000000000e+04
3.926667500119167471e+02 8.882547619011940416e-04 1.554552821193282258e-05 -2.768696149678201001e-03 1.589800000000000000e+04
3.947778557744774162e+02 9.091493313289158475e-04 1.211517899023039792e-05 -2.851135920684563178e-03 1.457800000000000000e+04
3.968631060462392952e+02 9.258325214244205901e-04 2.067643071094024443e-06 -2.915314051639336917e-03 1.344300000000000000e+04
3.989413219049817485e+02 9.380595140977511168e-04 1.478936694399670818e-05 -3.001735779978882863e-03 1.251100000000000000e+04
4.010572258526528344e+02 9.464636282184241481e-04 1.536940657791876415e-05 -3.055379046913140034e-03 1.191900000000000000e+04
4.031656962107319373e+02 9.756003238617703792e-04 2.644236389392736606e-05 -3.182363988704274820e-03 1.063900000000000000e+04
4.052249146637423678e+02 9.853854639019473186e-04 1.654414648371519553e-05 -3.228014640356679111e-03 9.775000000000000000e+03
4.073276634718891387e+02 1.006206953781542835e-03 3.507035801841098427e-06 -3.306675832867964938e-03 9.423000000000000000e+03
4.094593776408451049e+02 1.007943125117785567e-03 1.490052494179204235e-05 -3.346493103784494751e-03 8.449000000000000000e+03
4.115405539130957777e+02 1.060892543534879126e-03 4.106579736706930275e-06 -3.529034660952052975e-03 7.596000000000000000e+03
4.135894252671187132e+02 1.067149059986756540e-03 -1.570821482945564964e-05 -3.537977055423871531e-03 6.931000000000000000e+03
4.156930049049321951e+02 1.076369064143668222e-03 -2.673338864966967562e-06 -3.609324509520824963e-03 6.612000000000000000e+03
4.178272827209258367e+02 1.095740916249254415e-03 -8.370752283148043770e-06 -3.680251999106271075e-03 5.899000000000000000e+03
4.199082037741286513e+02 1.093308419087005417e-03 -3.220821054296020727e-06 -3.691605166470926600e-03 5.176000000000000000e+03
4.219826095167229028e+02 1.113558746959693486e-03 -3.826247549076151971e-06 -3.775261763497619102e-03 4.824000000000000000e+03
4.241028763136273483e+02 1.129567267341810306e-03 7.608577225064670284e-06 -3.864355393395230761e-03 4.312000000000000000e+03
4.262107721966358440e+02 1.143949389259186307e-03 2.648986888849854248e-06 -3.915591165489656217e-03 3.819000000000000000e+03
4.282460731868927724e+02 1.182362012441653346e-03 -3.139253869301829611e-06 -4.048481135319807050e-03 3.220000000000000000e+03
4.303287648834323136e+02 1.175175209322684277e-03 1.295170165425043830e-05 -4.058110280426341192e-03 3.132000000000000000e+03
4.325172248853483552e+02 1.215960981819723266e-03 7.602688298822362027e-06 -4.202557050210975996e-03 2.680000000000000000e+03
4.346325070601815810e+02 1.279942669435199607e-03 2.254842933712970275e-06 -4.423564169556417139e-03 2.218000000000000000e+03
4.365567227659553851e+02 1.312332601147149676e-03 -4.477275754169007032e-06 -4.530456569885468222e-03 1.728000000000000000e+03
4.386277159174848634e+02 1.375890934151684881e-03 -3.235489511780614072e-06 -4.770706494515808936e-03 1.816000000000000000e+03
4.409019266196692683e+02 1.432378311281878088e-03 -1.384449552073123001e-05 -4.961213497535761630e-03 1.476000000000000000e+03
4.430735479208619836e+02 1.591476825758055555e-03 -3.539725358893527142e-05 -5.497365930585626503e-03 1.108000000000000000e+03
4.448761117541747012e+02 1.651180233527122041e-03 -1.890947525736434137e-05 -5.722004018066717546e-03 7.560000000000000000e+02
4.469343758523184533e+02 1.684985070872351129e-03 -8.770125377415415605e-06 -5.864704265088475574e-03 8.440000000000000000e+02
4.493013102792758104e+02 1.864943842729401002e-03 -8.243603363521307873e-06 -6.500325724167055688e-03 6.280000000000000000e+02
4.515989744176221734e+02 1.884613914642453182e-03 2.789861159714782296e-06 -6.587076652607006498e-03 4.050000000000000000e+02
4.533101867737696580e+02 1.748079876156541672e-03 4.149349881430375660e-07 -6.105166566153234081e-03 2.020000000000000000e+02
4.552338387398290820e+02 1.805815987107762177e-03 -9.884518486741285025e-07 -6.313056344349326880e-03 2.280000000000000000e+02
4.576034578613840722e+02 1.979062744660477560e-03 -1.559185504651855393e-05 -6.906313673528001462e-03 1.240000000000000000e+02
4.599517872444100703e+02 1.464151569818344760e-03 -5.851694216710230778e-06 -5.117237266424217064e-03 5.200000000000000000e+01
4.619205689144050666e+02 1.127962302495754722e-03 -9.581382333056548387e-06 -3.937389553756220038e-03 9.000000000000000000e+00
4.634281054380590490e+02 9.619217063450582030e-04 -1.480028321592880316e-05 -3.351563326723935778e-03 4.000000000000000000e+00
