2.966547074898984615e+00 2.143438957685867285e-01 6.196719892032602484e-02 5.097594885924552344e-01 1.300000000000000000e+01
5.026374055021858744e+00 9.189060278054241027e-02 -1.398936924055860925e-02 1.003843847922708254e-01 3.300000000000000000e+01
7.149300621522788113e+00 3.956338032021378126e-02 -2.168457916104568877e-03 1.297133567080597377e-02 7.900000000000000000e+01
9.278869254964254409e+00 2.497070832725469328e-02 3.382523705352103675e-03 -1.904260276881082365e-03 1.170000000000000000e+02
1.145033261934470126e+01 1.826346396206480344e-02 2.027348404812404949e-03 -1.170598519499907193e-03 2.050000000000000000e+02
1.349295587141915043e+01 1.338006418853271429e-02 1.414021486923008322e-03 1.596002414786688731e-03 2.350000000000000000e+02
1.558905561191892986e+01 1.111683923882767454e-02 -1.090761358157526411e-03 -1.369399048170092249e-04 3.690000000000000000e+02
1.769408367255316961e+01 9.441497407998170055e-03 -1.967399423303587813e-03 2.898559910768486766e-04 4.330000000000000000e+02
1.981787480313529670e+01 7.278079765099086315e-03 -1.660382820178509311e-05 -1.875111845623017896e-04 5.850000000000000000e+02
2.192074938196263645e+01 6.575138210231670083e-03 -2.658582770222664557e-04 2.020167108889300367e-04 6.790000000000000000e+02
2.398877635566245203e+01 5.679692574331961404e-03 4.377746017578431942e-04 -2.768490806959285279e-04 8.130000000000000000e+02
2.609286971896115759e+01 5.008220191925347002e-03 5.997784475703436639e-04 -1.166795787199068936e-03 9.850000000000000000e+02
2.823466315278179550e+01 4.829902778772532206e-03 6.039216891427669339e-04 5.928427276968912976e-05 1.183000000000000000e+03
3.032284873509123102e+01 4.258468861664524950e-03 1.605721375341975386e-04 -4.522493596632027571e-04 1.269000000000000000e+03
3.240263258943403457e+01 4.081558866955705897e-03 -1.618787597417706726e-04 -4.875161229616595303e-04 1.537000000000000000e+03
3.449210129864554375e+01 3.779390890336230182e-03 2.049443662259165173e-04 -3.387178107934834485e-04 1.653000000000000000e+03
3.658588147515196454e+01 3.512995964673219871e-03 7.766605382658993894e-05 9.753465838496055528e-05 1.963000000000000000e+03
3.868476949266977272e+01 3.373197145810702142e-03 6.222762604484511392e-05 -2.244940894289970809e-04 2.121000000000000000e+03
4.078898888458283523e+01 3.083154861466576736e-03 2.732113256659223811e-04 -1.195953886770428443e-04 2.413000000000000000e+03
4.289390876967645738e+01 2.836919182834788788e-03 4.881233129360026610e-05 -1.119271682733165600e-04 2.635000000000000000e+03
4.498336005546935468e+01 2.791917996083448459e-03 -9.147510892380442517e-05 -8.717385485590869022e-05 2.877000000000000000e+03
4.706498529473824988e+01 2.758388147439666017e-03 -1.207171961587400383e-04 -1.814584873487968262e-04 3.169000000000000000e+03
4.917111919158227096e+01 2.550575943913010058e-03 -1.566281688024935136e-04 -2.522102582355161405e-04 3.507000000000000000e+03
5.126216914174227668e+01 2.409083300920089425e-03 -2.624225557898762014e-04 -1.299739192199519163e-04 3.685000000000000000e+03
5.335525146837034072e+01 2.273677007186748582e-03 -1.292350980844047528e-04 1.174977439373038328e-05 4.165000000000000000e+03
5.546637228956934251e+01 2.115222538152265307e-03 -5.529137988651164836e-05 1.414187999749153110e-04 4.377000000000000000e+03
5.757318819254808773e+01 1.977863900351308109e-03 1.028157410382480652e-05 2.474372709648204422e-04 4.855000000000000000e+03
5.965884044590281121e+01 1.854981813553861552e-03 -1.987630204139652139e-06 2.054307264558407036e-04 4.929000000000000000e+03
6.174512302159506305e+01 1.735002231693894351e-03 -1.350900432488497962e-04 1.448176826536706448e-04 5.581000000000000000e+03
6.382689291137189969e+01 1.659755676194265249e-03 -2.508674747740309371e-05 3.708566958690589100e-04 5.679000000000000000e+03
6.592966228838450604e+01 1.543756686142489041e-03 -1.057434083384304452e-04 2.339856149989674727e-04 6.385000000000000000e+03
6.803125784825746791e+01 1.507020900401196935e-03 -1.082396506011672243e-04 2.323432091512057484e-04 6.553000000000000000e+03
7.013131008699485847e+01 1.436707083961452983e-03 -7.251155940290570897e-05 1.203418271520122538e-04 7.125000000000000000e+03
7.223032366074338029e+01 1.383023107226556562e-03 -1.037161063037659822e-04 9.314896914480746580e-05 7.447000000000000000e+03
7.432334270720505742e+01 1.304699447920289928e-03 -1.207615407060616894e-04 3.655369427640408166e-05 7.929000000000000000e+03
7.642066756954473306e+01 1.236496898808813740e-03 -1.165000324220336308e-04 -1.303512719377633598e-05 8.353000000000000000e+03
7.850471694556040347e+01 1.175529907223092467e-03 -8.777569479885259933e-05 1.072243921242018854e-04 8.775000000000000000e+03
8.059701946059529121e+01 1.146438526213280689e-03 -1.653195814308361969e-05 6.279055796741730554e-05 9.313000000000000000e+03
8.269521798132063850e+01 1.080818786253035868e-03 -8.892337764201758076e-05 -4.945616165018670098e-06 9.841000000000000000e+03
8.478307522909847194e+01 1.032938653930959468e-03 -1.041224004093715022e-04 2.934196941969950919e-05 1.019100000000000000e+04
8.687780839616016237e+01 9.874341842739439018e-04 -8.715263824450471383e-05 -1.008828309395314671e-05 1.089700000000000000e+04
8.897524569656535220e+01 9.347052848383986118e-04 -4.141904682557900219e-05 1.983303904477594514e-05 1.130100000000000000e+04
9.108077810470518898e+01 8.898582067562788630e-04 -3.808269821755945196e-05 2.587954076528698461e-05 1.202500000000000000e+04
9.318432266948052245e+01 8.640241293978700434e-04 -8.902725643586387638e-05 6.048317715261320002e-05 1.242300000000000000e+04
9.527887641048309320e+01 8.261544672241674008e-04 -2.724804727080675271e-05 5.333748181960401823e-05 1.302100000000000000e+04
9.736254237981037818e+01 7.910885300073981167e-04 -6.358714200010501987e-05 4.298849012997023582e-05 1.340500000000000000e+04
9.944832814799407572e+01 7.483809334542785956e-04 -3.948201974716668983e-05 2.921869038109886740e-05 1.424700000000000000e+04
1.015460879802399035e+02 7.259915513964996896e-04 -4.359300838801382906e-05 5.275214894702155184e-05 1.471300000000000000e+04
1.036426375667732316e+02 6.942750719304497178e-04 -7.767018968112267643e-05 1.893781029040580250e-05 1.548900000000000000e+04
1.057389390539465950e+02 6.596117826921574483e-04 -5.147434212775137022e-05 1.964074828396745114e-05 1.591300000000000000e+04
1.078395855981474227e+02 6.309635499784759655e-04 -5.447410082675054082e-05 3.539961360730252605e-05 1.687900000000000000e+04
1.099389405850131709e+02 5.982932831519652663e-04 -3.719458328196414737e-05 4.123062182728669364e-05 1.719300000000000000e+04
1.120392143152385387e+02 5.762762785124115076e-04 -4.021074034635997192e-05 2.254890835767805150e-05 1.815700000000000000e+04
1.141233458569757744e+02 5.523240953930182249e-04 -3.947977976554914708e-05 3.828876939479071353e-05 1.833900000000000000e+04
1.162159397555423084e+02 5.388797307616699549e-04 -5.195367427712696692e-05 5.089724558542991920e-05 1.957300000000000000e+04
1.183137204803772420e+02 5.224221057370760299e-04 -5.073644902762181725e-05 -3.136547423664822748e-06 1.994100000000000000e+04
1.203972311807013256e+02 5.009105351328008377e-04 -4.901028114594581852e-05 4.203121059318953867e-05 2.062900000000000000e+04
1.224922363187857286e+02 4.798743622158632401e-04 -4.113395858330792587e-05 4.281702473079059673e-05 2.165500000000000000e+04
1.245882598425863534e+02 4.575234520077733230e-04 -3.749411683919506795e-05 4.477983077593506486e-05 2.211300000000000000e+04
1.266884677158377315e+02 4.447974988370526962e-04 -3.679294329892474638e-05 1.920514859779325328e-05 2.318500000000000000e+04
1.287846620419940962e+02 4.277614165194646161e-04 -3.266061525872561541e-05 3.304652438310310374e-05 2.366700000000000000e+04
1.308713393788149801e+02 4.136931161550578195e-04 -2.942179100742450007e-05 2.323173278634525993e-05 2.438500000000000000e+04
1.329754833440644575e+02 3.996599822782981597e-04 -2.076560148477822566e-05 2.218778667791375568e-05 2.574900000000000000e+04
1.350691081525609434e+02 3.885233636364644120e-04 -1.626745407368673053e-05 2.392743445753153496e-05 2.567500000000000000e+04
1.371638825856825576e+02 3.718660411545994700e-04 -1.689778519631678725e-05 5.136580452794083971e-06 2.740900000000000000e+04
1.392604757372163533e+02 3.599077545523853851e-04 -2.705032848763598761e-05 1.484002410870962049e-05 2.740500000000000000e+04
1.413466882908376760e+02 3.506012271111532612e-04 -3.292728622671613464e-05 9.206184930017022203e-06 2.871700000000000000e+04
1.434475230090064031e+02 3.335741017260765657e-04 -1.702102803610363937e-05 1.264283811111110973e-05 2.959500000000000000e+04
1.455452853418541679e+02 3.243137767318889412e-04 -1.097345757954811969e-05 9.652545718190300720e-06 3.030100000000000000e+04
1.476332061073587738e+02 3.178857724316593351e-04 -1.857318277545362277e-05 1.489902830849501090e-05 3.110100000000000000e+04
1.497211472843286231e+02 3.034897547283829742e-04 -1.932479194876918051e-05 5.586415754131936149e-06 3.202300000000000000e+04
1.518138048751577287e+02 2.896585820530767812e-04 -1.435787600679501305e-05 1.191526061477032452e-05 3.297700000000000000e+04
1.539211490100352648e+02 2.872604533283385831e-04 -1.961609314893683308e-05 1.643913538835961452e-05 3.444900000000000000e+04
1.560214747341236716e+02 2.794953292738625093e-04 -1.311445999844281138e-05 1.595632426478586102e-05 3.454900000000000000e+04
1.581161747588121784e+02 2.713144733428257487e-04 -1.447725651570330859e-05 5.273777689043791683e-06 3.611100000000000000e+04
1.602118712271799836e+02 2.633816020751118575e-04 -1.519007978477331311e-05 2.411794516482509466e-05 3.654100000000000000e+04
1.623006419462898862e+02 2.578025580920285465e-04 -2.148280898070928710e-05 1.187664321841696954e-05 3.771700000000000000e+04
1.643899033199985240e+02 2.520817593961800275e-04 -2.050454219881184118e-05 1.179777844431335908e-05 3.861900000000000000e+04
1.664835582381511756e+02 2.453589565243453441e-04 -1.613140365699826048e-05 1.890374497247730733e-05 3.966100000000000000e+04
1.685719683778473552e+02 2.370838951535543017e-04 -1.826559130655389400e-05 1.536266342153469428e-05 4.054500000000000000e+04
1.706641332089364766e+02 2.314326213872810697e-04 -1.596059200253246155e-05 1.105092306740034194e-05 4.181500000000000000e+04
1.727708699256135390e+02 2.239641073470958110e-04 -9.405850548977493587e-06 6.054525591977051221e-06 4.312500000000000000e+04
1.748696546009699659e+02 2.198191370504292232e-04 -1.182447289953781095e-05 7.091585326408099125e-06 4.368100000000000000e+04
1.769585769494445344e+02 2.137651823785324801e-04 -1.263467625590859135e-05 2.715162082141281446e-06 4.462900000000000000e+04
1.790524509315575301e+02 2.090590308811815284e-04 -9.977433090151533281e-06 5.797054819548406879e-06 4.622700000000000000e+04
1.811526521261263554e+02 2.029232359125321395e-04 -1.064009817942810512e-05 1.267823366037784163e-05 4.690900000000000000e+04
1.832476884130738881e+02 1.981722037404601712e-04 -1.460683722485497048e-05 5.561002325988653107e-06 4.823700000000000000e+04
1.853312475833926101e+02 1.934913708240477731e-04 -1.213366189143045908e-05 1.639771367511841466e-05 4.858300000000000000e+04
1.874284892203218931e+02 1.889413333306513897e-04 -8.980679039831237617e-06 1.184648187309440499e-05 5.099700000000000000e+04
1.895337179075755216e+02 1.828820776225115424e-04 -6.867323205061129189e-06 1.097831052173056077e-05 5.139700000000000000e+04
1.916268196474026126e+02 1.773444500756440596e-04 -6.944168501074439292e-06 3.838002895167645981e-06 5.248900000000000000e+04
1.937183403446852878e+02 1.745558179960202149e-04 -8.289713956088666380e-06 7.507515822321009943e-06 5.378700000000000000e+04
1.958131498886989164e+02 1.693436272574685357e-04 -7.172195968143448741e-06 7.725062769700537642e-06 5.491300000000000000e+04
1.979058740098966211e+02 1.658285250182855183e-04 -5.054356013762983397e-06 8.680998394918306829e-06 5.597700000000000000e+04
1.999990651597893816e+02 1.613076468349483616e-04 -4.559625644498452414e-06 7.940636073639555331e-06 5.741500000000000000e+04
2.020893038374759101e+02 1.588908077602984735e-04 -3.398098272661006512e-06 3.209377575385672101e-06 5.810500000000000000e+04
2.041823192148177952e+02 1.556941781320599961e-04 -7.187720395195088199e-07 4.225185267614141061e-06 6.003300000000000000e+04
2.062825911013838152e+02 1.514039449408747205e-04 -1.026614411178966963e-06 7.183421864170598600e-06 6.094900000000000000e+04
2.083770189145966185e+02 1.492398469103707300e-04 -4.919091692244399479e-06 8.434978762770288757e-06 6.223500000000000000e+04
2.104675816794403431e+02 1.482900756185595418e-04 -4.358110936729559331e-06 8.784359551926088688e-06 6.322900000000000000e+04
2.125667854244018145e+02 1.456610364488356761e-04 -3.605417997633907799e-06 1.023382095340763572e-05 6.513300000000000000e+04
2.146619261104851830e+02 1.411098603179622088e-04 -4.050539319967046104e-06 1.218831856569235049e-05 6.570700000000000000e+04
2.167561805722037036e+02 1.395401485438531981e-04 -3.105952586028843324e-06 1.359241220036383779e-05 6.756100000000000000e+04
2.188528705899679210e+02 1.361531146532882425e-04 -4.408308279231990323e-06 1.096075997999569478e-05 6.850500000000000000e+04
2.209456427453084473e+02 1.332957312835686024e-04 -5.458903904380285737e-06 1.465032824974740115e-05 6.994300000000000000e+04
2.230395148320731096e+02 1.310831443434950204e-04 -2.395018669819027289e-06 1.485867902562245166e-05 7.109700000000000000e+04
2.251356732858534997e+02 1.284799081159017863e-04 -3.139560946725233819e-06 1.568193304233813889e-05 7.302100000000000000e+04
2.272278504864401327e+02 1.274446114561981417e-04 -3.088340668578827449e-06 1.709051879426517752e-05 7.331700000000000000e+04
2.293197511287232544e+02 1.245834665017028775e-04 -2.613227202385625325e-06 1.641623792737919430e-05 7.579900000000000000e+04
2.314114772346510165e+02 1.218953129579146264e-04 -2.264838629620671597e-06 1.884142584753603801e-05 7.602100000000000000e+04
2.335058467478245632e+02 1.206094687794979366e-04 -1.481671411640595654e-06 2.041604604521560622e-05 7.875300000000000000e+04
2.356041652202905539e+02 1.179460118867251911e-04 1.066454732732255864e-07 1.765975709283585008e-05 7.929100000000000000e+04
2.377006336558306998e+02 1.164322961557678096e-04 -1.562972114865657896e-06 1.663197584016053624e-05 8.112900000000000000e+04
2.397972750390475198e+02 1.141837877049006701e-04 -7.937018718315470981e-07 2.017335026472332447e-05 8.244100000000000000e+04
2.418944602532704096e+02 1.135899733390477608e-04 -3.284931830908523875e-07 2.065999255002125444e-05 8.394900000000000000e+04
2.439884227569783093e+02 1.128664028147721791e-04 -1.042086426814771039e-07 2.188832228345030789e-05 8.512300000000000000e+04
2.460835996828307373e+02 1.105694562987182835e-04 4.254546084927486863e-07 2.539039684997473580e-05 8.692900000000000000e+04
2.481755280705312146e+02 1.094112466655273319e-04 -5.106404375675932266e-08 2.241200419574078872e-05 8.778900000000000000e+04
2.502623700647570217e+02 1.093000232649865496e-04 -6.514677850292385797e-07 2.948478246176457849e-05 8.962300000000000000e+04
2.523586155105348325e+02 1.074083045980018901e-04 1.699559507216988207e-06 2.729824653470035419e-05 9.134100000000000000e+04
2.544547077866985489e+02 1.068452512951078350e-04 -9.492507896644397058e-07 3.311096311564527351e-05 9.284500000000000000e+04
2.565487653287422063e+02 1.062314071888518976e-04 -1.526016909246216926e-06 3.528389248325856887e-05 9.408700000000000000e+04
2.586464955058470991e+02 1.045590946204968486e-04 -2.031021885500416259e-06 3.475592608488874905e-05 9.633300000000000000e+04
2.607443047329861656e+02 1.049425160574289395e-04 -2.278541307168873696e-06 4.280463216006645977e-05 9.724900000000000000e+04
2.628438312173413465e+02 1.044701783043756665e-04 -2.198616884147481144e-07 4.426771245223216027e-05 9.950100000000000000e+04
2.649298855659840228e+02 1.042642785234478388e-04 -1.021001978789830932e-06 4.702926018469878446e-05 9.928300000000000000e+04
2.670163698864117805e+02 1.041438959960202799e-04 -8.837248285497963461e-07 5.038787754384172835e-05 1.025370000000000000e+05
2.691120556714307668e+02 1.035669702696929501e-04 -1.321291554037087993e-06 4.476745645255165263e-05 1.022830000000000000e+05
2.712074998348403483e+02 1.017368685376464154e-04 -8.061070667704860581e-07 2.762485133604957436e-05 1.021060000000000000e+05
2.733050116933233653e+02 1.000349813386158489e-04 -1.024648139007351961e-06 1.440954354815296468e-05 1.007340000000000000e+05
2.753977295572417461e+02 9.803799080376081039e-05 -4.069058980375059090e-07 5.471870531175512541e-08 9.999400000000000000e+04
2.774958294534935703e+02 9.749304392550292055e-05 -9.062907216894108287e-07 -9.739390626478277964e-06 9.936000000000000000e+04
2.795977707949222122e+02 9.591027636477844186e-05 -4.641728565611548183e-07 -2.457527448878642074e-05 9.860800000000000000e+04
2.816862895118986785e+02 9.507778503239581720e-05 -3.176131574718362229e-07 -3.727707986301506828e-05 9.625200000000000000e+04
2.837743515740906446e+02 9.398150231939191295e-05 -5.204739680010515340e-07 -4.617898306439740066e-05 9.640000000000000000e+04
2.858713251310674650e+02 9.248094041330095160e-05 6.906503126954808865e-08 -5.435524871076997326e-05 9.539800000000000000e+04
2.879670932628575883e+02 9.101085920908666188e-05 1.469229208546780858e-06 -6.226473327731304119e-05 9.402000000000000000e+04
2.900590582015512382e+02 9.014813244990361595e-05 9.249027807397641155e-07 -7.026446337390066833e-05 9.316000000000000000e+04
2.921519201901450060e+02 8.888619282401448907e-05 2.055527189617079918e-06 -7.820633871822443785e-05 9.177600000000000000e+04
2.942485935102203030e+02 8.749173883700799232e-05 1.510115516175409206e-06 -8.313972403779525914e-05 9.137800000000000000e+04
2.963426645133968691e+02 8.714327581387667728e-05 1.172398058988898617e-06 -8.966253034967664706e-05 8.949000000000000000e+04
2.984329904966970162e+02 8.625159432061761992e-05 2.252402785639874116e-07 -9.661146526865492979e-05 8.845000000000000000e+04
3.005290481640043367e+02 8.549769979676453383e-05 -5.923462771010736636e-07 -1.016290130626767529e-04 8.794600000000000000e+04
3.026245947235937592e+02 8.448036084188476470e-05 -7.223712012660918980e-07 -1.057176651034558623e-04 8.575200000000000000e+04
3.047205651109674704e+02 8.320901728124637583e-05 -6.885423608556504301e-07 -1.089230265045522291e-04 8.574400000000000000e+04
3.068167457111920839e+02 8.230638748606707142e-05 -1.699036085745507881e-06 -1.119721863954528424e-04 8.322000000000000000e+04
3.089118625384018060e+02 8.140346623042130113e-05 1.975368081788242944e-07 -1.165775142210788770e-04 8.302000000000000000e+04
3.110099981664167785e+02 8.095578944251335409e-05 -3.577889356413671315e-07 -1.194445575840814220e-04 8.106400000000000000e+04
3.131040997612852266e+02 8.049355191654391042e-05 6.491126142809245913e-07 -1.252627819563095258e-04 7.983000000000000000e+04
3.151936712677708670e+02 8.017303040166038936e-05 -4.324678729631359293e-07 -1.278319163327142592e-04 7.823800000000000000e+04
3.172858841403398173e+02 7.956726104967641524e-05 -2.233909735148610887e-07 -1.315242022219960893e-04 7.715400000000000000e+04
3.193772099476266817e+02 7.915337446386558839e-05 -1.305212830277844139e-06 -1.333269406794804809e-04 7.546600000000000000e+04
3.214753775151562536e+02 7.969589437035569043e-05 -1.726476615745799264e-06 -1.381942886314551473e-04 7.480200000000000000e+04
3.235746879206847666e+02 7.882762780074709390e-05 -6.785463248620949441e-07 -1.417804665252143622e-04 7.258000000000000000e+04
3.256647237020029024e+02 7.868804629568634931e-05 -1.934779124856254770e-06 -1.428463683764066839e-04 7.133800000000000000e+04
3.277571324083919535e+02 7.820203393533149499e-05 -1.744048722073426189e-06 -1.443234116162242259e-04 6.964200000000000000e+04
3.298487111637800240e+02 7.763437476417757227e-05 -1.928954148612530377e-06 -1.461422228865874530e-04 6.832600000000000000e+04
3.319433744068021497e+02 7.739890920786545619e-05 -1.926469474633762031e-06 -1.492609036342454917e-04 6.674400000000000000e+04
3.340422322988853239e+02 7.732918762183940177e-05 -1.392453824705427679e-06 -1.521334860656808571e-04 6.533800000000000000e+04
3.361307892565458246e+02 7.679449242058237471e-05 -4.989108494182667434e-07 -1.551243831991880936e-04 6.315600000000000000e+04
3.382251120895489294e+02 7.687444373385374794e-05 -7.518394494336833050e-07 -1.567868020189642749e-04 6.214000000000000000e+04
3.403264013195363304e+02 7.676001367700228343e-05 -9.169076098446913561e-07 -1.582944914485521950e-04 6.051400000000000000e+04
3.424148842577288860e+02 7.623245121048093651e-05 2.889544336761513991e-07 -1.616516726197586519e-04 5.799000000000000000e+04
3.445099495577244397e+02 7.614196538822423741e-05 -7.174184746891988374e-07 -1.621427301933246355e-04 5.742400000000000000e+04
3.466144105402300397e+02 7.628386816519517114e-05 -4.067633039114687435e-07 -1.653779207919431804e-04 5.518200000000000000e+04
3.487067496858389859e+02 7.688749176676330831e-05 -4.607224136585364889e-07 -1.690467983147610654e-04 5.306800000000000000e+04
3.507912540595516475e+02 7.728152301552664743e-05 -2.545649498978452134e-07 -1.717878529673830723e-04 5.152800000000000000e+04
3.528807167895711814e+02 7.685129307490436504e-05 5.341363366850015668e-07 -1.742273232566565202e-04 4.954600000000000000e+04
3.549828487415276754e+02 7.783234668758773225e-05 2.880044593768915054e-07 -1.768120130684812613e-04 4.846600000000000000e+04
3.570768480370360862e+02 7.978610455318954978e-05 -5.399282074765669402e-07 -1.832169727313692103e-04 4.566600000000000000e+04
3.591652111747225717e+02 7.924597944859704713e-05 1.394995886708577038e-07 -1.852015023976217049e-04 4.423000000000000000e+04
3.612627896178847777e+02 7.972972207270762448e-05 -2.424666924666463765e-07 -1.875835653035343804e-04 4.254000000000000000e+04
3.633645820428338880e+02 8.060281108856143858e-05 4.586456640706269191e-07 -1.939711949143629465e-04 4.022200000000000000e+04
3.654527365610065885e+02 8.130793244570150193e-05 4.648905000900560033e-07 -1.953982123033854313e-04 3.842200000000000000e+04
3.675441472124314259e+02 8.059250467561652705e-05 -2.073216903659804593e-07 -1.969236539698392715e-04 3.624600000000000000e+04
3.696396280380744201e+02 8.042278445413257582e-05 2.325888052348333464e-07 -1.986605047781226199e-04 3.455200000000000000e+04
3.717297223820279441e+02 7.974309520755639628e-05 -5.889978858351852303e-07 -2.000591246481797886e-04 3.213600000000000000e+04
3.738176974939287902e+02 7.913694465347196466e-05 1.936574144421628364e-07 -2.034449372076304577e-04 3.029200000000000000e+04
3.759110996783247174e+02 7.781969387321433299e-05 -4.010764815465393093e-07 -2.045867595370779086e-04 2.830200000000000000e+04
3.780081394014102898e+02 7.834637748113882022e-05 -1.306147026794562212e-06 -2.101646837899293443e-04 2.605600000000000000e+04
3.801051557582653118e+02 7.642029257450450334e-05 1.284365548758685614e-06 -2.149931425922885285e-04 2.421100000000000000e+04
3.821955053587425937e+02 7.706590160230435236e-05 -7.099476099435955337e-07 -2.194522339206528120e-04 2.220600000000000000e+04
3.842862749912937943e+02 7.594588431302401769e-05 -1.128908110798991397e-07 -2.213803799140540987e-04 2.088400000000000000e+04
3.863841918340856409e+02 7.759418106867330925e-05 -1.865720774278334559e-06 -2.268328823764046624e-04 1.939200000000000000e+04
3.884771734501698006e+02 7.717974348459238736e-05 -5.616471226847507444e-07 -2.316169286784060667e-04 1.805800000000000000e+04
3.905623371605522607e+02 7.667392673671812975e-05 -2.525037722661921737e-06 -2.297935901162069311e-04 1.674600000000000000e+04
3.926667500119167471e+02 7.623841131653388999e-05 -1.120112613877232840e-06 -2.343582484608341227e-04 1.589800000000000000e+04
3.947778557744774162e+02 7.857730455652423614e-05 -1.011122415741264833e-06 -2.438418900016924734e-04 1.457800000000000000e+04
3.968631060462392952e+02 7.914167453717330309e-05 -4.609595213188699230e-07 -2.484559137100670451e-04 1.344300000000000000e+04
3.989413219049817485e+02 8.012635689358624269e-05 -4.929496521941971115e-07 -2.543965085471660702e-04 1.251100000000000000e+04
4.010572258526528344e+02 8.159376158488297007e-05 -1.768376204881315710e-06 -2.596149539354406476e-04 1.191900000000000000e+04
4.031656962107319373e+02 8.176766803651875379e-05 -9.469898320528036742e-07 -2.628193117026046102e-04 1.063900000000000000e+04
4.052249146637423678e+02 8.014779228378320682e-05 -3.760306318637251332e-08 -2.609648709861985059e-04 9.775000000000000000e+03
4.073276634718891387e+02 8.241877076088592450e-05 -3.624570139860160672e-07 -2.699723751330763998e-04 9.423000000000000000e+03
4.094593776408451049e+02 8.156003941431619667e-05 7.874443925920290853e-07 -2.700583134875547036e-04 8.449000000000000000e+03
4.115405539130957777e+02 8.300668172577997824e-05 7.281115616123516407e-07 -2.762240314333249541e-04 7.596000000000000000e+03
4.135894252671187132e+02 8.434319547110173643e-05 -1.279510424016159169e-06 -2.797002877023481871e-04 6.931000000000000000e+03
4.156930049049321951e+02 8.536501687047023761e-05 -4.617207408945427793e-07 -2.863350163309004198e-04 6.612000000000000000e+03
4.178272827209258367e+02 8.520477982798099130e-05 -5.033537643576100174e-07 -2.867548791764367431e-04 5.899000000000000000e+03
4.199082037741286513e+02 8.563570220255940768e-05 -2.756029177177337381e-07 -2.894967074356153856e-04 5.176000000000000000e+03
4.219826095167229028e+02 8.619249516947126704e-05 7.641554810691631257e-08 -2.926148842150364362e-04 4.824000000000000000e+03
4.241028763136273483e+02 9.076934132116578680e-05 6.803281941044027049e-07 -3.104080307720981672e-04 4.312000000000000000e+03
4.262107721966358440e+02 9.071107250555508707e-05 -5.879166466999229608e-07 -3.097288756434306485e-04 3.819000000000000000e+03
4.282460731868927724e+02 9.371565868853398023e-05 -7.237047678945018212e-07 -3.202786234161217977e-04 3.220000000000000000e+03
4.303287648834323136e+02 9.778005974520703433e-05 -8.685252290356234134e-07 -3.354008019271035191e-04 3.132000000000000000e+03
4.325172248853483552e+02 9.854187656814417833e-05 8.019151822542650132e-07 -3.405970641552015423e-04 2.680000000000000000e+03
4.346325070601815810e+02 9.916024036098871404e-05 3.570564016643165750e-07 -3.428476193691465390e-04 2.218000000000000000e+03
4.365567227659553851e+02 1.006784949496650618e-04 2.600969718874525955e-07 -3.481129336783936367e-04 1.728000000000000000e+03
4.386277159174848634e+02 9.728451746180911866e-05 9.351447149701552165e-08 -3.376600275933166182e-04 1.816000000000000000e+03
4.409019266196692683e+02 1.056123990613867233e-04 6.192608611806257005e-07 -3.677108315888598269e-04 1.476000000000000000e+03
4.430735479208619836e+02 1.116417553141453323e-04 1.689433796909574327e-06 -3.900897836947204858e-04 1.108000000000000000e+03
4.448761117541747012e+02 1.149000980580103481e-04 3.377869074862251410e-07 -4.000640377493268275e-04 7.560000000000000000e+02
4.469343758523184533e+02 1.266708754285261708e-04 -1.152357985518035106e-06 -4.404023028282343338e-04 8.440000000000000000e+02
4.493013102792758104e+02 1.331913004175328159e-04 -1.128636426608803534e-06 -4.636778897365477969e-04 6.280000000000000000e+02
4.515989744176221734e+02 1.376303643921935791e-04 -1.827583919182581855e-06 -4.789823846360954105e-04 4.050000000000000000e+02
4.533101867737696580e+02 1.544813198217364367e-04 -2.589235223186697919e-07 -5.394141405447331825e-04 2.020000000000000000e+02
4.552338387398290820e+02 1.574170120961791480e-04 -6.637573044051937977e-07 -5.496498668776780751e-04 2.280000000000000000e+02
4.576034578613840722e+02 1.468656224461079322e-04 3.702466675599146156e-07 -5.140469270220969890e-04 1.240000000000000000e+02
4.599517872444100703e+02 1.690275345136292465e-04 1.036587922540362312e-06 -5.924134847878206401e-04 5.200000000000000000e+01
4.619205689144050666e+02 2.168026450860212372e-04 -1.702091702759770286e-06 -7.570572796852780830e-04 9.000000000000000000e+00
4.634281054380590490e+02 1.423085383944397149e-04 -1.444411952242581225e-07 -4.979011978700590172e-04 4.000000000000000000e+00
