2.966547074898984615e+00 1.259911570466947017e+00 -4.163301141355799789e-02 1.179283155388614501e+00 1.300000000000000000e+01
5.026374055021858744e+00 7.662250136280744917e-01 -3.797224297164636941e-01 -2.089030655103845113e-01 3.300000000000000000e+01
7.149300621522788113e+00 4.585318881800554691e-01 -1.479581613337279944e-01 -2.633269736391810056e-01 7.900000000000000000e+01
9.278869254964254409e+00 3.685332616681502027e-01 -7.694325976835746095e-02 -6.656035671937816922e-02 1.170000000000000000e+02
1.145033261934470126e+01 2.826269848726147838e-01 5.103366276487508735e-02 -1.849230450309225504e-01 2.050000000000000000e+02
1.349295587141915043e+01 2.599671170902033701e-01 -2.083663625111031870e-02 -8.197440221747359645e-02 2.350000000000000000e+02
1.558905561191892986e+01 2.216051725719613563e-01 -3.882185278065779840e-03 -1.452948605171687779e-01 3.690000000000000000e+02
1.769408367255316961e+01 1.879383998570671732e-01 -3.694252599057788744e-02 -3.850872347623308933e-02 4.330000000000000000e+02
1.981787480313529670e+01 1.733519190528652332e-01 -1.691336163705869228e-02 -2.845048713603561333e-02 5.850000000000000000e+02
2.192074938196263645e+01 1.517466110989643402e-01 -1.878322215736315942e-02 8.884708581250864989e-03 6.790000000000000000e+02
2.398877635566245203e+01 1.489179444735128366e-01 -2.051399031275156354e-02 -4.596607658488124221e-02 8.130000000000000000e+02
2.609286971896115759e+01 1.324706353259278713e-01 -1.999852441407790754e-02 -3.285444511768223497e-02 9.850000000000000000e+02
2.823466315278179550e+01 1.188956929667024098e-01 -2.067711304459448132e-02 -1.631966328107349595e-02 1.183000000000000000e+03
3.032284873509123102e+01 1.165425111298729333e-01 -1.470257668642249889e-02 -2.315207776061004377e-02 1.269000000000000000e+03
3.240263258943403457e+01 1.017979087064815463e-01 -1.027225033983644384e-02 -1.515474509017699332e-02 1.537000000000000000e+03
3.449210129864554375e+01 9.629788463950572641e-02 -9.681065735781578876e-03 -1.612014216237635592e-02 1.653000000000000000e+03
3.658588147515196454e+01 9.059141774433190908e-02 -1.218766551375814744e-02 -1.558742764595838839e-02 1.963000000000000000e+03
3.868476949266977272e+01 8.385841893225993993e-02 -5.865067497612665333e-03 -1.408353096807874599e-02 2.121000000000000000e+03
4.078898888458283523e+01 7.945047719775778783e-02 -9.471913330917696230e-03 -7.904560598259210979e-03 2.413000000000000000e+03
4.289390876967645738e+01 7.493470419193948295e-02 -8.142034348595908466e-03 -1.644694178079279118e-02 2.635000000000000000e+03
4.498336005546935468e+01 6.992675947004949044e-02 -4.573971723358029318e-03 -3.609391676234830707e-03 2.877000000000000000e+03
4.706498529473824988e+01 6.557398028848721028e-02 -7.555461799472175388e-03 -8.932685553607929568e-03 3.169000000000000000e+03
4.917111919158227096e+01 6.468879355136902820e-02 -5.550213197210762499e-03 -8.236807227813060586e-03 3.507000000000000000e+03
5.126216914174227668e+01 5.974148412353681714e-02 -4.581311435074335303e-03 -7.819828942906462133e-03 3.685000000000000000e+03
5.335525146837034072e+01 5.832694186578846890e-02 -3.939798005201223564e-03 -4.916872484670930209e-03 4.165000000000000000e+03
5.546637228956934251e+01 5.427447185569150845e-02 -7.247878523920662196e-03 -4.837973536390765758e-03 4.377000000000000000e+03
5.757318819254808773e+01 5.231666392326553977e-02 -3.777135480543864290e-03 -5.120561957114929882e-03 4.855000000000000000e+03
5.965884044590281121e+01 5.031331626512950544e-02 -5.554712285219663703e-03 -6.290138659834841085e-03 4.929000000000000000e+03
6.174512302159506305e+01 4.856143641700998853e-02 -2.877387190529714749e-03 -5.060966550481543237e-03 5.581000000000000000e+03
6.382689291137189969e+01 4.702468600761083167e-02 -2.835171326588477661e-03 -3.824508239587190699e-03 5.679000000000000000e+03
6.592966228838450604e+01 4.517679725160255594e-02 -3.440640824575873311e-03 -5.831077334888454256e-03 6.385000000000000000e+03
6.803125784825746791e+01 4.305725847931888423e-02 -4.839057967154752025e-03 -2.369662557520464934e-03 6.553000000000000000e+03
7.013131008699485847e+01 4.167943686514669760e-02 -4.704194596968786120e-03 -3.143118990025401370e-03 7.125000000000000000e+03
7.223032366074338029e+01 4.075517004979309355e-02 -3.689919204748888255e-03 -6.103753299152084137e-03 7.447000000000000000e+03
7.432334270720505742e+01 3.900572127424901253e-02 -3.017696608590895394e-03 -3.482725528373284678e-03 7.929000000000000000e+03
7.642066756954473306e+01 3.766783490343821039e-02 -4.039739349022572652e-03 -4.595209920839471787e-03 8.353000000000000000e+03
7.850471694556040347e+01 3.696250878794924560e-02 -4.400317517408460638e-03 -4.369446349689556745e-03 8.775000000000000000e+03
8.059701946059529121e+01 3.576245356912659962e-02 -4.598969285329106323e-03 -4.182536442313185797e-03 9.313000000000000000e+03
8.269521798132063850e+01 3.528720170070930723e-02 -3.453776246683773650e-03 -5.690452604504573492e-03 9.841000000000000000e+03
8.478307522909847194e+01 3.442362487049128311e-02 -4.585625891757157992e-03 -4.683909651838941320e-03 1.019100000000000000e+04
8.687780839616016237e+01 3.321234333443846831e-02 -4.942011406532358618e-03 -5.226769566754851416e-03 1.089700000000000000e+04
8.897524569656535220e+01 3.261787665370900757e-02 -5.416873016030617806e-03 -5.419178177967517648e-03 1.130100000000000000e+04
9.108077810470518898e+01 3.124811013971997425e-02 -5.297239204452379099e-03 -3.798701686194926649e-03 1.202500000000000000e+04
9.318432266948052245e+01 3.078951872660041708e-02 -4.835947905435297213e-03 -3.911103397244849837e-03 1.242300000000000000e+04
9.527887641048309320e+01 3.065364379811383322e-02 -4.926183910215009912e-03 -5.446159241591285068e-03 1.302100000000000000e+04
9.736254237981037818e+01 2.964993530682992484e-02 -4.924975099819904785e-03 -4.234016116667105832e-03 1.340500000000000000e+04
9.944832814799407572e+01 2.914330297184746649e-02 -5.352467840726888790e-03 -4.352478162187881951e-03 1.424700000000000000e+04
1.015460879802399035e+02 2.883180170353592461e-02 -5.345452019460997586e-03 -5.164281643704374258e-03 1.471300000000000000e+04
1.036426375667732316e+02 2.825651021592259088e-02 -5.961068883699979434e-03 -4.031243983936620874e-03 1.548900000000000000e+04
1.057389390539465950e+02 2.803251584784239789e-02 -5.489362264042160766e-03 -3.543333297995109130e-03 1.591300000000000000e+04
1.078395855981474227e+02 2.786635654397279574e-02 -5.901679834390974669e-03 -3.519638004117413722e-03 1.687900000000000000e+04
1.099389405850131709e+02 2.740730592312307437e-02 -5.636515269362990174e-03 -1.844243739824282533e-03 1.719300000000000000e+04
1.120392143152385387e+02 2.714596121620869995e-02 -5.600389984777251820e-03 -2.650787725864997817e-03 1.815700000000000000e+04
1.141233458569757744e+02 2.703836796099792772e-02 -5.214214685144329293e-03 -2.293523079273783721e-03 1.833900000000000000e+04
1.162159397555423084e+02 2.676427378504057236e-02 -5.654415934172008287e-03 -1.176790824759242496e-03 1.957300000000000000e+04
1.183137204803772420e+02 2.679169864100888407e-02 -5.548493498194695395e-03 -1.525170967219095352e-03 1.994100000000000000e+04
1.203972311807013256e+02 2.699207766397442726e-02 -5.112639225118287278e-03 -8.125554714977467315e-05 2.062900000000000000e+04
1.224922363187857286e+02 2.678750646430794538e-02 -4.947203116577293669e-03 -1.080870185768573319e-03 2.165500000000000000e+04
1.245882598425863534e+02 2.715148241442476990e-02 -5.179935665583813853e-03 3.996986989642562459e-04 2.211300000000000000e+04
1.266884677158377315e+02 2.713490024733456601e-02 -5.384860175415470337e-03 1.045757795461250061e-03 2.318500000000000000e+04
1.287846620419940962e+02 2.753737556466717348e-02 -5.150086438263784538e-03 2.720374175407255356e-03 2.366700000000000000e+04
1.308713393788149801e+02 2.819149779892310415e-02 -5.083568906796242376e-03 2.323824270788366064e-03 2.438500000000000000e+04
1.329754833440644575e+02 2.852258728024261239e-02 -5.068910818125591834e-03 4.311647220115438946e-03 2.574900000000000000e+04
1.350685217411978840e+02 2.886903998732974833e-02 -4.672644783011303468e-03 7.447610480098538306e-04 2.506900000000000000e+04
1.371618602824667619e+02 2.879056413666147146e-02 -4.067005392706423209e-03 -7.140002216585697621e-03 2.554600000000000000e+04
1.392575458676788855e+02 2.852361724447162461e-02 -3.414291389283792989e-03 -1.208135135381682192e-02 2.428200000000000000e+04
1.413433880996534810e+02 2.853547217694219970e-02 -2.337226146660803267e-03 -1.835158305989370575e-02 2.430400000000000000e+04
1.434445756733687460e+02 2.891831116381069280e-02 -6.073894586713907530e-04 -2.548983761908891685e-02 2.375400000000000000e+04
1.455398221916437080e+02 2.891492692208668877e-02 2.144422065942172019e-04 -2.958200251009864695e-02 2.308000000000000000e+04
1.476255108817551900e+02 2.923890647082940178e-02 1.247743230877575464e-03 -3.595060696035971837e-02 2.250000000000000000e+04
1.497176277038332444e+02 2.930418223248240292e-02 1.841974991633154408e-03 -4.074072298979516948e-02 2.207200000000000000e+04
1.518140044970460281e+02 2.914098970228324453e-02 2.572584126924086414e-03 -4.364346655698477656e-02 2.135800000000000000e+04
1.539145542655538748e+02 2.921605220945218059e-02 3.182245208945965777e-03 -4.794411831435511223e-02 2.103000000000000000e+04
1.560122063834993185e+02 2.980718684553244208e-02 4.003008519622827145e-03 -5.304430341735569959e-02 1.994800000000000000e+04
1.581130966381297185e+02 2.998123977985149222e-02 4.959633716475108159e-03 -5.765445193083428704e-02 1.975200000000000000e+04
1.602056672848078449e+02 3.035830838540030940e-02 5.171519647946733016e-03 -6.138354340786471297e-02 1.845400000000000000e+04
1.622857990359369751e+02 3.061192492932572964e-02 5.835336189664539278e-03 -6.486066327285706923e-02 1.802800000000000000e+04
1.643817412475232516e+02 3.077180602412151605e-02 6.233062079133374483e-03 -6.795500508255016003e-02 1.737000000000000000e+04
1.664826536774034764e+02 3.141305244678104652e-02 6.497224149398760952e-03 -7.217361916949874279e-02 1.642600000000000000e+04
1.685658141881879430e+02 3.246214570493492768e-02 7.242495042867332783e-03 -7.757390924212340111e-02 1.563000000000000000e+04
1.706487817438684260e+02 3.293720057047650612e-02 7.739269894497757991e-03 -8.088642156670733385e-02 1.477000000000000000e+04
1.727517828144612793e+02 3.390329428298181902e-02 7.753651865945107580e-03 -8.546875549757732005e-02 1.420200000000000000e+04
1.748530068735680061e+02 3.454278684116759285e-02 7.894990543313157652e-03 -8.947497891243408330e-02 1.307200000000000000e+04
1.769502447625496586e+02 3.549107605169767726e-02 8.293714686676088160e-03 -9.374611642585570226e-02 1.223800000000000000e+04
1.790336981624627128e+02 3.630195427838533995e-02 8.099898420821699876e-03 -9.734327454815629166e-02 1.126200000000000000e+04
1.811155322217383628e+02 3.692977331898585069e-02 8.150593052261611085e-03 -1.021897862568771909e-01 1.018600000000000000e+04
1.832145149667912278e+02 3.913775348501721818e-02 9.086829637396508230e-03 -1.095312692974374641e-01 9.600000000000000000e+03
1.853124901146757395e+02 3.895547001163362361e-02 7.649100592442146379e-03 -1.116406568935036370e-01 8.164000000000000000e+03
1.873878671736386252e+02 4.067330823271990414e-02 7.474052115687196060e-03 -1.186136311734237447e-01 7.392000000000000000e+03
1.894941385667080169e+02 4.057201994112270144e-02 6.304980185969687526e-03 -1.218368214100419011e-01 6.328000000000000000e+03
1.915927038186372044e+02 4.065214339684042333e-02 5.106344850258117893e-03 -1.249126138361333627e-01 5.383000000000000000e+03
1.936660288714131468e+02 4.154343763817978930e-02 4.723165209057841006e-03 -1.301300466606523931e-01 4.641000000000000000e+03
1.957542826725436100e+02 4.233838948224651066e-02 3.830766015094700869e-03 -1.350804990539930805e-01 4.126000000000000000e+03
1.978826628016586255e+02 4.294786577479380030e-02 3.767681191337676760e-03 -1.392297837783320891e-01 3.579000000000000000e+03
2.000001843808004764e+02 4.258115857564168799e-02 3.142507726075955549e-03 -1.392049866040871997e-01 3.043000000000000000e+03
2.020352663438292495e+02 4.286556123939146146e-02 2.280801715419725033e-03 -1.413173226550993311e-01 2.455000000000000000e+03
2.041298218709533785e+02 4.432342615998388635e-02 1.773569735118415589e-03 -1.480224548750018743e-01 2.343000000000000000e+03
2.062802290775264282e+02 4.460262900876785230e-02 1.104198230211986872e-03 -1.495249123062157293e-01 1.819000000000000000e+03
2.083405587159622314e+02 4.644195712252059682e-02 8.764793553770187148e-04 -1.567578650647139804e-01 1.524000000000000000e+03
2.103706031034942896e+02 4.402627944101207558e-02 1.588827736223426528e-03 -1.504676510853991123e-01 1.228000000000000000e+03
2.125145326690728211e+02 4.405473521223888383e-02 7.175479317770181928e-04 -1.514817372757949199e-01 1.095000000000000000e+03
2.147589024069300763e+02 4.832182013018510025e-02 2.695824822297471636e-04 -1.662088973904445044e-01 8.320000000000000000e+02
2.168470408205481021e+02 4.865101716392567638e-02 2.794403949301409390e-04 -1.680702128478978041e-01 5.500000000000000000e+02
2.186512310160383379e+02 4.996947839620505261e-02 -5.720078290070482440e-05 -1.725294837734807907e-01 4.080000000000000000e+02
2.207747627137063660e+02 5.019434722966533563e-02 2.954794758952957942e-04 -1.747001249741743367e-01 3.640000000000000000e+02
2.231192995023301933e+02 5.288020433340467896e-02 3.795203711688535718e-04 -1.846595286845605088e-01 2.280000000000000000e+02
2.253630374066883633e+02 6.227933729253715134e-02 1.876945507451936748e-05 -2.175377469260472152e-01 1.090000000000000000e+02
2.270052659625465026e+02 6.627401806789109950e-02 1.323003385491878115e-03 -2.327887228835705813e-01 4.800000000000000000e+01
2.289458764032855527e+02 6.197293300200434202e-02 -1.427049550422204184e-04 -2.165989563757552139e-01 2.800000000000000000e+01
2.312641670406622438e+02 1.090215132152030642e-01 6.544175953369090219e-04 -3.821754064208786050e-01 4.000000000000000000e+00
