2.966547074898984615e+00 2.045305549626672270e-01 -4.758130703901342073e-02 3.102944614997994455e-01 1.300000000000000000e+01
5.026374055021858744e+00 1.043274751670765499e-01 3.710131024747986730e-04 -1.770410059121275623e-02 3.300000000000000000e+01
7.149300621522788113e+00 4.168769800622402349e-02 -3.597433517857855263e-03 -2.258554563968244097e-02 7.900000000000000000e+01
9.278869254964254409e+00 3.304370965158440199e-02 4.780392219320397842e-04 -8.972430033447588438e-03 1.170000000000000000e+02
1.145033261934470126e+01 2.310608490302413706e-02 3.151316419505608563e-03 -1.679113825278609820e-02 2.050000000000000000e+02
1.349295587141915043e+01 2.043388696736212276e-02 -4.300489394759763294e-03 -5.780723129608982165e-03 2.350000000000000000e+02
1.558905561191892986e+01 1.672706894667665145e-02 -3.018172939358898781e-03 -5.527129612743685201e-03 3.690000000000000000e+02
1.769408367255316961e+01 1.278836861123124231e-02 -2.762794338984849146e-03 6.547309024671616167e-04 4.330000000000000000e+02
1.981787480313529670e+01 1.163087251370504768e-02 -1.459921760937823911e-03 4.651297694046354876e-04 5.850000000000000000e+02
2.192074938196263645e+01 9.263145367119161866e-03 -1.889915541841469086e-03 3.115260200565488817e-04 6.790000000000000000e+02
2.398877635566245203e+01 8.308725707497440285e-03 -1.452373877559211789e-03 -1.039546616130614543e-03 8.130000000000000000e+02
2.609286971896115759e+01 6.794193742516765541e-03 -1.506335462716899875e-03 -1.435443103687472459e-03 9.850000000000000000e+02
2.823466315278179550e+01 6.639432722185804880e-03 -1.088875177459154792e-03 -8.338984605927402894e-04 1.183000000000000000e+03
3.032284873509123102e+01 5.847834484852871065e-03 -1.416209209868920724e-03 -1.128803540277639739e-03 1.269000000000000000e+03
3.240263258943403457e+01 5.262969752457511384e-03 -1.036571256835637413e-03 -9.327003882055156505e-04 1.537000000000000000e+03
3.449210129864554375e+01 4.965578751684110795e-03 -1.105805771461377488e-03 -8.240945422582264274e-04 1.653000000000000000e+03
3.658588147515196454e+01 4.368103313416136710e-03 -9.259792504543280182e-04 -4.203593420661428043e-04 1.963000000000000000e+03
3.868476949266977272e+01 4.172253271556124708e-03 -7.488151846605330727e-04 -5.716211741200234340e-04 2.121000000000000000e+03
4.078898888458283523e+01 3.804050011782649735e-03 -5.588025466476833443e-04 -6.947207173929197165e-04 2.413000000000000000e+03
4.289390876967645738e+01 3.564432072593480896e-03 -4.363732121468310177e-04 -8.884394428150779906e-04 2.635000000000000000e+03
4.498336005546935468e+01 3.319465309271691332e-03 -4.788950919991770091e-04 -1.002996302069792631e-04 2.877000000000000000e+03
4.706498529473824988e+01 3.086154967386068627e-03 -4.713010487822036246e-04 -1.512757155200051477e-04 3.169000000000000000e+03
4.917111919158227096e+01 2.921071748051602343e-03 -3.460335333088778386e-04 -1.763954450422010160e-04 3.507000000000000000e+03
5.126216914174227668e+01 2.640728106580396157e-03 -1.100831469697423890e-04 -4.590079086334777626e-05 3.685000000000000000e+03
5.335525146837034072e+01 2.461462625132919153e-03 -1.965842610587256354e-04 -1.934100164238180956e-04 4.165000000000000000e+03
5.546637228956934251e+01 2.347839039489666747e-03 7.448607405888300014e-05 5.458983209375306035e-05 4.377000000000000000e+03
5.757318819254808773e+01 2.172369561882475392e-03 -7.519780886760117264e-05 -2.146712686166452760e-06 4.855000000000000000e+03
5.965884044590281121e+01 2.036769205822127910e-03 -1.459424277789889959e-04 4.203082698453630700e-05 4.929000000000000000e+03
6.174512302159506305e+01 1.924224670546249155e-03 1.705567154966736122e-05 5.610689155958295706e-05 5.581000000000000000e+03
6.382689291137189969e+01 1.780872981120589036e-03 -2.029940022277928826e-05 -1.359665042299771813e-05 5.679000000000000000e+03
6.592966228838450604e+01 1.653969808615087141e-03 -1.506762544618458768e-06 4.160737878723732441e-05 6.385000000000000000e+03
6.803125784825746791e+01 1.549767870389837099e-03 -1.136115851536490362e-05 1.232353553837888254e-04 6.553000000000000000e+03
7.013131008699485847e+01 1.445174521194269625e-03 3.735604931309001496e-05 1.710174635828669786e-04 7.125000000000000000e+03
7.223032366074338029e+01 1.364751762369006667e-03 -3.931520995879490994e-05 -8.434076582256547040e-06 7.447000000000000000e+03
7.432334270720505742e+01 1.274334678155761812e-03 4.065934617180694156e-06 8.928455730287815644e-05 7.929000000000000000e+03
7.642066756954473306e+01 1.213669477014465807e-03 -1.070106320722742069e-05 3.630196684600315785e-05 8.353000000000000000e+03
7.850471694556040347e+01 1.137330634587845795e-03 -5.847364160891430058e-05 5.790003423159500063e-05 8.775000000000000000e+03
8.059701946059529121e+01 1.064386731244310177e-03 -7.788949772488529938e-05 7.765857100946287875e-05 9.313000000000000000e+03
8.269521798132063850e+01 9.908343792738979940e-04 -6.396732552012213472e-05 8.333886976307672658e-05 9.841000000000000000e+03
8.478307522909847194e+01 9.282125099709431695e-04 -4.979970387346541519e-05 6.048694014828039642e-05 1.019100000000000000e+04
8.687780839616016237e+01 8.736261350239437002e-04 -8.603726543767489495e-05 7.521378885021197229e-05 1.089700000000000000e+04
8.897524569656535220e+01 8.285290749622677793e-04 -7.745628685531166509e-05 4.928595127483682923e-05 1.130100000000000000e+04
9.108077810470518898e+01 7.868977539907675515e-04 -4.820739777122293645e-05 1.025368158974810860e-05 1.202500000000000000e+04
9.318432266948052245e+01 7.421613604905990397e-04 -5.207932866095457203e-05 5.949042981238264016e-05 1.242300000000000000e+04
9.527887641048309320e+01 6.999407524815866137e-04 -4.916836829215588775e-05 4.530543458023006561e-05 1.302100000000000000e+04
9.736254237981037818e+01 6.663253410408903534e-04 -8.008547854165954901e-05 6.145616913615431693e-05 1.340500000000000000e+04
9.944832814799407572e+01 6.378339676409943261e-04 -5.497437063619344097e-05 2.822631884962122618e-05 1.424700000000000000e+04
1.015460879802399035e+02 6.213834533322875990e-04 -4.817410971606597475e-05 3.094650136254898211e-05 1.471300000000000000e+04
1.036426375667732316e+02 5.902461868604126681e-04 -4.463828184540590254e-05 -3.156738753493051061e-07 1.548900000000000000e+04
1.057389390539465950e+02 5.607969429518130022e-04 -2.397946959936522797e-05 2.379394173960927932e-05 1.591300000000000000e+04
1.078395855981474227e+02 5.393682280538788718e-04 -3.110988662843395050e-05 1.475661102880054870e-05 1.687900000000000000e+04
1.099389405850131709e+02 5.191167803364022879e-04 -2.172782765325046000e-05 5.018540966059618468e-05 1.719300000000000000e+04
1.120392143152385387e+02 4.984862839553633705e-04 -2.241303584010027680e-05 3.864711762623262477e-05 1.815700000000000000e+04
1.141233458569757744e+02 4.861103947296401885e-04 -1.349259736220815809e-05 1.886157685837699200e-05 1.833900000000000000e+04
1.162159397555423084e+02 4.664807588880297480e-04 -2.191880313305035900e-05 5.557940308364063434e-05 1.957300000000000000e+04
1.183137204803772420e+02 4.579751492895086035e-04 -1.375759776623366330e-05 4.641929103833465116e-05 1.994100000000000000e+04
1.203972311807013256e+02 4.418466665214739429e-04 -1.795395184625440930e-05 8.279280092569263263e-05 2.062900000000000000e+04
1.224922363187857286e+02 4.204584532220654192e-04 -6.192039558929731205e-06 5.252665630312379740e-05 2.165500000000000000e+04
1.245882598425863534e+02 4.185158559496071455e-04 -6.159939793967368296e-06 1.090542502062625315e-04 2.211300000000000000e+04
1.266884677158377315e+02 4.048401929438574039e-04 -1.525258752695071248e-05 9.079188130581770358e-05 2.318500000000000000e+04
1.287846620419940962e+02 4.013847942763381325e-04 -1.295604966745915706e-05 1.210294210935438736e-04 2.366700000000000000e+04
1.308713393788149801e+02 3.983626230562514812e-04 -2.299635271008435299e-05 1.441439064438150054e-04 2.438500000000000000e+04
1.329754833440644575e+02 3.924826981313467734e-04 -1.046422161677126857e-05 1.664768724941255689e-04 2.574900000000000000e+04
1.350685217411978840e+02 3.819818147477103661e-04 -1.859750261647685540e-05 1.288388646050927502e-04 2.506900000000000000e+04
1.371618602824667619e+02 3.766605617978186220e-04 -2.017638675415809921e-05 3.021812904804192042e-05 2.554600000000000000e+04
1.392575458676788855e+02 3.630842593105458637e-04 -1.385211962906357306e-05 -5.361957712139445246e-05 2.428200000000000000e+04
1.413433880996534810e+02 3.536160853380664851e-04 -1.589065004256127452e-05 -1.201136189376875130e-04 2.430400000000000000e+04
1.434445756733687460e+02 3.390795979631959370e-04 -8.283507048485426664e-06 -2.032004839089830944e-04 2.375400000000000000e+04
1.455398221916437080e+02 3.299513577392275496e-04 -8.096564227398228783e-06 -2.553576950460961456e-04 2.308000000000000000e+04
1.476255108817551900e+02 3.174449211095926307e-04 -1.565593208518293341e-06 -3.095029968020283082e-04 2.250000000000000000e+04
1.497176277038332444e+02 3.065927364184584483e-04 -1.784862254124866771e-06 -3.528738747350396317e-04 2.207200000000000000e+04
1.518140044970460281e+02 3.000974985764709446e-04 4.592822125100326811e-06 -3.823784637711248060e-04 2.135800000000000000e+04
1.539145542655538748e+02 2.948617400876618307e-04 5.463525482840892994e-06 -4.137935315342114212e-04 2.103000000000000000e+04
1.560122063834993185e+02 2.932330265114358988e-04 1.513315581047002092e-05 -4.558635459993470623e-04 1.994800000000000000e+04
1.581130966381297185e+02 2.822541748765613231e-04 8.414330999694803721e-06 -4.649215260661448859e-04 1.975200000000000000e+04
1.602056672848078449e+02 2.812206496591384370e-04 8.863691607072646722e-06 -4.936592560159798167e-04 1.845400000000000000e+04
1.622857990359369751e+02 2.714901222049202734e-04 1.458520533079295687e-05 -5.021198569581628328e-04 1.802800000000000000e+04
1.643817412475232516e+02 2.680997927032890732e-04 2.074799468161013212e-05 -5.255065251134069873e-04 1.737000000000000000e+04
1.664826536774034764e+02 2.671167857288755400e-04 1.752920349118579655e-05 -5.354393625907259658e-04 1.642600000000000000e+04
1.685658141881879430e+02 2.689234305805748978e-04 1.801440871694161234e-05 -5.618835740034284479e-04 1.563000000000000000e+04
1.706487817438684260e+02 2.645000832853987923e-04 2.070036788756432651e-05 -5.710703797421242669e-04 1.477000000000000000e+04
1.727517828144612793e+02 2.590912790464528046e-04 1.270326496021678701e-05 -5.660679926139266680e-04 1.420200000000000000e+04
1.748530068735680061e+02 2.583469629287685784e-04 1.140249606675879373e-05 -5.800672981326072258e-04 1.307200000000000000e+04
1.769502447625496586e+02 2.564247138068398045e-04 8.647961354367889527e-06 -5.871111274360824896e-04 1.223800000000000000e+04
1.790336981624627128e+02 2.612044680176840846e-04 1.342729529899079631e-05 -6.173426959395766911e-04 1.126200000000000000e+04
1.811155322217383628e+02 2.565558169839549877e-04 8.432063267060124060e-06 -6.205202086623554623e-04 1.018600000000000000e+04
1.832145149667912278e+02 2.642605483931755365e-04 1.076029741308134053e-05 -6.483884374545840178e-04 9.600000000000000000e+03
1.853124901146757395e+02 2.570417984116284311e-04 6.514080812897933151e-06 -6.557541303498252636e-04 8.164000000000000000e+03
1.873878671736386252e+02 2.583477447688875919e-04 1.229619129994856424e-05 -6.857853532458843202e-04 7.392000000000000000e+03
1.894941385667080169e+02 2.590209991161437106e-04 1.598200414346624074e-05 -7.346798991114106671e-04 6.328000000000000000e+03
1.915927038186372044e+02 2.517061188056978968e-04 1.465936087225513494e-05 -7.453661576580500455e-04 5.383000000000000000e+03
1.936660288714131468e+02 2.439545358807035022e-04 1.299370481876275159e-05 -7.455179387787064758e-04 4.641000000000000000e+03
1.957542826725436100e+02 2.376532218040108098e-04 9.363491448207087389e-06 -7.403090662441759191e-04 4.126000000000000000e+03
1.978826628016586255e+02 2.450640371538085911e-04 1.271086598407219684e-05 -7.829987878689462178e-04 3.579000000000000000e+03
2.000001843808004764e+02 2.461202803220403283e-04 5.726015601432394280e-06 -7.912162429621764958e-04 3.043000000000000000e+03
2.020352663438292495e+02 2.432312259290199613e-04 1.074455076022938892e-05 -7.989318527224366188e-04 2.455000000000000000e+03
2.041298218709533785e+02 2.555335279182579448e-04 -3.608072967076907314e-06 -8.344564147276886277e-04 2.343000000000000000e+03
2.062802290775264282e+02 2.638140850810858046e-04 5.155494897153979194e-06 -8.829804832208437704e-04 1.819000000000000000e+03
2.083405587159622314e+02 2.650349014359785799e-04 9.239684381231443930e-06 -8.999888944766279691e-04 1.524000000000000000e+03
2.103706031034942896e+02 2.737288093770269808e-04 1.269990624245987085e-05 -9.401303314429827187e-04 1.228000000000000000e+03
2.125145326690728211e+02 2.894583489562793785e-04 8.988538785332391800e-06 -9.974284579826956775e-04 1.095000000000000000e+03
2.147589024069300763e+02 2.816553849577845209e-04 7.025645913973639934e-06 -9.752433251122693408e-04 8.320000000000000000e+02
2.168470408205481021e+02 3.089576787908545827e-04 2.605617032345189684e-06 -1.067034796263073397e-03 5.500000000000000000e+02
2.186512310160383379e+02 2.966551824940892286e-04 5.422939470544745334e-07 -1.024308979388938471e-03 4.080000000000000000e+02
2.207747627137063660e+02 3.203537102558774957e-04 3.387704921154751799e-06 -1.116604757334827436e-03 3.640000000000000000e+02
2.231192995023301933e+02 3.690741198287698422e-04 2.812843161142016679e-07 -1.286475531052068888e-03 2.280000000000000000e+02
2.253630374066883633e+02 4.046060607836033112e-04 1.262230946605011478e-06 -1.414874612369856639e-03 1.090000000000000000e+02
2.270052659625465026e+02 4.019201952941266285e-04 -3.424884436604082191e-06 -1.399582511266850597e-03 4.800000000000000000e+01
2.289458764032855527e+02 3.239181046578134735e-04 3.552988575454545269e-06 -1.136218267255671190e-03 2.800000000000000000e+01
2.312641670406622438e+02 4.551544834042476066e-04 1.411790965789737016e-06 -1.594045523432883723e-03 4.000000000000000000e+00
