2.966547074898984615e+00 5.932440313036477342e+00 2.100595094667395024e+00 2.141272222977782302e+00 1.300000000000000000e+01
5.026374055021858744e+00 3.258219925643544013e+00 1.469998733758884013e+00 5.689693200252614602e-01 3.300000000000000000e+01
7.149300621522788113e+00 2.602509387865741708e+00 5.985401353434111060e-01 -6.476083086470885153e-01 7.900000000000000000e+01
9.278869254964254409e+00 1.705108341265994198e+00 6.126666324276524023e-01 3.414264645054826963e-01 1.170000000000000000e+02
1.145033261934470126e+01 1.445116357243754424e+00 8.667307673478089058e-02 -8.678310275689125886e-02 2.050000000000000000e+02
1.349295587141915043e+01 1.421573527037683693e+00 -1.306024763393987542e-01 1.087608427532636979e-01 2.350000000000000000e+02
1.558905561191892986e+01 1.154640404333327597e+00 5.829884124405861935e-03 -1.024642801877688643e-02 3.690000000000000000e+02
1.769408367255316961e+01 1.055961243205677524e+00 -1.031510584558003041e-01 2.928942964693269715e-02 4.330000000000000000e+02
1.981787480313529670e+01 9.380982511822161252e-01 -5.922211523010826456e-02 5.297329517535594168e-02 5.850000000000000000e+02
2.192074938196263645e+01 8.304894120368412347e-01 3.532686840301314368e-03 8.993376132835842474e-02 6.790000000000000000e+02
2.398877635566245203e+01 7.831218265789094968e-01 -3.388549315993517191e-02 -9.606897826323740341e-02 8.130000000000000000e+02
2.609286971896115759e+01 6.947863911857294905e-01 -1.383989793412175942e-02 -5.183833261105564444e-02 9.850000000000000000e+02
2.823466315278179550e+01 6.747675822174569182e-01 -5.539630528390835501e-02 1.732944435532078262e-02 1.183000000000000000e+03
3.032284873509123102e+01 6.649279579077361779e-01 -6.992539078336620917e-02 -4.044348183401876712e-02 1.269000000000000000e+03
3.240263258943403457e+01 5.742349334662626426e-01 -1.973892146034121522e-03 8.786392792982173272e-04 1.537000000000000000e+03
3.449210129864554375e+01 5.597246733550226283e-01 -1.321238294271562252e-02 -2.027838503080823737e-02 1.653000000000000000e+03
3.658588147515196454e+01 5.259557455651425739e-01 2.329464578804923275e-02 -2.899163080170661169e-02 1.963000000000000000e+03
3.868476949266977272e+01 4.847823840855787214e-01 2.195578845433250950e-02 -1.269235931621749171e-02 2.121000000000000000e+03
4.078898888458283523e+01 4.905751423043321902e-01 -1.079902503762111832e-02 -1.669069907528779664e-02 2.413000000000000000e+03
4.289390876967645738e+01 4.562377006154256232e-01 -2.529713756770647290e-03 -8.183247696404716276e-03 2.635000000000000000e+03
4.498336005546935468e+01 4.360717312629673326e-01 9.676861346640138611e-03 1.597926114298020214e-02 2.877000000000000000e+03
4.706498529473824988e+01 4.247018188029048624e-01 8.174563154680285215e-03 -1.131998553984073404e-02 3.169000000000000000e+03
4.917111919158227096e+01 3.891371067376378501e-01 1.385690927370349448e-02 2.126306256563556193e-02 3.507000000000000000e+03
5.126216914174227668e+01 3.847834448465624058e-01 9.570217529332699855e-03 -4.113411848783088930e-03 3.685000000000000000e+03
5.335525146837034072e+01 3.673383622246199076e-01 7.758671495046650345e-03 9.886790501242963269e-03 4.165000000000000000e+03
5.546637228956934251e+01 3.406277049691514569e-01 2.113239837704574894e-02 2.098282382499505605e-02 4.377000000000000000e+03
5.757318819254808773e+01 3.404792882570218393e-01 5.819871111303477618e-03 -1.912690019975520767e-02 4.855000000000000000e+03
5.965884044590281121e+01 3.186960663007515349e-01 1.218885841446043505e-02 8.177581150482324257e-03 4.929000000000000000e+03
6.174512302159506305e+01 3.020959167058172024e-01 1.239777756163496295e-02 7.720781066077444209e-03 5.581000000000000000e+03
6.382689291137189969e+01 2.956998279298738708e-01 1.177812056683573763e-02 1.896680609091711727e-03 5.679000000000000000e+03
6.592966228838450604e+01 2.750810490102569283e-01 2.845707181704527217e-02 -5.788024264135943273e-03 6.385000000000000000e+03
6.803125784825746791e+01 2.692220976811138256e-01 4.788176910559728203e-03 4.586160958928847502e-03 6.553000000000000000e+03
7.013131008699485847e+01 2.657251961905754412e-01 4.331581831887452300e-03 -2.731190274710465271e-05 7.125000000000000000e+03
7.223032366074338029e+01 2.478093971306853105e-01 1.884327911092426727e-02 -1.799825308957055375e-03 7.447000000000000000e+03
7.432334270720505742e+01 2.396353351663342568e-01 1.636724174901184325e-02 -6.291085827307364188e-03 7.929000000000000000e+03
7.642066756954473306e+01 2.257749416785392038e-01 2.546121043827774544e-02 -5.330025602189440194e-03 8.353000000000000000e+03
7.850471694556040347e+01 2.150935302691158180e-01 2.601165904521765201e-02 -4.082190833589775629e-03 8.775000000000000000e+03
8.059701946059529121e+01 2.152455078806152500e-01 9.464447377212359402e-03 -6.896470744044447612e-03 9.313000000000000000e+03
8.269521798132063850e+01 2.055567414227751355e-01 1.778795917248412670e-02 -8.361541246514860720e-03 9.841000000000000000e+03
8.478307522909847194e+01 1.979668220113426080e-01 1.637184168261052869e-02 -1.921167139061533222e-03 1.019100000000000000e+04
8.687780839616016237e+01 1.942144247303812798e-01 1.513092164636012718e-02 -1.130216782649730994e-02 1.089700000000000000e+04
8.897524569656535220e+01 1.819567770084632163e-01 2.117581370685676229e-02 -9.909072940905212790e-03 1.130100000000000000e+04
9.108077810470518898e+01 1.752502611976841929e-01 1.720726024489008937e-02 -3.118987943564797190e-03 1.202500000000000000e+04
9.318432266948052245e+01 1.724933388453445127e-01 2.022386438944700007e-02 -1.090729469058509225e-02 1.242300000000000000e+04
9.527887641048309320e+01 1.663601657912996690e-01 2.074465914933273231e-02 -5.625737241073397801e-03 1.302100000000000000e+04
9.736254237981037818e+01 1.628134003770533578e-01 1.186324373708889067e-02 -5.052227113978236851e-03 1.340500000000000000e+04
9.944832814799407572e+01 1.557984356476920518e-01 1.839028320623068563e-02 -7.747161786762241098e-03 1.424700000000000000e+04
1.015460879802399035e+02 1.506344547699932646e-01 2.009289498059380064e-02 -1.103183831291846932e-02 1.471300000000000000e+04
1.036426375667732316e+02 1.437455114979047099e-01 1.896740812615895291e-02 -5.540006400401929591e-03 1.548900000000000000e+04
1.057389390539465950e+02 1.393647032710527145e-01 2.352837161775228267e-02 -1.023435197511750718e-03 1.591300000000000000e+04
1.078395855981474227e+02 1.384327568567138844e-01 1.854442910939668385e-02 -2.643468521237700951e-03 1.687900000000000000e+04
1.099389405850131709e+02 1.360598501141594974e-01 1.492150935603050836e-02 -2.497957363990558916e-03 1.719300000000000000e+04
1.120392143152385387e+02 1.284225747448472232e-01 1.873122758214012390e-02 -3.102927907136789846e-03 1.815700000000000000e+04
1.141233458569757744e+02 1.262028435859683939e-01 2.224508378599972594e-02 -4.515454785245100189e-03 1.833900000000000000e+04
1.162159397555423084e+02 1.221891543537753089e-01 2.428759485292783515e-02 -5.499231446472690023e-04 1.957300000000000000e+04
1.183137204803772420e+02 1.188054499357567850e-01 2.551705488215610940e-02 5.103668420775218061e-04 1.994100000000000000e+04
1.203972311807013256e+02 1.179574814102474362e-01 2.189125720200543745e-02 7.671965717260556712e-03 2.062900000000000000e+04
1.224922363187857286e+02 1.148017927815246919e-01 2.690820600901779394e-02 2.267812654979584584e-03 2.165500000000000000e+04
1.245882598425863534e+02 1.116568376358434284e-01 2.769050848267234563e-02 7.942041027736688324e-03 2.211300000000000000e+04
1.266884677158377315e+02 1.111698229633506785e-01 2.792463681468497494e-02 8.110177767774399277e-03 2.318500000000000000e+04
1.287846620419940962e+02 1.085992269641396640e-01 3.009973605033983840e-02 1.689690152637236473e-02 2.366700000000000000e+04
1.308713393788149801e+02 1.083508989277342377e-01 3.111934332908300807e-02 1.849078681602064553e-02 2.438500000000000000e+04
1.329754833440644575e+02 1.072390020480241679e-01 3.332810368828529463e-02 2.456167948669071843e-02 2.574900000000000000e+04
1.350685217411978840e+02 1.055448784474050383e-01 3.353818938208218831e-02 1.610285479084497262e-02 2.506900000000000000e+04
1.371618602824667619e+02 1.048489542764368121e-01 3.028470169709739090e-02 -1.825579325751282289e-02 2.554600000000000000e+04
1.392575458676788855e+02 1.030397427632408491e-01 2.969059646676539682e-02 -4.171566853808836295e-02 2.428200000000000000e+04
1.413433880996534810e+02 9.973703908198630619e-02 2.899638171210971657e-02 -5.954601053259276494e-02 2.430400000000000000e+04
1.434445756733687460e+02 9.956299045890158739e-02 2.808888061713147102e-02 -8.595012652017737509e-02 2.375400000000000000e+04
1.455398221916437080e+02 9.711829178487471625e-02 2.729954461232442925e-02 -9.921805420087395633e-02 2.308000000000000000e+04
1.476255108817551900e+02 9.523616690645535232e-02 2.550979878894102035e-02 -1.136055866483558496e-01 2.250000000000000000e+04
1.497176277038332444e+02 9.419835519158589743e-02 2.546778006394571220e-02 -1.312958577335906485e-01 2.207200000000000000e+04
1.518140044970460281e+02 9.309495992243867202e-02 2.540117361785107150e-02 -1.425442971746976317e-01 2.135800000000000000e+04
1.539145542655538748e+02 9.117018952561485590e-02 2.356896287570333856e-02 -1.502650335865735598e-01 2.103000000000000000e+04
1.560122063834993185e+02 9.073149688266804458e-02 2.252609345473394545e-02 -1.604056586331594203e-01 1.994800000000000000e+04
1.581130966381297185e+02 9.002065444479193101e-02 2.254022435794729440e-02 -1.718879983432096969e-01 1.975200000000000000e+04
1.602056672848078449e+02 8.867472221927581721e-02 2.202223309813403432e-02 -1.776230673951587347e-01 1.845400000000000000e+04
1.622857990359369751e+02 8.762317752428121220e-02 2.106285423517704689e-02 -1.833673123302732855e-01 1.802800000000000000e+04
1.643817412475232516e+02 8.788565333199553631e-02 2.050294601072321851e-02 -1.910656943644186700e-01 1.737000000000000000e+04
1.664826536774034764e+02 8.796769406958428184e-02 1.908574400301018409e-02 -1.973018641701340947e-01 1.642600000000000000e+04
1.685658141881879430e+02 8.740735769209814765e-02 1.845369940840073039e-02 -2.024351121712892054e-01 1.563000000000000000e+04
1.706487817438684260e+02 8.749900837537127885e-02 1.931993363419659895e-02 -2.084942584469312854e-01 1.477000000000000000e+04
1.727517828144612793e+02 8.721884603594785845e-02 1.767368803413222819e-02 -2.125945189502837507e-01 1.420200000000000000e+04
1.748530068735680061e+02 8.893412672364593707e-02 1.642706315844860016e-02 -2.206585118425816727e-01 1.307200000000000000e+04
1.769502447625496586e+02 8.935386832073695385e-02 1.638739074390412401e-02 -2.261252625673624839e-01 1.223800000000000000e+04
1.790336981624627128e+02 8.940042702177172784e-02 1.553100984395306902e-02 -2.294901916536048192e-01 1.126200000000000000e+04
1.811155322217383628e+02 9.106064845787834039e-02 1.545129713895115019e-02 -2.415452583424652633e-01 1.018600000000000000e+04
1.832145149667912278e+02 9.241462875209698058e-02 1.508243071652439274e-02 -2.456881525193213844e-01 9.600000000000000000e+03
1.853124901146757395e+02 9.221459059417153048e-02 1.232227602541451257e-02 -2.515641016602540581e-01 8.164000000000000000e+03
1.873878671736386252e+02 9.428250803299179084e-02 1.317228411969683342e-02 -2.646523985418856029e-01 7.392000000000000000e+03
1.894941385667080169e+02 9.160301741420359689e-02 9.943380941028864134e-03 -2.669850603891013585e-01 6.328000000000000000e+03
1.915927038186372044e+02 8.931339436586542557e-02 7.609017067440389248e-03 -2.680268284511886367e-01 5.383000000000000000e+03
1.936660288714131468e+02 9.137454775675106500e-02 8.806715879847248560e-03 -2.822736722108442065e-01 4.641000000000000000e+03
1.957542826725436100e+02 9.162654466915584606e-02 6.087709275381281322e-03 -2.890696481841324994e-01 4.126000000000000000e+03
1.978826628016586255e+02 8.825283574183206969e-02 3.695120667157068828e-03 -2.805923075727518867e-01 3.579000000000000000e+03
2.000001843808004764e+02 9.343412972033568464e-02 5.846538305660379901e-03 -3.047374515785125637e-01 3.043000000000000000e+03
2.020352663438292495e+02 9.505258444852773825e-02 3.439579729050658719e-03 -3.123933130723949847e-01 2.455000000000000000e+03
2.041298218709533785e+02 8.978628864270987719e-02 1.965079896444090618e-03 -2.973399998825979607e-01 2.343000000000000000e+03
2.062802290775264282e+02 1.001649331458872860e-01 4.206950833846484147e-03 -3.383259554736897656e-01 1.819000000000000000e+03
2.083405587159622314e+02 1.003554205438930425e-01 1.508149863760293186e-03 -3.390643681951643340e-01 1.524000000000000000e+03
2.103706031034942896e+02 9.648990333435639166e-02 5.898366974606941747e-04 -3.264185028135861422e-01 1.228000000000000000e+03
2.125145326690728211e+02 1.119202703815501548e-01 2.968898980012376135e-03 -3.857110953690678357e-01 1.095000000000000000e+03
2.147589024069300763e+02 1.116458005744535020e-01 -1.628622391497591324e-04 -3.835374830084040676e-01 8.320000000000000000e+02
2.168470408205481021e+02 1.087739010886228236e-01 4.018839664843696551e-04 -3.753870863747484909e-01 5.500000000000000000e+02
2.186512310160383379e+02 1.334007378701384527e-01 1.984385390778738763e-03 -4.633027462969070975e-01 4.080000000000000000e+02
2.207747627137063660e+02 1.335561000912952323e-01 -1.009962855236189476e-03 -4.630653379773327916e-01 3.640000000000000000e+02
2.231192995023301933e+02 1.302667862162367185e-01 8.124875583560274041e-04 -4.547459014451271098e-01 2.280000000000000000e+02
2.253630374066883633e+02 1.751727984750481026e-01 6.554295433778759136e-05 -6.117026745462407211e-01 1.090000000000000000e+02
2.270052659625465026e+02 1.699067750164142965e-01 -9.838656008381465971e-04 -5.921577218955957900e-01 4.800000000000000000e+01
2.289458764032855527e+02 1.568979170608346685e-01 2.452391135349152622e-04 -5.490520012317563481e-01 2.800000000000000000e+01
2.312641670406622438e+02 2.965150667263717343e-01 6.607993738316068379e-04 -1.038290996019776813e+00 4.000000000000000000e+00
