2.966547074898984615e+00 9.057663229988659470e-01 -1.987706371317199405e-01 -1.094210206897277216e+00 1.300000000000000000e+01
5.026374055021858744e+00 3.873905829388378241e-01 -2.780684952611616190e-01 1.793746084347032366e-01 3.300000000000000000e+01
7.149300621522788113e+00 3.304264581543541190e-01 -5.281625101445481391e-02 -4.682552074871249720e-02 7.900000000000000000e+01
9.278869254964254409e+00 2.104829507585264381e-01 3.597293112686947118e-03 3.129129870328901247e-02 1.170000000000000000e+02
1.145033261934470126e+01 1.974707840000343995e-01 2.036998125896588921e-02 -2.915850150039635963e-02 2.050000000000000000e+02
1.349295587141915043e+01 1.510614933499737911e-01 -1.569765514156797395e-02 3.727533672101294993e-02 2.350000000000000000e+02
1.558905561191892986e+01 1.347362572468287500e-01 -3.150591136922227531e-02 -1.668976710694384732e-02 3.690000000000000000e+02
1.769408367255316961e+01 1.290024995094699867e-01 -2.305205040646250356e-02 1.620162031328280542e-03 4.330000000000000000e+02
1.981787480313529670e+01 1.234483879842766113e-01 -1.509234504964811034e-02 7.803843559229337729e-03 5.850000000000000000e+02
2.192074938196263645e+01 1.147611080505253067e-01 1.234889764580409006e-02 1.818669159944194189e-02 6.790000000000000000e+02
2.398877635566245203e+01 1.225715298438502798e-01 1.879678254378540662e-04 -6.454388908363822668e-03 8.130000000000000000e+02
2.609286971896115759e+01 1.156131282095313045e-01 -2.115243822273435426e-04 -4.176528238963958528e-02 9.850000000000000000e+02
2.823466315278179550e+01 1.020149018518192868e-01 7.829280361747899958e-03 1.322101549869154728e-02 1.183000000000000000e+03
3.032284873509123102e+01 1.041356135275439687e-01 1.100846412345512192e-02 1.867242222939256152e-02 1.269000000000000000e+03
3.240263258943403457e+01 1.014400340710519266e-01 9.671002602627943798e-03 -6.830477224962707046e-04 1.537000000000000000e+03
3.449210129864554375e+01 9.397594094768603468e-02 9.198930666261756831e-04 6.267142094087566583e-03 1.653000000000000000e+03
3.658588147515196454e+01 8.715024689833138216e-02 -4.681701479939991313e-03 3.665236817574397282e-04 1.963000000000000000e+03
3.868476949266977272e+01 8.111083915865183180e-02 -7.941448826218023074e-03 2.459218613005900375e-03 2.121000000000000000e+03
4.078898888458283523e+01 8.083534544966020086e-02 -5.528285336387435238e-03 1.420381332158234368e-03 2.413000000000000000e+03
4.289390876967645738e+01 7.831610393735413678e-02 -8.597909818776200419e-03 -1.770924904512486287e-04 2.635000000000000000e+03
4.498336005546935468e+01 7.344662637871650357e-02 -7.614538786043236265e-03 -1.696731025727835323e-04 2.877000000000000000e+03
4.706498529473824988e+01 6.984148009357221687e-02 -9.454351520408367168e-03 -3.343867472151183101e-03 3.169000000000000000e+03
4.917111919158227096e+01 6.765800014335103529e-02 -9.846542702871979164e-03 -6.619739788407741354e-03 3.507000000000000000e+03
5.126216914174227668e+01 6.595992682748130775e-02 -4.013782531093386743e-03 -3.545699573381292345e-03 3.685000000000000000e+03
5.335525146837034072e+01 6.271724000387204900e-02 -4.666024309439365143e-03 -5.491820382201472632e-04 4.165000000000000000e+03
5.546637228956934251e+01 5.930738705569769953e-02 -7.926440337478298653e-03 2.037294136251082289e-03 4.377000000000000000e+03
5.757318819254808773e+01 5.656929536407265258e-02 -6.849719961567590082e-03 4.221742679089747225e-04 4.855000000000000000e+03
5.965884044590281121e+01 5.411243427419151070e-02 -7.078303158703797698e-03 4.615350754444100777e-03 4.929000000000000000e+03
6.174512302159506305e+01 5.071803328712402859e-02 -8.202957755753904207e-03 2.854786703752071157e-03 5.581000000000000000e+03
6.382689291137189969e+01 4.833069243809204329e-02 -7.821148987151827284e-03 3.198179379584009403e-03 5.679000000000000000e+03
6.592966228838450604e+01 4.580244942024167681e-02 -1.177124870177209855e-02 1.514465438981196441e-03 6.385000000000000000e+03
6.803125784825746791e+01 4.335601638339154490e-02 -9.157632390770407971e-03 1.619862974233141442e-04 6.553000000000000000e+03
7.013131008699485847e+01 4.082130673014410654e-02 -1.008084935999037195e-02 1.618350938276148570e-03 7.125000000000000000e+03
7.223032366074338029e+01 3.906060117108904606e-02 -8.386622935683981511e-03 -6.180912757787662530e-05 7.447000000000000000e+03
7.432334270720505742e+01 3.770211994467854988e-02 -1.061609280360201191e-02 -2.217444506584384956e-03 7.929000000000000000e+03
7.642066756954473306e+01 3.582869128866534442e-02 -1.000283308066425743e-02 -4.171193396723723440e-03 8.353000000000000000e+03
7.850471694556040347e+01 3.468690975068660504e-02 -9.037114047708254619e-03 3.225916298583530301e-04 8.775000000000000000e+03
8.059701946059529121e+01 3.287600251334307777e-02 -9.778733141316203054e-03 2.966425233738581514e-04 9.313000000000000000e+03
8.269521798132063850e+01 3.166237023303765385e-02 -8.234295891027516509e-03 -4.986644983531274365e-05 9.841000000000000000e+03
8.478307522909847194e+01 2.962488199598122679e-02 -8.243056417557138513e-03 -1.085430183835304693e-03 1.019100000000000000e+04
8.687780839616016237e+01 2.809455041113725557e-02 -8.534849606169703576e-03 -2.262509484407032936e-03 1.089700000000000000e+04
8.897524569656535220e+01 2.671355415356609780e-02 -7.979250017155610497e-03 -1.180098568668892008e-03 1.130100000000000000e+04
9.108077810470518898e+01 2.607987346955259120e-02 -8.280330318352104035e-03 -7.858429066656423328e-04 1.202500000000000000e+04
9.318432266948052245e+01 2.508257064728782598e-02 -8.324759137371403467e-03 -1.173131838667189949e-03 1.242300000000000000e+04
9.527887641048309320e+01 2.354908850330179187e-02 -8.468558671980673525e-03 -1.483434561590304913e-03 1.302100000000000000e+04
9.736254237981037818e+01 2.304941223126081087e-02 -8.552914766101912813e-03 -2.838879175248302297e-03 1.340500000000000000e+04
9.944832814799407572e+01 2.225012188107262923e-02 -7.783399904284479635e-03 -2.613874989834694650e-03 1.424700000000000000e+04
1.015460879802399035e+02 2.128720982669510958e-02 -7.108401603920932663e-03 -2.722913378313367595e-03 1.471300000000000000e+04
1.036426375667732316e+02 2.033051786151134424e-02 -7.393925565712581791e-03 -4.156608229317393204e-03 1.548900000000000000e+04
1.057389390539465950e+02 1.976186928288752379e-02 -7.359362689123256224e-03 -3.037623254789526429e-03 1.591300000000000000e+04
1.078395855981474227e+02 1.916510156158501843e-02 -6.633435865946385804e-03 -2.322584013632383350e-03 1.687900000000000000e+04
1.099389405850131709e+02 1.843307213393262020e-02 -6.947221931626479038e-03 -2.235635711595062528e-03 1.719300000000000000e+04
1.120392143152385387e+02 1.758365635815146641e-02 -6.409294407173913785e-03 -2.334785378237728710e-03 1.815700000000000000e+04
1.141233458569757744e+02 1.681077217942877552e-02 -6.380789756827507340e-03 -7.150714529872759023e-04 1.833900000000000000e+04
1.162159397555423084e+02 1.611622668705739100e-02 -6.423271029546774244e-03 -1.520240572216659215e-03 1.957300000000000000e+04
1.183137204803772420e+02 1.580391104424562834e-02 -6.043102743736177528e-03 -1.584734810270008827e-03 1.994100000000000000e+04
1.203972311807013256e+02 1.537786480649147060e-02 -6.015522308109570553e-03 -1.540861980252638099e-03 2.062900000000000000e+04
1.224922363187857286e+02 1.541060896365452348e-02 -5.621793231024652462e-03 -3.472836019114430069e-03 2.165500000000000000e+04
1.245882598425863534e+02 1.478523501659738740e-02 -5.315910247846738872e-03 -3.024911468810368050e-03 2.211300000000000000e+04
1.266884677158377315e+02 1.432864388140472900e-02 -5.596062868283649579e-03 -2.660006991185544581e-03 2.318500000000000000e+04
1.287846620419940962e+02 1.389765927090645670e-02 -5.496541717729271602e-03 -2.797340337706130144e-03 2.366700000000000000e+04
1.308713393788149801e+02 1.335423000759354030e-02 -5.190537739244318813e-03 -1.523658443706179004e-03 2.438500000000000000e+04
1.329754833440644575e+02 1.297828326746682144e-02 -5.562582959825710174e-03 -1.433110291484566978e-03 2.574900000000000000e+04
1.350691081525609434e+02 1.255704294806799654e-02 -5.412179282501512236e-03 -1.837882786539479698e-03 2.567500000000000000e+04
1.371638825856825576e+02 1.226806079582627197e-02 -5.475245913128037704e-03 -2.071119970981986393e-03 2.740900000000000000e+04
1.392604757372163533e+02 1.189880172207328189e-02 -4.983739132214623849e-03 -1.884509445818710648e-03 2.740500000000000000e+04
1.413466882908376760e+02 1.175316319190186296e-02 -4.495637112931384974e-03 -2.271453248684576938e-03 2.871700000000000000e+04
1.434475230090064031e+02 1.158573646777895372e-02 -4.344335245267539301e-03 -2.823845587103414670e-03 2.959500000000000000e+04
1.455452853418541679e+02 1.117646842836548214e-02 -4.217617945707593727e-03 -2.191013618621212317e-03 3.030100000000000000e+04
1.476332061073587738e+02 1.097293542925383697e-02 -3.838255287058014564e-03 -2.756710756204577579e-03 3.110100000000000000e+04
1.497211472843286231e+02 1.077786288534569002e-02 -4.210881023815039002e-03 -2.534230002856379792e-03 3.202300000000000000e+04
1.518138048751577287e+02 1.048870424189781228e-02 -3.755884770899380488e-03 -2.253777470756232384e-03 3.297700000000000000e+04
1.539211490100352648e+02 1.026152990203705283e-02 -3.768452687156215002e-03 -2.285143737637006060e-03 3.444900000000000000e+04
1.560214747341236716e+02 9.947976299105546621e-03 -3.873232737475971674e-03 -2.036309766694735946e-03 3.454900000000000000e+04
1.581161747588121784e+02 9.651731491943326552e-03 -3.623562304922722799e-03 -2.227714729470253729e-03 3.611100000000000000e+04
1.602118712271799836e+02 9.343454838195083823e-03 -3.415319453461387791e-03 -1.876676901977002068e-03 3.654100000000000000e+04
1.623006419462898862e+02 9.157446156442644938e-03 -3.113853683350169613e-03 -1.907147812751691781e-03 3.771700000000000000e+04
1.643899033199985240e+02 8.849557733478421312e-03 -3.162057552798976535e-03 -1.759861717455022409e-03 3.861900000000000000e+04
1.664835582381511756e+02 8.764969195636282406e-03 -3.128163846117399012e-03 -1.630904076091193103e-03 3.966100000000000000e+04
1.685719683778473552e+02 8.533967130807604273e-03 -2.855466819076842022e-03 -1.422134861171361897e-03 4.054500000000000000e+04
1.706641332089364766e+02 8.388150130702973217e-03 -2.699504999029997323e-03 -1.134240554143781110e-03 4.181500000000000000e+04
1.727708699256135390e+02 8.182095529342008067e-03 -2.373985656000128248e-03 -1.651881670662517501e-03 4.312500000000000000e+04
1.748696546009699659e+02 8.024872643093074187e-03 -2.330246427499415435e-03 -1.269422775925304345e-03 4.368100000000000000e+04
1.769585769494445344e+02 7.794552278021389495e-03 -2.378112150227347423e-03 -1.438998317945829530e-03 4.462900000000000000e+04
1.790524509315575301e+02 7.651670180317995083e-03 -2.309335294610631063e-03 -1.261760654942203994e-03 4.622700000000000000e+04
1.811526521261263554e+02 7.413038141162905416e-03 -2.178572687428551730e-03 -1.176538071230350153e-03 4.690900000000000000e+04
1.832476884130738881e+02 7.248056547810669339e-03 -2.165412049689644999e-03 -1.127377792881538790e-03 4.823700000000000000e+04
1.853312475833926101e+02 7.104611001302076762e-03 -2.183748466334265153e-03 -9.139298421919711752e-04 4.858300000000000000e+04
1.874284892203218931e+02 6.875051350373546227e-03 -2.211761362148257585e-03 -7.940347759185277738e-04 5.099700000000000000e+04
1.895337179075755216e+02 6.738220735343450687e-03 -2.081679669543435793e-03 -9.022384228023274137e-04 5.139700000000000000e+04
1.916268196474026126e+02 6.511967784939766413e-03 -1.971215654309859885e-03 -3.661886202890754049e-04 5.248900000000000000e+04
1.937183403446852878e+02 6.352610280531078256e-03 -1.937105770040863919e-03 -4.275843849186689374e-04 5.378700000000000000e+04
1.958131498886989164e+02 6.262803954706834368e-03 -1.941526174533936841e-03 -4.900537726362461663e-04 5.491300000000000000e+04
1.979058740098966211e+02 6.081621072483853717e-03 -1.954548828611038253e-03 -2.222850203816950198e-04 5.597700000000000000e+04
1.999990651597893816e+02 5.987260529665115912e-03 -1.737466518704937736e-03 -1.654989227282766602e-04 5.741500000000000000e+04
2.020893038374759101e+02 5.792998153649758439e-03 -1.700644845933508859e-03 -1.770126754433252320e-04 5.810500000000000000e+04
2.041823192148177952e+02 5.656673709307728087e-03 -1.580366390665624782e-03 -3.976509020962095157e-04 6.003300000000000000e+04
2.062825911013838152e+02 5.539446996755305851e-03 -1.566456308132749276e-03 -3.576417406880478015e-04 6.094900000000000000e+04
2.083770189145966185e+02 5.345258297257678842e-03 -1.611374394953938530e-03 -2.191878523684545729e-04 6.223500000000000000e+04
2.104675816794403431e+02 5.219149871664447403e-03 -1.377415850470466944e-03 -1.477428726527675075e-04 6.322900000000000000e+04
2.125667854244018145e+02 5.033570885999999293e-03 -1.489658724600860041e-03 -1.134199157193867990e-04 6.513300000000000000e+04
2.146619261104851830e+02 4.939012510395440758e-03 -1.406649408717983120e-03 -1.670675463035945841e-04 6.570700000000000000e+04
2.167561805722037036e+02 4.701112334617144235e-03 -1.340283288392864333e-03 5.794690166682490068e-05 6.756100000000000000e+04
2.188528705899679210e+02 4.667963166745096697e-03 -1.281590708490005798e-03 -1.729074735655477819e-04 6.850500000000000000e+04
2.209456427453084473e+02 4.535449951380404569e-03 -1.133368827464721574e-03 8.793816315839549644e-05 6.994300000000000000e+04
2.230395148320731096e+02 4.417396766390343198e-03 -1.170015403852194685e-03 4.482731401148362736e-05 7.109700000000000000e+04
2.251356732858534997e+02 4.362982600162816638e-03 -1.170774822306608950e-03 7.693587915128389837e-05 7.302100000000000000e+04
2.272278504864401327e+02 4.228048634816622756e-03 -1.075493058459754681e-03 6.565318882054930073e-05 7.331700000000000000e+04
2.293197511287232544e+02 4.153379210819931402e-03 -9.803910452089246563e-04 1.286523323948973469e-04 7.579900000000000000e+04
2.314114772346510165e+02 4.064097534509282343e-03 -1.010908734723273139e-03 1.290150600028031655e-04 7.602100000000000000e+04
2.335058467478245632e+02 3.895758692267078330e-03 -9.293060946851595299e-04 1.621907035254641668e-04 7.875300000000000000e+04
2.356041652202905539e+02 3.777941208113717603e-03 -8.933553397791608357e-04 1.293493514487648228e-04 7.929100000000000000e+04
2.377006336558306998e+02 3.731593384461593700e-03 -9.818469316718047863e-04 1.437163579948100972e-04 8.112900000000000000e+04
2.397972750390475198e+02 3.637533229994402081e-03 -1.000156609129754758e-03 1.592099065191414093e-04 8.244100000000000000e+04
2.418944602532704096e+02 3.613186622631492373e-03 -9.495315911599603795e-04 2.255880081806257282e-04 8.394900000000000000e+04
2.439884227569783093e+02 3.528253335683365077e-03 -9.506763151056519829e-04 9.758177306555617682e-05 8.512300000000000000e+04
2.460835996828307373e+02 3.447353380079718355e-03 -9.224717211914847982e-04 1.714047757882931173e-04 8.692900000000000000e+04
2.481755280705312146e+02 3.406179425538708935e-03 -8.773706921001480632e-04 1.967869416105844083e-04 8.778900000000000000e+04
2.502623700647570217e+02 3.317298903471497043e-03 -8.269997400311534640e-04 1.339872601508486339e-04 8.962300000000000000e+04
2.523586155105348325e+02 3.192439193899495892e-03 -7.891977714876777239e-04 2.796283950132054949e-04 9.134100000000000000e+04
2.544547077866985489e+02 3.169989694601225289e-03 -7.791636828534800668e-04 3.567883333216512317e-04 9.284500000000000000e+04
2.565487653287422063e+02 3.150397245905445405e-03 -8.503055216304104000e-04 4.754959064129629567e-04 9.408700000000000000e+04
2.586464955058470991e+02 3.089989958554899101e-03 -8.135060720154085835e-04 4.030595048594076343e-04 9.633300000000000000e+04
2.607443047329861656e+02 3.061429031348920915e-03 -7.612079485732930117e-04 4.222083286222424081e-04 9.724900000000000000e+04
2.628438312173413465e+02 3.058279805763624778e-03 -8.362405384759965697e-04 4.366218123044609926e-04 9.950100000000000000e+04
2.649298855659840228e+02 3.010907842904347615e-03 -8.132801842661762032e-04 4.827723635964176413e-04 9.928300000000000000e+04
2.670163698864117805e+02 2.955325602651302092e-03 -8.376438172474113490e-04 6.292664490191140613e-04 1.025370000000000000e+05
2.691120556714307668e+02 2.970286184841520495e-03 -8.034893156982458699e-04 4.378986239942593540e-04 1.022830000000000000e+05
2.712074998348403483e+02 2.966773036854551335e-03 -7.755683325591460455e-04 1.883952076753420395e-04 1.021060000000000000e+05
2.733050116933233653e+02 2.906283476606819505e-03 -6.610621396647271787e-04 -1.097558786095477826e-04 1.007340000000000000e+05
2.753977295572417461e+02 2.851408524610782053e-03 -6.158944071150892216e-04 -6.130202928658670105e-04 9.999400000000000000e+04
2.774958294534935703e+02 2.801259679005506723e-03 -6.020643914692399732e-04 -8.206105899748168762e-04 9.936000000000000000e+04
2.795977707949222122e+02 2.743010704596740915e-03 -5.888154050168453854e-04 -1.209636313908126750e-03 9.860800000000000000e+04
2.816862895118986785e+02 2.679792331401534538e-03 -5.348117974735500319e-04 -1.395623769205784053e-03 9.625200000000000000e+04
2.837743515740906446e+02 2.676056602953639715e-03 -5.552008264321876005e-04 -1.600357715460317245e-03 9.640000000000000000e+04
2.858713251310674650e+02 2.622636592079358869e-03 -5.018727852217811465e-04 -1.743233870417391007e-03 9.539800000000000000e+04
2.879670932628575883e+02 2.606199981646540979e-03 -4.445594987868393294e-04 -2.008686210160593334e-03 9.402000000000000000e+04
2.900590582015512382e+02 2.556757642372618853e-03 -4.186915422585177175e-04 -2.164523279426675169e-03 9.316000000000000000e+04
2.921519201901450060e+02 2.537287862644736075e-03 -3.906613778754933664e-04 -2.310594007828945407e-03 9.177600000000000000e+04
2.942485935102203030e+02 2.533131700460430208e-03 -3.010532324413680389e-04 -2.569052880997793002e-03 9.137800000000000000e+04
2.963426645133968691e+02 2.513241912273078520e-03 -3.256081783908392814e-04 -2.733466611631903912e-03 8.949000000000000000e+04
2.984329904966970162e+02 2.488670736918686347e-03 -2.353043152730439815e-04 -2.886714094885541992e-03 8.845000000000000000e+04
3.005290481640043367e+02 2.463888320678753099e-03 -2.148444931417002233e-04 -3.028956837382935745e-03 8.794600000000000000e+04
3.026245947235937592e+02 2.444747176729774197e-03 -1.672816586365587850e-04 -3.175794946652874592e-03 8.575200000000000000e+04
3.047205651109674704e+02 2.356247976278696022e-03 -1.175028828677446649e-04 -3.211130360347592451e-03 8.574400000000000000e+04
3.068167457111920839e+02 2.323102755561759058e-03 -5.051278461350569077e-05 -3.299255560500186264e-03 8.322000000000000000e+04
3.089118625384018060e+02 2.312772555810401875e-03 -1.822577151582265974e-05 -3.455582149211434886e-03 8.302000000000000000e+04
3.110099981664167785e+02 2.260560013122250248e-03 -2.716971087623651463e-05 -3.491732015916729735e-03 8.106400000000000000e+04
3.131040997612852266e+02 2.242239563296773413e-03 -2.540713946516232849e-05 -3.538363091184135861e-03 7.983000000000000000e+04
3.151936712677708670e+02 2.234604691409871041e-03 -9.723210596388179354e-06 -3.677427809778886780e-03 7.823800000000000000e+04
3.172858841403398173e+02 2.212331330075354742e-03 2.335965695111099811e-05 -3.768880863384272122e-03 7.715400000000000000e+04
3.193772099476266817e+02 2.211729349601280169e-03 8.925303395124037267e-05 -3.889935864655300231e-03 7.546600000000000000e+04
3.214753775151562536e+02 2.191019351498692345e-03 8.418111189992591578e-05 -3.958592508324427182e-03 7.480200000000000000e+04
3.235746879206847666e+02 2.170371697470209558e-03 1.884197943644910149e-04 -4.147989140702974808e-03 7.258000000000000000e+04
3.256647237020029024e+02 2.174016604336045152e-03 1.308523937563861800e-04 -4.199547254339510913e-03 7.133800000000000000e+04
3.277571324083919535e+02 2.155779158932676076e-03 1.337123361493256835e-04 -4.267751094065004233e-03 6.964200000000000000e+04
3.298487111637800240e+02 2.098582253973407721e-03 1.643717454108111625e-04 -4.207236318720042161e-03 6.832600000000000000e+04
3.319433744068021497e+02 2.083931762377707643e-03 1.961532005545119800e-04 -4.313646920187295258e-03 6.674400000000000000e+04
3.340422322988853239e+02 2.086968821583843302e-03 1.655781194579377291e-04 -4.377186995489173657e-03 6.533800000000000000e+04
3.361307892565458246e+02 2.046387301692694904e-03 1.648337244835057654e-04 -4.342182982935962644e-03 6.315600000000000000e+04
3.382251120895489294e+02 2.022145705235065156e-03 1.338200176551898265e-04 -4.378227999802721676e-03 6.214000000000000000e+04
3.403264013195363304e+02 2.023671063738366038e-03 1.546372136741471458e-04 -4.417946593882496852e-03 6.051400000000000000e+04
3.424148842577288860e+02 2.005045624083371791e-03 1.630923072030208509e-04 -4.436632772117415392e-03 5.799000000000000000e+04
3.445099495577244397e+02 1.998039641983635154e-03 1.924695922126343900e-04 -4.529327930101223997e-03 5.742400000000000000e+04
3.466144105402300397e+02 1.985658338173375108e-03 1.887615772027111008e-04 -4.595439182666943845e-03 5.518200000000000000e+04
3.487067496858389859e+02 1.947981224509643186e-03 2.627727835591472916e-04 -4.646077233303011651e-03 5.306800000000000000e+04
3.507912540595516475e+02 1.964205723206236768e-03 2.574976445046592006e-04 -4.739360469020993671e-03 5.152800000000000000e+04
3.528807167895711814e+02 1.914679374054684005e-03 2.416817286262304691e-04 -4.661242500273181724e-03 4.954600000000000000e+04
3.549828487415276754e+02 1.903142781606033396e-03 2.673444795118647111e-04 -4.689900543714843432e-03 4.846600000000000000e+04
3.570768480370360862e+02 1.936519738395183800e-03 2.202915542764423797e-04 -4.800062604036725925e-03 4.566600000000000000e+04
3.591652111747225717e+02 1.933170902929045448e-03 2.182577613555835259e-04 -4.849380562619964863e-03 4.423000000000000000e+04
3.612627896178847777e+02 1.919891890813109868e-03 2.551309139416546752e-04 -4.915352157276862977e-03 4.254000000000000000e+04
3.633645820428338880e+02 1.915625024775417405e-03 2.733740582086404921e-04 -5.003293208043851047e-03 4.022200000000000000e+04
3.654527365610065885e+02 1.889471840672710037e-03 2.205942860246993230e-04 -4.898149262383365982e-03 3.842200000000000000e+04
3.675441472124314259e+02 1.860599878384420428e-03 2.638502913689509287e-04 -4.978122925925708257e-03 3.624600000000000000e+04
3.696396280380744201e+02 1.877513724981638666e-03 2.582199082138394910e-04 -5.064049164837411236e-03 3.455200000000000000e+04
3.717297223820279441e+02 1.813669273444950018e-03 2.637566311805713778e-04 -4.958558699520855366e-03 3.213600000000000000e+04
3.738176974939287902e+02 1.775193157149004960e-03 2.103051285932675853e-04 -4.885776278578047443e-03 3.029200000000000000e+04
3.759110996783247174e+02 1.762033162757499190e-03 2.053854500811408000e-04 -4.950718609065735999e-03 2.830200000000000000e+04
3.780081394014102898e+02 1.768837256761689484e-03 1.749354527160202754e-04 -5.051908095755859758e-03 2.605600000000000000e+04
3.801051557582653118e+02 1.726003979459701104e-03 1.480174116325805767e-04 -5.008933313024208252e-03 2.421100000000000000e+04
3.821955053587425937e+02 1.752076036589281282e-03 1.541460412744927188e-04 -5.203710628241898888e-03 2.220600000000000000e+04
3.842862749912937943e+02 1.740981670815641485e-03 1.596160689456150705e-04 -5.268858980561415446e-03 2.088400000000000000e+04
3.863841918340856409e+02 1.735300762990133264e-03 1.723172431484143636e-04 -5.359740734213826879e-03 1.939200000000000000e+04
3.884771734501698006e+02 1.716155438508041751e-03 1.790531067755100187e-04 -5.371206107994113549e-03 1.805800000000000000e+04
3.905623371605522607e+02 1.671059633762219049e-03 1.635656391439292256e-04 -5.284623749390381792e-03 1.674600000000000000e+04
3.926667500119167471e+02 1.661904450326757510e-03 1.771673916705760919e-04 -5.344770443422965436e-03 1.589800000000000000e+04
3.947778557744774162e+02 1.652748340599535229e-03 1.701714090785097760e-04 -5.339389998615088131e-03 1.457800000000000000e+04
3.968631060462392952e+02 1.599998863620933276e-03 1.469374052057368090e-04 -5.192465247037824499e-03 1.344300000000000000e+04
3.989413219049817485e+02 1.567796530863391430e-03 1.318087909659348077e-04 -5.132649583970319562e-03 1.251100000000000000e+04
4.010572258526528344e+02 1.586670263392087749e-03 1.480912123572306115e-04 -5.260668691819252521e-03 1.191900000000000000e+04
4.031656962107319373e+02 1.567025557108951955e-03 1.142614203039131021e-04 -5.189998544507938225e-03 1.063900000000000000e+04
4.052249146637423678e+02 1.556362861987538142e-03 1.711447223708473567e-04 -5.270682506742114908e-03 9.775000000000000000e+03
4.073276634718891387e+02 1.565956742182361217e-03 1.447271976295735798e-04 -5.328173654132104670e-03 9.423000000000000000e+03
4.094593776408451049e+02 1.578310546486930881e-03 1.498239928511884897e-04 -5.397222377308715652e-03 8.449000000000000000e+03
4.115405539130957777e+02 1.602140107234838358e-03 1.497955236247935202e-04 -5.508358381361941683e-03 7.596000000000000000e+03
4.135894252671187132e+02 1.634558608042989587e-03 1.483120420163668387e-04 -5.625156943249737078e-03 6.931000000000000000e+03
4.156930049049321951e+02 1.679478247482335930e-03 1.411815470160025787e-04 -5.803631316056905541e-03 6.612000000000000000e+03
4.178272827209258367e+02 1.726118227257190507e-03 1.335327563261525126e-04 -5.968633078406476722e-03 5.899000000000000000e+03
4.199082037741286513e+02 1.726241679729190355e-03 1.107553617468202083e-04 -5.957125417088725283e-03 5.176000000000000000e+03
4.219826095167229028e+02 1.706122511937316778e-03 8.788004270694955468e-05 -5.891152540676644275e-03 4.824000000000000000e+03
4.241028763136273483e+02 1.749641207522213519e-03 1.005846454675406746e-04 -6.068539191031990972e-03 4.312000000000000000e+03
4.262107721966358440e+02 1.678781994852932740e-03 7.624111249398034869e-05 -5.824027098641999800e-03 3.819000000000000000e+03
4.282460731868927724e+02 1.724780925197158228e-03 7.803538369473916956e-05 -5.996420256003960787e-03 3.220000000000000000e+03
4.303287648834323136e+02 1.780075218234061351e-03 4.718774275259249084e-05 -6.165943261287784929e-03 3.132000000000000000e+03
4.325172248853483552e+02 1.895675853558478115e-03 3.221586068787222579e-05 -6.568168443021038354e-03 2.680000000000000000e+03
4.346325070601815810e+02 1.998585374372236975e-03 6.428034674804206653e-07 -6.904520337808332450e-03 2.218000000000000000e+03
4.365567227659553851e+02 2.091530933039958094e-03 3.176372942036488238e-05 -7.258572591165747025e-03 1.728000000000000000e+03
4.386277159174848634e+02 2.196457906665313757e-03 3.966672226607105095e-05 -7.665774629639132698e-03 1.816000000000000000e+03
4.409019266196692683e+02 2.282922828868604558e-03 2.308862463659959208e-05 -7.958522506532192051e-03 1.476000000000000000e+03
4.430735479208619836e+02 2.418458908641558762e-03 -3.710077530846354129e-07 -8.413256978687121829e-03 1.108000000000000000e+03
4.448761117541747012e+02 2.469141696706715107e-03 -1.162602137591744964e-05 -8.574480325734256184e-03 7.560000000000000000e+02
4.469343758523184533e+02 2.560414212924450213e-03 2.215089770511207813e-06 -8.925613540274107346e-03 8.440000000000000000e+02
4.493013102792758104e+02 2.417837970539820323e-03 -1.227968989862197706e-05 -8.423974675128287348e-03 6.280000000000000000e+02
4.515989744176221734e+02 2.511877325530908252e-03 9.653769208263852364e-06 -8.782172351436409036e-03 4.050000000000000000e+02
4.533101867737696580e+02 2.618716659145774520e-03 1.183049321763168067e-05 -9.154984598607876500e-03 2.020000000000000000e+02
4.552338387398290820e+02 2.827696522005436475e-03 4.197787140845489023e-05 -9.930944013832966599e-03 2.280000000000000000e+02
4.576034578613840722e+02 3.649424511306686297e-03 5.161090341070473337e-05 -1.281970472562214171e-02 1.240000000000000000e+02
4.599517872444100703e+02 5.854711934684467267e-03 1.499006309760110553e-05 -2.050069828043653980e-02 5.200000000000000000e+01
4.619205689144050666e+02 9.115548953858212261e-03 6.989156468164141423e-06 -3.190646788889071883e-02 9.000000000000000000e+00
4.634281054380590490e+02 1.477288036457863329e-02 -1.428328205092499708e-04 -5.155850490506246747e-02 4.000000000000000000e+00
