2.966547074898984615e+00 1.161890701661361103e+00 -7.383114602878525223e-02 -1.196822531330364203e+00 1.300000000000000000e+01
5.026374055021858744e+00 4.967976885861663527e-01 -3.103025711199989267e-01 2.111558644505109328e-01 3.300000000000000000e+01
7.149300621522788113e+00 4.556128795485538396e-01 -6.947655726792313635e-02 -9.142052846402055899e-02 7.900000000000000000e+01
9.278869254964254409e+00 2.812593319116176160e-01 8.380113621553015452e-03 9.284745688337793512e-03 1.170000000000000000e+02
1.145033261934470126e+01 2.472453655003039874e-01 3.023132630051243372e-02 -4.855283590911256553e-02 2.050000000000000000e+02
1.349295587141915043e+01 1.741266102321973319e-01 1.001335126488315554e-02 4.430785812257447692e-02 2.350000000000000000e+02
1.558905561191892986e+01 1.410546082197513262e-01 -1.860546949449417989e-03 9.578122723287801291e-04 3.690000000000000000e+02
1.769408367255316961e+01 1.168590096013522595e-01 3.332486032197424803e-03 2.590534267006205579e-02 4.330000000000000000e+02
1.981787480313529670e+01 1.053922348531600162e-01 2.247442263593983115e-03 1.483290956350215468e-02 5.850000000000000000e+02
2.192074938196263645e+01 8.411549132865689393e-02 5.826503614636226701e-03 3.313653472608338313e-02 6.790000000000000000e+02
2.398877635566245203e+01 7.998976254427306309e-02 -9.158738917228901807e-03 2.343211418041939165e-02 8.130000000000000000e+02
2.609286971896115759e+01 7.744067101888858773e-02 -4.276346059291741969e-03 -1.162042590530206268e-02 9.850000000000000000e+02
2.823466315278179550e+01 6.413390177633518374e-02 -1.823217992117993251e-03 2.154705807581925106e-02 1.183000000000000000e+03
3.032284873509123102e+01 6.332191717276131060e-02 4.268453990582397536e-03 1.073912271287150340e-02 1.269000000000000000e+03
3.240263258943403457e+01 6.001561946725625374e-02 4.550969404681630415e-03 3.571820067578148229e-03 1.537000000000000000e+03
3.449210129864554375e+01 5.481218170403215351e-02 5.500540839296240957e-03 1.331523076124736631e-02 1.653000000000000000e+03
3.658588147515196454e+01 5.321665325909941124e-02 1.772340227466460234e-03 -6.556820280487694582e-04 1.963000000000000000e+03
3.868476949266977272e+01 4.965290208050382459e-02 1.381287765387097808e-03 7.763774147660409269e-03 2.121000000000000000e+03
4.078898888458283523e+01 4.770048403741457971e-02 4.390325225076826578e-03 1.102041083715652250e-02 2.413000000000000000e+03
4.289390876967645738e+01 4.575162652281598852e-02 2.666051165122332051e-03 8.093861945490761142e-03 2.635000000000000000e+03
4.498336005546935468e+01 4.391325449271180070e-02 3.137555570324957930e-04 8.778036884354483219e-03 2.877000000000000000e+03
4.706498529473824988e+01 4.143296895532872642e-02 1.360478147370039383e-03 4.679233630964499922e-03 3.169000000000000000e+03
4.917111919158227096e+01 3.892012909804400123e-02 1.374540486626148065e-03 4.332852812726554342e-03 3.507000000000000000e+03
5.126216914174227668e+01 3.790739763963684589e-02 2.373972039333393114e-03 -4.820407359770327756e-04 3.685000000000000000e+03
5.335525146837034072e+01 3.464130181105693623e-02 2.989127243950947827e-03 5.596766426508826067e-03 4.165000000000000000e+03
5.546637228956934251e+01 3.276389161044466342e-02 -7.010063934243378160e-04 -2.269168226633416037e-04 4.377000000000000000e+03
5.757318819254808773e+01 3.209762995159927412e-02 -9.696596499936959053e-04 -3.573095855902918942e-03 4.855000000000000000e+03
5.965884044590281121e+01 3.071286679028799316e-02 -2.173705631271243780e-03 4.350471247477471636e-04 4.929000000000000000e+03
6.174512302159506305e+01 2.921492190611604464e-02 -4.006799131400414112e-03 -1.981935589297513772e-03 5.581000000000000000e+03
6.382689291137189969e+01 2.899719441705866582e-02 -5.070351465116487710e-03 -2.147265159693737165e-03 5.679000000000000000e+03
6.592966228838450604e+01 2.717019260541458231e-02 -6.439313726226268686e-03 -1.176004197209946965e-03 6.385000000000000000e+03
6.803125784825746791e+01 2.651132185784009845e-02 -7.069285614447357383e-03 -2.256887651572542404e-03 6.553000000000000000e+03
7.013131008699485847e+01 2.632447391825654473e-02 -5.409352134930274503e-03 -2.953737883701553889e-03 7.125000000000000000e+03
7.223032366074338029e+01 2.476593188719966240e-02 -6.024145112269945791e-03 -2.121304602883600753e-03 7.447000000000000000e+03
7.432334270720505742e+01 2.357172241811183316e-02 -5.445352084334519061e-03 -3.425150616969991225e-03 7.929000000000000000e+03
7.642066756954473306e+01 2.307617944360304887e-02 -4.510955515275411401e-03 -4.323338762752363361e-03 8.353000000000000000e+03
7.850471694556040347e+01 2.202811452067251347e-02 -4.225671842199547369e-03 -2.370361398564078091e-03 8.775000000000000000e+03
8.059701946059529121e+01 2.135259262488860971e-02 -3.352880238781066457e-03 -2.056876800055375265e-03 9.313000000000000000e+03
8.269521798132063850e+01 2.055044872674964204e-02 -2.613189462430148564e-03 -1.863316812174591313e-03 9.841000000000000000e+03
8.478307522909847194e+01 1.959612906777830413e-02 -2.954710300164402597e-03 -1.512562533293060384e-03 1.019100000000000000e+04
8.687780839616016237e+01 1.899252895548180636e-02 -2.988757334629531855e-03 -1.703543633824331632e-03 1.089700000000000000e+04
8.897524569656535220e+01 1.839918602908225537e-02 -2.685239439065575419e-03 -2.388705816884002797e-03 1.130100000000000000e+04
9.108077810470518898e+01 1.747038720966846009e-02 -3.122788747183323065e-03 -1.004342793890751614e-03 1.202500000000000000e+04
9.318432266948052245e+01 1.709790198335951403e-02 -2.520828861828546593e-03 -2.216006307509516080e-03 1.242300000000000000e+04
9.527887641048309320e+01 1.640257025149316830e-02 -2.859642594375446344e-03 -3.511333086095938267e-03 1.302100000000000000e+04
9.736254237981037818e+01 1.548663822057063343e-02 -3.085043362911486006e-03 -1.777452266783349647e-03 1.340500000000000000e+04
9.944832814799407572e+01 1.509135229261125005e-02 -2.768667850133185900e-03 -1.808547810559247952e-03 1.424700000000000000e+04
1.015460879802399035e+02 1.467128305524560347e-02 -2.963550863859541751e-03 -2.298438022745792966e-03 1.471300000000000000e+04
1.036426375667732316e+02 1.417570853202070047e-02 -3.169011557972791892e-03 -1.914271213801243144e-03 1.548900000000000000e+04
1.057389390539465950e+02 1.391685009371425134e-02 -3.316060146425903101e-03 -1.934656039252196638e-03 1.591300000000000000e+04
1.078395855981474227e+02 1.334750033198421962e-02 -3.573345153974360512e-03 -9.053977966087943963e-04 1.687900000000000000e+04
1.099389405850131709e+02 1.301422156010544062e-02 -3.202018851361270596e-03 -9.251412193940483772e-04 1.719300000000000000e+04
1.120392143152385387e+02 1.309550625376494117e-02 -2.832528947091432145e-03 -2.209555592457499058e-03 1.815700000000000000e+04
1.141233458569757744e+02 1.264187541165413993e-02 -3.230031288587415644e-03 -2.075765202409329564e-03 1.833900000000000000e+04
1.162159397555423084e+02 1.211999343642811144e-02 -3.020579232280410850e-03 -1.294093004433441310e-03 1.957300000000000000e+04
1.183137204803772420e+02 1.192619277216418368e-02 -2.717037050945221403e-03 -2.169221268312304923e-03 1.994100000000000000e+04
1.203972311807013256e+02 1.159606187324218642e-02 -2.472507411510396162e-03 -1.471022347777311721e-03 2.062900000000000000e+04
1.224922363187857286e+02 1.124695199400739705e-02 -2.362926921589224641e-03 -1.246549318761986215e-03 2.165500000000000000e+04
1.245882598425863534e+02 1.100710649108542147e-02 -2.649199486313465711e-03 -1.441945345201590869e-03 2.211300000000000000e+04
1.266884677158377315e+02 1.078998952692014797e-02 -2.811121515758142116e-03 -1.692962285510330117e-03 2.318500000000000000e+04
1.287846620419940962e+02 1.058836058229105023e-02 -2.775564989054153144e-03 -1.010469876124590579e-03 2.366700000000000000e+04
1.308713393788149801e+02 1.029825554764698427e-02 -2.680347652781685068e-03 -5.815494270627089794e-04 2.438500000000000000e+04
1.329754833440644575e+02 9.944746746250593405e-03 -2.957573883464684021e-03 -3.012177459363055078e-04 2.574900000000000000e+04
1.350691081525609434e+02 9.759158182078330260e-03 -2.784088676842329680e-03 -8.057816590898150486e-04 2.567500000000000000e+04
1.371638825856825576e+02 9.414998388291635767e-03 -3.024874759071385921e-03 -9.378637308565705103e-04 2.740900000000000000e+04
1.392604757372163533e+02 9.038132009160409347e-03 -2.736596573859459945e-03 -3.283975406023381975e-04 2.740500000000000000e+04
1.413466882908376760e+02 8.785282807697159316e-03 -2.648074904441070909e-03 -3.001058730440423340e-04 2.871700000000000000e+04
1.434475230090064031e+02 8.626053122030928610e-03 -2.620079152681917007e-03 -4.324540571004984054e-04 2.959500000000000000e+04
1.455452853418541679e+02 8.389050489609995234e-03 -2.513872691637732658e-03 -5.393124380584680966e-04 3.030100000000000000e+04
1.476332061073587738e+02 8.262775624542148881e-03 -2.525836302607090914e-03 -6.080285376035584992e-04 3.110100000000000000e+04
1.497211472843286231e+02 8.218423832919595148e-03 -2.549433540575398935e-03 -7.387952152213821556e-04 3.202300000000000000e+04
1.518138048751577287e+02 8.059166497602904614e-03 -2.464705801798788148e-03 -2.403412254263552169e-04 3.297700000000000000e+04
1.539211490100352648e+02 7.809716459839449905e-03 -2.252432636472074222e-03 -5.840473757359870019e-04 3.444900000000000000e+04
1.560214747341236716e+02 7.704781152055854843e-03 -2.291128753658925980e-03 -7.184619781749418616e-04 3.454900000000000000e+04
1.581161747588121784e+02 7.509263781798695622e-03 -2.109495120623066083e-03 -6.808802447918904524e-04 3.611100000000000000e+04
1.602118712271799836e+02 7.421095522153633647e-03 -1.834496104126266767e-03 -9.328398828186407589e-04 3.654100000000000000e+04
1.623006419462898862e+02 7.199862593028804464e-03 -1.597625712116698161e-03 -7.961461226575207136e-04 3.771700000000000000e+04
1.643899033199985240e+02 7.031936000596754333e-03 -1.489039048771864313e-03 -7.015822383129628617e-04 3.861900000000000000e+04
1.664835582381511756e+02 6.967654990839561649e-03 -1.552339652015746752e-03 -7.818224797593854815e-04 3.966100000000000000e+04
1.685719683778473552e+02 6.847516852729120494e-03 -1.424087106420830577e-03 -4.824124440358168930e-04 4.054500000000000000e+04
1.706641332089364766e+02 6.789607061412777228e-03 -1.358641332643333727e-03 -1.416048447158623977e-04 4.181500000000000000e+04
1.727708699256135390e+02 6.716209850898754129e-03 -1.433253659715188078e-03 -1.078924351185585643e-04 4.312500000000000000e+04
1.748696546009699659e+02 6.691763692332234822e-03 -1.505851452609469543e-03 2.090847311988877936e-04 4.368100000000000000e+04
1.769585769494445344e+02 6.530435352676251283e-03 -1.369356073356047540e-03 3.526663397378606343e-04 4.462900000000000000e+04
1.790524509315575301e+02 6.439605635206381573e-03 -1.218751581597537614e-03 2.171735342838416452e-04 4.622700000000000000e+04
1.811526521261263554e+02 6.356252792813710251e-03 -1.099155142175877288e-03 2.365218076838561650e-04 4.690900000000000000e+04
1.832476884130738881e+02 6.156934914541527769e-03 -9.900323366690932762e-04 3.957431780551759590e-04 4.823700000000000000e+04
1.853312475833926101e+02 6.055040196831016144e-03 -9.007710488813750480e-04 1.323360216631679380e-04 4.858300000000000000e+04
1.874284892203218931e+02 5.942640274009415753e-03 -8.175867423947032501e-04 7.828752458010296647e-05 5.099700000000000000e+04
1.895337179075755216e+02 5.826864473480834576e-03 -6.860764133307574062e-04 7.190067318980423419e-05 5.139700000000000000e+04
1.916268196474026126e+02 5.833178995823634118e-03 -5.149237426824580972e-04 -1.392174729836832988e-04 5.248900000000000000e+04
1.937183403446852878e+02 5.731190350515917228e-03 -5.325155913149697603e-04 3.883691221609364311e-05 5.378700000000000000e+04
1.958131498886989164e+02 5.603528996606728547e-03 -5.705870953892292884e-04 -1.713529118421705858e-04 5.491300000000000000e+04
1.979058740098966211e+02 5.599217826115362832e-03 -3.082034921285563343e-04 -3.819360650535340491e-04 5.597700000000000000e+04
1.999990651597893816e+02 5.474094835750918653e-03 -2.721323132501224178e-04 -5.840562919699414217e-05 5.741500000000000000e+04
2.020893038374759101e+02 5.401287781489586860e-03 -1.746872955721462427e-04 -1.907628353142847293e-04 5.810500000000000000e+04
2.041823192148177952e+02 5.307748283327352185e-03 -6.175709097667600662e-05 -4.065457188442667905e-04 6.003300000000000000e+04
2.062825911013838152e+02 5.210073555131085159e-03 -1.025263497970072308e-06 -2.066682315478485970e-04 6.094900000000000000e+04
2.083770189145966185e+02 5.113948441206473371e-03 5.263470517701914533e-05 5.561706271000765747e-05 6.223500000000000000e+04
2.104675816794403431e+02 5.088416965146769916e-03 1.932017006082816174e-04 2.274669073691553304e-05 6.322900000000000000e+04
2.125667854244018145e+02 5.036996413832139745e-03 2.519764418374254803e-04 3.876274009419907970e-05 6.513300000000000000e+04
2.146619261104851830e+02 4.972874000232341447e-03 3.644699491689052263e-04 1.180410966508450051e-04 6.570700000000000000e+04
2.167561805722037036e+02 4.952252466624933874e-03 3.910782846017768228e-04 1.113853665102639158e-04 6.756100000000000000e+04
2.188528705899679210e+02 4.879310582483692774e-03 5.449488081212682140e-04 2.509646265295241755e-04 6.850500000000000000e+04
2.209456427453084473e+02 4.856385793210763087e-03 6.945151876239753167e-04 3.353741180355929554e-04 6.994300000000000000e+04
2.230395148320731096e+02 4.820476398042856242e-03 8.829351891528144534e-04 1.719188751263557569e-04 7.109700000000000000e+04
2.251356732858534997e+02 4.699449363408775802e-03 9.113107972141733931e-04 3.083540152444432360e-04 7.302100000000000000e+04
2.272278504864401327e+02 4.642473243930060438e-03 1.084619153717984730e-03 2.320855632080725032e-04 7.331700000000000000e+04
2.293197511287232544e+02 4.623912920717827488e-03 1.252158409585518240e-03 1.102128361833780131e-04 7.579900000000000000e+04
2.314114772346510165e+02 4.559678154452324363e-03 1.430169555463711934e-03 3.535360115936715501e-04 7.602100000000000000e+04
2.335058467478245632e+02 4.512819098086190590e-03 1.469585725351291432e-03 2.950272769625203613e-04 7.875300000000000000e+04
2.356041652202905539e+02 4.501247771505300505e-03 1.507637854931436665e-03 1.570880743677667438e-04 7.929100000000000000e+04
2.377006336558306998e+02 4.463397670076337323e-03 1.597199710183067186e-03 3.349163055687831569e-04 8.112900000000000000e+04
2.397972750390475198e+02 4.435624209675707343e-03 1.712045446996989266e-03 3.463793950699129939e-04 8.244100000000000000e+04
2.418944602532704096e+02 4.430774520983617529e-03 1.807926387799654432e-03 5.193582484465613215e-04 8.394900000000000000e+04
2.439884227569783093e+02 4.400319378931029542e-03 1.790279754603565053e-03 5.539925191096270332e-04 8.512300000000000000e+04
2.460835996828307373e+02 4.323191667247432320e-03 1.846471145913082318e-03 6.576796799127715811e-04 8.692900000000000000e+04
2.481755280705312146e+02 4.292562900479352309e-03 2.001922979115652867e-03 6.068248745664469885e-04 8.778900000000000000e+04
2.502623700647570217e+02 4.255009668300125877e-03 2.174163297537457136e-03 9.110390700888660155e-04 8.962300000000000000e+04
2.523586155105348325e+02 4.223797582372798044e-03 2.253560760359514439e-03 9.118616768641513463e-04 9.134100000000000000e+04
2.544547077866985489e+02 4.193160151027195554e-03 2.317886594992897738e-03 9.180616787877612060e-04 9.284500000000000000e+04
2.565487653287422063e+02 4.126142642247265964e-03 2.444677303850272768e-03 1.145697922942760403e-03 9.408700000000000000e+04
2.586464955058470991e+02 4.164992081087098147e-03 2.594382067522501157e-03 1.080127533409911680e-03 9.633300000000000000e+04
2.607443047329861656e+02 4.179006197948639117e-03 2.700915075311589343e-03 1.382357240931024554e-03 9.724900000000000000e+04
2.628438312173413465e+02 4.194311571188800297e-03 2.849798745421198033e-03 1.518425513897496719e-03 9.950100000000000000e+04
2.649298855659840228e+02 4.169745836001973252e-03 2.942624241436208286e-03 1.550001041122262349e-03 9.928300000000000000e+04
2.670163698864117805e+02 4.177560150429090492e-03 3.041345467927633259e-03 1.677557271670399378e-03 1.025370000000000000e+05
2.691120556714307668e+02 4.168413294214628508e-03 3.118516147883966354e-03 1.465934328389063021e-03 1.022830000000000000e+05
2.712074998348403483e+02 4.128681216897417926e-03 3.201585889396839010e-03 8.564335069856426810e-04 1.021060000000000000e+05
2.733050116933233653e+02 4.086036651184042807e-03 3.134515643897176074e-03 1.539707615488148046e-04 1.007340000000000000e+05
2.753977295572417461e+02 3.998013156948320573e-03 2.991148676988793047e-03 -4.435099891623075900e-04 9.999400000000000000e+04
2.774958294534935703e+02 3.987513297754622862e-03 2.951714462313964268e-03 -9.721675817151415695e-04 9.936000000000000000e+04
2.795977707949222122e+02 3.969114472437550167e-03 3.060082281041225875e-03 -1.397551155883189735e-03 9.860800000000000000e+04
2.816862895118986785e+02 3.928667614605489168e-03 3.024723128278388341e-03 -1.759519200835525264e-03 9.625200000000000000e+04
2.837743515740906446e+02 3.890319420534878343e-03 2.959063033504328710e-03 -2.365262956328335019e-03 9.640000000000000000e+04
2.858713251310674650e+02 3.806628035822815035e-03 2.892909299736191962e-03 -2.683095659033431484e-03 9.539800000000000000e+04
2.879670932628575883e+02 3.777459426365203498e-03 2.849033121992151571e-03 -3.198656590339283342e-03 9.402000000000000000e+04
2.900590582015512382e+02 3.744220373442004243e-03 2.786367947197641599e-03 -3.656132136939388086e-03 9.316000000000000000e+04
2.921519201901450060e+02 3.702749289557420546e-03 2.701883774837392574e-03 -3.990144685276452059e-03 9.177600000000000000e+04
2.942485935102203030e+02 3.626061959756675911e-03 2.659690657642590703e-03 -4.285245787515677696e-03 9.137800000000000000e+04
2.963426645133968691e+02 3.582433635709886960e-03 2.609515631974324186e-03 -4.628501448444264504e-03 8.949000000000000000e+04
2.984329904966970162e+02 3.538342655413693246e-03 2.489877802958572178e-03 -4.983782744176371536e-03 8.845000000000000000e+04
3.005290481640043367e+02 3.464129757843434961e-03 2.487280800385874464e-03 -5.083382451633602049e-03 8.794600000000000000e+04
3.026245947235937592e+02 3.460450267475238904e-03 2.474231269003658237e-03 -5.394043549496066112e-03 8.575200000000000000e+04
3.047205651109674704e+02 3.439707848895479265e-03 2.455124274575688510e-03 -5.676743722462577330e-03 8.574400000000000000e+04
3.068167457111920839e+02 3.359126705796639488e-03 2.373412568431250078e-03 -5.792523215721011309e-03 8.322000000000000000e+04
3.089118625384018060e+02 3.379841045155527503e-03 2.393843556963362682e-03 -6.112388120761217715e-03 8.302000000000000000e+04
3.110099981664167785e+02 3.316837284596552485e-03 2.230174345310944467e-03 -6.209330929029443537e-03 8.106400000000000000e+04
3.131040997612852266e+02 3.298615094619800243e-03 2.232250482339161093e-03 -6.394400016199917880e-03 7.983000000000000000e+04
3.151936712677708670e+02 3.282864079246761418e-03 2.171833607020374254e-03 -6.602592687570577740e-03 7.823800000000000000e+04
3.172858841403398173e+02 3.237807779575338409e-03 2.082823925278827221e-03 -6.686774657116487455e-03 7.715400000000000000e+04
3.193772099476266817e+02 3.168417290025915805e-03 2.015124577418289046e-03 -6.756458467911553162e-03 7.546600000000000000e+04
3.214753775151562536e+02 3.183177387776287351e-03 1.939351364866012152e-03 -7.018506868624400583e-03 7.480200000000000000e+04
3.235746879206847666e+02 3.136102462874302676e-03 1.875889282951880184e-03 -7.116926893000849463e-03 7.258000000000000000e+04
3.256647237020029024e+02 3.086254158369426161e-03 1.807267830706532413e-03 -7.127565782285637946e-03 7.133800000000000000e+04
3.277571324083919535e+02 3.084282705165618862e-03 1.774466512865667187e-03 -7.289175222812766669e-03 6.964200000000000000e+04
3.298487111637800240e+02 3.038909465712189961e-03 1.684019857350644829e-03 -7.347375893813901972e-03 6.832600000000000000e+04
3.319433744068021497e+02 2.996875482306178042e-03 1.637216130056078252e-03 -7.353699984719634826e-03 6.674400000000000000e+04
3.340422322988853239e+02 3.014557728305855902e-03 1.609755640741218153e-03 -7.554878184570287987e-03 6.533800000000000000e+04
3.361307892565458246e+02 2.964579500807244371e-03 1.516119753068207419e-03 -7.518181937570408112e-03 6.315600000000000000e+04
3.382251120895489294e+02 2.952643195149551487e-03 1.461792293699169104e-03 -7.640850062710916567e-03 6.214000000000000000e+04
3.403264013195363304e+02 2.971542904751315294e-03 1.443293720899957141e-03 -7.770529141233494495e-03 6.051400000000000000e+04
3.424148842577288860e+02 2.939416471275070435e-03 1.395944968620384512e-03 -7.766870236084758884e-03 5.799000000000000000e+04
3.445099495577244397e+02 2.947257415312526125e-03 1.333143876291094550e-03 -7.862085046725291598e-03 5.742400000000000000e+04
3.466144105402300397e+02 2.951977517882455396e-03 1.328155312133988278e-03 -7.966901153172988373e-03 5.518200000000000000e+04
3.487067496858389859e+02 2.952678577979416311e-03 1.296590439262136673e-03 -8.030656510030553114e-03 5.306800000000000000e+04
3.507912540595516475e+02 2.963178489736810906e-03 1.283020257596884095e-03 -8.119621092247418515e-03 5.152800000000000000e+04
3.528807167895711814e+02 2.985737748531416130e-03 1.255559842596985949e-03 -8.291055790847507573e-03 4.954600000000000000e+04
3.549828487415276754e+02 2.977731479263586237e-03 1.181575068280345817e-03 -8.238585739486289569e-03 4.846600000000000000e+04
3.570768480370360862e+02 2.958894941600200262e-03 1.135407957501142562e-03 -8.232992354171318750e-03 4.566600000000000000e+04
3.591652111747225717e+02 2.978139330840588739e-03 1.074445261835536803e-03 -8.330100874071303188e-03 4.423000000000000000e+04
3.612627896178847777e+02 2.925207684148307865e-03 1.000319664044981927e-03 -8.223230692230035221e-03 4.254000000000000000e+04
3.633645820428338880e+02 2.942803620627990752e-03 9.703103373628974362e-04 -8.365863455644323779e-03 4.022200000000000000e+04
3.654527365610065885e+02 2.967110954769869302e-03 9.748017645601471468e-04 -8.485398150940723361e-03 3.842200000000000000e+04
3.675441472124314259e+02 2.894041275114998465e-03 8.357165163180196085e-04 -8.305820255141810673e-03 3.624600000000000000e+04
3.696396280380744201e+02 2.942738516563053481e-03 8.544288205539578556e-04 -8.519412240514371085e-03 3.455200000000000000e+04
3.717297223820279441e+02 2.900608729275489656e-03 7.701839874217731663e-04 -8.452161656562982503e-03 3.213600000000000000e+04
3.738176974939287902e+02 2.879964739592913003e-03 7.216805483501381258e-04 -8.461500052983735726e-03 3.029200000000000000e+04
3.759110996783247174e+02 2.855999937941824159e-03 6.450842662481953444e-04 -8.485407993362682408e-03 2.830200000000000000e+04
3.780081394014102898e+02 2.847977063945431216e-03 5.935864965092026808e-04 -8.552497844067651761e-03 2.605600000000000000e+04
3.801051557582653118e+02 2.824575934700845111e-03 4.833947873596681328e-04 -8.464596082758761228e-03 2.421100000000000000e+04
3.821955053587425937e+02 2.751493311251951551e-03 4.229561699059978478e-04 -8.356271840568890719e-03 2.220600000000000000e+04
3.842862749912937943e+02 2.777825616049075727e-03 4.340658054913866699e-04 -8.577376577161436103e-03 2.088400000000000000e+04
3.863841918340856409e+02 2.727431992553304516e-03 3.899300448449523251e-04 -8.503575526960438155e-03 1.939200000000000000e+04
3.884771734501698006e+02 2.732919733638342237e-03 4.127008656062790401e-04 -8.670981346772473064e-03 1.805800000000000000e+04
3.905623371605522607e+02 2.675506452684477815e-03 3.714190473849217269e-04 -8.546147910298378808e-03 1.674600000000000000e+04
3.926667500119167471e+02 2.637400331559112011e-03 3.379614694762975852e-04 -8.499782594719239998e-03 1.589800000000000000e+04
3.947778557744774162e+02 2.588225551425422672e-03 2.907385243615245992e-04 -8.363040598989868527e-03 1.457800000000000000e+04
3.968631060462392952e+02 2.593337717003073913e-03 2.863883252175303110e-04 -8.440086282968708650e-03 1.344300000000000000e+04
3.989413219049817485e+02 2.555010680518124411e-03 2.621027565102315802e-04 -8.382243576800587487e-03 1.251100000000000000e+04
4.010572258526528344e+02 2.530138291541422866e-03 2.462331238117920350e-04 -8.362325240666681342e-03 1.191900000000000000e+04
4.031656962107319373e+02 2.481228168557577871e-03 2.461072257404195419e-04 -8.257698389472285100e-03 1.063900000000000000e+04
4.052249146637423678e+02 2.457106101960831838e-03 2.471486280004653638e-04 -8.250309338975754525e-03 9.775000000000000000e+03
4.073276634718891387e+02 2.443466700884230468e-03 2.434296515653494748e-04 -8.283677505482613806e-03 9.423000000000000000e+03
4.094593776408451049e+02 2.448271213534792840e-03 2.444395412928191563e-04 -8.355464523651760789e-03 8.449000000000000000e+03
4.115405539130957777e+02 2.439755742015522859e-03 2.032561485064422714e-04 -8.329988680328095918e-03 7.596000000000000000e+03
4.135894252671187132e+02 2.477604576579003296e-03 2.165120767736913843e-04 -8.498304461784473435e-03 6.931000000000000000e+03
4.156930049049321951e+02 2.445267631063633741e-03 1.768032462808904375e-04 -8.410937228028329132e-03 6.612000000000000000e+03
4.178272827209258367e+02 2.469544881770251599e-03 1.856937610386874581e-04 -8.530431656168842997e-03 5.899000000000000000e+03
4.199082037741286513e+02 2.487456054551297376e-03 1.968293139024021544e-04 -8.641218893299346809e-03 5.176000000000000000e+03
4.219826095167229028e+02 2.564198217037276344e-03 1.707669312390314826e-04 -8.901459893959315015e-03 4.824000000000000000e+03
4.241028763136273483e+02 2.529768227649603976e-03 1.761402309429048322e-04 -8.833732451502082639e-03 4.312000000000000000e+03
4.262107721966358440e+02 2.538408310537143553e-03 1.476099583000466727e-04 -8.848106681159432357e-03 3.819000000000000000e+03
4.282460731868927724e+02 2.758509321173782149e-03 1.389299186987956512e-04 -9.616190336493631724e-03 3.220000000000000000e+03
4.303287648834323136e+02 2.760901973239433989e-03 1.111258916509181432e-04 -9.625497930411045303e-03 3.132000000000000000e+03
4.325172248853483552e+02 2.630094806656940384e-03 9.403187956656695456e-05 -9.172256276748664075e-03 2.680000000000000000e+03
4.346325070601815810e+02 2.779341960185651751e-03 7.094588421100524222e-05 -9.674424585100788176e-03 2.218000000000000000e+03
4.365567227659553851e+02 2.995853841164321935e-03 6.133947162676904119e-05 -1.041636227030514131e-02 1.728000000000000000e+03
4.386277159174848634e+02 2.832391119686667770e-03 2.744569019370471868e-05 -9.853213689733190256e-03 1.816000000000000000e+03
4.409019266196692683e+02 2.960428172715865672e-03 -8.888016281702935224e-06 -1.027030300478198876e-02 1.476000000000000000e+03
4.430735479208619836e+02 3.104800790321352640e-03 -3.666374368282622899e-05 -1.075297712700505094e-02 1.108000000000000000e+03
4.448761117541747012e+02 3.222363233465893109e-03 -3.543117086950049461e-05 -1.116673782132458596e-02 7.560000000000000000e+02
4.469343758523184533e+02 3.150111841458515423e-03 -6.988363080958655401e-05 -1.090576002492542503e-02 8.440000000000000000e+02
4.493013102792758104e+02 3.506695777627019846e-03 -7.504198228744688674e-05 -1.215870978573897407e-02 6.280000000000000000e+02
4.515989744176221734e+02 3.838478302622880950e-03 -3.731708243934685497e-05 -1.337130476114093552e-02 4.050000000000000000e+02
4.533101867737696580e+02 4.056528351244176323e-03 -2.958112098057957877e-05 -1.413917661478156403e-02 2.020000000000000000e+02
4.552338387398290820e+02 4.728535462046708042e-03 -3.634990901382141641e-05 -1.649490541873691735e-02 2.280000000000000000e+02
4.576034578613840722e+02 4.470954951779881545e-03 4.972211028491927298e-06 -1.564444463543444158e-02 1.240000000000000000e+02
4.599517872444100703e+02 4.192040790572265814e-03 1.519992871464808070e-05 -1.468314120535652370e-02 5.200000000000000000e+01
4.619205689144050666e+02 5.070921018134509455e-03 1.043140011681402384e-05 -1.775628481380680732e-02 9.000000000000000000e+00
4.634281054380590490e+02 5.390874554894284527e-03 4.375543945658423795e-05 -1.891138440347886474e-02 4.000000000000000000e+00
