2.966547074898984615e+00 9.770155149269489636e-02 2.622111000475794637e-02 7.700889514813598347e-02 1.300000000000000000e+01
5.026374055021858744e+00 2.790367291368967342e-02 -2.273273289760983223e-02 2.841475318473334500e-03 3.300000000000000000e+01
7.149300621522788113e+00 1.568147635066301226e-02 -2.757912814036114508e-03 4.291117396682329888e-03 7.900000000000000000e+01
9.278869254964254409e+00 6.753282578684426107e-03 -9.665033947044844413e-04 -2.601284107497258205e-03 1.170000000000000000e+02
1.145033261934470126e+01 4.794995501447664454e-03 -9.306096443667118915e-04 -1.154525207042146227e-03 2.050000000000000000e+02
1.349295587141915043e+01 3.203211802101039313e-03 -1.263118759594698695e-03 1.766720333115851918e-05 2.350000000000000000e+02
1.558905561191892986e+01 2.462645895654762013e-03 -5.979637198983801328e-04 -6.701921725858308904e-05 3.690000000000000000e+02
1.769408367255316961e+01 1.959406319052636215e-03 -1.780828160122375516e-04 -8.719338708795869525e-05 4.330000000000000000e+02
1.981787480313529670e+01 1.469340715716461760e-03 2.619984328183091820e-05 8.379956205991446810e-05 5.850000000000000000e+02
2.192074938196263645e+01 1.245847057190594288e-03 1.183002440035968134e-05 3.096682131212220900e-04 6.790000000000000000e+02
2.398877635566245203e+01 9.804090044970667928e-04 -3.052204387597318429e-05 5.212968734183855808e-05 8.130000000000000000e+02
2.609286971896115759e+01 8.116870986979690238e-04 -1.584065699385793101e-04 8.096314728743512763e-05 9.850000000000000000e+02
2.823466315278179550e+01 7.118429031717970817e-04 -1.066752509389268960e-04 9.803246046306183061e-05 1.183000000000000000e+03
3.032284873509123102e+01 6.332338771664838438e-04 -1.062716193953199863e-04 1.831857527004590515e-04 1.269000000000000000e+03
3.240263258943403457e+01 5.309053494307693945e-04 -9.187543728541948721e-05 7.329954896967789339e-05 1.537000000000000000e+03
3.449210129864554375e+01 4.620245441361742222e-04 -4.667909593378468411e-05 8.968070632809502034e-05 1.653000000000000000e+03
3.658588147515196454e+01 4.264287477689817892e-04 -3.866563456008198729e-05 5.784336289179199632e-05 1.963000000000000000e+03
3.868476949266977272e+01 3.778558682548568666e-04 -4.561132821429781585e-05 9.591789056996833935e-05 2.121000000000000000e+03
4.078898888458283523e+01 3.194475251681105432e-04 -1.839273604125998054e-05 7.727955824670034791e-05 2.413000000000000000e+03
4.289390876967645738e+01 2.902029363789319504e-04 -3.534847652812428008e-05 8.605246953813055328e-05 2.635000000000000000e+03
4.498336005546935468e+01 2.697538844954031523e-04 -1.415739128878120909e-05 1.134733723446859296e-04 2.877000000000000000e+03
4.706498529473824988e+01 2.449586892900510707e-04 -3.367362619207706043e-05 6.381491891209953857e-05 3.169000000000000000e+03
4.917111919158227096e+01 2.231934554934114374e-04 -2.408854356114737674e-05 6.545296356945894643e-05 3.507000000000000000e+03
5.126216914174227668e+01 2.027157851165976160e-04 -2.752931243892608359e-05 6.154931902898452118e-05 3.685000000000000000e+03
5.335525146837034072e+01 1.820265665801653341e-04 -3.562705715730162009e-05 6.754971884735765629e-05 4.165000000000000000e+03
5.546637228956934251e+01 1.708519831388653429e-04 -3.025254411438854605e-05 5.307840436023765165e-05 4.377000000000000000e+03
5.757318819254808773e+01 1.593569828117229116e-04 -2.117495258394016185e-05 4.277394486793171754e-05 4.855000000000000000e+03
5.965884044590281121e+01 1.456083620823752376e-04 -2.936453544217636100e-05 5.997493481664688747e-05 4.929000000000000000e+03
6.174512302159506305e+01 1.350429555050858732e-04 -1.719503512708639033e-05 3.688082840160519929e-05 5.581000000000000000e+03
6.382689291137189969e+01 1.269336856552069268e-04 -2.250565505182521681e-05 3.704257298771463703e-05 5.679000000000000000e+03
6.592966228838450604e+01 1.191897576493241521e-04 -1.896598279047334045e-05 3.209218370745989257e-05 6.385000000000000000e+03
6.803125784825746791e+01 1.126775526390027079e-04 -1.543022292390856684e-05 3.927168488816708470e-05 6.553000000000000000e+03
7.013131008699485847e+01 1.081315382169736867e-04 -8.994510621204828145e-06 3.810321432756389322e-05 7.125000000000000000e+03
7.223032366074338029e+01 9.945852584526008522e-05 -1.465434136429567903e-05 3.805309546572578178e-05 7.447000000000000000e+03
7.432334270720505742e+01 9.433295456117289407e-05 -1.454557772732804094e-05 2.934627151305798114e-05 7.929000000000000000e+03
7.642066756954473306e+01 8.931031278515476172e-05 -1.084439469025126628e-05 3.665412077421105821e-05 8.353000000000000000e+03
7.850471694556040347e+01 8.630222291945569609e-05 -1.214404215069953731e-05 3.067425768342541074e-05 8.775000000000000000e+03
8.059701946059529121e+01 8.245933246631340888e-05 -1.335657879627454021e-05 2.970852254817443657e-05 9.313000000000000000e+03
8.269521798132063850e+01 7.780284175934844759e-05 -1.470457986365028086e-05 2.559472664384189835e-05 9.841000000000000000e+03
8.478307522909847194e+01 7.436156925073151517e-05 -1.220394540021945406e-05 2.556328153939725988e-05 1.019100000000000000e+04
8.687780839616016237e+01 7.195162579626275371e-05 -1.113377608891684763e-05 2.128457382912926160e-05 1.089700000000000000e+04
8.897524569656535220e+01 6.844582684914137384e-05 -7.608147419669638213e-06 2.253544505329234591e-05 1.130100000000000000e+04
9.108077810470518898e+01 6.630508232492765997e-05 -8.123339247436615383e-06 2.137416610059727481e-05 1.202500000000000000e+04
9.318432266948052245e+01 6.251703342690876763e-05 -5.713118024769823922e-06 2.157221982878645001e-05 1.242300000000000000e+04
9.527887641048309320e+01 6.106665442848399335e-05 -7.512215775492890157e-06 1.775308374249168824e-05 1.302100000000000000e+04
9.736254237981037818e+01 5.842342264063182171e-05 -8.556471987076510232e-06 1.533962819870807260e-05 1.340500000000000000e+04
9.944832814799407572e+01 5.659623249308668401e-05 -5.662818279092408904e-06 1.767426076837092368e-05 1.424700000000000000e+04
1.015460879802399035e+02 5.414070774833558474e-05 -4.836210629229992187e-06 1.659147119035775896e-05 1.471300000000000000e+04
1.036426375667732316e+02 5.222358895945290123e-05 -6.813232390706074189e-06 1.464718038176556702e-05 1.548900000000000000e+04
1.057389390539465950e+02 5.041285314895748397e-05 -8.450083222573860707e-06 1.140579392182678420e-05 1.591300000000000000e+04
1.078395855981474227e+02 4.839744936517252491e-05 -3.929372339868786184e-06 1.164340780357192916e-05 1.687900000000000000e+04
1.099389405850131709e+02 4.713458344269637714e-05 -5.186820748644657639e-06 1.267774613962662857e-05 1.719300000000000000e+04
1.120392143152385387e+02 4.560655992144809769e-05 -4.341458740529595176e-06 7.648748081343143592e-06 1.815700000000000000e+04
1.141233458569757744e+02 4.441514004784024173e-05 -5.864565966702397977e-06 1.148473440693343708e-05 1.833900000000000000e+04
1.162159397555423084e+02 4.278918156038522913e-05 -5.790452534450045393e-06 1.011083625416533262e-05 1.957300000000000000e+04
1.183137204803772420e+02 4.161492901555716915e-05 -3.884487951563669777e-06 9.720171309847628116e-06 1.994100000000000000e+04
1.203972311807013256e+02 4.053121186802284982e-05 -3.270292278706940893e-06 9.084497385568214426e-06 2.062900000000000000e+04
1.224922363187857286e+02 3.879783770870509201e-05 -2.867603191067199475e-06 8.270753004545944775e-06 2.165500000000000000e+04
1.245882598425863534e+02 3.791050480236715159e-05 -3.692254984635592737e-06 7.156949130068099074e-06 2.211300000000000000e+04
1.266884677158377315e+02 3.625842019383488383e-05 -3.798161461655761655e-06 6.267582701890113640e-06 2.318500000000000000e+04
1.287846620419940962e+02 3.548387753040872268e-05 -4.115068091701853378e-06 6.171041667204505445e-06 2.366700000000000000e+04
1.308713393788149801e+02 3.453527170997595062e-05 -2.719070178054230827e-06 6.092186355426017378e-06 2.438500000000000000e+04
1.329754833440644575e+02 3.325041124773751920e-05 -2.643631036063957673e-06 5.681408798065924870e-06 2.574900000000000000e+04
1.350691081525609434e+02 3.301301157839509341e-05 -1.923413485973588330e-06 5.837140809359954803e-06 2.567500000000000000e+04
1.371638825856825576e+02 3.189060825607253181e-05 -2.027800377336407477e-06 4.429880080982643225e-06 2.740900000000000000e+04
1.392604757372163533e+02 3.100010755544099528e-05 -2.469906434398628635e-06 5.041919536949452456e-06 2.740500000000000000e+04
1.413466882908376760e+02 2.975273876316754214e-05 -2.052166495659422061e-06 4.986484894484222556e-06 2.871700000000000000e+04
1.434475230090064031e+02 2.915819355396384599e-05 -2.907898497706683068e-06 3.867463162899887610e-06 2.959500000000000000e+04
1.455452853418541679e+02 2.865394711691669847e-05 -1.966671548557609278e-06 4.476596006137611263e-06 3.030100000000000000e+04
1.476332061073587738e+02 2.790008220873596380e-05 -1.616868083406542231e-06 3.609880678844849667e-06 3.110100000000000000e+04
1.497211472843286231e+02 2.713198155917123801e-05 -9.837332447737657588e-07 4.627030257780058774e-06 3.202300000000000000e+04
1.518138048751577287e+02 2.671591827869121945e-05 -9.267864741980985834e-07 5.448889387793266025e-06 3.297700000000000000e+04
1.539211490100352648e+02 2.578381169166160441e-05 -3.049316269240811159e-07 4.619863326811610631e-06 3.444900000000000000e+04
1.560214747341236716e+02 2.507928131667020312e-05 1.734258962490439287e-09 3.961836859197770229e-06 3.454900000000000000e+04
1.581161747588121784e+02 2.422857404504263982e-05 -6.807721549995040715e-07 3.410138580661178195e-06 3.611100000000000000e+04
1.602118712271799836e+02 2.389967417392313830e-05 -1.549748707708967833e-07 4.826325497092377747e-06 3.654100000000000000e+04
1.623006419462898862e+02 2.294126000343688765e-05 -5.863212689638308158e-07 4.624033066474724266e-06 3.771700000000000000e+04
1.643899033199985240e+02 2.244660907826928072e-05 -4.777998351829169112e-07 3.983637868102540966e-06 3.861900000000000000e+04
1.664835582381511756e+02 2.173904176636063681e-05 -1.743870541753342277e-07 3.757938491297553805e-06 3.966100000000000000e+04
1.685719683778473552e+02 2.139914855082632972e-05 1.771319670445855779e-07 4.152542444724476455e-06 4.054500000000000000e+04
1.706641332089364766e+02 2.095613289749665120e-05 -8.055628593891520192e-08 3.896665102138888984e-06 4.181500000000000000e+04
1.727708699256135390e+02 2.048877110449761791e-05 -7.165121298747198822e-08 3.058844787106327821e-06 4.312500000000000000e+04
1.748696546009699659e+02 1.994078622198833714e-05 2.538188227422023968e-07 2.988903061253307184e-06 4.368100000000000000e+04
1.769585769494445344e+02 1.969372583471898139e-05 -3.436401297627087694e-07 2.997782643314774542e-06 4.462900000000000000e+04
1.790524509315575301e+02 1.936165347510410665e-05 -1.538004524088399463e-07 3.073075663280836927e-06 4.622700000000000000e+04
1.811526521261263554e+02 1.880810960437152144e-05 1.665374968617859883e-07 2.994541746149851041e-06 4.690900000000000000e+04
1.832476884130738881e+02 1.840411440000188067e-05 3.608257765847821360e-07 3.018471704083208536e-06 4.823700000000000000e+04
1.853312475833926101e+02 1.795198474029878276e-05 -2.962852833174849456e-07 3.054676955016180976e-06 4.858300000000000000e+04
1.874284892203218931e+02 1.756741716428505935e-05 -1.978390539509905078e-08 2.488326878347090225e-06 5.099700000000000000e+04
1.895337179075755216e+02 1.721590483545293611e-05 -4.008798502223787186e-07 2.144895467956656974e-06 5.139700000000000000e+04
1.916268196474026126e+02 1.692876960275926517e-05 -5.780059673805694221e-07 2.225873847828503087e-06 5.248900000000000000e+04
1.937183403446852878e+02 1.641347729407036945e-05 -6.549170469248444333e-07 2.221028424837661564e-06 5.378700000000000000e+04
1.958131498886989164e+02 1.606089543377058366e-05 -3.615375186351321340e-07 2.021898922202474094e-06 5.491300000000000000e+04
1.979058740098966211e+02 1.559835648804631253e-05 -3.217993147046438858e-07 2.047774453410662834e-06 5.597700000000000000e+04
1.999990651597893816e+02 1.534315170061791015e-05 -3.548851975306000905e-07 1.992777704649630453e-06 5.741500000000000000e+04
2.020893038374759101e+02 1.501647962071714162e-05 -1.135820837660687480e-07 1.549660257234638397e-06 5.810500000000000000e+04
2.041823192148177952e+02 1.477282730005168147e-05 -3.407242634463066382e-07 1.597987930283356912e-06 6.003300000000000000e+04
2.062825911013838152e+02 1.438019848994574183e-05 -1.575192795762205019e-07 1.681215144971253058e-06 6.094900000000000000e+04
2.083770189145966185e+02 1.397212216373382493e-05 -6.585035403848093482e-07 1.240851088627093722e-06 6.223500000000000000e+04
2.104675816794403431e+02 1.386094537739621014e-05 -3.282439373746195586e-07 1.592283091993282666e-06 6.322900000000000000e+04
2.125667854244018145e+02 1.346389072873440234e-05 -2.947472650187276278e-07 1.969788121041457364e-06 6.513300000000000000e+04
2.146619261104851830e+02 1.337318276068804006e-05 3.937107132328768216e-08 1.962309592257822750e-06 6.570700000000000000e+04
2.167561805722037036e+02 1.312399334600883820e-05 -3.439504228020580934e-08 2.270760602346404658e-06 6.756100000000000000e+04
2.188528705899679210e+02 1.281453461525387925e-05 -3.627806602590039168e-07 1.982542283319801352e-06 6.850500000000000000e+04
2.209456427453084473e+02 1.265271618480395989e-05 -2.346450496269970944e-07 1.622476195035455815e-06 6.994300000000000000e+04
2.230395148320731096e+02 1.244197269346443451e-05 -4.854673597224671379e-08 1.864581101604482159e-06 7.109700000000000000e+04
2.251356732858534997e+02 1.217521648192412045e-05 -2.261758562508447114e-07 1.944926041712326463e-06 7.302100000000000000e+04
2.272278504864401327e+02 1.211494789327516778e-05 -3.815865930087404736e-07 1.745696099851066947e-06 7.331700000000000000e+04
2.293197511287232544e+02 1.191331499143643690e-05 -2.330082981036102216e-07 1.682516798183837211e-06 7.579900000000000000e+04
2.314114772346510165e+02 1.175251164620623624e-05 -5.040299023415207291e-07 1.689221269671362158e-06 7.602100000000000000e+04
2.335058467478245632e+02 1.152604285199686457e-05 -3.920305156243853732e-07 1.947640822813856208e-06 7.875300000000000000e+04
2.356041652202905539e+02 1.143116895325329531e-05 -5.897295287166971379e-07 1.853823788034071307e-06 7.929100000000000000e+04
2.377006336558306998e+02 1.129015420877172392e-05 -4.749334889913319765e-07 2.226104427536648127e-06 8.112900000000000000e+04
2.397972750390475198e+02 1.117781519605009820e-05 -3.722751201934592830e-07 2.310833369955452098e-06 8.244100000000000000e+04
2.418944602532704096e+02 1.105898892934415741e-05 -2.453511817413087359e-07 2.497296073654483562e-06 8.394900000000000000e+04
2.439884227569783093e+02 1.093541207488588626e-05 -3.702279706267733008e-07 2.449030199234450819e-06 8.512300000000000000e+04
2.460835996828307373e+02 1.084884510098648328e-05 -3.365713437901541589e-07 2.340463277936895901e-06 8.692900000000000000e+04
2.481755280705312146e+02 1.076364016615895756e-05 -4.199554721089549555e-07 2.265505423457123812e-06 8.778900000000000000e+04
2.502623700647570217e+02 1.065347042011509611e-05 -6.357424294463815693e-07 2.897583810898155555e-06 8.962300000000000000e+04
2.523586155105348325e+02 1.056213344332723968e-05 -4.101419353924554280e-07 3.016557521616356244e-06 9.134100000000000000e+04
2.544547077866985489e+02 1.051391944290408173e-05 -6.438457153719797123e-07 3.275425725824497688e-06 9.284500000000000000e+04
2.565487653287422063e+02 1.040811619121061845e-05 -6.117860806284639522e-07 3.595889963419871974e-06 9.408700000000000000e+04
2.586464955058470991e+02 1.029896705750829454e-05 -4.786573855632900021e-07 3.589602569818173910e-06 9.633300000000000000e+04
2.607443047329861656e+02 1.027179405125967847e-05 -6.182871567401917777e-07 4.025656755997097743e-06 9.724900000000000000e+04
2.628438312173413465e+02 1.032639190874044974e-05 -4.863040150217162965e-07 4.250124793529807904e-06 9.950100000000000000e+04
2.649298855659840228e+02 1.025157377257527467e-05 -5.477537918111629602e-07 4.401146021304944631e-06 9.928300000000000000e+04
2.670163698864117805e+02 1.020063506946430053e-05 -5.122479884392636151e-07 4.741901809823421449e-06 1.025370000000000000e+05
2.691120556714307668e+02 1.012734025814894368e-05 -5.273221430078432914e-07 4.154381415039050348e-06 1.022830000000000000e+05
2.712074998348403483e+02 1.009539024262403195e-05 -6.779392761163776305e-07 2.776058085334502502e-06 1.021060000000000000e+05
2.733050116933233653e+02 9.856318680730987713e-06 -6.897883986558439495e-07 1.539915633728985700e-06 1.007340000000000000e+05
2.753977295572417461e+02 9.824293467726698601e-06 -7.927234310906464210e-07 3.273298334314761579e-08 9.999400000000000000e+04
2.774958294534935703e+02 9.672942924178429632e-06 -5.333632979700567553e-07 -1.069093787756912532e-06 9.936000000000000000e+04
2.795977707949222122e+02 9.507993853217138486e-06 -5.466752021379157390e-07 -2.335867211860564840e-06 9.860800000000000000e+04
2.816862895118986785e+02 9.347207897262519447e-06 -6.278042139170124599e-07 -3.156748889314773101e-06 9.625200000000000000e+04
2.837743515740906446e+02 9.199320275677167394e-06 -5.148635937473395018e-07 -4.313710599114376448e-06 9.640000000000000000e+04
2.858713251310674650e+02 9.112945898462651806e-06 -3.634547469973170263e-07 -4.964953097154492361e-06 9.539800000000000000e+04
2.879670932628575883e+02 8.940533435167761275e-06 -3.987063529458421496e-07 -5.938860655347287012e-06 9.402000000000000000e+04
2.900590582015512382e+02 8.885026092506026639e-06 -3.277933241038311911e-07 -6.611624212101406459e-06 9.316000000000000000e+04
2.921519201901450060e+02 8.809922768269125800e-06 -2.984905961553711074e-07 -7.385654900726774336e-06 9.177600000000000000e+04
2.942485935102203030e+02 8.689015932632044055e-06 -2.474152319364245030e-07 -8.129682670148851098e-06 9.137800000000000000e+04
2.963426645133968691e+02 8.463570279222226746e-06 -3.658731406630927431e-07 -8.579649884744535281e-06 8.949000000000000000e+04
2.984329904966970162e+02 8.396179279991618168e-06 -3.435936907328957472e-07 -9.249165809518076963e-06 8.845000000000000000e+04
3.005290481640043367e+02 8.313317734038223894e-06 -3.955548039634250390e-07 -9.632422754126873302e-06 8.794600000000000000e+04
3.026245947235937592e+02 8.239340270545213727e-06 -2.754927720862474729e-07 -1.007948891633698765e-05 8.575200000000000000e+04
3.047205651109674704e+02 8.221983835222752013e-06 -3.101235545741912487e-07 -1.051484594399706366e-05 8.574400000000000000e+04
3.068167457111920839e+02 8.085169661359856082e-06 -3.879080340888557672e-07 -1.084905604142362671e-05 8.322000000000000000e+04
3.089118625384018060e+02 8.035832468353492933e-06 -3.211271741389106340e-07 -1.123858247604339416e-05 8.302000000000000000e+04
3.110099981664167785e+02 7.910099645994728561e-06 -3.801720805736521340e-07 -1.143317516568873401e-05 8.106400000000000000e+04
3.131040997612852266e+02 7.930374213077029887e-06 -2.035192028916298166e-07 -1.209326890890666850e-05 7.983000000000000000e+04
3.151936712677708670e+02 7.881284708892390126e-06 -2.532626279112461772e-07 -1.233486586145021579e-05 7.823800000000000000e+04
3.172858841403398173e+02 7.798441736705096847e-06 -3.007837088100217118e-07 -1.252985042147029612e-05 7.715400000000000000e+04
3.193772099476266817e+02 7.701768934576784401e-06 -2.295501526394503542e-07 -1.271539842540716615e-05 7.546600000000000000e+04
3.214753775151562536e+02 7.656223353689329782e-06 -3.095242889000431529e-07 -1.297721557848959563e-05 7.480200000000000000e+04
3.235746879206847666e+02 7.650758700349896799e-06 -2.529216081020538389e-07 -1.336027557052372207e-05 7.258000000000000000e+04
3.256647237020029024e+02 7.598297559713246519e-06 -1.517903321371676399e-07 -1.358411468987039276e-05 7.133800000000000000e+04
3.277571324083919535e+02 7.591950160275768466e-06 -2.295455530413296518e-07 -1.388268597478587571e-05 6.964200000000000000e+04
3.298487111637800240e+02 7.604488213109531642e-06 -2.210941807371959339e-07 -1.427378095263378051e-05 6.832600000000000000e+04
3.319433744068021497e+02 7.626002861775134696e-06 -7.788039114712059224e-08 -1.474843091884640088e-05 6.674400000000000000e+04
3.340422322988853239e+02 7.538892168071990502e-06 -1.083348275806914488e-07 -1.466729937515641661e-05 6.533800000000000000e+04
3.361307892565458246e+02 7.552447918400540989e-06 -1.592982267938794864e-07 -1.486019973082708714e-05 6.315600000000000000e+04
3.382251120895489294e+02 7.614250407372904858e-06 -9.565447249170728028e-08 -1.530712318097134114e-05 6.214000000000000000e+04
3.403264013195363304e+02 7.525715115170901272e-06 -1.123193331873878334e-07 -1.531029111358028790e-05 6.051400000000000000e+04
3.424148842577288860e+02 7.636915385429046650e-06 -4.471904262172322067e-08 -1.590080028476853507e-05 5.799000000000000000e+04
3.445099495577244397e+02 7.502349813704745288e-06 -9.737715195773229611e-08 -1.561334996040380352e-05 5.742400000000000000e+04
3.466144105402300397e+02 7.513124808182485099e-06 -1.263651542296158980e-07 -1.590752207678779886e-05 5.518200000000000000e+04
3.487067496858389859e+02 7.512584153055652903e-06 -5.513817037159682984e-08 -1.614156404087936479e-05 5.306800000000000000e+04
3.507912540595516475e+02 7.558204727341609874e-06 -3.772404399267058583e-08 -1.642283838168626515e-05 5.152800000000000000e+04
3.528807167895711814e+02 7.544093868965029401e-06 -1.222172764848809240e-07 -1.661160903767330138e-05 4.954600000000000000e+04
3.549828487415276754e+02 7.553897648452745618e-06 5.198028852672937095e-09 -1.689540534852695060e-05 4.846600000000000000e+04
3.570768480370360862e+02 7.501573664794052375e-06 -4.069831280060480005e-08 -1.696065837534621834e-05 4.566600000000000000e+04
3.591652111747225717e+02 7.584480159778339950e-06 -6.390956817231957791e-08 -1.725489089987491037e-05 4.423000000000000000e+04
3.612627896178847777e+02 7.648325448483341658e-06 -6.762598219126952932e-08 -1.760524552851891483e-05 4.254000000000000000e+04
3.633645820428338880e+02 7.600936646074831645e-06 1.044896168928525572e-08 -1.800670147363579019e-05 4.022200000000000000e+04
3.654527365610065885e+02 7.622019848666258368e-06 -1.829021429904932544e-08 -1.792436995014195882e-05 3.842200000000000000e+04
3.675441472124314259e+02 7.607408066525161735e-06 5.840582206738290349e-08 -1.863341665326999041e-05 3.624600000000000000e+04
3.696396280380744201e+02 7.722754170394938823e-06 1.328108662876777213e-07 -1.906286068143747477e-05 3.455200000000000000e+04
3.717297223820279441e+02 7.580801794833700500e-06 1.408303449195829354e-07 -1.918166751155172769e-05 3.213600000000000000e+04
3.738176974939287902e+02 7.699262053555862420e-06 9.694645075643481065e-08 -1.973864898856595823e-05 3.029200000000000000e+04
3.759110996783247174e+02 7.611116459729572721e-06 -2.144530052138911977e-08 -1.984639972733543247e-05 2.830200000000000000e+04
3.780081394014102898e+02 7.490756946902212719e-06 -2.082750138329398192e-08 -2.011194826112943016e-05 2.605600000000000000e+04
3.801051557582653118e+02 7.401978007799018012e-06 1.016349801284353180e-07 -2.063425380552268284e-05 2.421100000000000000e+04
3.821955053587425937e+02 7.209437223237769759e-06 3.718168201545121063e-08 -2.055599585386437032e-05 2.220600000000000000e+04
3.842862749912937943e+02 6.923082576060422405e-06 -3.654351138732534238e-08 -2.003682498757869827e-05 2.088400000000000000e+04
3.863841918340856409e+02 6.949437900125535956e-06 -8.959025508648865696e-09 -2.055887809835801178e-05 1.939200000000000000e+04
3.884771734501698006e+02 7.030229490252629354e-06 8.207872147047661256e-09 -2.110972975431011552e-05 1.805800000000000000e+04
3.905623371605522607e+02 7.078180238103653903e-06 2.233764940776403832e-08 -2.161534116159354572e-05 1.674600000000000000e+04
3.926667500119167471e+02 7.058463054315039793e-06 -2.198695901773867692e-08 -2.178729634404928550e-05 1.589800000000000000e+04
3.947778557744774162e+02 6.799517462570263979e-06 -6.416104917287745949e-08 -2.110665751472887917e-05 1.457800000000000000e+04
3.968631060462392952e+02 7.033123325541372069e-06 -1.438028759472518248e-07 -2.194768088986621610e-05 1.344300000000000000e+04
3.989413219049817485e+02 6.981581373245373033e-06 -1.224684848854310855e-07 -2.204685088092960373e-05 1.251100000000000000e+04
4.010572258526528344e+02 7.079124680006998471e-06 -1.748260351341939222e-07 -2.246946317327829681e-05 1.191900000000000000e+04
4.031656962107319373e+02 7.004960245806670506e-06 -2.456629147610607706e-07 -2.227798638478436832e-05 1.063900000000000000e+04
4.052249146637423678e+02 7.227714656307269746e-06 -2.115245008656189107e-07 -2.323705495924346313e-05 9.775000000000000000e+03
4.073276634718891387e+02 7.121980358814997169e-06 -3.215809468841219149e-07 -2.289927639795093266e-05 9.423000000000000000e+03
4.094593776408451049e+02 7.182023234735517901e-06 -2.946070487550030832e-07 -2.325723445981392034e-05 8.449000000000000000e+03
4.115405539130957777e+02 7.413964007852986808e-06 -3.593574175651691388e-07 -2.417046633542710581e-05 7.596000000000000000e+03
4.135894252671187132e+02 7.383930803388152609e-06 -8.464663402966587248e-08 -2.449827759770114135e-05 6.931000000000000000e+03
4.156930049049321951e+02 7.510915959531528770e-06 -7.366793101370042322e-08 -2.509879300679011612e-05 6.612000000000000000e+03
4.178272827209258367e+02 7.637912036579624011e-06 -4.796935527901454701e-08 -2.567658768355897847e-05 5.899000000000000000e+03
4.199082037741286513e+02 7.817892310322343036e-06 2.164418817131229000e-08 -2.643831466742309946e-05 5.176000000000000000e+03
4.219826095167229028e+02 7.761608610453808109e-06 -3.224604130964246222e-08 -2.631696259420973830e-05 4.824000000000000000e+03
4.241028763136273483e+02 7.846852599794197462e-06 -7.929074468042272082e-08 -2.662484230006988291e-05 4.312000000000000000e+03
4.262107721966358440e+02 8.268739874436729060e-06 -9.294798885075325066e-08 -2.811688784603161493e-05 3.819000000000000000e+03
4.282460731868927724e+02 8.337089426794489535e-06 -4.838892948656426388e-08 -2.848027663340817854e-05 3.220000000000000000e+03
4.303287648834323136e+02 8.175155944803440768e-06 -4.653409468410326324e-08 -2.802241564995163210e-05 3.132000000000000000e+03
4.325172248853483552e+02 8.331892521447374094e-06 -6.303616155232347474e-08 -2.862472747845710183e-05 2.680000000000000000e+03
4.346325070601815810e+02 8.870771599297535404e-06 -3.610169067382991814e-08 -3.059536682979294229e-05 2.218000000000000000e+03
4.365567227659553851e+02 8.856077187975911705e-06 -2.246855893630486534e-08 -3.056760725533180816e-05 1.728000000000000000e+03
4.386277159174848634e+02 8.977570266886393462e-06 -2.771421894037617248e-08 -3.109756759898121375e-05 1.816000000000000000e+03
4.409019266196692683e+02 9.341742715575302984e-06 1.344917335016915681e-08 -3.246945163398887109e-05 1.476000000000000000e+03
4.430735479208619836e+02 9.652380643649094359e-06 9.071184154342391764e-08 -3.366265946819362617e-05 1.108000000000000000e+03
4.448761117541747012e+02 1.051991943340349044e-05 -1.384400103941026432e-07 -3.643781533237557235e-05 7.560000000000000000e+02
4.469343758523184533e+02 1.082368427700581388e-05 -2.492336688712725754e-07 -3.745802937250896150e-05 8.440000000000000000e+02
4.493013102792758104e+02 1.061516680129331542e-05 2.429213504566023425e-08 -3.706300352075242270e-05 6.280000000000000000e+02
4.515989744176221734e+02 1.080958211981106863e-05 6.132156910551868906e-08 -3.782059357547803589e-05 4.050000000000000000e+02
4.533101867737696580e+02 1.046121357473399069e-05 -4.620264320795617281e-08 -3.648679322644895117e-05 2.020000000000000000e+02
4.552338387398290820e+02 1.141426015294936851e-05 4.632286624767475741e-08 -3.994308952309026222e-05 2.280000000000000000e+02
4.576034578613840722e+02 1.200005672756784913e-05 -2.513741773104291495e-08 -4.194867177093413276e-05 1.240000000000000000e+02
4.599517872444100703e+02 1.251949539839157124e-05 -5.416779160464746841e-09 -4.379926319876113088e-05 5.200000000000000000e+01
4.619205689144050666e+02 1.499183815786927053e-05 1.709061899775854001e-07 -5.263488447871997848e-05 9.000000000000000000e+00
4.634281054380590490e+02 2.066926183254748660e-05 1.208339345814621852e-07 -7.246084522274153579e-05 4.000000000000000000e+00
