2.966547074898984615e+00 3.702738711635051305e-01 1.510982612612853937e-01 2.873330356068423130e-01 1.300000000000000000e+01
5.026374055021858744e+00 1.319415767310498921e-01 -8.410393414816165480e-02 2.493784332413686092e-02 3.300000000000000000e+01
7.149300621522788113e+00 1.008651189203103871e-01 -2.801570716812872355e-02 1.388374545202090277e-02 7.900000000000000000e+01
9.278869254964254409e+00 5.697719901249207602e-02 -6.639343830611938412e-03 -7.328916568106902223e-03 1.170000000000000000e+02
1.145033261934470126e+01 4.649041024841105846e-02 -3.379200174585459109e-03 -1.178730404827676645e-02 2.050000000000000000e+02
1.349295587141915043e+01 3.206974773662901734e-02 -3.236525589624346822e-03 6.541880300258961708e-03 2.350000000000000000e+02
1.558905561191892986e+01 2.686425885640252031e-02 -4.354621789479999096e-03 -2.847802436974875310e-04 3.690000000000000000e+02
1.769408367255316961e+01 2.148804136674992843e-02 -3.192014235651800119e-03 4.757720717947701294e-03 4.330000000000000000e+02
1.981787480313529670e+01 1.858947499585972274e-02 -1.495642351967476800e-03 3.512135582862845658e-03 5.850000000000000000e+02
2.192074938196263645e+01 1.537156972419024582e-02 -2.032171892509472186e-04 4.132836924178841936e-03 6.790000000000000000e+02
2.398877635566245203e+01 1.381230205745664560e-02 -1.206463089815389784e-03 1.928690522325101188e-03 8.130000000000000000e+02
2.609286971896115759e+01 1.288178809854372345e-02 -1.176241386960546684e-03 -2.088817508836797975e-03 9.850000000000000000e+02
2.823466315278179550e+01 1.058160943018384044e-02 -1.882126722918719527e-05 2.150047069258760601e-03 1.183000000000000000e+03
3.032284873509123102e+01 1.005750384266474416e-02 1.329316848726063587e-04 1.444188896487168033e-03 1.269000000000000000e+03
3.240263258943403457e+01 9.063390428582420583e-03 2.029541467492813282e-04 1.845045020915402675e-04 1.537000000000000000e+03
3.449210129864554375e+01 8.131949534319447490e-03 5.130464664628949694e-04 1.336406411211670453e-03 1.653000000000000000e+03
3.658588147515196454e+01 7.598428891703344797e-03 -1.832032077738281997e-04 -3.007594792139545951e-04 1.963000000000000000e+03
3.868476949266977272e+01 6.908492623080116600e-03 -3.818435809573338720e-04 1.679075408403921284e-04 2.121000000000000000e+03
4.078898888458283523e+01 6.392981218433703254e-03 1.871902870968127964e-04 6.670085532252704660e-04 2.413000000000000000e+03
4.289390876967645738e+01 5.963512846214613812e-03 1.099784910012974371e-04 4.121545332367547985e-04 2.635000000000000000e+03
4.498336005546935468e+01 5.524914049789404064e-03 -1.543193298147082430e-04 2.131964909751196062e-04 2.877000000000000000e+03
4.706498529473824988e+01 5.084761733301417994e-03 -2.104236462821063711e-05 -8.859460371619189189e-05 3.169000000000000000e+03
4.917111919158227096e+01 4.550226115088783219e-03 1.303660284222179263e-04 -4.343972509339858113e-05 3.507000000000000000e+03
5.126216914174227668e+01 4.506414278788217591e-03 3.215055538633414538e-04 -4.568659709215829165e-04 3.685000000000000000e+03
5.335525146837034072e+01 3.950841647693704300e-03 3.649842182977424592e-04 5.586289770311430886e-04 4.165000000000000000e+03
5.546637228956934251e+01 3.690131930101691552e-03 7.292380692020084356e-05 -2.369580132040955355e-04 4.377000000000000000e+03
5.757318819254808773e+01 3.522139430977639079e-03 9.507884012674477003e-05 -5.169607092768073280e-04 4.855000000000000000e+03
5.965884044590281121e+01 3.370206892729568377e-03 1.076119542986885030e-04 1.542419061283532616e-04 4.929000000000000000e+03
6.174512302159506305e+01 3.106385209073801810e-03 -9.209755918860986835e-05 -6.243353750933638719e-05 5.581000000000000000e+03
6.382689291137189969e+01 2.965470464170580876e-03 -1.700013911939404147e-04 -1.402978442566492389e-04 5.679000000000000000e+03
6.592966228838450604e+01 2.739280467954310905e-03 -3.333370878252245881e-04 -1.683009822564022036e-05 6.385000000000000000e+03
6.803125784825746791e+01 2.650341360092174896e-03 -3.984736487077949921e-04 -2.325302124148844807e-04 6.553000000000000000e+03
7.013131008699485847e+01 2.481625176627861532e-03 -1.160826045028550850e-04 -1.410515197924355768e-04 7.125000000000000000e+03
7.223032366074338029e+01 2.324789547828307306e-03 -2.276288350821303007e-04 -2.303726216451299673e-04 7.447000000000000000e+03
7.432334270720505742e+01 2.170871203511897871e-03 -1.528710982041200006e-04 -2.371254693979010049e-04 7.929000000000000000e+03
7.642066756954473306e+01 2.094521937101398446e-03 -1.184857207128289363e-04 -3.328655270521615767e-04 8.353000000000000000e+03
7.850471694556040347e+01 1.984658017342044722e-03 -8.215424244139522001e-05 -2.233945120055292515e-04 8.775000000000000000e+03
8.059701946059529121e+01 1.868635680507963349e-03 -5.852043385681751262e-05 -1.417425625014511923e-04 9.313000000000000000e+03
8.269521798132063850e+01 1.758931733305380430e-03 -3.010728795120893312e-05 -1.528579812060599824e-04 9.841000000000000000e+03
8.478307522909847194e+01 1.669949617828641545e-03 -6.166030267650403438e-05 -2.143218781409106242e-05 1.019100000000000000e+04
8.687780839616016237e+01 1.572943304745693348e-03 -8.161737694012745510e-05 -7.011465478924359138e-05 1.089700000000000000e+04
8.897524569656535220e+01 1.493556505504381893e-03 -7.232314899913381005e-05 -1.791671572358208135e-04 1.130100000000000000e+04
9.108077810470518898e+01 1.412574026692419316e-03 -8.940796412923595368e-05 1.128555976795444462e-05 1.202500000000000000e+04
9.318432266948052245e+01 1.358084195249137892e-03 -1.627965143556277491e-05 1.127278550032461162e-06 1.242300000000000000e+04
9.527887641048309320e+01 1.265796524416280171e-03 -6.999214558530801329e-05 -1.306105926588300910e-05 1.302100000000000000e+04
9.736254237981037818e+01 1.218471354341955568e-03 -8.706924233936915575e-05 6.682544729564039829e-05 1.340500000000000000e+04
9.944832814799407572e+01 1.162209932198106886e-03 -5.728406085597901774e-05 9.139377561951571392e-05 1.424700000000000000e+04
1.015460879802399035e+02 1.105648210097541018e-03 -7.802319148941222579e-05 3.656540843899839529e-05 1.471300000000000000e+04
1.036426375667732316e+02 1.060468770549641412e-03 -6.498030194385905338e-05 5.800181260983735258e-05 1.548900000000000000e+04
1.057389390539465950e+02 1.024414412543140241e-03 -7.520384028294049633e-05 2.604043735154207845e-05 1.591300000000000000e+04
1.078395855981474227e+02 9.582998738939623156e-04 -9.839868128739509925e-05 5.844122691404290607e-05 1.687900000000000000e+04
1.099389405850131709e+02 9.267788936060673529e-04 -6.357563797997010913e-05 2.482191027073502097e-05 1.719300000000000000e+04
1.120392143152385387e+02 9.078447414651785253e-04 -4.313290135505339350e-05 -7.013268553858432661e-05 1.815700000000000000e+04
1.141233458569757744e+02 8.659834365831479627e-04 -5.580762256792967983e-05 -5.301726349430565659e-05 1.833900000000000000e+04
1.162159397555423084e+02 8.225020923879578730e-04 -4.665170120208294061e-05 -1.960660941137694403e-05 1.957300000000000000e+04
1.183137204803772420e+02 7.940115663074103197e-04 -4.921551911859572769e-05 -7.036439593591876842e-05 1.994100000000000000e+04
1.203972311807013256e+02 7.661917866226955259e-04 -2.737529060747730963e-05 -1.800651056746186440e-05 2.062900000000000000e+04
1.224922363187857286e+02 7.292548781808712646e-04 -3.435966214887198165e-05 -2.883359151560182642e-05 2.165500000000000000e+04
1.245882598425863534e+02 7.098652460564511008e-04 -4.389846865173004564e-05 -2.803800657323622639e-05 2.211300000000000000e+04
1.266884677158377315e+02 6.764384833130730659e-04 -4.542339041620934619e-05 -4.537027565404427604e-05 2.318500000000000000e+04
1.287846620419940962e+02 6.603159929635292946e-04 -4.517710453964655665e-05 -1.112683109428999301e-05 2.366700000000000000e+04
1.308713393788149801e+02 6.306455841066225436e-04 -4.804972503275896888e-05 -1.480578646906567017e-05 2.438500000000000000e+04
1.329754833440644575e+02 6.037019182338149376e-04 -6.047558224924827919e-05 8.001565198361974382e-06 2.574900000000000000e+04
1.350691081525609434e+02 5.832268270989961201e-04 -3.508428849351848767e-05 -2.765927019514690348e-05 2.567500000000000000e+04
1.371638825856825576e+02 5.608462597925884191e-04 -5.426315813942376873e-05 -1.228876164558200192e-05 2.740900000000000000e+04
1.392604757372163533e+02 5.410287768384873476e-04 -5.648903865404559550e-05 7.051752722811904160e-06 2.740500000000000000e+04
1.413466882908376760e+02 5.214362836883059326e-04 -5.661264694793208100e-05 1.970402930023801258e-06 2.871700000000000000e+04
1.434475230090064031e+02 5.065374561914294050e-04 -5.715065701027767812e-05 2.203779613868435213e-05 2.959500000000000000e+04
1.455452853418541679e+02 4.901276541754313052e-04 -4.449788639214760590e-05 1.890867008934936396e-05 3.030100000000000000e+04
1.476332061073587738e+02 4.809200286573205724e-04 -5.804111267576871476e-05 2.312841791237253705e-05 3.110100000000000000e+04
1.497211472843286231e+02 4.630852389261512318e-04 -5.724342768805795685e-05 2.221206028265170295e-06 3.202300000000000000e+04
1.518138048751577287e+02 4.497627896650248651e-04 -5.153295754827479612e-05 2.359612517717711149e-05 3.297700000000000000e+04
1.539211490100352648e+02 4.330909571769749034e-04 -4.764035353907516290e-05 1.013979588126174385e-05 3.444900000000000000e+04
1.560214747341236716e+02 4.237359342172741859e-04 -5.235179601858656407e-05 4.759637515173204640e-06 3.454900000000000000e+04
1.581161747588121784e+02 4.075594675830766875e-04 -4.408489803731267874e-05 -7.469802420841964649e-07 3.611100000000000000e+04
1.602118712271799836e+02 3.997460082371844577e-04 -4.090216598234464496e-05 -4.765367037757847902e-06 3.654100000000000000e+04
1.623006419462898862e+02 3.862086326085911346e-04 -3.757695918120015178e-05 -8.712459546024122246e-06 3.771700000000000000e+04
1.643899033199985240e+02 3.714564221247431352e-04 -3.559895817036320232e-05 -1.182948025833537862e-05 3.861900000000000000e+04
1.664835582381511756e+02 3.637867562465876533e-04 -3.232651393903353769e-05 1.957178511435813438e-06 3.966100000000000000e+04
1.685719683778473552e+02 3.507566740304156024e-04 -2.806420278558171682e-05 -1.802979158468462720e-06 4.054500000000000000e+04
1.706641332089364766e+02 3.452534238814146785e-04 -3.006260601349451103e-05 6.110746608063619248e-06 4.181500000000000000e+04
1.727708699256135390e+02 3.333848999954760854e-04 -2.693090362234537065e-05 1.496623021134247021e-05 4.312500000000000000e+04
1.748696546009699659e+02 3.262908885002596075e-04 -2.941021026409360988e-05 2.207066193558254941e-05 4.368100000000000000e+04
1.769585769494445344e+02 3.161324633249088228e-04 -2.606110144584516638e-05 2.729539887562961722e-05 4.462900000000000000e+04
1.790524509315575301e+02 3.070163411374223091e-04 -2.326048655160580254e-05 2.840433170117195595e-05 4.622700000000000000e+04
1.811526521261263554e+02 2.965433126332609371e-04 -1.836003543991689442e-05 2.751094451223128404e-05 4.690900000000000000e+04
1.832476884130738881e+02 2.886194785292387453e-04 -1.287424604267891412e-05 3.325821754834299332e-05 4.823700000000000000e+04
1.853312475833926101e+02 2.828112419393782537e-04 -1.855707451147583869e-05 2.857416839323084523e-05 4.858300000000000000e+04
1.874284892203218931e+02 2.739091158869977208e-04 -1.888759520698305626e-05 2.347441111027479945e-05 5.099700000000000000e+04
1.895337179075755216e+02 2.665746996707290682e-04 -1.817268029866899592e-05 2.521425415644204984e-05 5.139700000000000000e+04
1.916268196474026126e+02 2.597564598370577385e-04 -1.666124560115654393e-05 2.215404315639843609e-05 5.248900000000000000e+04
1.937183403446852878e+02 2.546431893150694612e-04 -1.712340920740914685e-05 2.929272782572996236e-05 5.378700000000000000e+04
1.958131498886989164e+02 2.456592925584143031e-04 -1.870919238312232803e-05 2.447056845101961811e-05 5.491300000000000000e+04
1.979058740098966211e+02 2.399614386048667968e-04 -1.406883306065382044e-05 2.340078696973454285e-05 5.597700000000000000e+04
1.999990651597893816e+02 2.344992172410936772e-04 -1.285898794677449150e-05 2.434727686903083080e-05 5.741500000000000000e+04
2.020893038374759101e+02 2.293483139621412925e-04 -1.406422366218860589e-05 2.382407822982820849e-05 5.810500000000000000e+04
2.041823192148177952e+02 2.220738704901485639e-04 -7.797327331729501210e-06 1.522883999841659900e-05 6.003300000000000000e+04
2.062825911013838152e+02 2.178911916910238717e-04 -7.187268419211896825e-06 2.054136780062046396e-05 6.094900000000000000e+04
2.083770189145966185e+02 2.124863718944064494e-04 -9.571855497137117297e-06 2.445670268200238881e-05 6.223500000000000000e+04
2.104675816794403431e+02 2.084568866952486493e-04 -7.177996898191498165e-06 2.078204570013951268e-05 6.322900000000000000e+04
2.125667854244018145e+02 2.041201739266316052e-04 -6.440362589382063444e-06 1.764113427734944185e-05 6.513300000000000000e+04
2.146619261104851830e+02 2.002078466041185586e-04 7.487031711191732897e-07 1.830908205608271011e-05 6.570700000000000000e+04
2.167561805722037036e+02 1.962156974340409572e-04 -2.010951966880108236e-06 2.455995415290893838e-05 6.756100000000000000e+04
2.188528705899679210e+02 1.921220833221430775e-04 3.070508754639196755e-06 2.407052631963435107e-05 6.850500000000000000e+04
2.209456427453084473e+02 1.893777617950519123e-04 2.234378644221022850e-06 2.481363062287845556e-05 6.994300000000000000e+04
2.230395148320731096e+02 1.835913652983667624e-04 3.896826272381256429e-06 2.715175865262069320e-05 7.109700000000000000e+04
2.251356732858534997e+02 1.803050848662399739e-04 3.299140355698373428e-06 2.700911980637219850e-05 7.302100000000000000e+04
2.272278504864401327e+02 1.767560351972488424e-04 4.382168058401631803e-06 2.476274758492889944e-05 7.331700000000000000e+04
2.293197511287232544e+02 1.712014419119154297e-04 5.172467251225743519e-06 2.489421712880803545e-05 7.579900000000000000e+04
2.314114772346510165e+02 1.677480636798829073e-04 4.970285974491627054e-06 2.708196552507611041e-05 7.602100000000000000e+04
2.335058467478245632e+02 1.647719612939007076e-04 6.025070637987825308e-06 2.623086171886024001e-05 7.875300000000000000e+04
2.356041652202905539e+02 1.628646263012090058e-04 7.668262589846234670e-06 2.883563305999554944e-05 7.929100000000000000e+04
2.377006336558306998e+02 1.611812438089222027e-04 1.021658688424001950e-05 2.601016904710723486e-05 8.112900000000000000e+04
2.397972750390475198e+02 1.577579687994617292e-04 7.609419706005928867e-06 2.385994623539748052e-05 8.244100000000000000e+04
2.418944602532704096e+02 1.548966830443907036e-04 9.302428004158636159e-06 2.748031952670280359e-05 8.394900000000000000e+04
2.439884227569783093e+02 1.541477434433790835e-04 8.571737393442393487e-06 2.899115005138814153e-05 8.512300000000000000e+04
2.460835996828307373e+02 1.501319956515511039e-04 9.791201269078377446e-06 3.410848075735214719e-05 8.692900000000000000e+04
2.481755280705312146e+02 1.471749111465698657e-04 9.291582095979546236e-06 3.500682683062830036e-05 8.778900000000000000e+04
2.502623700647570217e+02 1.458702631551073354e-04 1.318096787025489192e-05 4.061405101197518980e-05 8.962300000000000000e+04
2.523586155105348325e+02 1.428486651948121815e-04 1.291315677702895381e-05 4.457935929218101662e-05 9.134100000000000000e+04
2.544547077866985489e+02 1.422131753324949168e-04 1.487337543418753925e-05 4.726247893489401812e-05 9.284500000000000000e+04
2.565487653287422063e+02 1.402886450537553064e-04 1.775922077737125584e-05 5.287904238362572934e-05 9.408700000000000000e+04
2.586464955058470991e+02 1.391751507966995714e-04 1.667534869571654622e-05 5.010438388844234270e-05 9.633300000000000000e+04
2.607443047329861656e+02 1.391473816563221883e-04 1.474598914861633077e-05 5.712307859792778279e-05 9.724900000000000000e+04
2.628438312173413465e+02 1.384181073130326888e-04 1.803212369198659790e-05 6.076207966774632301e-05 9.950100000000000000e+04
2.649298855659840228e+02 1.382883194725742645e-04 1.892045088051185953e-05 6.377030903980754621e-05 9.928300000000000000e+04
2.670163698864117805e+02 1.371769109138866948e-04 1.973097118470694739e-05 6.480967193538627420e-05 1.025370000000000000e+05
2.691120556714307668e+02 1.355912910001974732e-04 1.890351718208710231e-05 5.863369011782933708e-05 1.022830000000000000e+05
2.712074998348403483e+02 1.329626432815985673e-04 1.713808530302406507e-05 3.788109212714061813e-05 1.021060000000000000e+05
2.733050116933233653e+02 1.309090195771704949e-04 1.857723444277306155e-05 2.115195779116636995e-05 1.007340000000000000e+05
2.753977295572417461e+02 1.278804577088847117e-04 1.880923987777685793e-05 -1.379201586191440561e-06 9.999400000000000000e+04
2.774958294534935703e+02 1.262963932658831814e-04 1.612444306056612047e-05 -1.696473375256425439e-05 9.936000000000000000e+04
2.795977707949222122e+02 1.227650909205824179e-04 1.852063982488454360e-05 -3.151593178861512357e-05 9.860800000000000000e+04
2.816862895118986785e+02 1.206234793389416270e-04 1.582353609626163562e-05 -4.652234365356395872e-05 9.625200000000000000e+04
2.837743515740906446e+02 1.196226475067680258e-04 1.658287958127709457e-05 -5.808214424683298802e-05 9.640000000000000000e+04
2.858713251310674650e+02 1.167015206282804972e-04 1.715559222979778242e-05 -6.953146950600915313e-05 9.539800000000000000e+04
2.879670932628575883e+02 1.156931689775995910e-04 1.548909454835186488e-05 -8.196677159359239866e-05 9.402000000000000000e+04
2.900590582015512382e+02 1.137741812716013386e-04 1.588297537680260845e-05 -9.226019540722630316e-05 9.316000000000000000e+04
2.921519201901450060e+02 1.126425879836310189e-04 1.545326325714188134e-05 -1.018328720708540575e-04 9.177600000000000000e+04
2.942485935102203030e+02 1.109677303964579792e-04 1.336806689176943989e-05 -1.089808342969004893e-04 9.137800000000000000e+04
2.963426645133968691e+02 1.090673528624071855e-04 1.317167092207243890e-05 -1.167439193140210166e-04 8.949000000000000000e+04
2.984329904966970162e+02 1.079071255760612094e-04 1.383032221358615142e-05 -1.269553759487298769e-04 8.845000000000000000e+04
3.005290481640043367e+02 1.063892727933535672e-04 1.391100219343578416e-05 -1.311888878846702918e-04 8.794600000000000000e+04
3.026245947235937592e+02 1.051927927973993492e-04 1.380142220967699204e-05 -1.366208142231333368e-04 8.575200000000000000e+04
3.047205651109674704e+02 1.033670316395142658e-04 1.314243855763693463e-05 -1.420152722827068537e-04 8.574400000000000000e+04
3.068167457111920839e+02 1.022788808737907108e-04 1.453267585365375376e-05 -1.479077863895612627e-04 8.322000000000000000e+04
3.089118625384018060e+02 1.013658277457260364e-04 1.464741144591728803e-05 -1.528924952407246900e-04 8.302000000000000000e+04
3.110099981664167785e+02 9.984449971937533769e-05 1.197320590855607864e-05 -1.565076018211925826e-04 8.106400000000000000e+04
3.131040997612852266e+02 9.891447458624925515e-05 1.293600311286265368e-05 -1.607682744304587074e-04 7.983000000000000000e+04
3.151936712677708670e+02 9.831532960201183136e-05 1.336965397322744262e-05 -1.651555647955149360e-04 7.823800000000000000e+04
3.172858841403398173e+02 9.724009076012750602e-05 1.255399771953869377e-05 -1.696911258687700496e-04 7.715400000000000000e+04
3.193772099476266817e+02 9.527750704574157784e-05 1.070883483732757720e-05 -1.699429948889794072e-04 7.546600000000000000e+04
3.214753775151562536e+02 9.504019712052413883e-05 1.092199520821820435e-05 -1.755011712282784626e-04 7.480200000000000000e+04
3.235746879206847666e+02 9.467021381223827297e-05 1.011850966121634913e-05 -1.792710061960534344e-04 7.258000000000000000e+04
3.256647237020029024e+02 9.449934860103802799e-05 1.034903815004763548e-05 -1.828670442827180862e-04 7.133800000000000000e+04
3.277571324083919535e+02 9.401226333750709464e-05 1.036899361263815576e-05 -1.863729439369507090e-04 6.964200000000000000e+04
3.298487111637800240e+02 9.399584143316722584e-05 1.039429745565023875e-05 -1.915511820526214957e-04 6.832600000000000000e+04
3.319433744068021497e+02 9.327694826676493516e-05 9.820686467372242165e-06 -1.923079905164956345e-04 6.674400000000000000e+04
3.340422322988853239e+02 9.250788016560874548e-05 1.058838858556573385e-05 -1.949889816060253558e-04 6.533800000000000000e+04
3.361307892565458246e+02 9.251241254619975494e-05 1.101348838601611533e-05 -1.985134325311571461e-04 6.315600000000000000e+04
3.382251120895489294e+02 9.180584028097734631e-05 1.074636537008680615e-05 -2.014977375118748933e-04 6.214000000000000000e+04
3.403264013195363304e+02 9.224222041563179351e-05 1.072267505034644555e-05 -2.041838602830403139e-04 6.051400000000000000e+04
3.424148842577288860e+02 9.201250536758721411e-05 1.008462085790034915e-05 -2.057952372279218674e-04 5.799000000000000000e+04
3.445099495577244397e+02 9.244260690818793791e-05 9.435674048854945101e-06 -2.102675744315755327e-04 5.742400000000000000e+04
3.466144105402300397e+02 9.327060417616068653e-05 9.079299480605901578e-06 -2.144202858422526693e-04 5.518200000000000000e+04
3.487067496858389859e+02 9.226384154569202615e-05 1.009648382085324338e-05 -2.159927947299149892e-04 5.306800000000000000e+04
3.507912540595516475e+02 9.381303740823402639e-05 1.074932755551196857e-05 -2.217231907152384469e-04 5.152800000000000000e+04
3.528807167895711814e+02 9.359519035973497465e-05 1.022880165751749963e-05 -2.247632628253825541e-04 4.954600000000000000e+04
3.549828487415276754e+02 9.476920746948737731e-05 1.098982766389671935e-05 -2.295068266841224778e-04 4.846600000000000000e+04
3.570768480370360862e+02 9.438665402349917706e-05 1.110286339146042922e-05 -2.321752643112328588e-04 4.566600000000000000e+04
3.591652111747225717e+02 9.542523371128261499e-05 1.057204703561374081e-05 -2.354967325066234421e-04 4.423000000000000000e+04
3.612627896178847777e+02 9.504378788943533942e-05 1.028668253458986239e-05 -2.371663636294178625e-04 4.254000000000000000e+04
3.633645820428338880e+02 9.559548306080138354e-05 9.568396459774524085e-06 -2.407436881675612071e-04 4.022200000000000000e+04
3.654527365610065885e+02 9.615404813040031489e-05 1.014980035415004428e-05 -2.446048898869464575e-04 3.842200000000000000e+04
3.675441472124314259e+02 9.506728445989626078e-05 8.421200852016514669e-06 -2.452410777182509349e-04 3.624600000000000000e+04
3.696396280380744201e+02 9.707172367265029392e-05 9.192497265714798615e-06 -2.518539625702875991e-04 3.455200000000000000e+04
3.717297223820279441e+02 9.654309807092826407e-05 8.872833243362843062e-06 -2.558111480932735325e-04 3.213600000000000000e+04
3.738176974939287902e+02 9.661981403195651116e-05 8.312007496000786342e-06 -2.596667767834975817e-04 3.029200000000000000e+04
3.759110996783247174e+02 9.589955157651795098e-05 6.844084235983499195e-06 -2.624443105222019424e-04 2.830200000000000000e+04
3.780081394014102898e+02 9.512572011528224564e-05 6.719461066700216522e-06 -2.672109716251648581e-04 2.605600000000000000e+04
3.801051557582653118e+02 9.331113827765504778e-05 5.415436165604915002e-06 -2.668206676911282133e-04 2.421100000000000000e+04
3.821955053587425937e+02 9.113552089214570163e-05 3.186445645263871072e-06 -2.635445922693390374e-04 2.220600000000000000e+04
3.842862749912937943e+02 9.201805636975807624e-05 4.152891844423554733e-06 -2.714249436339758988e-04 2.088400000000000000e+04
3.863841918340856409e+02 9.346451672771911021e-05 4.209343618121292703e-06 -2.801670005021306750e-04 1.939200000000000000e+04
3.884771734501698006e+02 9.331831197098374472e-05 4.731344681838860456e-06 -2.844138819383183444e-04 1.805800000000000000e+04
3.905623371605522607e+02 9.244072201317155642e-05 3.328466834804323590e-06 -2.836617986039852352e-04 1.674600000000000000e+04
3.926667500119167471e+02 9.183357059008856460e-05 4.409085760573389499e-06 -2.876545434982401002e-04 1.589800000000000000e+04
3.947778557744774162e+02 9.048890221971124504e-05 2.936505176502915541e-06 -2.845313050141013551e-04 1.457800000000000000e+04
3.968631060462392952e+02 8.873713742501518906e-05 2.334481689323487616e-06 -2.803834736320820562e-04 1.344300000000000000e+04
3.989413219049817485e+02 8.834542651525124023e-05 1.888633795149121520e-06 -2.815910804969095748e-04 1.251100000000000000e+04
4.010572258526528344e+02 8.970350837964601606e-05 3.063774410445237708e-06 -2.903128109382651419e-04 1.191900000000000000e+04
4.031656962107319373e+02 8.653346387533688482e-05 2.589260238688577967e-06 -2.813270068554758209e-04 1.063900000000000000e+04
4.052249146637423678e+02 8.751065698852237618e-05 3.054896051797940122e-06 -2.877171497519754109e-04 9.775000000000000000e+03
4.073276634718891387e+02 8.661699596290782076e-05 3.161994514744659880e-06 -2.874214079940573736e-04 9.423000000000000000e+03
4.094593776408451049e+02 8.691492699369082167e-05 2.587719982769504949e-06 -2.897742072630181301e-04 8.449000000000000000e+03
4.115405539130957777e+02 8.607946374524611628e-05 6.618657330625945335e-07 -2.864988074039458328e-04 7.596000000000000000e+03
4.135894252671187132e+02 9.050556910450991148e-05 -3.462694892583820956e-07 -3.011075039638040130e-04 6.931000000000000000e+03
4.156930049049321951e+02 8.766290214880524657e-05 5.816296121611078070e-07 -2.948521259722274024e-04 6.612000000000000000e+03
4.178272827209258367e+02 9.031804085080735419e-05 1.236421741936777483e-06 -3.055263777397724330e-04 5.899000000000000000e+03
4.199082037741286513e+02 8.932820432941185242e-05 5.167105154049378528e-07 -3.026905715037544672e-04 5.176000000000000000e+03
4.219826095167229028e+02 9.510359341001351093e-05 -1.487370424330483543e-08 -3.228227168150527970e-04 4.824000000000000000e+03
4.241028763136273483e+02 9.410114919204585571e-05 8.056275191054934487e-07 -3.220250022221580934e-04 4.312000000000000000e+03
4.262107721966358440e+02 9.509991834705822122e-05 -2.856132406176051019e-07 -3.248681729616669824e-04 3.819000000000000000e+03
4.282460731868927724e+02 9.973414336233718330e-05 5.186835278352812840e-07 -3.425402140745198941e-04 3.220000000000000000e+03
4.303287648834323136e+02 1.013732680649884942e-04 -1.519091927619286310e-07 -3.486121597348481129e-04 3.132000000000000000e+03
4.325172248853483552e+02 1.018929517629900953e-04 3.692764519023025607e-07 -3.518056453512441884e-04 2.680000000000000000e+03
4.346325070601815810e+02 1.062850263400822180e-04 2.308676347955629064e-07 -3.672695981757189559e-04 2.218000000000000000e+03
4.365567227659553851e+02 1.126581706643096069e-04 -4.719514158821342956e-08 -3.893496749519644246e-04 1.728000000000000000e+03
4.386277159174848634e+02 1.133849257751922215e-04 -1.365616878398373703e-06 -3.918673969106423269e-04 1.816000000000000000e+03
4.409019266196692683e+02 1.157028079187093483e-04 -1.225012700240234673e-06 -4.004902053635948185e-04 1.476000000000000000e+03
4.430735479208619836e+02 1.305929817494412223e-04 -2.318837774244705015e-06 -4.515809123364234595e-04 1.108000000000000000e+03
4.448761117541747012e+02 1.210840036987051552e-04 -1.713178753820491244e-06 -4.192067756625051842e-04 7.560000000000000000e+02
4.469343758523184533e+02 1.192298308370208520e-04 -1.165046532606918045e-06 -4.144320041646257897e-04 8.440000000000000000e+02
4.493013102792758104e+02 1.211487107206209862e-04 -1.258017612522333459e-06 -4.213786103817825286e-04 6.280000000000000000e+02
4.515989744176221734e+02 1.328191949714828098e-04 -5.720066340663365670e-07 -4.633197692533877823e-04 4.050000000000000000e+02
4.533101867737696580e+02 1.243171777920528450e-04 -8.290523412420246802e-07 -4.333518902932144271e-04 2.020000000000000000e+02
4.552338387398290820e+02 1.326488787834349315e-04 -3.400518805276451667e-07 -4.634294633806143268e-04 2.280000000000000000e+02
4.576034578613840722e+02 1.243760342303579312e-04 -7.966798254909477191e-07 -4.342612396617820327e-04 1.240000000000000000e+02
4.599517872444100703e+02 1.084331799254317687e-04 -1.425672601809653852e-07 -3.792611824215958815e-04 5.200000000000000000e+01
4.619205689144050666e+02 1.460302216436977355e-04 -1.643792766919540336e-08 -5.110352183221330115e-04 9.000000000000000000e+00
4.634281054380590490e+02 1.793109007332279836e-04 8.893482882931133590e-07 -6.284524962202458218e-04 4.000000000000000000e+00
