2.966547074898984615e+00 7.415633719268664992e-01 4.422493524823359889e-01 7.829635615771594059e-01 1.300000000000000000e+01
5.026374055021858744e+00 2.721871800485758941e-01 -6.159594705591074637e-02 8.167740837496946515e-02 3.300000000000000000e+01
7.149300621522788113e+00 2.045549716010087449e-01 -4.358745793764257082e-02 1.991324658374949569e-02 7.900000000000000000e+01
9.278869254964254409e+00 1.296776937478655023e-01 -9.878693652757272736e-03 2.687980536888823213e-02 1.170000000000000000e+02
1.145033261934470126e+01 1.033501168542197979e-01 -2.623375731347994157e-03 -1.757549635735800378e-02 2.050000000000000000e+02
1.349295587141915043e+01 7.412096953276715861e-02 5.970849394188973425e-03 -1.078510604324519999e-02 2.350000000000000000e+02
1.558905561191892986e+01 5.740367265524102397e-02 -3.281939388830943348e-03 -8.022076569075305488e-03 3.690000000000000000e+02
1.769408367255316961e+01 5.071140049628643232e-02 -5.710215234503205305e-03 -7.227113639150271407e-04 4.330000000000000000e+02
1.981787480313529670e+01 4.162978905095860577e-02 4.940105960380312359e-04 2.028943767836086879e-03 5.850000000000000000e+02
2.192074938196263645e+01 3.452742351748799843e-02 2.233437662277736567e-03 1.366525490703475411e-03 6.790000000000000000e+02
2.398877635566245203e+01 3.144919742016483166e-02 2.263215092410099383e-03 -9.545603140153591584e-03 8.130000000000000000e+02
2.609286971896115759e+01 2.689062413865358700e-02 -3.150485788518480831e-04 -3.335500586187143020e-03 9.850000000000000000e+02
2.823466315278179550e+01 2.322785073116417562e-02 5.615047917644919650e-04 1.485540451395276880e-03 1.183000000000000000e+03
3.032284873509123102e+01 2.102944076905754328e-02 1.010209353634878952e-03 -1.989885348311363090e-03 1.269000000000000000e+03
3.240263258943403457e+01 1.913422824001422343e-02 3.586219477749786645e-04 -2.856106621156286746e-03 1.537000000000000000e+03
3.449210129864554375e+01 1.748797829925940323e-02 5.028318682838482743e-05 -2.099425184410265953e-03 1.653000000000000000e+03
3.658588147515196454e+01 1.534775698944155185e-02 -2.531251424279653498e-04 -9.822126829458575209e-04 1.963000000000000000e+03
3.868476949266977272e+01 1.417510791940826409e-02 -1.014175326781646203e-03 -1.858245585488850016e-03 2.121000000000000000e+03
4.078898888458283523e+01 1.348414624541747001e-02 -3.385038240562125711e-04 -2.463037101633020094e-03 2.413000000000000000e+03
4.289390876967645738e+01 1.215378660195650523e-02 -8.161697555265487111e-04 -6.154775718351735217e-04 2.635000000000000000e+03
4.498336005546935468e+01 1.128455362464346641e-02 -9.156025825823187105e-04 2.562194252543422866e-04 2.877000000000000000e+03
4.706498529473824988e+01 1.060396091334854345e-02 -1.082780953065338439e-03 -1.612059677663618251e-03 3.169000000000000000e+03
4.917111919158227096e+01 9.697164809186153284e-03 -1.482207260539930051e-03 -6.540736570895362353e-04 3.507000000000000000e+03
5.126216914174227668e+01 8.891563298361482987e-03 -1.435844905534744117e-03 -2.436582219288151727e-04 3.685000000000000000e+03
5.335525146837034072e+01 8.412394520358270483e-03 -1.166541721228749355e-03 -2.240422984364833783e-04 4.165000000000000000e+03
5.546637228956934251e+01 7.849631882021819440e-03 -1.387631718336459390e-03 -3.154331417559204788e-04 4.377000000000000000e+03
5.757318819254808773e+01 7.385743455916526055e-03 -1.310419487223826772e-03 -8.404385600799865047e-04 4.855000000000000000e+03
5.965884044590281121e+01 6.849537105229380057e-03 -1.266302769729155163e-03 -8.307333586684697104e-05 4.929000000000000000e+03
6.174512302159506305e+01 6.463965122472079688e-03 -1.277942986769565374e-03 -4.553855273375324647e-04 5.581000000000000000e+03
6.382689291137189969e+01 6.254282395658375751e-03 -1.268951388931771054e-03 -4.178017547152332680e-04 5.679000000000000000e+03
6.592966228838450604e+01 5.748511360782473760e-03 -1.142173948410655365e-03 -3.589587968086521415e-04 6.385000000000000000e+03
6.803125784825746791e+01 5.434360491631897577e-03 -1.154956533058166136e-03 -5.874428662204188843e-05 6.553000000000000000e+03
7.013131008699485847e+01 5.222674060707069646e-03 -1.176753071719915814e-03 -2.994339921316995943e-04 7.125000000000000000e+03
7.223032366074338029e+01 4.856110533502876712e-03 -1.218230973834646220e-03 -1.443317051935160875e-04 7.447000000000000000e+03
7.432334270720505742e+01 4.639800737409465435e-03 -1.098687072775976969e-03 -5.161707567152953234e-05 7.929000000000000000e+03
7.642066756954473306e+01 4.343894760618578592e-03 -1.090462560410316402e-03 -1.152012344129259839e-04 8.353000000000000000e+03
7.850471694556040347e+01 4.196438703790687438e-03 -1.188116404907552711e-03 -8.094757796290034024e-05 8.775000000000000000e+03
8.059701946059529121e+01 3.977055671294418664e-03 -1.133146431963298270e-03 -7.760169064157240924e-06 9.313000000000000000e+03
8.269521798132063850e+01 3.731137496357997494e-03 -1.043738570517790563e-03 3.767503381479458653e-05 9.841000000000000000e+03
8.478307522909847194e+01 3.536465623502879022e-03 -1.035236140248978372e-03 8.944685959685351982e-05 1.019100000000000000e+04
8.687780839616016237e+01 3.382463239320178741e-03 -9.904489966121256175e-04 3.100201070330939423e-06 1.089700000000000000e+04
8.897524569656535220e+01 3.202587738655160703e-03 -1.002983937929313252e-03 9.119483112449371218e-05 1.130100000000000000e+04
9.108077810470518898e+01 3.038018380392870817e-03 -9.206782229504069121e-04 1.500799041917045662e-04 1.202500000000000000e+04
9.318432266948052245e+01 2.888589280707946471e-03 -8.472746331033440209e-04 6.493447287794545855e-05 1.242300000000000000e+04
9.527887641048309320e+01 2.760376748194634435e-03 -8.412139169690961921e-04 8.441831985934894499e-05 1.302100000000000000e+04
9.736254237981037818e+01 2.650244720531772218e-03 -7.844598661784688400e-04 9.122280919240137378e-05 1.340500000000000000e+04
9.944832814799407572e+01 2.517365201965225934e-03 -7.040381912560465198e-04 1.048065909084995936e-04 1.424700000000000000e+04
1.015460879802399035e+02 2.398604729496051600e-03 -6.843553739740209025e-04 5.485057792964013025e-05 1.471300000000000000e+04
1.036426375667732316e+02 2.308478574841990941e-03 -6.091310120967341566e-04 -5.447323926255328868e-06 1.548900000000000000e+04
1.057389390539465950e+02 2.202730291708127237e-03 -6.248153885999131263e-04 1.744133936993905783e-04 1.591300000000000000e+04
1.078395855981474227e+02 2.111432513291557587e-03 -5.574876867363618522e-04 1.049220036018273149e-04 1.687900000000000000e+04
1.099389405850131709e+02 2.028685216473537136e-03 -4.949603903772659044e-04 7.833697661155284797e-05 1.719300000000000000e+04
1.120392143152385387e+02 1.930894383836865343e-03 -5.023265032201002346e-04 7.922875154628590544e-05 1.815700000000000000e+04
1.141233458569757744e+02 1.866017671583036124e-03 -4.920752299779126027e-04 1.295448360148166377e-04 1.833900000000000000e+04
1.162159397555423084e+02 1.793907853228571964e-03 -4.397156996972174567e-04 1.128031931936901688e-04 1.957300000000000000e+04
1.183137204803772420e+02 1.726477546845376406e-03 -3.999754363378606506e-04 8.338230189963724299e-05 1.994100000000000000e+04
1.203972311807013256e+02 1.669733070958208561e-03 -3.954433695423985144e-04 1.445872154716050799e-04 2.062900000000000000e+04
1.224922363187857286e+02 1.599923854762315889e-03 -3.738310915537934966e-04 1.220162467531829689e-04 2.165500000000000000e+04
1.245882598425863534e+02 1.545439238671322086e-03 -3.291544192364286264e-04 1.499462218793469579e-04 2.211300000000000000e+04
1.266884677158377315e+02 1.489178909915131162e-03 -2.985684493069358731e-04 9.432905474723574091e-05 2.318500000000000000e+04
1.287846620419940962e+02 1.438691739729737289e-03 -2.987916372003984766e-04 1.641739567604186007e-04 2.366700000000000000e+04
1.308713393788149801e+02 1.389067710960495677e-03 -2.562374866850338330e-04 1.126336748746505794e-04 2.438500000000000000e+04
1.329754833440644575e+02 1.336467888995934846e-03 -2.429597442793001946e-04 1.394468126238126071e-04 2.574900000000000000e+04
1.350691081525609434e+02 1.299681360189608404e-03 -2.210420407059390422e-04 1.202943290006397849e-04 2.567500000000000000e+04
1.371638825856825576e+02 1.262552485312798314e-03 -1.880001554051652607e-04 1.050008820210041033e-04 2.740900000000000000e+04
1.392604757372163533e+02 1.211018627413850595e-03 -1.904221841146526016e-04 1.427905261854246657e-04 2.740500000000000000e+04
1.413466882908376760e+02 1.180113563307102348e-03 -1.628783989042461233e-04 9.221303978883122593e-05 2.871700000000000000e+04
1.434475230090064031e+02 1.146235893703636058e-03 -1.495675150615469607e-04 9.620467873050509713e-05 2.959500000000000000e+04
1.455452853418541679e+02 1.104056389905306570e-03 -1.431719444076980292e-04 1.317747718188050235e-04 3.030100000000000000e+04
1.476332061073587738e+02 1.077238541011016478e-03 -1.161071565865298260e-04 8.645544198622567953e-05 3.110100000000000000e+04
1.497211472843286231e+02 1.043736944459203739e-03 -1.046417189792161594e-04 8.075597910063094279e-05 3.202300000000000000e+04
1.518138048751577287e+02 1.014350731428656158e-03 -9.427285427880471380e-05 8.727023431067177273e-05 3.297700000000000000e+04
1.539211490100352648e+02 9.864328046499367189e-04 -8.096899375037392918e-05 8.264959251810203439e-05 3.444900000000000000e+04
1.560214747341236716e+02 9.543923089187047234e-04 -7.261294554300411186e-05 9.108110036310518710e-05 3.454900000000000000e+04
1.581161747588121784e+02 9.350218852374014671e-04 -5.723572311979217782e-05 4.977227469262609838e-05 3.611100000000000000e+04
1.602118712271799836e+02 9.127618978447264069e-04 -4.800570787231100501e-05 6.233225157628687399e-05 3.654100000000000000e+04
1.623006419462898862e+02 8.823792952909082377e-04 -3.967565646298875439e-05 7.695735319132610897e-05 3.771700000000000000e+04
1.643899033199985240e+02 8.621463436977252776e-04 -2.491386317454246960e-05 3.504023932084699723e-05 3.861900000000000000e+04
1.664835582381511756e+02 8.399817251933197355e-04 -2.131738221255451995e-05 4.149700920752975067e-05 3.966100000000000000e+04
1.685719683778473552e+02 8.164040527127285627e-04 -1.432728276301032308e-05 5.837067569004175167e-05 4.054500000000000000e+04
1.706641332089364766e+02 7.950868633216527431e-04 -6.059234762393587455e-06 4.201841933913150342e-05 4.181500000000000000e+04
1.727708699256135390e+02 7.752832439114248951e-04 -2.530904441488428103e-06 2.824493915747899802e-05 4.312500000000000000e+04
1.748696546009699659e+02 7.562590795273606194e-04 4.028968169121743126e-06 2.787220493268021429e-05 4.368100000000000000e+04
1.769585769494445344e+02 7.357257748297202490e-04 1.470435249973183725e-05 2.438193197190217766e-05 4.462900000000000000e+04
1.790524509315575301e+02 7.145987982340945913e-04 1.544320511532862658e-05 2.763759068038595094e-05 4.622700000000000000e+04
1.811526521261263554e+02 7.004251250732601965e-04 1.966192082021787666e-05 2.687307240605257396e-05 4.690900000000000000e+04
1.832476884130738881e+02 6.820883797476433438e-04 2.503731266278568443e-05 8.955019485847585297e-06 4.823700000000000000e+04
1.853312475833926101e+02 6.627468535881015418e-04 3.310622207509160371e-05 3.628795009082772113e-05 4.858300000000000000e+04
1.874284892203218931e+02 6.508190831061682865e-04 3.731523262284250868e-05 1.976904019238101242e-05 5.099700000000000000e+04
1.895337179075755216e+02 6.348797331140568516e-04 4.385699397605970538e-05 9.039329169532745860e-06 5.139700000000000000e+04
1.916268196474026126e+02 6.189973918304519105e-04 4.594166774880875426e-05 2.800125959589743645e-05 5.248900000000000000e+04
1.937183403446852878e+02 6.044701685914548881e-04 5.249705277766436199e-05 2.603289667872350107e-05 5.378700000000000000e+04
1.958131498886989164e+02 5.928950314293527941e-04 5.535135304161796580e-05 1.579111541785860491e-05 5.491300000000000000e+04
1.979058740098966211e+02 5.797428276123899223e-04 6.022844800124620791e-05 1.816376843123222170e-05 5.597700000000000000e+04
1.999990651597893816e+02 5.668716737114395422e-04 6.998488682947016947e-05 2.092616900815997137e-05 5.741500000000000000e+04
2.020893038374759101e+02 5.530455428975709214e-04 7.039424606678435696e-05 2.581398923674005778e-05 5.810500000000000000e+04
2.041823192148177952e+02 5.424060069970345135e-04 7.262095649708146916e-05 1.804766166825459215e-05 6.003300000000000000e+04
2.062825911013838152e+02 5.321642843263870966e-04 8.058766338652264139e-05 2.508379236753335910e-05 6.094900000000000000e+04
2.083770189145966185e+02 5.185695893673808281e-04 8.416208955982441213e-05 3.049072630374957964e-05 6.223500000000000000e+04
2.104675816794403431e+02 5.094706835899368664e-04 8.480097435658657179e-05 2.905222650638784673e-05 6.322900000000000000e+04
2.125667854244018145e+02 5.001455402778048247e-04 9.131280619105019286e-05 2.395077951531839270e-05 6.513300000000000000e+04
2.146619261104851830e+02 4.887037341578428628e-04 9.299821586599084681e-05 3.532379873747498522e-05 6.570700000000000000e+04
2.167561805722037036e+02 4.799572282153033030e-04 1.005823347754386738e-04 4.332688461614724593e-05 6.756100000000000000e+04
2.188528705899679210e+02 4.720895850490564819e-04 1.048169234051319883e-04 3.190789602563685038e-05 6.850500000000000000e+04
2.209456427453084473e+02 4.619734914256120803e-04 1.088778853352908725e-04 4.611204631109240700e-05 6.994300000000000000e+04
2.230395148320731096e+02 4.527384074976412089e-04 1.139535250869250021e-04 4.638257376027109637e-05 7.109700000000000000e+04
2.251356732858534997e+02 4.452849254916545598e-04 1.214781948763133334e-04 5.548688969010159681e-05 7.302100000000000000e+04
2.272278504864401327e+02 4.382485006850408678e-04 1.249721454315694518e-04 5.388594545523295992e-05 7.331700000000000000e+04
2.293197511287232544e+02 4.309369619457248802e-04 1.313538701428355936e-04 4.720380919632300094e-05 7.579900000000000000e+04
2.314114772346510165e+02 4.225493822660013332e-04 1.342901729149514986e-04 6.919335467883128057e-05 7.602100000000000000e+04
2.335058467478245632e+02 4.178569279897437292e-04 1.420530977889692542e-04 6.929092695433633671e-05 7.875300000000000000e+04
2.356041652202905539e+02 4.107761103494511601e-04 1.447344367181067871e-04 6.468975995319643129e-05 7.929100000000000000e+04
2.377006336558306998e+02 4.029644779782415808e-04 1.510246136185046232e-04 7.911315370506485662e-05 8.112900000000000000e+04
2.397972750390475198e+02 3.987626884838014248e-04 1.565827786835895588e-04 8.053492340644933904e-05 8.244100000000000000e+04
2.418944602532704096e+02 3.934613264057543734e-04 1.626435000693639504e-04 9.657259061542379226e-05 8.394900000000000000e+04
2.439884227569783093e+02 3.866004777844507479e-04 1.669764674443422077e-04 9.130199009433569949e-05 8.512300000000000000e+04
2.460835996828307373e+02 3.821370067328380866e-04 1.718476078210623176e-04 1.064408367115082967e-04 8.692900000000000000e+04
2.481755280705312146e+02 3.773066786393829662e-04 1.759589406540844217e-04 1.147173562274623158e-04 8.778900000000000000e+04
2.502623700647570217e+02 3.743486780155239751e-04 1.810630336661102075e-04 1.189105329800336272e-04 8.962300000000000000e+04
2.523586155105348325e+02 3.702426786756032482e-04 1.868777467338347397e-04 1.244332572887151195e-04 9.134100000000000000e+04
2.544547077866985489e+02 3.659274479745824459e-04 1.911452047336542246e-04 1.419357502674132080e-04 9.284500000000000000e+04
2.565487653287422063e+02 3.644709258063286660e-04 1.968083930264161033e-04 1.488008190989027302e-04 9.408700000000000000e+04
2.586464955058470991e+02 3.612817394020169620e-04 2.036651781298651155e-04 1.578431118188610414e-04 9.633300000000000000e+04
2.607443047329861656e+02 3.594112983923990787e-04 2.094343941116524530e-04 1.743147733677932114e-04 9.724900000000000000e+04
2.628438312173413465e+02 3.588145679884700563e-04 2.137314994133795922e-04 1.792325152462380443e-04 9.950100000000000000e+04
2.649298855659840228e+02 3.566598015283811035e-04 2.180418346936274299e-04 1.929050234224019545e-04 9.928300000000000000e+04
2.670163698864117805e+02 3.562033199580636562e-04 2.269262220277829477e-04 2.061769445883067148e-04 1.025370000000000000e+05
2.691120556714307668e+02 3.536414835174877375e-04 2.255792914311511872e-04 1.790358007655079890e-04 1.022830000000000000e+05
2.712074998348403483e+02 3.483827486858256830e-04 2.152226635628230094e-04 1.162929000603191805e-04 1.021060000000000000e+05
2.733050116933233653e+02 3.444161469765975631e-04 2.083704954613076817e-04 5.897943802562375336e-05 1.007340000000000000e+05
2.753977295572417461e+02 3.372804648675109367e-04 1.958749547801190774e-04 -8.130171818845309810e-06 9.999400000000000000e+04
2.774958294534935703e+02 3.338506548847411728e-04 1.894256912665898238e-04 -4.624563543590327907e-05 9.936000000000000000e+04
2.795977707949222122e+02 3.286235434085438582e-04 1.842435838816542119e-04 -9.893840821333774638e-05 9.860800000000000000e+04
2.816862895118986785e+02 3.241305349449117744e-04 1.795850039298611930e-04 -1.418404769846162033e-04 9.625200000000000000e+04
2.837743515740906446e+02 3.193963313343321526e-04 1.729707590525663449e-04 -1.796252788716086013e-04 9.640000000000000000e+04
2.858713251310674650e+02 3.150252398184098411e-04 1.684844306509523937e-04 -2.152285401925767120e-04 9.539800000000000000e+04
2.879670932628575883e+02 3.102678714936683304e-04 1.637199823345252155e-04 -2.537458136100859780e-04 9.402000000000000000e+04
2.900590582015512382e+02 3.050982326568370045e-04 1.601279056157792603e-04 -2.842104744724428529e-04 9.316000000000000000e+04
2.921519201901450060e+02 3.008605097524365670e-04 1.531029120456927251e-04 -3.127879608880480291e-04 9.177600000000000000e+04
2.942485935102203030e+02 2.969344624053090842e-04 1.517334791218534712e-04 -3.393662366348567457e-04 9.137800000000000000e+04
2.963426645133968691e+02 2.927261076463548721e-04 1.465109736705657282e-04 -3.634693535676498748e-04 8.949000000000000000e+04
2.984329904966970162e+02 2.879962314589175148e-04 1.430506771923786781e-04 -3.890381676825267429e-04 8.845000000000000000e+04
3.005290481640043367e+02 2.841220509843813097e-04 1.389741772049763206e-04 -4.068739634249069425e-04 8.794600000000000000e+04
3.026245947235937592e+02 2.807019812177345675e-04 1.359342486853971075e-04 -4.240844862457294182e-04 8.575200000000000000e+04
3.047205651109674704e+02 2.777341261830229818e-04 1.344449157704741846e-04 -4.467578927490279610e-04 8.574400000000000000e+04
3.068167457111920839e+02 2.735014599219427029e-04 1.289777287809823210e-04 -4.606656901740253203e-04 8.322000000000000000e+04
3.089118625384018060e+02 2.703643345696460647e-04 1.267506971120679589e-04 -4.747021725421477476e-04 8.302000000000000000e+04
3.110099981664167785e+02 2.678182714713210795e-04 1.252233444251643233e-04 -4.909569815923551074e-04 8.106400000000000000e+04
3.131040997612852266e+02 2.640485319989357526e-04 1.220446683160498119e-04 -5.004050529206319512e-04 7.983000000000000000e+04
3.151936712677708670e+02 2.624360369856105980e-04 1.209880115041413228e-04 -5.140238732862802661e-04 7.823800000000000000e+04
3.172858841403398173e+02 2.586197443730648402e-04 1.175731234587457162e-04 -5.231567742837929958e-04 7.715400000000000000e+04
3.193772099476266817e+02 2.548497595188037247e-04 1.160381127134221081e-04 -5.295303616485991498e-04 7.546600000000000000e+04
3.214753775151562536e+02 2.536030893365447581e-04 1.130072960898532487e-04 -5.406439700289490322e-04 7.480200000000000000e+04
3.235746879206847666e+02 2.505173862015768632e-04 1.122004763777271992e-04 -5.486183472564693051e-04 7.258000000000000000e+04
3.256647237020029024e+02 2.480238390943288978e-04 1.089588120734680097e-04 -5.532658086980744849e-04 7.133800000000000000e+04
3.277571324083919535e+02 2.467388860507836691e-04 1.072506019521725877e-04 -5.644747667047385732e-04 6.964200000000000000e+04
3.298487111637800240e+02 2.431938301745664884e-04 1.043012113437917406e-04 -5.669368671041352193e-04 6.832600000000000000e+04
3.319433744068021497e+02 2.419288935072730579e-04 1.023499191763650593e-04 -5.745886010077678671e-04 6.674400000000000000e+04
3.340422322988853239e+02 2.409444368470499778e-04 1.018340697075045267e-04 -5.820128071274138651e-04 6.533800000000000000e+04
3.361307892565458246e+02 2.382051179821593210e-04 9.855564288941883204e-05 -5.841963950129371161e-04 6.315600000000000000e+04
3.382251120895489294e+02 2.367362717340340691e-04 9.637172018957700429e-05 -5.911301008280387759e-04 6.214000000000000000e+04
3.403264013195363304e+02 2.364228856188987937e-04 9.645884032951075973e-05 -5.979561033435556831e-04 6.051400000000000000e+04
3.424148842577288860e+02 2.346096127769284453e-04 9.263288560601468677e-05 -5.995618315141006040e-04 5.799000000000000000e+04
3.445099495577244397e+02 2.355509680364880796e-04 9.449303408815806879e-05 -6.127741877362767858e-04 5.742400000000000000e+04
3.466144105402300397e+02 2.336818470801784765e-04 9.069606993307082279e-05 -6.133826960900914818e-04 5.518200000000000000e+04
3.487067496858389859e+02 2.329964811531434949e-04 8.885272112926663457e-05 -6.188474604779729783e-04 5.306800000000000000e+04
3.507912540595516475e+02 2.348083818912927645e-04 8.990734266408444955e-05 -6.307024893078800416e-04 5.152800000000000000e+04
3.528807167895711814e+02 2.320812277419463437e-04 8.547154626719198514e-05 -6.296346436222850351e-04 4.954600000000000000e+04
3.549828487415276754e+02 2.348009775568134802e-04 8.926515731073389047e-05 -6.440416988829447166e-04 4.846600000000000000e+04
3.570768480370360862e+02 2.332265781473051016e-04 8.545560680384301367e-05 -6.457033783807717775e-04 4.566600000000000000e+04
3.591652111747225717e+02 2.330229870566715247e-04 8.478306402435824805e-05 -6.508750565432880417e-04 4.423000000000000000e+04
3.612627896178847777e+02 2.343031947687950823e-04 8.513969767663593150e-05 -6.613674645466097830e-04 4.254000000000000000e+04
3.633645820428338880e+02 2.328142388629159077e-04 8.096403216721837154e-05 -6.635898675365778593e-04 4.022200000000000000e+04
3.654527365610065885e+02 2.341122591959511579e-04 8.114692922543220808e-05 -6.695765688939815793e-04 3.842200000000000000e+04
3.675441472124314259e+02 2.324433205555339504e-04 7.655150498368548900e-05 -6.725614670432956532e-04 3.624600000000000000e+04
3.696396280380744201e+02 2.327632219445718051e-04 7.466588179066192290e-05 -6.754407545073632963e-04 3.455200000000000000e+04
3.717297223820279441e+02 2.292911753531358854e-04 6.973534247504933252e-05 -6.719832394542537548e-04 3.213600000000000000e+04
3.738176974939287902e+02 2.287422464277829508e-04 6.559704755729531657e-05 -6.746660966274602459e-04 3.029200000000000000e+04
3.759110996783247174e+02 2.215355535860515643e-04 5.513600331518236594e-05 -6.579188006278303752e-04 2.830200000000000000e+04
3.780081394014102898e+02 2.173576254075693733e-04 4.781429046250863237e-05 -6.509618363357011364e-04 2.605600000000000000e+04
3.801051557582653118e+02 2.091809240279904347e-04 3.569923616674606283e-05 -6.291553413605362492e-04 2.421100000000000000e+04
3.821955053587425937e+02 2.050830077406532261e-04 2.938529865135231317e-05 -6.234401334835632403e-04 2.220600000000000000e+04
3.842862749912937943e+02 2.035248762307869958e-04 2.546512362227978585e-05 -6.262503860317526413e-04 2.088400000000000000e+04
3.863841918340856409e+02 2.009175844178629541e-04 2.039695636518802746e-05 -6.210183531804384363e-04 1.939200000000000000e+04
3.884771734501698006e+02 2.004706055125166564e-04 1.870053332487989879e-05 -6.265408596797813296e-04 1.805800000000000000e+04
3.905623371605522607e+02 2.021383223802652052e-04 1.560789348165966890e-05 -6.357718849283064497e-04 1.674600000000000000e+04
3.926667500119167471e+02 2.023190711057081123e-04 1.328957111010116222e-05 -6.415569078209761023e-04 1.589800000000000000e+04
3.947778557744774162e+02 2.056760535910407718e-04 1.303428697124770985e-05 -6.577720577988363992e-04 1.457800000000000000e+04
3.968631060462392952e+02 2.099145094289302563e-04 1.192793593995548260e-05 -6.755828831281096873e-04 1.344300000000000000e+04
3.989413219049817485e+02 2.093779471679706942e-04 1.046209574940702717e-05 -6.791537064419949027e-04 1.251100000000000000e+04
4.010572258526528344e+02 2.138699882604742095e-04 1.013217102542708204e-05 -6.991886605187087400e-04 1.191900000000000000e+04
4.031656962107319373e+02 2.168109032169882955e-04 9.704154253231079218e-06 -7.127632633588037786e-04 1.063900000000000000e+04
4.052249146637423678e+02 2.205955522651785461e-04 9.293152441592449550e-06 -7.295087579371875358e-04 9.775000000000000000e+03
4.073276634718891387e+02 2.226534614469686461e-04 7.648144931904599133e-06 -7.401024332818638071e-04 9.423000000000000000e+03
4.094593776408451049e+02 2.268490645691247825e-04 7.780034880915244033e-06 -7.580295379693618909e-04 8.449000000000000000e+03
4.115405539130957777e+02 2.312526897171140843e-04 8.193809902768002163e-06 -7.777718582363485431e-04 7.596000000000000000e+03
4.135894252671187132e+02 2.341970927399723119e-04 8.527637577690238400e-06 -7.910116429210696737e-04 6.931000000000000000e+03
4.156930049049321951e+02 2.375493771031405557e-04 7.084784253726378046e-06 -8.055559867972209845e-04 6.612000000000000000e+03
4.178272827209258367e+02 2.429161175866017272e-04 6.871088022606204664e-06 -8.267520908124900572e-04 5.899000000000000000e+03
4.199082037741286513e+02 2.474864611403554968e-04 6.625541858648731031e-06 -8.444077527560486102e-04 5.176000000000000000e+03
4.219826095167229028e+02 2.510872031852778917e-04 5.929531987650073891e-06 -8.589619474354379287e-04 4.824000000000000000e+03
4.241028763136273483e+02 2.561821242457266437e-04 5.482720878840419914e-06 -8.801514834517664906e-04 4.312000000000000000e+03
4.262107721966358440e+02 2.589433902430327982e-04 4.994263489369623783e-06 -8.907733218906260016e-04 3.819000000000000000e+03
4.282460731868927724e+02 2.676058410398110608e-04 4.339791590217630427e-06 -9.220263842949049781e-04 3.220000000000000000e+03
4.303287648834323136e+02 2.702136753892701686e-04 3.112167949453052644e-06 -9.329346056976144151e-04 3.132000000000000000e+03
4.325172248853483552e+02 2.772438620022293497e-04 2.628370977474394957e-06 -9.592369905546754231e-04 2.680000000000000000e+03
4.346325070601815810e+02 2.868688927060783489e-04 1.338022038474317534e-06 -9.924178391487645766e-04 2.218000000000000000e+03
4.365567227659553851e+02 2.940795089790295379e-04 1.147944149692970370e-06 -1.017553143908933632e-03 1.728000000000000000e+03
4.386277159174848634e+02 2.986120475128042039e-04 4.168879926161392217e-07 -1.036361229120320773e-03 1.816000000000000000e+03
4.409019266196692683e+02 3.095023538427741651e-04 6.155359000644606580e-07 -1.075924205515850886e-03 1.476000000000000000e+03
4.430735479208619836e+02 3.225564499251289932e-04 -6.955174875140394802e-07 -1.121214655315800474e-03 1.108000000000000000e+03
4.448761117541747012e+02 3.266474358980955644e-04 2.048033837064535386e-06 -1.138401964399655226e-03 7.560000000000000000e+02
4.469343758523184533e+02 3.489984465329170824e-04 -1.854741843926148418e-08 -1.216718391047845460e-03 8.440000000000000000e+02
4.493013102792758104e+02 3.648818012377446685e-04 1.141747819806918677e-06 -1.274541529180343554e-03 6.280000000000000000e+02
4.515989744176221734e+02 3.951735248101708722e-04 -8.838353397892170045e-07 -1.379562789628264660e-03 4.050000000000000000e+02
4.533101867737696580e+02 4.022605446517633476e-04 -4.676520574776132181e-07 -1.404686915681935917e-03 2.020000000000000000e+02
4.552338387398290820e+02 4.256112020950545056e-04 1.000742691238925145e-07 -1.488179243567723997e-03 2.280000000000000000e+02
4.576034578613840722e+02 4.258829430677074624e-04 -6.542042513451770269e-07 -1.488984970204473022e-03 1.240000000000000000e+02
4.599517872444100703e+02 5.376438690703528754e-04 1.278761286864102676e-06 -1.882471739881305022e-03 5.200000000000000000e+01
4.619205689144050666e+02 5.263811827111549357e-04 1.240123135698491062e-06 -1.843318729405237204e-03 9.000000000000000000e+00
4.634281054380590490e+02 3.377904441356988433e-04 2.095081939510323676e-06 -1.184336394007944786e-03 4.000000000000000000e+00
