2.966547074898984615e+00 5.702277521831353724e+00 -1.007730172032614391e+00 -9.532370495452552106e+00 1.300000000000000000e+01
5.026374055021858744e+00 3.822588104963725808e+00 -1.284879045683387178e+00 1.427338964571619240e+00 3.300000000000000000e+01
7.149300621522788113e+00 3.767539371371037227e+00 -5.644550543027785361e-01 -8.399099551521184148e-01 7.900000000000000000e+01
9.278869254964254409e+00 3.427737036683090377e+00 1.319354209342034345e-01 5.515900538633233818e-01 1.170000000000000000e+02
1.145033261934470126e+01 3.448630154315019070e+00 7.156997828659581451e-01 -2.968760489728601831e-03 2.050000000000000000e+02
1.349295587141915043e+01 3.231820131015916253e+00 2.394551070428381223e-01 2.729830198524764717e-01 2.350000000000000000e+02
1.558905561191892986e+01 3.062693429327077776e+00 -2.811990592163502445e-01 -5.136686616252925663e-01 3.690000000000000000e+02
1.769408367255316961e+01 3.033403438920095674e+00 -3.122173371380803641e-01 -9.253042122267984837e-02 4.330000000000000000e+02
1.981787480313529670e+01 3.079631533484581407e+00 -5.637840033285452385e-02 -3.054621264674056008e-02 5.850000000000000000e+02
2.192074938196263645e+01 3.066916831156495604e+00 2.862584107813059831e-01 4.736382657269658236e-01 6.790000000000000000e+02
2.398877635566245203e+01 3.105357735423026178e+00 6.208084315118944652e-02 -2.338637716124824240e-01 8.130000000000000000e+02
2.609286971896115759e+01 3.056364984270168339e+00 -8.921826369004073887e-02 -8.387686565226274427e-01 9.850000000000000000e+02
2.823466315278179550e+01 2.876709026372380684e+00 -8.209375361865928200e-02 2.948198690692478974e-01 1.183000000000000000e+03
3.032284873509123102e+01 2.957364904605320532e+00 7.499543768691649404e-02 2.415950000892995442e-01 1.269000000000000000e+03
3.240263258943403457e+01 2.962601304506637057e+00 1.624886721649896060e-01 -6.545285829237175446e-02 1.537000000000000000e+03
3.449210129864554375e+01 2.861050046177838091e+00 -7.271616743514998371e-02 8.064210011916034260e-02 1.653000000000000000e+03
3.658588147515196454e+01 2.786464641309795987e+00 -2.334115662309040606e-01 -3.569350700197872206e-02 1.963000000000000000e+03
3.868476949266977272e+01 2.733433053973327365e+00 -2.527136410295349189e-01 4.192918391934016831e-02 2.121000000000000000e+03
4.078898888458283523e+01 2.751009428587563033e+00 -1.213072717006657281e-01 1.277889137288732435e-01 2.413000000000000000e+03
4.289390876967645738e+01 2.726921908255401927e+00 -1.335426637372039982e-01 -9.669584427387913420e-03 2.635000000000000000e+03
4.498336005546935468e+01 2.641887079925006709e+00 -2.187526242681936406e-01 5.666349380517490125e-02 2.877000000000000000e+03
4.706498529473824988e+01 2.580774962538935124e+00 -2.866426094627274601e-01 -9.600325088984167088e-02 3.169000000000000000e+03
4.917111919158227096e+01 2.570505107881709161e+00 -2.428597315226365128e-01 -1.262913415309791509e-01 3.507000000000000000e+03
5.126216914174227668e+01 2.554055629009657213e+00 -1.141908584665902171e-01 -5.376030199318394126e-02 3.685000000000000000e+03
5.335525146837034072e+01 2.505398928344901410e+00 -1.843546572275528428e-01 2.990766461909366916e-02 4.165000000000000000e+03
5.546637228956934251e+01 2.434260891450751529e+00 -2.920008606369806636e-01 8.147181487013838153e-02 4.377000000000000000e+03
5.757318819254808773e+01 2.399344174181288203e+00 -3.068148576667517058e-01 -1.071078446335134299e-01 4.855000000000000000e+03
5.965884044590281121e+01 2.355725493195296227e+00 -2.802272453154683873e-01 1.350492380866945286e-01 4.929000000000000000e+03
6.174512302159506305e+01 2.313851283112958068e+00 -2.434253318417577416e-01 -4.672783019751300219e-03 5.581000000000000000e+03
6.382689291137189969e+01 2.254574765563991612e+00 -2.778545982442440776e-01 7.745622073521581108e-02 5.679000000000000000e+03
6.592966228838450604e+01 2.202776930890669949e+00 -3.885446074580624076e-01 -7.262972544808382613e-02 6.385000000000000000e+03
6.803125784825746791e+01 2.162925754991838811e+00 -3.570159276173010543e-01 -1.333166450651304333e-02 6.553000000000000000e+03
7.013131008699485847e+01 2.115851527457124348e+00 -3.488181009892142304e-01 7.582197531000248181e-02 7.125000000000000000e+03
7.223032366074338029e+01 2.090827617309900965e+00 -2.960411342432149873e-01 4.876349160331922006e-02 7.447000000000000000e+03
7.432334270720505742e+01 2.042697349866722689e+00 -3.909024121849154487e-01 -2.973312525519896526e-02 7.929000000000000000e+03
7.642066756954473306e+01 2.010289853639982471e+00 -4.172812093538992295e-01 -9.654047191330232536e-02 8.353000000000000000e+03
7.850471694556040347e+01 1.980139141741853903e+00 -4.078194395466074318e-01 4.520756020998382280e-02 8.775000000000000000e+03
8.059701946059529121e+01 1.942768972868526678e+00 -3.953941486918133297e-01 4.164572040406881032e-02 9.313000000000000000e+03
8.269521798132063850e+01 1.901458971348127136e+00 -3.827220039565565335e-01 -1.629569710814377653e-02 9.841000000000000000e+03
8.478307522909847194e+01 1.852425821813532325e+00 -4.224220604851430250e-01 6.895457841015315351e-03 1.019100000000000000e+04
8.687780839616016237e+01 1.806691043684703013e+00 -4.362368438428207429e-01 -6.657166991265218992e-02 1.089700000000000000e+04
8.897524569656535220e+01 1.767298921937283440e+00 -4.288963128036022976e-01 -3.783103198909737539e-03 1.130100000000000000e+04
9.108077810470518898e+01 1.745079193657378847e+00 -4.142216267228684967e-01 4.551781361463388964e-02 1.202500000000000000e+04
9.318432266948052245e+01 1.709977427683732065e+00 -4.344273456953550716e-01 1.019574633578126943e-02 1.242300000000000000e+04
9.527887641048309320e+01 1.661223107366687657e+00 -4.612756643879882823e-01 -3.015059743292695243e-02 1.302100000000000000e+04
9.736254237981037818e+01 1.636630649136063820e+00 -4.839967218194370369e-01 -2.036210726829753084e-02 1.340500000000000000e+04
9.944832814799407572e+01 1.616266255050362144e+00 -4.605711792888558254e-01 -1.033765771260986878e-02 1.424700000000000000e+04
1.015460879802399035e+02 1.588973880443731446e+00 -4.191930226727821895e-01 -1.555790489320476623e-02 1.471300000000000000e+04
1.036426375667732316e+02 1.544599603329397386e+00 -4.458265675130755890e-01 -7.259719708222360512e-02 1.548900000000000000e+04
1.057389390539465950e+02 1.514404713697177440e+00 -4.805343947942499194e-01 -5.220060557435491494e-02 1.591300000000000000e+04
1.078395855981474227e+02 1.484290124786161735e+00 -4.691993391647404366e-01 -3.538696669107233017e-02 1.687900000000000000e+04
1.099389405850131709e+02 1.466380296022730567e+00 -4.542233659596095485e-01 -2.646891359203216824e-03 1.719300000000000000e+04
1.120392143152385387e+02 1.431911619777603617e+00 -4.480018165388852114e-01 -2.672515695846082104e-02 1.815700000000000000e+04
1.141233458569757744e+02 1.396921588786831370e+00 -4.724897318238212574e-01 9.968363242178066713e-03 1.833900000000000000e+04
1.162159397555423084e+02 1.361904301226911640e+00 -4.984189134008918387e-01 -2.029862103396615561e-02 1.957300000000000000e+04
1.183137204803772420e+02 1.343783336138676177e+00 -4.631189748436108644e-01 -4.060191042061509631e-02 1.994100000000000000e+04
1.203972311807013256e+02 1.319415161524210900e+00 -4.579521340430768306e-01 2.219056949668851697e-02 2.062900000000000000e+04
1.224922363187857286e+02 1.304780046570147567e+00 -4.396464310946405218e-01 -7.187077102774584725e-02 2.165500000000000000e+04
1.245882598425863534e+02 1.279868544570317734e+00 -4.548917131463677821e-01 -6.933616721519675341e-02 2.211300000000000000e+04
1.266884677158377315e+02 1.250125473208365978e+00 -4.697559822815288166e-01 -7.566741758889138081e-02 2.318500000000000000e+04
1.287846620419940962e+02 1.232791078705540055e+00 -4.586860510039698080e-01 -4.753586294064511553e-02 2.366700000000000000e+04
1.308713393788149801e+02 1.210991003970653734e+00 -4.427420620656254968e-01 -2.821938567791982882e-04 2.438500000000000000e+04
1.329754833440644575e+02 1.189048861383772859e+00 -4.565753790673272028e-01 -2.006421168787148046e-02 2.574900000000000000e+04
1.350691081525609434e+02 1.157835385091012581e+00 -4.667435367853202122e-01 -2.664293611636775125e-02 2.567500000000000000e+04
1.371638825856825576e+02 1.138044960390526272e+00 -4.694437781725369629e-01 -5.463459453431386559e-02 2.740900000000000000e+04
1.392604757372163533e+02 1.118552317164152932e+00 -4.433328490125197363e-01 -2.738485473385160116e-02 2.740500000000000000e+04
1.413466882908376760e+02 1.102344867333160616e+00 -4.279147845525465566e-01 -3.442740586942252129e-02 2.871700000000000000e+04
1.434475230090064031e+02 1.085201169290584744e+00 -4.304780641111705664e-01 -6.533833633736269020e-02 2.959500000000000000e+04
1.455452853418541679e+02 1.059774072857702976e+00 -4.454885556687633863e-01 -4.022498988367156220e-02 3.030100000000000000e+04
1.476332061073587738e+02 1.046848115755663944e+00 -4.309643544394278769e-01 -5.325098485582159535e-02 3.110100000000000000e+04
1.497211472843286231e+02 1.033376479317813734e+00 -4.261066222552357674e-01 -5.645761221751831316e-02 3.202300000000000000e+04
1.518138048751577287e+02 1.015921216295648133e+00 -4.108538695462963242e-01 -2.874220044679412153e-02 3.297700000000000000e+04
1.539211490100352648e+02 9.953512669642844424e-01 -4.134833795881522334e-01 -4.054603999262060970e-02 3.444900000000000000e+04
1.560214747341236716e+02 9.756049584800382535e-01 -4.231245192843959835e-01 -4.458078418798064324e-02 3.454900000000000000e+04
1.581161747588121784e+02 9.588030736404553611e-01 -4.087967543836090734e-01 -6.707356329161499875e-02 3.611100000000000000e+04
1.602118712271799836e+02 9.388297527821987121e-01 -3.988575373375632394e-01 -1.875948166394178149e-02 3.654100000000000000e+04
1.623006419462898862e+02 9.266858201270284923e-01 -3.903391470534267049e-01 -2.788945528794726722e-02 3.771700000000000000e+04
1.643899033199985240e+02 9.077400578490625316e-01 -3.936944311520761963e-01 -4.883308784006998304e-02 3.861900000000000000e+04
1.664835582381511756e+02 8.919459738575441499e-01 -3.968001119190709414e-01 -3.955958532485305545e-02 3.966100000000000000e+04
1.685719683778473552e+02 8.782477857008178512e-01 -3.850712589999094049e-01 -2.548587926427332839e-02 4.054500000000000000e+04
1.706641332089364766e+02 8.662303264250450496e-01 -3.726879493694065237e-01 -1.253498681079094797e-02 4.181500000000000000e+04
1.727708699256135390e+02 8.515031911887170901e-01 -3.595928239980182850e-01 -3.536552947195746588e-02 4.312500000000000000e+04
1.748696546009699659e+02 8.346264315624379870e-01 -3.630411052932118743e-01 -3.444485285097229066e-02 4.368100000000000000e+04
1.769585769494445344e+02 8.168415841664291577e-01 -3.580812434606047145e-01 -4.197648886786994188e-02 4.462900000000000000e+04
1.790524509315575301e+02 8.073743530686304792e-01 -3.494131107428742333e-01 -2.787294053573724159e-02 4.622700000000000000e+04
1.811526521261263554e+02 7.922302186202013763e-01 -3.390276759321826927e-01 -1.874748565448457888e-02 4.690900000000000000e+04
1.832476884130738881e+02 7.782959716581778764e-01 -3.401881669822902632e-01 -2.699934718108546253e-02 4.823700000000000000e+04
1.853312475833926101e+02 7.627208423312946683e-01 -3.426725390236509128e-01 -1.427538705509122895e-02 4.858300000000000000e+04
1.874284892203218931e+02 7.480480776200381099e-01 -3.403786284000844820e-01 -1.636236200178662475e-02 5.099700000000000000e+04
1.895337179075755216e+02 7.388653309321954188e-01 -3.243609281245606879e-01 -2.416389453909068702e-02 5.139700000000000000e+04
1.916268196474026126e+02 7.231426794669102431e-01 -3.203084207738438605e-01 2.910512229795836087e-03 5.248900000000000000e+04
1.937183403446852878e+02 7.107420654573544105e-01 -3.185288515939369569e-01 -2.611411828594832618e-03 5.378700000000000000e+04
1.958131498886989164e+02 6.995559867915123187e-01 -3.163334746553922994e-01 -1.618597496226506505e-02 5.491300000000000000e+04
1.979058740098966211e+02 6.868937519388110813e-01 -3.073098986962979895e-01 -7.177135259771024421e-03 5.597700000000000000e+04
1.999990651597893816e+02 6.785892205029251389e-01 -2.991376610030938576e-01 -2.326107176667140553e-03 5.741500000000000000e+04
2.020893038374759101e+02 6.659797336239776655e-01 -2.939854005628171341e-01 5.057528028147166392e-03 5.810500000000000000e+04
2.041823192148177952e+02 6.530892131987611204e-01 -2.894964385343691826e-01 -1.107584843902256408e-02 6.003300000000000000e+04
2.062825911013838152e+02 6.410738220949918631e-01 -2.907313766829360269e-01 -2.933174510886736759e-03 6.094900000000000000e+04
2.083770189145966185e+02 6.283457166980984665e-01 -2.829431380958689624e-01 2.487496019980921930e-03 6.223500000000000000e+04
2.104675816794403431e+02 6.183404281817118653e-01 -2.695160980885366042e-01 9.588582816378766679e-03 6.322900000000000000e+04
2.125667854244018145e+02 6.055982766672770579e-01 -2.664933268870948724e-01 1.610037945414565354e-03 6.513300000000000000e+04
2.146619261104851830e+02 5.947387503488351657e-01 -2.671536919788665143e-01 8.229497933405690311e-04 6.570700000000000000e+04
2.167561805722037036e+02 5.820183666071828688e-01 -2.635886266644570375e-01 1.005098003834941148e-02 6.756100000000000000e+04
2.188528705899679210e+02 5.762772403642986152e-01 -2.515210505847193523e-01 -1.237911993477271762e-03 6.850500000000000000e+04
2.209456427453084473e+02 5.665832256749506746e-01 -2.442423155697846793e-01 1.288683272194550596e-02 6.994300000000000000e+04
2.230395148320731096e+02 5.577177298382783865e-01 -2.418969736317201913e-01 1.073226018210583776e-02 7.109700000000000000e+04
2.251356732858534997e+02 5.491311646123213652e-01 -2.425755443556332214e-01 9.444802551909131649e-03 7.302100000000000000e+04
2.272278504864401327e+02 5.374793632360345130e-01 -2.385312025285877269e-01 1.680913675061466300e-02 7.331700000000000000e+04
2.293197511287232544e+02 5.317720936252245956e-01 -2.299949617748112407e-01 1.292154471417070356e-02 7.579900000000000000e+04
2.314114772346510165e+02 5.231643246035514450e-01 -2.251091352192104433e-01 2.310446015592664687e-02 7.602100000000000000e+04
2.335058467478245632e+02 5.126507893692604512e-01 -2.221246135065692018e-01 2.808059648840138464e-02 7.875300000000000000e+04
2.356041652202905539e+02 5.019521492483318692e-01 -2.228351603600438602e-01 2.454641553707601412e-02 7.929100000000000000e+04
2.377006336558306998e+02 4.977786377910133897e-01 -2.207877865271987705e-01 2.364470070581041819e-02 8.112900000000000000e+04
2.397972750390475198e+02 4.907248982980250696e-01 -2.133525216213504327e-01 2.705511500876721376e-02 8.244100000000000000e+04
2.418944602532704096e+02 4.861675706175603850e-01 -2.089916150950881235e-01 3.706601299577484687e-02 8.394900000000000000e+04
2.439884227569783093e+02 4.779136771098734249e-01 -2.072920268168642610e-01 2.858545323057233578e-02 8.512300000000000000e+04
2.460835996828307373e+02 4.713167988874620296e-01 -2.053404210929628271e-01 3.531287929914422169e-02 8.692900000000000000e+04
2.481755280705312146e+02 4.667068349313440168e-01 -2.003295766402054257e-01 3.582872981209692109e-02 8.778900000000000000e+04
2.502623700647570217e+02 4.609624658821979137e-01 -1.926381233783601155e-01 4.549315151984271999e-02 8.962300000000000000e+04
2.523586155105348325e+02 4.537042299367673448e-01 -1.889376974982761026e-01 5.138248777596583078e-02 9.134100000000000000e+04
2.544547077866985489e+02 4.499155160398963793e-01 -1.925096491612226512e-01 5.791094782334500063e-02 9.284500000000000000e+04
2.565487653287422063e+02 4.467529567213870401e-01 -1.936633692545940144e-01 6.635413688458462189e-02 9.408700000000000000e+04
2.586464955058470991e+02 4.409717850481132961e-01 -1.903117590223667166e-01 7.214586870535973084e-02 9.633300000000000000e+04
2.607443047329861656e+02 4.399713862591515534e-01 -1.864343287581690378e-01 7.983613312974617571e-02 9.724900000000000000e+04
2.628438312173413465e+02 4.390937296889687591e-01 -1.848401818264263918e-01 8.656809233055885733e-02 9.950100000000000000e+04
2.649298855659840228e+02 4.352617998341427596e-01 -1.867697908419636843e-01 9.416368948449597986e-02 9.928300000000000000e+04
2.670163698864117805e+02 4.314709788932587498e-01 -1.884012471411575518e-01 1.031999735959824166e-01 1.025370000000000000e+05
2.691120556714307668e+02 4.299014368242555784e-01 -1.805794235736740694e-01 8.195031336348646001e-02 1.022830000000000000e+05
2.712074998348403483e+02 4.253387837261812243e-01 -1.643836111589263571e-01 3.605668392757129664e-02 1.021060000000000000e+05
2.733050116933233653e+02 4.184817353762614323e-01 -1.534840919366858014e-01 -7.824021890319372494e-03 1.007340000000000000e+05
2.753977295572417461e+02 4.103349143065460058e-01 -1.440293699239097724e-01 -7.062730910937066453e-02 9.999400000000000000e+04
2.774958294534935703e+02 4.032315253569745406e-01 -1.388823558980132322e-01 -1.035119743771720086e-01 9.936000000000000000e+04
2.795977707949222122e+02 3.986598892163226715e-01 -1.234495093053852299e-01 -1.485363208057041140e-01 9.860800000000000000e+04
2.816862895118986785e+02 3.922494325922442071e-01 -1.122051084960689477e-01 -1.779401076850774810e-01 9.625200000000000000e+04
2.837743515740906446e+02 3.855464128023495807e-01 -1.076757754526484201e-01 -2.110218218398512424e-01 9.640000000000000000e+04
2.858713251310674650e+02 3.813876734169417970e-01 -1.016031410462857054e-01 -2.446571836105796982e-01 9.539800000000000000e+04
2.879670932628575883e+02 3.760908854820040892e-01 -9.388286714098922903e-02 -2.759587265354449537e-01 9.402000000000000000e+04
2.900590582015512382e+02 3.703581825723640253e-01 -8.581031007676589994e-02 -3.009767962031749122e-01 9.316000000000000000e+04
2.921519201901450060e+02 3.657951757245290758e-01 -7.723457884697863818e-02 -3.221644970434822675e-01 9.177600000000000000e+04
2.942485935102203030e+02 3.624649712645441890e-01 -6.832861827479352890e-02 -3.556599998779799710e-01 9.137800000000000000e+04
2.963426645133968691e+02 3.579259676311766780e-01 -6.368418265452094329e-02 -3.771536448061095226e-01 8.949000000000000000e+04
2.984329904966970162e+02 3.524180523104891161e-01 -5.455873642151003872e-02 -4.019617150822983320e-01 8.845000000000000000e+04
3.005290481640043367e+02 3.476743592990560461e-01 -5.033538821714941131e-02 -4.185515334389328657e-01 8.794600000000000000e+04
3.026245947235937592e+02 3.447925093563635746e-01 -4.315781687558094964e-02 -4.374064552024526376e-01 8.575200000000000000e+04
3.047205651109674704e+02 3.377817390461894664e-01 -3.589124672564569102e-02 -4.533940202741267855e-01 8.574400000000000000e+04
3.068167457111920839e+02 3.335322505626192591e-01 -2.932537223812591021e-02 -4.705308870980436931e-01 8.322000000000000000e+04
3.089118625384018060e+02 3.283884566146240136e-01 -2.432751282145600644e-02 -4.869039257949503430e-01 8.302000000000000000e+04
3.110099981664167785e+02 3.227476912986771418e-01 -2.064614612735877347e-02 -4.998408316912567595e-01 8.106400000000000000e+04
3.131040997612852266e+02 3.184884336804714722e-01 -1.588359834324754721e-02 -5.140082804832376562e-01 7.983000000000000000e+04
3.151936712677708670e+02 3.147889792092517514e-01 -1.082245459752982641e-02 -5.238138762481485688e-01 7.823800000000000000e+04
3.172858841403398173e+02 3.108013413615809406e-01 -6.647579319245899496e-03 -5.367826980342070842e-01 7.715400000000000000e+04
3.193772099476266817e+02 3.083518005001564810e-01 -3.077543350135777869e-04 -5.511916482109909809e-01 7.546600000000000000e+04
3.214753775151562536e+02 3.042137962470566337e-01 2.374062395723111098e-03 -5.595260954632994554e-01 7.480200000000000000e+04
3.235746879206847666e+02 2.988105485332245292e-01 1.017996498985579770e-02 -5.710710224179245120e-01 7.258000000000000000e+04
3.256647237020029024e+02 2.968633728909677028e-01 1.000908856006153813e-02 -5.806254875763142698e-01 7.133800000000000000e+04
3.277571324083919535e+02 2.923578839388523143e-01 1.200704033831094704e-02 -5.891430050593976508e-01 6.964200000000000000e+04
3.298487111637800240e+02 2.868634777716648765e-01 1.558287197076817059e-02 -5.892914323459794712e-01 6.832600000000000000e+04
3.319433744068021497e+02 2.833723928982191387e-01 1.919503602631332864e-02 -5.973513700875098253e-01 6.674400000000000000e+04
3.340422322988853239e+02 2.814748542360087646e-01 2.190380286062842269e-02 -6.061743533880352697e-01 6.533800000000000000e+04
3.361307892565458246e+02 2.765732375073093330e-01 2.386964186996806334e-02 -6.082920414172953150e-01 6.315600000000000000e+04
3.382251120895489294e+02 2.739755920350198104e-01 2.544969675648833807e-02 -6.160627006245675830e-01 6.214000000000000000e+04
3.403264013195363304e+02 2.716433672288914858e-01 2.769352144188486076e-02 -6.220732359367331377e-01 6.051400000000000000e+04
3.424148842577288860e+02 2.666121046771497971e-01 2.911978897616912532e-02 -6.227015136618776481e-01 5.799000000000000000e+04
3.445099495577244397e+02 2.648898571700491478e-01 3.329302641505139243e-02 -6.324717042810772405e-01 5.742400000000000000e+04
3.466144105402300397e+02 2.608673875420420285e-01 3.324387678529236445e-02 -6.338298668035384775e-01 5.518200000000000000e+04
3.487067496858389859e+02 2.575362041292559856e-01 3.783921144851766505e-02 -6.391360689553204910e-01 5.306800000000000000e+04
3.507912540595516475e+02 2.561140420190337053e-01 3.890589551910148686e-02 -6.442959857252836819e-01 5.152800000000000000e+04
3.528807167895711814e+02 2.517660180056502939e-01 4.026193191124403242e-02 -6.452695608590822696e-01 4.954600000000000000e+04
3.549828487415276754e+02 2.491455143966932739e-01 4.261218066074087818e-02 -6.476683631002195796e-01 4.846600000000000000e+04
3.570768480370360862e+02 2.474531403932548057e-01 4.272590903295395148e-02 -6.539928544145359179e-01 4.566600000000000000e+04
3.591652111747225717e+02 2.467234204182204571e-01 4.444136877597289897e-02 -6.632241078345838536e-01 4.423000000000000000e+04
3.612627896178847777e+02 2.436489848826004778e-01 4.495159165806524720e-02 -6.636985558750927439e-01 4.254000000000000000e+04
3.633645820428338880e+02 2.418190752714842739e-01 4.583232468147248329e-02 -6.693338839574597410e-01 4.022200000000000000e+04
3.654527365610065885e+02 2.389868421668399356e-01 4.617373506332407562e-02 -6.662424874320173052e-01 3.842200000000000000e+04
3.675441472124314259e+02 2.374232966530166467e-01 4.936269484523726075e-02 -6.780660822134291221e-01 3.624600000000000000e+04
3.696396280380744201e+02 2.375946420189034847e-01 5.211827043379901186e-02 -6.883291971096003881e-01 3.455200000000000000e+04
3.717297223820279441e+02 2.322419151001617055e-01 4.947708726929345852e-02 -6.804375190584074362e-01 3.213600000000000000e+04
3.738176974939287902e+02 2.311209817569821190e-01 4.673748324573964025e-02 -6.833777035303805203e-01 3.029200000000000000e+04
3.759110996783247174e+02 2.282143067287011884e-01 4.402429181104961647e-02 -6.831740662902414662e-01 2.830200000000000000e+04
3.780081394014102898e+02 2.267077396221801877e-01 3.919825374604785084e-02 -6.858976117254815819e-01 2.605600000000000000e+04
3.801051557582653118e+02 2.221635608643444115e-01 3.713041768195407544e-02 -6.820290555990180525e-01 2.421100000000000000e+04
3.821955053587425937e+02 2.203983926683469319e-01 3.290326778060718299e-02 -6.849735149956934777e-01 2.220600000000000000e+04
3.842862749912937943e+02 2.209154806196065579e-01 3.517800132933437962e-02 -6.981799668471492248e-01 2.088400000000000000e+04
3.863841918340856409e+02 2.189116101163058881e-01 3.334179239204303202e-02 -6.976090832920707197e-01 1.939200000000000000e+04
3.884771734501698006e+02 2.151280007675919759e-01 3.059129347325345236e-02 -6.913460862269169560e-01 1.805800000000000000e+04
3.905623371605522607e+02 2.125520643818592237e-01 3.057445649379024813e-02 -6.909953415103574637e-01 1.674600000000000000e+04
3.926667500119167471e+02 2.086822363767930066e-01 2.869893107227046089e-02 -6.851014083499449292e-01 1.589800000000000000e+04
3.947778557744774162e+02 2.078855578802337178e-01 2.751352184799062128e-02 -6.857066755022688254e-01 1.457800000000000000e+04
3.968631060462392952e+02 2.047449256679600704e-01 2.630876199841861857e-02 -6.795192927443028941e-01 1.344300000000000000e+04
3.989413219049817485e+02 2.004671421120223229e-01 2.373168072641777121e-02 -6.685358162525494308e-01 1.251100000000000000e+04
4.010572258526528344e+02 1.994479210580584194e-01 2.322156453487327424e-02 -6.701899237287805011e-01 1.191900000000000000e+04
4.031656962107319373e+02 1.956460423081945732e-01 2.330083023149213950e-02 -6.617818519904590246e-01 1.063900000000000000e+04
4.052249146637423678e+02 1.945312468672402706e-01 2.246003417718098541e-02 -6.616151414406280518e-01 9.775000000000000000e+03
4.073276634718891387e+02 1.936550414733445025e-01 2.161644877091729519e-02 -6.627403989449284216e-01 9.423000000000000000e+03
4.094593776408451049e+02 1.900873141688851631e-01 2.090842880060632056e-02 -6.533366571411555190e-01 8.449000000000000000e+03
4.115405539130957777e+02 1.915107185452094574e-01 1.966964453732967383e-02 -6.599608162387251564e-01 7.596000000000000000e+03
4.135894252671187132e+02 1.901763049016268192e-01 1.886209179499668750e-02 -6.563853532345509390e-01 6.931000000000000000e+03
4.156930049049321951e+02 1.901912683517765768e-01 1.692519456692239896e-02 -6.581930655443911649e-01 6.612000000000000000e+03
4.178272827209258367e+02 1.888880871960337826e-01 1.593108482734882300e-02 -6.547969541012929051e-01 5.899000000000000000e+03
4.199082037741286513e+02 1.886333578716052894e-01 1.563853809000451470e-02 -6.555171791181316765e-01 5.176000000000000000e+03
4.219826095167229028e+02 1.858171464181261057e-01 1.403155418169482055e-02 -6.467063583290202367e-01 4.824000000000000000e+03
4.241028763136273483e+02 1.835262806343992692e-01 1.215582696955449030e-02 -6.391771914398202137e-01 4.312000000000000000e+03
4.262107721966358440e+02 1.820060733538702569e-01 1.105297696418184976e-02 -6.344210772213788596e-01 3.819000000000000000e+03
4.282460731868927724e+02 1.810645139808817472e-01 1.054454776937334762e-02 -6.321503813626604407e-01 3.220000000000000000e+03
4.303287648834323136e+02 1.805135192168173530e-01 8.325634730654439888e-03 -6.297041566608253538e-01 3.132000000000000000e+03
4.325172248853483552e+02 1.825465071646075188e-01 5.875894601715665570e-03 -6.358235452364257023e-01 2.680000000000000000e+03
4.346325070601815810e+02 1.872175653646948323e-01 4.937341722721084840e-03 -6.520566176015958337e-01 2.218000000000000000e+03
4.365567227659553851e+02 1.929660629366925229e-01 4.354372464148478783e-03 -6.714470234668660220e-01 1.728000000000000000e+03
4.386277159174848634e+02 1.949525703368678586e-01 3.357129452117639697e-03 -6.798286684456394946e-01 1.816000000000000000e+03
4.409019266196692683e+02 2.023457534944698433e-01 1.907884793468442959e-03 -7.048830583157524865e-01 1.476000000000000000e+03
4.430735479208619836e+02 2.048018636241459300e-01 1.053369725452861158e-03 -7.134850222891030436e-01 1.108000000000000000e+03
4.448761117541747012e+02 2.156750912648792984e-01 1.077327981115292627e-03 -7.511628508317724773e-01 7.560000000000000000e+02
4.469343758523184533e+02 2.117054094572305423e-01 8.082787847034019228e-04 -7.387357824055916788e-01 8.440000000000000000e+02
4.493013102792758104e+02 2.103875507017226587e-01 2.171669240488788646e-04 -7.343348039030640484e-01 6.280000000000000000e+02
4.515989744176221734e+02 2.188192481776518317e-01 -5.493564367313173193e-04 -7.637547149942146563e-01 4.050000000000000000e+02
4.533101867737696580e+02 2.476345529139637180e-01 -1.812763773942188987e-03 -8.627991822893911200e-01 2.020000000000000000e+02
4.552338387398290820e+02 2.512299895645516146e-01 1.625725024128628522e-03 -8.800916114488251951e-01 2.280000000000000000e+02
4.576034578613840722e+02 3.017228821225698687e-01 6.597572008765615519e-04 -1.056130715379894891e+00 1.240000000000000000e+02
4.599517872444100703e+02 3.865310526848143580e-01 -5.679496594847750101e-05 -1.352441377993330862e+00 5.200000000000000000e+01
4.619205689144050666e+02 4.870438957877865072e-01 -1.346660067926692657e-03 -1.703039076322917289e+00 9.000000000000000000e+00
4.634281054380590490e+02 7.313610924411226843e-01 -2.999390334699274154e-03 -2.556610297834499335e+00 4.000000000000000000e+00
