8.899641224696955288e-02 9.825686326833557105e+05 -1.072467124755373106e+03 -4.436081789377649548e+05 1.300000000000000000e+01
1.507912216506557823e-01 9.520013858005512739e+05 -4.929024585080703218e+03 1.516915334312361083e+05 3.300000000000000000e+01
2.144790186456836945e-01 9.058749861239929451e+05 -8.880066689296440018e+03 -1.724306694901652227e+05 7.900000000000000000e+01
2.783660776489276789e-01 8.476400155665846542e+05 -1.446815875215930100e+04 -2.812156992054341390e+04 1.170000000000000000e+02
3.435099785803411021e-01 7.786270195443831617e+05 -1.969798208976916067e+04 -3.911496700746787974e+04 2.050000000000000000e+02
4.047886761425745772e-01 7.080705734906028956e+05 -2.536906528563882239e+04 5.188985140225596842e+04 2.350000000000000000e+02
4.676716683575679601e-01 6.333294760093957884e+05 -2.778056865799576190e+04 -5.075496494930017070e+04 3.690000000000000000e+02
5.308225101765952081e-01 5.580632403472946025e+05 -3.082331827408964818e+04 -7.384923478984431313e+03 4.330000000000000000e+02
5.945362440940590298e-01 4.850419505805984954e+05 -3.144703017930307033e+04 -2.575717595057347717e+04 5.850000000000000000e+02
6.576224814588792489e-01 4.166965437000658130e+05 -3.148341175691719400e+04 1.073223248290382980e+04 6.790000000000000000e+02
7.196632906698736676e-01 3.564850976293691783e+05 -2.824394500653702562e+04 -6.091189912702909351e+04 8.130000000000000000e+02
7.827860915688348298e-01 3.016689007660392672e+05 -2.460398370175093078e+04 -6.595965208282318781e+04 9.850000000000000000e+02
8.470398945834540783e-01 2.510957346802479879e+05 -2.244773025358494124e+04 -2.488195478235830524e+04 1.183000000000000000e+03
9.096854620527370372e-01 2.103642639967802388e+05 -1.780516051757281457e+04 -4.321505222719692392e+04 1.269000000000000000e+03
9.720789776830213169e-01 1.764525482000286574e+05 -1.336473716881376458e+04 -5.668102827592892572e+04 1.537000000000000000e+03
1.034763038959366499e+00 1.470625877016019076e+05 -9.706847750933427960e+03 -5.393944738493252953e+04 1.653000000000000000e+03
1.097576444254559247e+00 1.236387478451000061e+05 -6.192918474140750732e+03 -5.111915282880414452e+04 1.963000000000000000e+03
1.160543084780093270e+00 1.040873957824754762e+05 -3.108044911081967257e+03 -5.078858521177899820e+04 2.121000000000000000e+03
1.223669666537485323e+00 8.858071266366967757e+04 -5.013943178521014943e+02 -4.765269620378607942e+04 2.413000000000000000e+03
1.286817263090294094e+00 7.651178630156362487e+04 1.717537938160450040e+03 -4.590561763629741472e+04 2.635000000000000000e+03
1.349500801664080818e+00 6.627137343614044948e+04 3.684964486187980583e+03 -3.441209249174567231e+04 2.877000000000000000e+03
1.411949558842147567e+00 5.977109762033636798e+04 5.022825621454429893e+03 -3.301277105543320795e+04 3.169000000000000000e+03
1.475133575747468395e+00 5.460328242868305097e+04 6.573128142559949993e+03 -2.504800231453368542e+04 3.507000000000000000e+03
1.537860814044183622e+00 5.379740627858877997e+04 5.213610046240888551e+03 -2.492968456387360857e+04 3.469000000000000000e+03
1.600496235752816299e+00 5.529894940550863976e+04 1.539915264669093631e+03 -3.346306017373407667e+04 3.442000000000000000e+03
1.663579768167897210e+00 5.705470990800075379e+04 -3.591549359490004917e+03 -4.636245215894592548e+04 3.114000000000000000e+03
1.726532082231556853e+00 5.865691308476393169e+04 -9.339310724847104211e+03 -5.696059570918547251e+04 3.028000000000000000e+03
1.789048008067354312e+00 6.022728542099727201e+04 -1.526394525882665948e+04 -6.569954626630323764e+04 2.568000000000000000e+03
1.851410046193440406e+00 6.187533359343193297e+04 -2.246499057752686713e+04 -7.058569650330326112e+04 2.506000000000000000e+03
1.913905183005287114e+00 6.347252056947456731e+04 -2.712792920102137941e+04 -8.123856286355879274e+04 2.034000000000000000e+03
1.977014699850697221e+00 6.651145314405279350e+04 -3.483231132990151673e+04 -8.301614133940621105e+04 1.864000000000000000e+03
2.039495322649380604e+00 6.945508953137058415e+04 -3.739037603581296571e+04 -9.962407945976116753e+04 1.384000000000000000e+03
2.100924002656074929e+00 7.085942444328345300e+04 -3.624784129154016409e+04 -1.214615732937934517e+05 1.074000000000000000e+03
2.164000508399174016e+00 6.877529991219965450e+04 -2.810781797927862863e+04 -1.522781409741171810e+05 7.390000000000000000e+02
2.228664443297649456e+00 6.660835633389602299e+04 -2.126174390185798256e+04 -1.743452849776140356e+05 5.130000000000000000e+02
2.290288135997491814e+00 6.643473741373393568e+04 -1.710788345516398840e+04 -1.900844186660653795e+05 2.950000000000000000e+02
2.348574605845156427e+00 6.350912444324447279e+04 -1.010735232006836122e+04 -1.997582604077835276e+05 2.070000000000000000e+02
2.414035098727600470e+00 6.357501364715959062e+04 -4.942489333384738529e+03 -2.120720158234216506e+05 1.240000000000000000e+02
2.482380303565228097e+00 6.969758675445112749e+04 -2.157417750553035148e+03 -2.391824800468160247e+05 5.200000000000000000e+01
2.540355249661966131e+00 7.988190660971689795e+04 -7.045650404285250943e+02 -2.776902527770865709e+05 9.000000000000000000e+00
2.585047253082041419e+00 9.307408357552872621e+04 -1.845890767267911485e+02 -3.251050074288942851e+05 4.000000000000000000e+00
