8.899641224696955288e-02 9.849909848714175168e+05 -1.089322880748137322e+03 -4.472891656031191815e+05 1.300000000000000000e+01
1.507912216506557823e-01 9.584314140391163528e+05 -5.097525957061857298e+03 1.509299283008242783e+05 3.300000000000000000e+01
2.144790186456836945e-01 9.177221456400600728e+05 -9.416310200647429156e+03 -1.755761082491168054e+05 7.900000000000000000e+01
2.783660776489276789e-01 8.652453605473904172e+05 -1.579071824113268121e+04 -2.945890212052066636e+04 1.170000000000000000e+02
3.435099785803411021e-01 8.012754811445487430e+05 -2.259909420268678878e+04 -3.909415059825189383e+04 2.050000000000000000e+02
4.047886761425745772e-01 7.338900789885234553e+05 -3.035822661812218576e+04 5.680798916952604486e+04 2.350000000000000000e+02
4.676716683575679601e-01 6.596923620149896014e+05 -3.545262221340079850e+04 -4.720593391889560007e+04 3.690000000000000000e+02
5.308225101765952081e-01 5.821576152782810386e+05 -4.193330355486452027e+04 6.600207829807692406e+02 4.330000000000000000e+02
5.945362440940590298e-01 5.035598374554251204e+05 -4.612716897727228206e+04 -1.643469925428579882e+04 5.850000000000000000e+02
6.576224814588792489e-01 4.269624489338009735e+05 -5.055843150098934711e+04 2.346691457067508964e+04 6.790000000000000000e+02
7.196632906698736676e-01 3.562066137177289347e+05 -4.949792603535310627e+04 -4.869476575703716662e+04 8.130000000000000000e+02
7.827860915688348298e-01 2.892125037641121889e+05 -4.854864652879042114e+04 -4.894367930367556983e+04 9.850000000000000000e+02
8.470398945834540783e-01 2.263255457362287852e+05 -4.884458996528373973e+04 -1.332715307941810352e+04 1.183000000000000000e+03
9.096854620527370372e-01 1.737203618030069047e+05 -4.452000492763046350e+04 -3.076880003612292421e+04 1.269000000000000000e+03
9.720789776830213169e-01 1.294445481019019062e+05 -3.898962473666588630e+04 -4.140676345120533369e+04 1.537000000000000000e+03
1.034763038959366499e+00 9.217496529881824972e+04 -3.360603415057199163e+04 -4.027260216034707992e+04 1.653000000000000000e+03
1.097576444254559247e+00 6.308948604359657475e+04 -2.726656218508540769e+04 -3.525152332922506321e+04 1.963000000000000000e+03
1.160543084780093270e+00 4.113351736324252852e+04 -2.062450190105817092e+04 -3.211122811266633653e+04 2.121000000000000000e+03
1.223669666537485323e+00 2.584004479648386405e+04 -1.394028717433996462e+04 -2.436448710503637267e+04 2.413000000000000000e+03
1.286817263090294094e+00 1.626587939320331134e+04 -7.507159049802557092e+03 -1.433099150052969890e+04 2.635000000000000000e+03
1.349500801664080818e+00 1.084080493445582215e+04 -1.544042717594833903e+03 -1.288756969099289336e+03 2.877000000000000000e+03
1.411949558842147567e+00 9.101609183633594512e+03 3.756338103968894302e+03 9.987323239706276581e+03 3.169000000000000000e+03
1.475133575747468395e+00 9.174646144075559278e+03 8.529092322813754436e+03 2.186999478712628479e+04 3.507000000000000000e+03
1.537860814044183622e+00 8.236390532256706138e+03 9.084509934928360963e+03 2.014069462917314013e+04 3.469000000000000000e+03
1.600496235752816299e+00 5.611723612430559115e+03 5.944627324854607650e+03 6.791420996328361980e+03 3.442000000000000000e+03
1.663579768167897210e+00 3.669557443773825526e+03 3.486613208908760953e+03 5.029981431692983165e+02 3.114000000000000000e+03
1.726532082231556853e+00 2.294115566771263730e+03 1.746584270726535806e+03 -1.821651300644915409e+03 3.028000000000000000e+03
1.789048008067354312e+00 1.580039219758483341e+03 7.811366112922756884e+02 -2.314405793795741829e+03 2.568000000000000000e+03
1.851410046193440406e+00 1.385389153375512706e+03 3.117780472733124384e+02 -2.648536540215158766e+03 2.506000000000000000e+03
1.913905183005287114e+00 1.461711710812642877e+03 9.481381525130406374e+01 -3.067275358955516367e+03 2.034000000000000000e+03
1.977014699850697221e+00 1.949036507812807258e+03 1.426341821198755042e+02 -4.146094437994017426e+03 1.864000000000000000e+03
2.039495322649380604e+00 2.259832249013093133e+03 1.117129401072273538e+02 -4.953332286703741374e+03 1.384000000000000000e+03
2.100924002656074929e+00 2.301340641700989636e+03 1.742210254221046029e+01 -5.252929706026833628e+03 1.074000000000000000e+03
2.164000508399174016e+00 1.795318477902245377e+03 -2.229304017494486061e+02 -4.415991718107298766e+03 7.390000000000000000e+02
2.228664443297649456e+00 1.374425067201563252e+03 -3.532929948209111899e+02 -3.620777716870741642e+03 5.130000000000000000e+02
2.290288135997491814e+00 1.171317934965888981e+03 -3.761128786562404684e+02 -3.222801098449454003e+03 2.950000000000000000e+02
2.348574605845156427e+00 9.903888319465426093e+02 -2.726334053035695320e+02 -2.973191754784170826e+03 2.070000000000000000e+02
2.414035098727600470e+00 1.004080390501762395e+03 -1.496941910920997145e+02 -3.269691433995401894e+03 1.240000000000000000e+02
2.482380303565228097e+00 1.221322504432111145e+03 -6.966064661673236458e+01 -4.157818017490722923e+03 5.200000000000000000e+01
2.540355249661966131e+00 1.542711893254972892e+03 -2.364347088580686318e+01 -5.352513042953507465e+03 9.000000000000000000e+00
2.585047253082041419e+00 1.893417993627793749e+03 -6.284143550954633284e+00 -6.611074990908314248e+03 4.000000000000000000e+00
