8.899641224696955288e-02 9.848632346039975528e+05 -1.015702077775060616e+03 -4.471386204033315298e+05 1.300000000000000000e+01
1.507912216506557823e-01 9.581093577303052880e+05 -4.758369552338264839e+03 1.508903575382238487e+05 3.300000000000000000e+01
2.144790186456836945e-01 9.171694114294440951e+05 -8.806245899429322890e+03 -1.754860798467001005e+05 7.900000000000000000e+01
2.783660776489276789e-01 8.645153131458604475e+05 -1.480890233081586848e+04 -2.932893399905072874e+04 1.170000000000000000e+02
3.435099785803411021e-01 8.005225619669390144e+05 -2.126401805090319976e+04 -3.915807887804418715e+04 2.050000000000000000e+02
4.047886761425745772e-01 7.333400506950400304e+05 -2.870595933432099991e+04 5.691022453509754996e+04 2.350000000000000000e+02
4.676716683575679601e-01 6.596411781668020412e+05 -3.371037251784536784e+04 -4.713494055889754236e+04 3.690000000000000000e+02
5.308225101765952081e-01 5.829510716131214285e+05 -4.018117945981573575e+04 9.592693413812125982e+02 4.330000000000000000e+02
5.945362440940590298e-01 5.055413418524242006e+05 -4.462681889902039256e+04 -1.594949969684579992e+04 5.850000000000000000e+02
6.576224814588792489e-01 4.304450159826339222e+05 -4.949435791216496000e+04 2.456742869459137364e+04 6.790000000000000000e+02
7.196632906698736676e-01 3.612795743061515386e+05 -4.916547078226746817e+04 -4.775688218565502757e+04 8.130000000000000000e+02
7.827860915688348298e-01 2.960134177229071502e+05 -4.902112976814838476e+04 -4.819417944326103316e+04 9.850000000000000000e+02
8.470398945834540783e-01 2.349250545839690894e+05 -5.049598845228645223e+04 -1.093158554109260331e+04 1.183000000000000000e+03
9.096854620527370372e-01 1.837521772872434813e+05 -4.727417906814273738e+04 -2.848117382083393386e+04 1.269000000000000000e+03
9.720789776830213169e-01 1.405156478628879122e+05 -4.276948986003943719e+04 -3.971270091660413163e+04 1.537000000000000000e+03
1.034763038959366499e+00 1.038308428206999961e+05 -3.845525007754314720e+04 -3.883758038966245658e+04 1.653000000000000000e+03
1.097576444254559247e+00 7.475012164662088617e+04 -3.289719592080255825e+04 -3.463027968617450824e+04 1.963000000000000000e+03
1.160543084780093270e+00 5.212677658186291228e+04 -2.683424913570080025e+04 -3.316162641545157385e+04 2.121000000000000000e+03
1.223669666537485323e+00 3.554729271539859474e+04 -2.041596172854883844e+04 -2.756916518680023728e+04 2.413000000000000000e+03
1.286817263090294094e+00 2.416122059278307643e+04 -1.388085886830268282e+04 -2.064834609843290673e+04 2.635000000000000000e+03
1.349500801664080818e+00 1.641741846261988758e+04 -7.820764742411114639e+03 -1.044788303603997338e+04 2.877000000000000000e+03
1.411949558842147567e+00 1.234815962105417566e+04 -1.951144674080848063e+03 -2.981509648919563460e+03 3.169000000000000000e+03
1.475133575747468395e+00 9.970189491214066948e+03 3.207174939815611651e+03 5.346754058228960275e+03 3.507000000000000000e+03
1.537860814044183622e+00 8.140025353235539114e+03 4.757130909238220738e+03 5.241074152999175567e+03 3.469000000000000000e+03
1.600496235752816299e+00 5.982148518921687355e+03 3.198687485579902841e+03 -2.060929516699226951e+03 3.442000000000000000e+03
1.663579768167897210e+00 4.722877795959018840e+03 2.105795695384711962e+03 -5.809055646068115493e+03 3.114000000000000000e+03
1.726532082231556853e+00 4.001680131923814770e+03 1.465861104368027782e+03 -7.496297632095317567e+03 3.028000000000000000e+03
1.789048008067354312e+00 3.785080794631037861e+03 1.322900101324962634e+03 -8.729056748568606054e+03 2.568000000000000000e+03
1.851410046193440406e+00 4.027986524123269191e+03 1.590553342042727991e+03 -1.041780992963794961e+04 2.506000000000000000e+03
1.913905183005287114e+00 4.296307903168844859e+03 1.764759379079490827e+03 -1.190955063279540263e+04 2.034000000000000000e+03
1.977014699850697221e+00 4.931868807152505724e+03 2.317892273394915264e+03 -1.414278616074657111e+04 1.864000000000000000e+03
2.039495322649380604e+00 5.108202152689228569e+03 2.346599409099117565e+03 -1.507780273421537277e+04 1.384000000000000000e+03
2.100924002656074929e+00 4.799270086618746063e+03 2.040520661465834564e+03 -1.458637466612186654e+04 1.074000000000000000e+03
2.164000508399174016e+00 3.624764346305579238e+03 1.140092145477833583e+03 -1.147975144626367910e+04 7.390000000000000000e+02
2.228664443297649456e+00 2.587428517268099313e+03 5.127526060876092515e+02 -8.467143125446113118e+03 5.130000000000000000e+02
2.290288135997491814e+00 1.932712153031514163e+03 2.321037126495574796e+02 -6.413323857256860720e+03 2.950000000000000000e+02
2.348574605845156427e+00 1.267031739638016006e+03 4.072245371169021411e+01 -4.260016633937882034e+03 2.070000000000000000e+02
2.414035098727600470e+00 8.287676435412865885e+02 -1.114175994194547137e+01 -2.820224962075151325e+03 1.240000000000000000e+02
2.482380303565228097e+00 6.418378833761485112e+02 -1.280187257572858250e+01 -2.208931471900596080e+03 5.200000000000000000e+01
2.540355249661966131e+00 6.153087476209107081e+02 -5.770879554585850002e+00 -2.138467470471770866e+03 9.000000000000000000e+00
2.585047253082041419e+00 6.769282332697805487e+02 -1.668522318643357316e+00 -2.364125636428175312e+03 4.000000000000000000e+00
