8.899641224696955288e-02 9.818141526806715410e+05 -1.006966695836281133e+03 -4.424932798279219423e+05 1.300000000000000000e+01
1.507912216506557823e-01 9.499862789930627914e+05 -4.604221263768942663e+03 1.518693417059080093e+05 3.300000000000000000e+01
2.144790186456836945e-01 9.021234581542714732e+05 -8.240231314527873110e+03 -1.714906397206484689e+05 7.900000000000000000e+01
2.783660776489276789e-01 8.419737586241430836e+05 -1.333497930924155480e+04 -2.766350331304470092e+04 1.170000000000000000e+02
3.435099785803411021e-01 7.711388790383095620e+05 -1.788101648961856336e+04 -3.921931188995941920e+04 2.050000000000000000e+02
4.047886761425745772e-01 6.992021187089452287e+05 -2.280867281139099578e+04 5.026983725067914202e+04 2.350000000000000000e+02
4.676716683575679601e-01 6.236733378202664899e+05 -2.448964081657047791e+04 -5.188991487152290210e+04 3.690000000000000000e+02
5.308225101765952081e-01 5.482519568634047173e+05 -2.670944248341059574e+04 -1.000323429705466515e+04 4.330000000000000000e+02
5.945362440940590298e-01 4.758350055901986780e+05 -2.666952826772744811e+04 -2.867327985912190343e+04 5.850000000000000000e+02
6.576224814588792489e-01 4.087004054252526839e+05 -2.593674504641174281e+04 6.198511904541924196e+03 6.790000000000000000e+02
7.196632906698736676e-01 3.502819972960920422e+05 -2.268277585523629386e+04 -6.427708739564177813e+04 8.130000000000000000e+02
7.827860915688348298e-01 2.976208796624161187e+05 -1.880442304329620674e+04 -7.015574756951707241e+04 9.850000000000000000e+02
8.470398945834540783e-01 2.493604461800180143e+05 -1.672392256916292172e+04 -2.868051372203819847e+04 1.183000000000000000e+03
9.096854620527370372e-01 2.109998099461610254e+05 -1.244802851834260218e+04 -4.653924272778150043e+04 1.269000000000000000e+03
9.720789776830213169e-01 1.793371884272756579e+05 -8.542520684429169705e+03 -5.966655706418104819e+04 1.537000000000000000e+03
1.034763038959366499e+00 1.520439172674615984e+05 -5.624007405501486573e+03 -5.581592046524192847e+04 1.653000000000000000e+03
1.097576444254559247e+00 1.304678811088525399e+05 -2.665503012708672486e+03 -5.266739411881234992e+04 1.963000000000000000e+03
1.160543084780093270e+00 1.126053071549195010e+05 -4.002482888384894864e+02 -5.146322842507488531e+04 2.121000000000000000e+03
1.223669666537485323e+00 9.858051656492204347e+04 1.510221888148272228e+03 -4.775037327938881936e+04 2.413000000000000000e+03
1.286817263090294094e+00 8.786504211402709188e+04 3.049055527374452140e+03 -4.576373138726516481e+04 2.635000000000000000e+03
1.349500801664080818e+00 7.896908111387642566e+04 4.280562389472563154e+03 -3.244701915797566107e+04 2.877000000000000000e+03
1.411949558842147567e+00 7.371733369400120864e+04 5.008206691922285245e+03 -3.114403069265223530e+04 3.169000000000000000e+03
1.475133575747468395e+00 7.002080972568485595e+04 5.794748279761845879e+03 -2.162729106236204098e+04 3.507000000000000000e+03
1.537860814044183622e+00 7.024555020390005666e+04 4.258142741240811119e+03 -2.600486678858370215e+04 3.469000000000000000e+03
1.600496235752816299e+00 7.229475104820869456e+04 8.885302789200120515e+02 -4.471125462988449726e+04 3.442000000000000000e+03
1.663579768167897210e+00 7.396421677592504420e+04 -2.903165851349060631e+03 -6.794364438467104628e+04 3.114000000000000000e+03
1.726532082231556853e+00 7.510690357212195522e+04 -6.723493194352230603e+03 -8.757663645115464169e+04 3.028000000000000000e+03
1.789048008067354312e+00 7.596237552121274348e+04 -1.046104190622661554e+04 -1.035574240276713972e+05 2.568000000000000000e+03
1.851410046193440406e+00 7.617748096709235688e+04 -1.429930354399384669e+04 -1.163043323790751019e+05 2.506000000000000000e+03
1.913905183005287114e+00 7.717038542222959222e+04 -1.702324907703414283e+04 -1.332290698819342360e+05 2.034000000000000000e+03
1.977014699850697221e+00 7.878653655720423558e+04 -2.072204735900100422e+04 -1.428130466266881558e+05 1.864000000000000000e+03
2.039495322649380604e+00 8.271959154919449065e+04 -2.297927931822247410e+04 -1.654724174628205947e+05 1.384000000000000000e+03
2.100924002656074929e+00 8.749433294014370767e+04 -2.368925541557791075e+04 -1.961972340840967954e+05 1.074000000000000000e+03
2.164000508399174016e+00 9.324607908135456091e+04 -2.140082865258033780e+04 -2.414397561627878167e+05 7.390000000000000000e+02
2.228664443297649456e+00 1.014268466610099713e+05 -1.845841244710132742e+04 -2.912853614158756100e+05 5.130000000000000000e+02
2.290288135997491814e+00 1.138242109447694238e+05 -1.589201974125458946e+04 -3.476870437323885853e+05 2.950000000000000000e+02
2.348574605845156427e+00 1.283308404772009089e+05 -9.921428855047071920e+03 -4.183139387943769689e+05 2.070000000000000000e+02
2.414035098727600470e+00 1.538348122859545110e+05 -4.992253909962885700e+03 -5.219296518578016548e+05 1.240000000000000000e+02
2.482380303565228097e+00 1.953365642084371357e+05 -2.208667593408843004e+03 -6.748739778828390408e+05 5.200000000000000000e+01
2.540355249661966131e+00 2.449118672697873553e+05 -7.268523089986844070e+02 -8.529545508316931082e+05 9.000000000000000000e+00
2.585047253082041419e+00 2.971991181684983312e+05 -1.909545278082714788e+02 -1.038534411211136263e+06 4.000000000000000000e+00
