8.899641224696955288e-02 9.849914567645947682e+05 -1.115061093864504755e+03 -4.472754828078902210e+05 1.300000000000000000e+01
1.507912216506557823e-01 9.584256601454273332e+05 -5.216038213944030758e+03 1.509615797549021663e+05 3.300000000000000000e+01
2.144790186456836945e-01 9.176849494959225412e+05 -9.630444797648151507e+03 -1.755356051352088398e+05 7.900000000000000000e+01
2.783660776489276789e-01 8.651289141424035188e+05 -1.613881454732827115e+04 -2.944863198106499840e+04 1.170000000000000000e+02
3.435099785803411021e-01 8.010002961902874522e+05 -2.307600678089759822e+04 -3.900695779702196887e+04 2.050000000000000000e+02
4.047886761425745772e-01 7.333763632167830365e+05 -3.095962058840495592e+04 5.675139122491529270e+04 2.350000000000000000e+02
4.676716683575679601e-01 6.588284901921418495e+05 -3.609752583329938352e+04 -4.713751674311800161e+04 3.690000000000000000e+02
5.308225101765952081e-01 5.808305173961265245e+05 -4.260426591451019340e+04 5.888117568285063044e+02 4.330000000000000000e+02
5.945362440940590298e-01 5.016648403332736343e+05 -4.673390996016505960e+04 -1.653280343615058155e+04 5.850000000000000000e+02
6.576224814588792489e-01 4.244207681942472700e+05 -5.103900229160118033e+04 2.301856701453436108e+04 6.790000000000000000e+02
7.196632906698736676e-01 3.530162982306514168e+05 -4.974229458104412333e+04 -4.881577313286711433e+04 8.130000000000000000e+02
7.827860915688348298e-01 2.853648670411588973e+05 -4.851630840530847490e+04 -4.891010630245040375e+04 9.850000000000000000e+02
8.470398945834540783e-01 2.218595980684930691e+05 -4.842397385191558715e+04 -1.405107851073626989e+04 1.183000000000000000e+03
9.096854620527370372e-01 1.688021293354733207e+05 -4.369773977888525405e+04 -3.129303692003047763e+04 1.269000000000000000e+03
9.720789776830213169e-01 1.242600189525051537e+05 -3.777195113741880050e+04 -4.152368966003822425e+04 1.537000000000000000e+03
1.034763038959366499e+00 8.694800624364663963e+04 -3.196725867059866141e+04 -4.015571271487950435e+04 1.653000000000000000e+03
1.097576444254559247e+00 5.806438865130431805e+04 -2.526753998911244707e+04 -3.469280196344797878e+04 1.963000000000000000e+03
1.160543084780093270e+00 3.660004997828951309e+04 -1.831682675742194624e+04 -3.070736109073018088e+04 2.121000000000000000e+03
1.223669666537485323e+00 2.205222456213718397e+04 -1.140395042339866995e+04 -2.192384922752363855e+04 2.413000000000000000e+03
1.286817263090294094e+00 1.343131705064752714e+04 -4.850878242827730901e+03 -1.046987494349030749e+04 2.635000000000000000e+03
1.349500801664080818e+00 9.193023134001050494e+03 1.268089107792405230e+03 3.953470642080410016e+03 2.877000000000000000e+03
1.411949558842147567e+00 8.598873907141938616e+03 6.537612070152601518e+03 1.693813013560877152e+04 3.169000000000000000e+03
1.475133575747468395e+00 9.892267232545755178e+03 1.136708184247872668e+04 3.052829065901030117e+04 3.507000000000000000e+03
1.537860814044183622e+00 9.420193635706795249e+03 1.154174325867106381e+04 2.763981788243606934e+04 3.469000000000000000e+03
1.600496235752816299e+00 6.590826205025893614e+03 7.615875940721703955e+03 1.061580509401843847e+04 3.442000000000000000e+03
1.663579768167897210e+00 4.269361290871765959e+03 4.528383458660803626e+03 2.375432711430404652e+03 3.114000000000000000e+03
1.726532082231556853e+00 2.481688244263703382e+03 2.335947885375309397e+03 -8.446653600995525721e+02 3.028000000000000000e+03
1.789048008067354312e+00 1.396387836995060979e+03 1.088924163848750140e+03 -1.351143207407955515e+03 2.568000000000000000e+03
1.851410046193440406e+00 8.038220865406518669e+02 4.292080573259781886e+02 -1.280641331128269258e+03 2.506000000000000000e+03
1.913905183005287114e+00 6.002736089771048000e+02 1.457778396264327228e+02 -1.204362723578144823e+03 2.034000000000000000e+03
1.977014699850697221e+00 7.995220364059443909e+02 1.681057829643874015e+02 -1.774501324088416823e+03 1.864000000000000000e+03
2.039495322649380604e+00 9.989756112525220715e+02 2.008801320834189710e+02 -2.311606155629486238e+03 1.384000000000000000e+03
2.100924002656074929e+00 1.065736601948765383e+03 1.835136707409872372e+02 -2.564020106726962695e+03 1.074000000000000000e+03
2.164000508399174016e+00 7.839267147013385966e+02 2.068760667753912230e+01 -2.010133470708705318e+03 7.390000000000000000e+02
2.228664443297649456e+00 5.485901070008615079e+02 -8.586903844013858134e+01 -1.486592114895718396e+03 5.130000000000000000e+02
2.290288135997491814e+00 4.377469526643768063e+02 -1.204808174362645730e+02 -1.218012748439610959e+03 2.950000000000000000e+02
2.348574605845156427e+00 3.464919322332806928e+02 -1.009584739126691062e+02 -1.032124425766665127e+03 2.070000000000000000e+02
2.414035098727600470e+00 3.748846109548971981e+02 -5.939252365759642061e+01 -1.217754164275891526e+03 1.240000000000000000e+02
2.482380303565228097e+00 5.136614726535308364e+02 -2.865795824849393370e+01 -1.750031500119416933e+03 5.200000000000000000e+01
2.540355249661966131e+00 7.026362127843211738e+02 -9.938201686373965060e+00 -2.438834195644833471e+03 9.000000000000000000e+00
2.585047253082041419e+00 8.938075830485564666e+02 -2.662785249930808895e+00 -3.121168113523022839e+03 4.000000000000000000e+00
