8.899641224696955288e-02 9.720152786215725355e+05 -1.846480186079352507e+03 -4.272236197805308620e+05 1.300000000000000000e+01
1.507912216506557823e-01 9.242246118023189483e+05 -7.921332554946811797e+03 1.551438855923318188e+05 3.300000000000000000e+01
2.144790186456836945e-01 8.554036831272406271e+05 -1.305177804684341390e+04 -1.602183397975015105e+05 7.900000000000000000e+01
2.783660776489276789e-01 7.737196345097244484e+05 -1.952197156508336411e+04 -2.713639808356998401e+04 1.170000000000000000e+02
3.435099785803411021e-01 6.845306276011897717e+05 -2.074144795114597946e+04 -4.723107307205305551e+04 2.050000000000000000e+02
4.047886761425745772e-01 6.009807621876028134e+05 -2.344871565385367285e+04 1.715247059558559340e+04 2.350000000000000000e+02
4.676716683575679601e-01 5.218561247829964268e+05 -1.710197613045690741e+04 -8.291274514949374134e+04 3.690000000000000000e+02
5.308225101765952081e-01 4.498121807656910969e+05 -1.257756071172749034e+04 -6.358324272929307335e+04 4.330000000000000000e+02
5.945362440940590298e-01 3.879903828872374143e+05 -5.095347796791033943e+03 -8.830131342456152197e+04 5.850000000000000000e+02
6.576224814588792489e-01 3.347281097361284192e+05 5.358906071564109880e+03 -7.220372590370009129e+04 6.790000000000000000e+02
7.196632906698736676e-01 2.956301243894026848e+05 1.208525580724571410e+04 -1.339332601214379247e+05 8.130000000000000000e+02
7.827860915688348298e-01 2.613399861429477169e+05 2.515071543193580510e+04 -1.502301513587860682e+05 9.850000000000000000e+02
8.470398945834540783e-01 2.316511986633000779e+05 2.980539066488682874e+04 -1.055998485366428649e+05 1.183000000000000000e+03
9.096854620527370372e-01 2.109113783542368037e+05 3.995294174890040449e+04 -1.210650531835865258e+05 1.269000000000000000e+03
9.720789776830213169e-01 1.954748003025884391e+05 4.905217872034489847e+04 -1.351475076107142377e+05 1.537000000000000000e+03
1.034763038959366499e+00 1.834318223695208726e+05 5.475633811394160148e+04 -1.222896517482757336e+05 1.653000000000000000e+03
1.097576444254559247e+00 1.728552171410608571e+05 6.514147672404191690e+04 -1.176294770394200314e+05 1.963000000000000000e+03
1.160543084780093270e+00 1.666392381939110346e+05 7.063187493037182139e+04 -1.058898263859653962e+05 2.121000000000000000e+03
1.223669666537485323e+00 1.610191137852578249e+05 7.788916276916737843e+04 -9.372722631905197341e+04 2.413000000000000000e+03
1.286817263090294094e+00 1.573492194997858023e+05 8.408302524419935071e+04 -8.047268309684006090e+04 2.635000000000000000e+03
1.349500801664080818e+00 1.534990214917119301e+05 9.214843335051165195e+04 -4.131712068033606192e+04 2.877000000000000000e+03
1.411949558842147567e+00 1.527939929601520707e+05 9.814672236488349154e+04 -2.977551600388300358e+04 3.169000000000000000e+03
1.475133575747468395e+00 1.538697274263570434e+05 1.069368898709621863e+05 3.582981617366074261e+03 3.507000000000000000e+03
1.537860814044183622e+00 1.526726894226874283e+05 1.091128723813869728e+05 -2.861511563744469458e+04 3.469000000000000000e+03
1.600496235752816299e+00 1.489616752927870548e+05 1.034433076650691073e+05 -1.193080695927067136e+05 3.442000000000000000e+03
1.663579768167897210e+00 1.481713396901955130e+05 9.476633486594962596e+04 -2.033918356800754264e+05 3.114000000000000000e+03
1.726532082231556853e+00 1.492684885485075356e+05 8.770998607419208565e+04 -2.704643624393956852e+05 3.028000000000000000e+03
1.789048008067354312e+00 1.549727041681522678e+05 8.452982582523260498e+04 -3.338382771604821319e+05 2.568000000000000000e+03
1.851410046193440406e+00 1.647693692132854485e+05 8.082437550143752014e+04 -3.989806285377383465e+05 2.506000000000000000e+03
1.913905183005287114e+00 1.806164428816119907e+05 8.412111326942034066e+04 -4.899445937248307746e+05 2.034000000000000000e+03
1.977014699850697221e+00 2.020442785987776297e+05 9.013648943798302207e+04 -5.800070814565296751e+05 1.864000000000000000e+03
2.039495322649380604e+00 2.282269549749191210e+05 1.037156643259507982e+05 -7.089888391879748087e+05 1.384000000000000000e+03
2.100924002656074929e+00 2.583184806626589852e+05 1.088150138345292071e+05 -8.486190588590659900e+05 1.074000000000000000e+03
2.164000508399174016e+00 2.890957998616797850e+05 1.009678337248981115e+05 -9.948648921030235942e+05 7.390000000000000000e+02
2.228664443297649456e+00 3.275409241504976526e+05 8.349545396012766287e+04 -1.141404669307604665e+06 5.130000000000000000e+02
2.290288135997491814e+00 3.772591322713707341e+05 6.693517559432460985e+04 -1.311537675519741140e+06 2.950000000000000000e+02
2.348574605845156427e+00 4.313752323194313212e+05 3.769949381677492784e+04 -1.493338487060496584e+06 2.070000000000000000e+02
2.414035098727600470e+00 5.149839159902309184e+05 1.716579505696059641e+04 -1.786212678409995511e+06 1.240000000000000000e+02
2.482380303565228097e+00 6.444434611349815968e+05 7.031205103185171538e+03 -2.242258418601479847e+06 5.200000000000000000e+01
2.540355249661966131e+00 7.980693281617320608e+05 2.188460986817482080e+03 -2.784283549149142113e+06 9.000000000000000000e+00
2.585047253082041419e+00 9.622039246722611133e+05 5.618017366560446817e+02 -3.363564295990386046e+06 4.000000000000000000e+00
