2.966547074898984615e+00 8.745328889030913322e-01 5.759664224978757602e-02 -6.276999330336823224e-01 1.300000000000000000e+01
5.026374055021858744e+00 4.156256034285722434e-01 9.786850384657709567e-02 2.623870583341963991e-02 3.300000000000000000e+01
7.149300621522788113e+00 2.817481709956463631e-01 1.320564957984196510e-03 -2.426447749785232578e-03 7.900000000000000000e+01
9.278869254964254409e+00 2.105952146665061031e-01 4.448622301664536399e-02 2.759930500774000414e-02 1.170000000000000000e+02
1.145033261934470126e+01 1.694600991922040889e-01 3.190960053630783472e-02 -7.517968916371601520e-04 2.050000000000000000e+02
1.349295587141915043e+01 1.313164783906153321e-01 2.380947713524376314e-02 4.702011142776398728e-02 2.350000000000000000e+02
1.558905561191892986e+01 1.066870175827443895e-01 1.669561466753422679e-02 2.529351380013708517e-02 3.690000000000000000e+02
1.769408367255316961e+01 9.407171828997458463e-02 8.170574025929844969e-03 6.278112774480083119e-03 4.330000000000000000e+02
1.981787480313529670e+01 8.004779138629052049e-02 1.125417071308683868e-02 1.874827886466704299e-02 5.850000000000000000e+02
2.192074938196263645e+01 6.902316890207503552e-02 7.200038704365830169e-03 1.556762008232668963e-02 6.790000000000000000e+02
2.398877635566245203e+01 5.938491795741517032e-02 4.395476502789614354e-03 5.703494428020140956e-03 8.130000000000000000e+02
2.609286971896115759e+01 5.004366469811968865e-02 -3.579889555252005993e-03 8.115441671040068278e-03 9.850000000000000000e+02
2.823466315278179550e+01 4.650624103444987029e-02 -3.585841658382719638e-03 1.626906767132147921e-02 1.183000000000000000e+03
3.032284873509123102e+01 4.138629639812559796e-02 -4.729071326299088066e-03 1.104470306107934417e-02 1.269000000000000000e+03
3.240263258943403457e+01 3.608525849625867504e-02 -2.752006826814142309e-03 6.887774788473207885e-03 1.537000000000000000e+03
3.449210129864554375e+01 3.317701833881855911e-02 -3.009543449032060715e-04 3.275106212308323550e-03 1.653000000000000000e+03
3.658588147515196454e+01 3.084264456839099985e-02 -2.373453851461718601e-03 5.841444235425704429e-03 1.963000000000000000e+03
3.868476949266977272e+01 2.803775771663662847e-02 -1.189940907533944704e-03 3.066425242728116479e-03 2.121000000000000000e+03
4.078898888458283523e+01 2.594950776832917819e-02 -9.362719080314110430e-04 3.287396557300504944e-03 2.413000000000000000e+03
4.289390876967645738e+01 2.393813248203346955e-02 -1.606605814448727309e-03 2.690061047669514813e-04 2.635000000000000000e+03
4.498336005546935468e+01 2.204779015700073994e-02 -1.711146531755965193e-03 1.136751430055790973e-03 2.877000000000000000e+03
4.706498529473824988e+01 2.039035725503765550e-02 7.247077357422262566e-05 -1.261877112731738665e-04 3.169000000000000000e+03
4.917111919158227096e+01 1.859357489541879627e-02 1.313435630582094086e-03 -1.145533686818283464e-03 3.507000000000000000e+03
5.126216914174227668e+01 1.749283498692759051e-02 5.670010754607144200e-04 -8.549040425727079178e-04 3.685000000000000000e+03
5.335525146837034072e+01 1.613765559854807990e-02 6.567414735967295070e-04 6.440064978752048494e-04 4.165000000000000000e+03
5.546637228956934251e+01 1.480846118949576649e-02 5.816219743591427875e-04 -8.527686188881835987e-05 4.377000000000000000e+03
5.757318819254808773e+01 1.373425787742301764e-02 1.886090601352941173e-03 -5.029815347848236307e-04 4.855000000000000000e+03
5.965884044590281121e+01 1.274348293049025818e-02 1.487142306600173309e-03 9.278459722283905180e-04 4.929000000000000000e+03
6.174512302159506305e+01 1.182110601141090830e-02 1.429909054363442174e-03 6.728997209532929381e-05 5.581000000000000000e+03
6.382689291137189969e+01 1.103510492577301771e-02 1.068357503460173538e-03 1.214308277163844707e-03 5.679000000000000000e+03
6.592966228838450604e+01 1.046654730600632063e-02 8.694239716759938168e-04 7.296987451134629874e-04 6.385000000000000000e+03
6.803125784825746791e+01 9.896786606301159750e-03 1.362933257900705115e-03 1.676798679283128405e-03 6.553000000000000000e+03
7.013131008699485847e+01 9.276225613911346160e-03 1.021883767494663649e-03 1.653570322315805812e-03 7.125000000000000000e+03
7.223032366074338029e+01 8.963907720800372639e-03 1.198265423104695818e-03 1.494201089890822773e-03 7.447000000000000000e+03
7.432334270720505742e+01 8.446222224293548769e-03 1.286548553081558188e-03 1.426744037195529398e-03 7.929000000000000000e+03
7.642066756954473306e+01 7.941499746252104683e-03 1.524090555943906876e-03 1.205012984261236413e-03 8.353000000000000000e+03
7.850471694556040347e+01 7.470835777680160175e-03 1.125533670868340439e-03 1.489845437638653240e-03 8.775000000000000000e+03
8.059701946059529121e+01 7.110529472293186312e-03 1.469789391077643351e-03 1.288143885478064627e-03 9.313000000000000000e+03
8.269521798132063850e+01 6.747665247489997159e-03 1.496102262360275888e-03 8.260989433936182609e-04 9.841000000000000000e+03
8.478307522909847194e+01 6.376002828791575705e-03 1.705014417617560897e-03 1.017059582736425799e-03 1.019100000000000000e+04
8.687780839616016237e+01 6.196723478433748683e-03 1.686906557975692729e-03 8.447829289916428119e-04 1.089700000000000000e+04
8.897524569656535220e+01 5.899034197182000810e-03 1.479414036398617053e-03 9.011900846106710725e-04 1.130100000000000000e+04
9.108077810470518898e+01 5.679089371429297053e-03 1.425463426364572848e-03 1.141429131519012706e-03 1.202500000000000000e+04
9.318432266948052245e+01 5.409687408343920138e-03 1.308602200838414114e-03 9.725639168336878190e-04 1.242300000000000000e+04
9.527887641048309320e+01 5.187373326936400159e-03 1.143194478739197528e-03 8.941981665481442193e-04 1.302100000000000000e+04
9.736254237981037818e+01 5.004180644971560968e-03 1.181001554699334741e-03 8.750706010456900342e-04 1.340500000000000000e+04
9.944832814799407572e+01 4.827010968992829186e-03 1.273824740514135695e-03 8.772778161479432646e-04 1.424700000000000000e+04
1.015460879802399035e+02 4.625044962878900774e-03 1.356241849291052633e-03 7.627990068631185661e-04 1.471300000000000000e+04
1.036426375667732316e+02 4.421694114563946322e-03 1.311243290654436197e-03 8.523386955621623483e-04 1.548900000000000000e+04
1.057389390539465950e+02 4.273600847090803546e-03 1.362273426020844036e-03 1.074042783172658982e-03 1.591300000000000000e+04
1.078395855981474227e+02 4.125061280084234630e-03 1.372179690054407125e-03 9.697603753263178347e-04 1.687900000000000000e+04
1.099389405850131709e+02 3.959329055725247480e-03 1.389995496077404188e-03 1.076982464745229913e-03 1.719300000000000000e+04
1.120392143152385387e+02 3.803094432231057722e-03 1.420274491399066853e-03 8.712448145665331167e-04 1.815700000000000000e+04
1.141233458569757744e+02 3.724068864878360852e-03 1.474279726446296344e-03 1.086700044349792624e-03 1.833900000000000000e+04
1.162159397555423084e+02 3.616653272607360352e-03 1.561362985331202864e-03 1.202320039666253349e-03 1.957300000000000000e+04
1.183137204803772420e+02 3.527566959916469437e-03 1.609107274874685975e-03 1.208995582564448973e-03 1.994100000000000000e+04
1.203972311807013256e+02 3.440286022457839273e-03 1.734413023170694717e-03 1.500852742151584981e-03 2.062900000000000000e+04
1.224922363187857286e+02 3.357300122831383214e-03 1.759328280263673704e-03 1.401112069699788406e-03 2.165500000000000000e+04
1.245882598425863534e+02 3.270281052751296269e-03 1.844749271452471740e-03 1.726903721546331266e-03 2.211300000000000000e+04
1.266884677158377315e+02 3.212389124885297372e-03 1.891227962661511802e-03 1.764213950191218828e-03 2.318500000000000000e+04
1.287846620419940962e+02 3.224977217868854867e-03 1.912762991114932672e-03 2.096473000364642951e-03 2.366700000000000000e+04
1.308713393788149801e+02 3.178497073078620158e-03 1.990680961993647382e-03 2.253915651419911934e-03 2.438500000000000000e+04
1.329754833440644575e+02 3.193017975542993860e-03 2.078755904564390244e-03 2.572110136293944728e-03 2.574900000000000000e+04
1.350685217411978840e+02 3.102244827238728568e-03 1.996813031761960310e-03 2.108235454920587715e-03 2.506900000000000000e+04
1.371618602824667619e+02 3.018270224902538847e-03 1.788055367479440740e-03 9.283305055509795487e-04 2.554600000000000000e+04
1.392575458676788855e+02 2.928287117209577885e-03 1.578956699001279017e-03 1.362858829778288610e-04 2.428200000000000000e+04
1.413433880996534810e+02 2.834631199226016977e-03 1.436781128920896784e-03 -6.527812934019491765e-04 2.430400000000000000e+04
1.434445756733687460e+02 2.748238448656304019e-03 1.275026206819255582e-03 -1.369717096390301019e-03 2.375400000000000000e+04
1.455398221916437080e+02 2.697411513294512182e-03 1.167782255859596986e-03 -1.977184590277912372e-03 2.308000000000000000e+04
1.476255108817551900e+02 2.582891321386567886e-03 1.055188557656060741e-03 -2.434958551940493397e-03 2.250000000000000000e+04
1.497176277038332444e+02 2.531510719061823376e-03 9.292723524404610143e-04 -2.879587293910973109e-03 2.207200000000000000e+04
1.518140044970460281e+02 2.448378178640693570e-03 8.372128117531066208e-04 -3.155057654703700282e-03 2.135800000000000000e+04
1.539145542655538748e+02 2.409389615197640722e-03 7.590550272768057218e-04 -3.445142189905403031e-03 2.103000000000000000e+04
1.560122063834993185e+02 2.345339603018075248e-03 6.761258416792846138e-04 -3.624498122045943533e-03 1.994800000000000000e+04
1.581130966381297185e+02 2.275846705618455364e-03 5.802928090679235987e-04 -3.740146686205510565e-03 1.975200000000000000e+04
1.602056672848078449e+02 2.243361283164954732e-03 5.335516970137158975e-04 -3.962589997642535292e-03 1.845400000000000000e+04
1.622857990359369751e+02 2.191879131580758752e-03 4.537916835724400185e-04 -4.017700317315396098e-03 1.802800000000000000e+04
1.643817412475232516e+02 2.146336913058409252e-03 4.010021118189445325e-04 -4.155120220373224871e-03 1.737000000000000000e+04
1.664826536774034764e+02 2.114356013409674807e-03 3.278895516842109462e-04 -4.230610182709942761e-03 1.642600000000000000e+04
1.685658141881879430e+02 2.049206015593280170e-03 2.651113191966209611e-04 -4.200737930388706576e-03 1.563000000000000000e+04
1.706487817438684260e+02 2.036294129771502696e-03 2.118485737008087510e-04 -4.346570212234003930e-03 1.477000000000000000e+04
1.727517828144612793e+02 2.021345466301410591e-03 1.706293226841508524e-04 -4.422256639700207145e-03 1.420200000000000000e+04
1.748530068735680061e+02 1.986324577894156822e-03 1.220746810824179592e-04 -4.383393127597162188e-03 1.307200000000000000e+04
1.769502447625496586e+02 2.029825321324309467e-03 7.972259442552058571e-05 -4.572662914705278442e-03 1.223800000000000000e+04
1.790336981624627128e+02 1.983689167618654919e-03 8.364433302789585616e-05 -4.533442258987149809e-03 1.126200000000000000e+04
1.811155322217383628e+02 1.961941369662368890e-03 5.494534109297428964e-05 -4.639031572423238207e-03 1.018600000000000000e+04
1.832145149667912278e+02 1.985326400081431457e-03 4.852434437725774714e-05 -4.704434115980950064e-03 9.600000000000000000e+03
1.853124901146757395e+02 1.967987772582198338e-03 -1.251716933928438458e-05 -4.806934561728848886e-03 8.164000000000000000e+03
1.873878671736386252e+02 1.905586804796645687e-03 4.836317879462103319e-05 -4.911779931100409245e-03 7.392000000000000000e+03
1.894941385667080169e+02 1.801447862988637657e-03 2.922656818976178200e-05 -4.898567354077479515e-03 6.328000000000000000e+03
1.915927038186372044e+02 1.711062904704195413e-03 2.474502801022213693e-05 -4.936625421488482178e-03 5.383000000000000000e+03
1.936660288714131468e+02 1.732432413589207916e-03 2.954244696709778324e-05 -5.137273450367440750e-03 4.641000000000000000e+03
1.957542826725436100e+02 1.670613654923537540e-03 7.610412764107147279e-06 -5.092592648672330212e-03 4.126000000000000000e+03
1.978826628016586255e+02 1.654847286649406991e-03 -6.685876468781677993e-06 -5.114527603425274814e-03 3.579000000000000000e+03
2.000001843808004764e+02 1.673719961707013015e-03 -2.630541521926984860e-05 -5.270399496654028931e-03 3.043000000000000000e+03
2.020352663438292495e+02 1.642781434581186851e-03 1.187321041042703204e-05 -5.294951185610046428e-03 2.455000000000000000e+03
2.041298218709533785e+02 1.543994425891265969e-03 1.026966112066056257e-05 -5.080627944726434989e-03 2.343000000000000000e+03
2.062802290775264282e+02 1.590348084330533334e-03 -6.126011235287048958e-05 -5.206793619053154583e-03 1.819000000000000000e+03
2.083405587159622314e+02 1.579746084717075730e-03 -7.058413105661989752e-06 -5.279382842007997179e-03 1.524000000000000000e+03
2.103706031034942896e+02 1.704755254537888669e-03 -2.043680933166291489e-05 -5.732434067469761342e-03 1.228000000000000000e+03
2.125145326690728211e+02 1.607546190009660628e-03 4.017136407929572915e-05 -5.529076284350979351e-03 1.095000000000000000e+03
2.147589024069300763e+02 1.644702737450137470e-03 -1.966528816030369925e-05 -5.613261443316036256e-03 8.320000000000000000e+02
2.168470408205481021e+02 1.611294460823057108e-03 5.946438465187119175e-05 -5.621087199958569106e-03 5.500000000000000000e+02
2.186512310160383379e+02 1.595861353407543098e-03 1.751896162406242296e-05 -5.533020828583293596e-03 4.080000000000000000e+02
2.207747627137063660e+02 1.579316003872580955e-03 -5.661123487609675749e-06 -5.477121416855974811e-03 3.640000000000000000e+02
2.231192995023301933e+02 1.733706297959567832e-03 -1.240566003659795863e-05 -6.028122992733500780e-03 2.280000000000000000e+02
2.253630374066883633e+02 1.892732661179449783e-03 -3.070573173013941008e-05 -6.574910543646697754e-03 1.090000000000000000e+02
2.270052659625465026e+02 2.125548430541327957e-03 4.236264112187617460e-05 -7.465732944332748380e-03 4.800000000000000000e+01
2.289458764032855527e+02 2.956155181730222258e-03 8.486852593883810575e-06 -1.034426520484463610e-02 2.800000000000000000e+01
2.312641670406622438e+02 1.771604763242869487e-03 -1.217064850819787726e-05 -6.186780125872274640e-03 4.000000000000000000e+00
