2.966547074898984615e+00 4.153799781564468496e+00 5.851445810710289575e-01 -3.126613258469037593e+00 1.300000000000000000e+01
5.026374055021858744e+00 2.182305552366019530e+00 7.043981707345944310e-01 2.830769427193649546e-01 3.300000000000000000e+01
7.149300621522788113e+00 1.746451215191564765e+00 5.341883083369713264e-02 -4.638887895283798080e-01 7.900000000000000000e+01
9.278869254964254409e+00 1.452286688888613231e+00 -1.341314434179267934e-01 1.913116742043148022e-01 1.170000000000000000e+02
1.145033261934470126e+01 1.162766818817164260e+00 -5.915300261247045249e-02 2.135754411757921356e-01 2.050000000000000000e+02
1.349295587141915043e+01 1.019315437891529896e+00 -2.001950007513717822e-01 2.028196648955044590e-01 2.350000000000000000e+02
1.558905561191892986e+01 9.236388912240345306e-01 -8.792458045172614478e-02 -1.133541639604815909e-01 3.690000000000000000e+02
1.769408367255316961e+01 8.009785033324146042e-01 -8.396293749166319764e-02 -7.255658430915168378e-02 4.330000000000000000e+02
1.981787480313529670e+01 6.446909772356205215e-01 -7.497816818359852309e-02 1.842967032926686247e-02 5.850000000000000000e+02
2.192074938196263645e+01 6.013324933804992112e-01 -4.676459842709908971e-02 -1.501269449294676539e-01 6.790000000000000000e+02
2.398877635566245203e+01 5.467396351379307795e-01 -1.265326234337119278e-02 -1.003846088213003751e-01 8.130000000000000000e+02
2.609286971896115759e+01 4.793757814654731053e-01 -2.520453426145993076e-02 -3.236014582650159621e-02 9.850000000000000000e+02
2.823466315278179550e+01 4.796774124135249062e-01 -1.058384717413531420e-02 -1.897279741871558609e-02 1.183000000000000000e+03
3.032284873509123102e+01 4.358207593451171036e-01 1.604178591029260803e-02 1.272440978114209448e-02 1.269000000000000000e+03
3.240263258943403457e+01 3.825558729731998731e-01 4.998100734120517613e-02 -1.963673645465866674e-02 1.537000000000000000e+03
3.449210129864554375e+01 3.538431861202055440e-01 4.456348802783796637e-02 -2.309830236518786717e-02 1.653000000000000000e+03
3.658588147515196454e+01 3.289230866116237828e-01 2.907389739813492219e-02 -1.230826990849464078e-02 1.963000000000000000e+03
3.868476949266977272e+01 3.025529720548403856e-01 3.173987486704026723e-02 3.582718469916784665e-02 2.121000000000000000e+03
4.078898888458283523e+01 2.846641762764362538e-01 1.922845594135239380e-02 2.139812620057224626e-02 2.413000000000000000e+03
4.289390876967645738e+01 2.657334459096211132e-01 6.941272059165904014e-03 2.617032273261911401e-02 2.635000000000000000e+03
4.498336005546935468e+01 2.485814797849894564e-01 2.551362548295741869e-02 2.685087336149093173e-02 2.877000000000000000e+03
4.706498529473824988e+01 2.286069370834459824e-01 2.664790946512927972e-02 1.508567843072951102e-02 3.169000000000000000e+03
4.917111919158227096e+01 2.234265770732327128e-01 1.982408007966759977e-02 5.824062654935300079e-03 3.507000000000000000e+03
5.126216914174227668e+01 2.182447911165089349e-01 -7.024407782274796896e-03 -5.794548368644818724e-03 3.685000000000000000e+03
5.335525146837034072e+01 2.084929675816619976e-01 1.121885510839752687e-02 2.003971781238854388e-02 4.165000000000000000e+03
5.546637228956934251e+01 2.080591540286360341e-01 8.774527003667704659e-04 2.478374764224238781e-03 4.377000000000000000e+03
5.757318819254808773e+01 2.026141368371147111e-01 1.470844959685365522e-02 -1.474892031575865056e-02 4.855000000000000000e+03
5.965884044590281121e+01 1.915576111782598123e-01 1.873711972193326664e-02 1.032778175951317226e-02 4.929000000000000000e+03
6.174512302159506305e+01 1.887858953993461486e-01 2.256276512365635450e-02 -3.465404099635915024e-03 5.581000000000000000e+03
6.382689291137189969e+01 1.861375706372088434e-01 5.015041398074374275e-03 4.814864954971938629e-03 5.679000000000000000e+03
6.592966228838450604e+01 1.799429755158918343e-01 1.167000122845722378e-03 1.451228163209216521e-02 6.385000000000000000e+03
6.803125784825746791e+01 1.735505295907091572e-01 1.844941963376026421e-03 1.893415864317323297e-02 6.553000000000000000e+03
7.013131008699485847e+01 1.712505261811905488e-01 -3.460059871085907537e-03 1.408716114725482374e-02 7.125000000000000000e+03
7.223032366074338029e+01 1.635980564714321350e-01 9.166409699507377731e-03 1.212837169171421085e-02 7.447000000000000000e+03
7.432334270720505742e+01 1.564430170345282867e-01 8.204381384177724529e-03 1.011688432582717560e-02 7.929000000000000000e+03
7.642066756954473306e+01 1.579073159361675527e-01 5.866294178375699823e-03 4.446766163074355668e-03 8.353000000000000000e+03
7.850471694556040347e+01 1.569078933405928522e-01 6.450234731688870952e-04 6.314168778868937439e-03 8.775000000000000000e+03
8.059701946059529121e+01 1.504698888625958797e-01 7.779394071086005377e-03 6.500512375888293538e-03 9.313000000000000000e+03
8.269521798132063850e+01 1.512759926335864868e-01 1.003891038345182569e-02 7.317013007461497110e-05 9.841000000000000000e+03
8.478307522909847194e+01 1.494723430715312051e-01 1.629117110412503858e-02 -7.691738248963499169e-03 1.019100000000000000e+04
8.687780839616016237e+01 1.429472447107995869e-01 2.131859718695079328e-02 -4.343050506514877125e-03 1.089700000000000000e+04
8.897524569656535220e+01 1.404160314839717205e-01 1.963599358633764599e-02 5.447186284138019231e-03 1.130100000000000000e+04
9.108077810470518898e+01 1.430451597518768159e-01 1.462499592222963989e-02 1.126009615420852915e-06 1.202500000000000000e+04
9.318432266948052245e+01 1.360029823473710153e-01 8.422121654886953121e-03 1.077868083186003800e-02 1.242300000000000000e+04
9.527887641048309320e+01 1.344157650832197015e-01 1.567448369371674324e-02 8.160214732292996043e-03 1.302100000000000000e+04
9.736254237981037818e+01 1.307857425357009384e-01 1.366370500811134661e-02 1.107820427736385879e-02 1.340500000000000000e+04
9.944832814799407572e+01 1.261847308686842584e-01 1.509852232674368556e-02 1.140535701485482882e-02 1.424700000000000000e+04
1.015460879802399035e+02 1.269468914289594297e-01 1.571211154443895308e-02 1.099211280804655681e-02 1.471300000000000000e+04
1.036426375667732316e+02 1.255494206279167413e-01 8.265730077744122550e-03 1.406612614370437823e-02 1.548900000000000000e+04
1.057389390539465950e+02 1.247010415610233930e-01 1.061586732776924162e-02 1.661681269766863978e-02 1.591300000000000000e+04
1.078395855981474227e+02 1.236254957105454855e-01 1.057341538196608643e-02 1.422859067262767854e-02 1.687900000000000000e+04
1.099389405850131709e+02 1.221339454424922172e-01 1.402223011252298583e-02 1.588736536677259198e-02 1.719300000000000000e+04
1.120392143152385387e+02 1.219118530480921697e-01 1.542959192711788018e-02 4.803512821683100266e-03 1.815700000000000000e+04
1.141233458569757744e+02 1.212791861659555520e-01 1.609263405177637288e-02 2.013021561426288353e-02 1.833900000000000000e+04
1.162159397555423084e+02 1.198612865114219161e-01 1.388087160988726518e-02 2.462724608459295611e-02 1.957300000000000000e+04
1.183137204803772420e+02 1.225705971114899595e-01 1.166599767921649988e-02 1.815229672218603846e-02 1.994100000000000000e+04
1.203972311807013256e+02 1.201472731196551735e-01 1.292287365952856509e-02 3.555675439196852999e-02 2.062900000000000000e+04
1.224922363187857286e+02 1.174474847442126130e-01 1.109122262353490901e-02 2.950034833372935233e-02 2.165500000000000000e+04
1.245882598425863534e+02 1.190207788177063963e-01 1.570582895965941944e-02 3.678350487873315727e-02 2.211300000000000000e+04
1.266884677158377315e+02 1.175515190322313774e-01 1.180248300359469996e-02 3.929041712921910873e-02 2.318500000000000000e+04
1.287846620419940962e+02 1.195204401881641565e-01 1.316567156550756471e-02 5.091938395341323587e-02 2.366700000000000000e+04
1.308713393788149801e+02 1.214769565323551848e-01 1.057011745538847212e-02 5.624488308745632242e-02 2.438500000000000000e+04
1.329754833440644575e+02 1.230932607062640849e-01 1.267516888179971539e-02 6.225320759753407568e-02 2.574900000000000000e+04
1.350685217411978840e+02 1.238330745753241924e-01 1.325696897376284558e-02 4.077495477043167893e-02 2.506900000000000000e+04
1.371618602824667619e+02 1.204668293759207642e-01 1.541783834511989068e-02 9.483378727732178978e-03 2.554600000000000000e+04
1.392575458676788855e+02 1.206495054701813285e-01 1.508073933076210273e-02 -2.774768895258846249e-02 2.428200000000000000e+04
1.413433880996534810e+02 1.198269036478522842e-01 1.237261179185797193e-02 -5.131892450997992128e-02 2.430400000000000000e+04
1.434445756733687460e+02 1.194520859151319836e-01 1.241902876508678942e-02 -6.894161126405830287e-02 2.375400000000000000e+04
1.455398221916437080e+02 1.197440573350697646e-01 5.784522824004043225e-03 -9.481179469484761480e-02 2.308000000000000000e+04
1.476255108817551900e+02 1.162233357404970219e-01 8.857035716501059086e-03 -1.067604595093225583e-01 2.250000000000000000e+04
1.497176277038332444e+02 1.136594532671920399e-01 7.173863239722928081e-03 -1.284012387673536260e-01 2.207200000000000000e+04
1.518140044970460281e+02 1.139124275773997497e-01 3.703780115842143870e-03 -1.404998557617574972e-01 2.135800000000000000e+04
1.539145542655538748e+02 1.122327441797137948e-01 -4.906224298941180449e-04 -1.482654081339113972e-01 2.103000000000000000e+04
1.560122063834993185e+02 1.119657846095521436e-01 -2.543549011121963143e-03 -1.559274381060425374e-01 1.994800000000000000e+04
1.581130966381297185e+02 1.139702566185122473e-01 -7.052769574241550543e-03 -1.695308936429060498e-01 1.975200000000000000e+04
1.602056672848078449e+02 1.099999502036529270e-01 -6.135203693961906700e-03 -1.728050883003159899e-01 1.845400000000000000e+04
1.622857990359369751e+02 1.121348495702267078e-01 -7.187657032272791284e-03 -1.857314433520396713e-01 1.802800000000000000e+04
1.643817412475232516e+02 1.089628658335682482e-01 -4.680770891288052807e-03 -1.891481018035812700e-01 1.737000000000000000e+04
1.664826536774034764e+02 1.097070625637270314e-01 -9.733348692092519752e-03 -1.948672542871350277e-01 1.642600000000000000e+04
1.685658141881879430e+02 1.109543235907270858e-01 -9.738488842429350242e-03 -2.036547426075007716e-01 1.563000000000000000e+04
1.706487817438684260e+02 1.110906973269547293e-01 -1.288109189772701849e-02 -2.056116169802712224e-01 1.477000000000000000e+04
1.727517828144612793e+02 1.118296291859664504e-01 -1.672122586158242621e-02 -2.098690784525407693e-01 1.420200000000000000e+04
1.748530068735680061e+02 1.128495723262021300e-01 -1.866815765354254072e-02 -2.155015504437629292e-01 1.307200000000000000e+04
1.769502447625496586e+02 1.110026197948628252e-01 -1.957686194426081633e-02 -2.157094080246544365e-01 1.223800000000000000e+04
1.790336981624627128e+02 1.113275544454912919e-01 -2.008854883178179049e-02 -2.219120607458552052e-01 1.126200000000000000e+04
1.811155322217383628e+02 1.090001142977524429e-01 -1.897500331684591479e-02 -2.265321218341901366e-01 1.018600000000000000e+04
1.832145149667912278e+02 1.093455476567379153e-01 -2.055747103341970181e-02 -2.246725556801150436e-01 9.600000000000000000e+03
1.853124901146757395e+02 1.091445789058747562e-01 -2.328302014521601432e-02 -2.315975811622945357e-01 8.164000000000000000e+03
1.873878671736386252e+02 1.090157343595246631e-01 -2.266441787760696547e-02 -2.405787775377880855e-01 7.392000000000000000e+03
1.894941385667080169e+02 1.055016360484011817e-01 -1.807269771216720930e-02 -2.561968109503046098e-01 6.328000000000000000e+03
1.915927038186372044e+02 1.022717833977318941e-01 -1.279042141884831514e-02 -2.728405026692248270e-01 5.383000000000000000e+03
1.936660288714131468e+02 1.010634560319733366e-01 -1.058447617943671266e-02 -2.813705476668388328e-01 4.641000000000000000e+03
1.957542826725436100e+02 9.953106324845874264e-02 -8.333458085975293042e-03 -2.911282388407762101e-01 4.126000000000000000e+03
1.978826628016586255e+02 9.623860867565910138e-02 -7.452915705903501511e-03 -2.892355309852003287e-01 3.579000000000000000e+03
2.000001843808004764e+02 9.315221958921393597e-02 -6.711502643754388604e-03 -2.860118740001174609e-01 3.043000000000000000e+03
2.020352663438292495e+02 8.945254865169571801e-02 -6.572006756278534617e-03 -2.790971219455623542e-01 2.455000000000000000e+03
2.041298218709533785e+02 8.635690625186963343e-02 -5.546607646130044707e-03 -2.751769153492547582e-01 2.343000000000000000e+03
2.062802290775264282e+02 8.209557757016336388e-02 -5.354091777158251873e-03 -2.645772507412155194e-01 1.819000000000000000e+03
2.083405587159622314e+02 7.602217017428565538e-02 -1.467666353447982103e-03 -2.528426226986669190e-01 1.524000000000000000e+03
2.103706031034942896e+02 7.896518649136728685e-02 -3.340186289496416185e-03 -2.619203931623229065e-01 1.228000000000000000e+03
2.125145326690728211e+02 7.205853091815858646e-02 -1.002207899423096732e-03 -2.442779680039999235e-01 1.095000000000000000e+03
2.147589024069300763e+02 7.247969010818844371e-02 -4.699829300201539069e-04 -2.482883969424626025e-01 8.320000000000000000e+02
2.168470408205481021e+02 6.849699174541126756e-02 -1.043694215973281101e-03 -2.349679398372000183e-01 5.500000000000000000e+02
2.186512310160383379e+02 7.525932995444595264e-02 -8.063354730474296076e-04 -2.591751431756817436e-01 4.080000000000000000e+02
2.207747627137063660e+02 6.968827408351203900e-02 -8.048042094335854926e-04 -2.411678944417661175e-01 3.640000000000000000e+02
2.231192995023301933e+02 7.363731247412710901e-02 -4.420172171033570543e-04 -2.562252511879010153e-01 2.280000000000000000e+02
2.253630374066883633e+02 7.014796900081214648e-02 -3.506169174450764984e-04 -2.446131094361111147e-01 1.090000000000000000e+02
2.270052659625465026e+02 7.953210127914148164e-02 2.251958573607766134e-05 -2.776301745769088614e-01 4.800000000000000000e+01
2.289458764032855527e+02 1.051834279631598118e-01 2.230700985115808004e-04 -3.680526351532792950e-01 2.800000000000000000e+01
2.312641670406622438e+02 1.839178465630026543e-02 -5.939199508190868117e-04 -6.375299269331008434e-02 4.000000000000000000e+00
