1.000000e+00	2.012509e-02	6
1.414214e+00	1.917008e-02	12
1.732051e+00	2.231182e-02	8
2.000000e+00	2.173367e-03	6
2.236068e+00	9.192648e-03	24
2.449490e+00	8.207377e-03	24
2.828427e+00	6.269092e-03	12
3.000000e+00	5.366962e-03	30
3.162278e+00	3.834345e-03	24
3.316625e+00	3.543038e-03	24
3.464102e+00	7.174139e-03	8
3.605551e+00	2.949350e-03	24
3.741657e+00	4.127598e-03	48
4.000000e+00	2.633750e-03	6
4.123106e+00	2.368148e-03	48
4.242641e+00	3.282346e-03	36
4.358899e+00	3.348861e-03	24
4.472136e+00	1.780310e-03	24
4.582576e+00	2.230016e-03	48
4.690416e+00	2.731988e-03	24
4.898979e+00	3.036317e-03	24
5.000000e+00	1.757330e-03	30
5.099020e+00	1.775807e-03	72
5.196152e+00	2.337474e-03	32
5.385165e+00	2.289106e-03	72
5.477226e+00	1.864523e-03	48
5.656854e+00	1.289133e-03	12
5.744563e+00	1.905796e-03	48
5.830952e+00	1.335656e-03	48
5.916080e+00	1.251228e-03	48
6.000000e+00	1.700264e-03	30
6.082763e+00	1.550796e-03	24
6.164414e+00	1.405221e-03	72
6.324555e+00	1.524774e-03	24
6.403124e+00	1.068992e-03	96
6.480741e+00	1.151691e-03	48
6.557439e+00	1.321556e-03	24
6.633250e+00	1.535668e-03	24
6.708204e+00	1.638794e-03	72
6.782330e+00	1.006520e-03	48
6.928203e+00	9.027026e-04	8
7.000000e+00	1.079472e-03	54
7.096653e+00	1.086422e-03	132
7.211103e+00	7.080843e-04	24
7.280110e+00	9.888870e-04	72
7.348469e+00	1.047384e-03	96
7.483315e+00	9.300942e-04	48
7.549834e+00	1.003060e-03	48
7.664803e+00	1.217033e-03	96
7.810250e+00	1.048226e-03	72
7.874008e+00	8.725829e-04	96
8.000000e+00	9.433653e-04	6
8.093148e+00	8.341193e-04	192
8.225925e+00	8.899195e-04	72
8.306624e+00	8.652475e-04	96
8.366600e+00	1.288790e-03	48
8.518837e+00	8.509594e-04	84
8.602325e+00	8.647300e-04	120
8.677517e+00	7.223368e-04	80
8.793897e+00	7.250458e-04	144
8.944272e+00	7.156714e-04	24
9.017723e+00	8.895896e-04	150
9.132321e+00	8.018293e-04	120
9.258169e+00	7.098288e-04	168
9.380832e+00	6.984767e-04	24
9.458005e+00	7.041692e-04	264
9.539392e+00	6.670634e-04	48
9.678123e+00	6.844587e-04	144
9.831892e+00	7.817369e-04	72
9.919647e+00	6.177149e-04	180
1.005348e+01	6.321130e-04	246
1.019804e+01	4.987790e-04	72
1.029069e+01	7.308464e-04	240
1.042554e+01	6.581064e-04	104
1.048809e+01	6.556931e-04	144
1.066765e+01	6.310816e-04	240
1.079928e+01	5.929354e-04	192
1.089945e+01	5.403718e-04	120
1.103979e+01	5.724068e-04	246
1.120266e+01	5.588172e-04	288
1.135442e+01	5.289985e-04	156
1.144549e+01	5.157899e-04	216
1.158362e+01	4.714607e-04	264
1.174342e+01	5.365505e-04	264
1.187430e+01	5.653197e-04	192
1.206270e+01	4.878753e-04	318
1.218402e+01	4.830464e-04	248
1.231712e+01	4.516659e-04	336
1.245711e+01	4.706194e-04	264
1.258567e+01	3.642687e-04	120
1.273008e+01	4.711126e-04	420
1.288404e+01	4.731811e-04	264
1.304779e+01	4.495526e-04	366
1.317733e+01	4.261777e-04	336
1.338883e+01	3.986793e-04	456
1.355534e+01	4.115053e-04	384
1.370714e+01	4.200506e-04	432
1.392061e+01	3.738868e-04	296
1.402409e+01	3.705577e-04	390
1.420309e+01	3.921903e-04	444
1.439155e+01	3.562346e-04	600
1.455812e+01	3.633940e-04	408
1.474883e+01	3.878431e-04	408
1.489124e+01	3.368129e-04	384
1.509260e+01	3.652488e-04	774
1.528614e+01	3.403412e-04	432
1.543735e+01	3.519082e-04	456
1.562497e+01	3.687880e-04	620
1.581006e+01	3.162775e-04	600
1.601535e+01	3.162054e-04	582
1.619018e+01	3.146897e-04	576
1.637540e+01	3.254960e-04	768
1.659372e+01	3.100022e-04	744
1.680710e+01	2.875101e-04	648
1.700468e+01	3.011721e-04	666
1.720235e+01	3.087328e-04	960
1.743060e+01	2.930227e-04	752
1.759808e+01	2.736696e-04	552
1.780295e+01	2.798247e-04	984
1.805316e+01	2.709481e-04	1062
1.825529e+01	2.718690e-04	648
1.846809e+01	2.664146e-04	1140
1.869630e+01	2.580095e-04	864
1.892176e+01	2.515597e-04	1062
1.915239e+01	2.386806e-04	968
1.936183e+01	2.432112e-04	1248
1.960219e+01	2.374964e-04	864
1.983247e+01	2.342671e-04	1404
2.008430e+01	2.242180e-04	1086
2.030604e+01	2.231531e-04	1272
2.056349e+01	2.142989e-04	1392
2.081801e+01	2.193064e-04	1376
2.105340e+01	2.075275e-04	1110
2.130322e+01	2.095870e-04	1740
2.157425e+01	1.941570e-04	1584
2.184541e+01	1.992486e-04	1368
2.209062e+01	1.987225e-04	1662
2.233782e+01	1.791578e-04	1536
2.260667e+01	1.855223e-04	1820
2.289812e+01	1.743186e-04	1902
2.316643e+01	1.774474e-04	1704
2.343439e+01	1.737315e-04	2040
2.373400e+01	1.687178e-04	2088
2.401776e+01	1.724804e-04	1842
2.429546e+01	1.622084e-04	2456
2.459612e+01	1.661679e-04	1968
2.488571e+01	1.496803e-04	2382
2.517536e+01	1.573841e-04	2352
2.548717e+01	1.494595e-04	2604
2.577746e+01	1.511789e-04	2280
2.610345e+01	1.442377e-04	2990
2.642614e+01	1.376314e-04	2880
2.673585e+01	1.346282e-04	2508
2.705041e+01	1.349357e-04	3126
2.738242e+01	1.321019e-04	3216
2.771795e+01	1.273260e-04	3032
2.803869e+01	1.254110e-04	3294
2.837650e+01	1.211088e-04	3540
2.871788e+01	1.209052e-04	3408
2.907848e+01	1.172123e-04	4014
2.942807e+01	1.133357e-04	3728
2.976595e+01	1.126169e-04	3588
3.011347e+01	1.124444e-04	4230
3.047613e+01	1.057315e-04	4176
3.082907e+01	1.066434e-04	4158
3.119832e+01	1.048572e-04	4652
3.155985e+01	1.014834e-04	4584
3.196656e+01	9.718005e-05	5454
3.235816e+01	9.787705e-05	4884
3.273045e+01	9.386730e-05	5000
3.313604e+01	9.262552e-05	5934
3.353393e+01	9.031131e-05	5376
3.393767e+01	8.709548e-05	5898
3.434169e+01	8.514304e-05	6216
3.475668e+01	8.334113e-05	6104
3.517298e+01	8.200338e-05	6618
3.558122e+01	8.035824e-05	6480
3.600693e+01	7.647349e-05	6918
3.642941e+01	7.686290e-05	7304
3.687169e+01	7.403268e-05	7338
3.732135e+01	7.304198e-05	8376
3.777136e+01	7.065847e-05	7590
3.822539e+01	6.857385e-05	8780
3.868818e+01	6.682856e-05	8496
3.915571e+01	6.647804e-05	9294
3.962008e+01	6.271507e-05	8828
4.008908e+01	6.330869e-05	9846
4.057740e+01	6.071771e-05	10248
4.108086e+01	5.884812e-05	10626
4.156921e+01	5.684442e-05	10520
4.205777e+01	5.654236e-05	10902
4.256119e+01	5.514602e-05	11796
4.307946e+01	5.220765e-05	11894
4.358175e+01	5.150922e-05	12060
4.410257e+01	5.076594e-05	12942
4.462885e+01	4.859056e-05	13224
4.517087e+01	4.774808e-05	14042
4.571541e+01	4.671693e-05	14400
4.627055e+01	4.538780e-05	15054
4.682764e+01	4.449661e-05	15194
4.737946e+01	4.322923e-05	15768
4.795050e+01	4.292927e-05	16626
4.852465e+01	4.071873e-05	17168
4.910321e+01	4.004621e-05	17334
4.968739e+01	3.949428e-05	18564
5.028921e+01	3.775694e-05	19214
5.090478e+01	3.656322e-05	20298
5.150990e+01	3.563595e-05	19800
5.212534e+01	3.481065e-05	21434
5.274486e+01	3.384240e-05	21630
5.337575e+01	3.267370e-05	22976
5.401710e+01	3.203591e-05	23370
5.465625e+01	3.098232e-05	24240
5.532708e+01	3.057762e-05	26642
5.599760e+01	2.946285e-05	25518
5.666129e+01	2.874628e-05	27498
5.733991e+01	2.810230e-05	27944
5.803134e+01	2.742294e-05	29778
5.873074e+01	2.649199e-05	30158
5.943800e+01	2.592371e-05	32076
6.015836e+01	2.540073e-05	32430
6.087504e+01	2.445253e-05	33602
6.159695e+01	2.410852e-05	34584
6.233826e+01	2.336458e-05	36842
6.309597e+01	2.299079e-05	38070
6.385203e+01	2.218990e-05	38402
6.460310e+01	2.168354e-05	39600
6.537976e+01	2.127992e-05	42786
6.617528e+01	2.080430e-05	43754
6.696510e+01	2.013748e-05	44190
6.776517e+01	1.987154e-05	47042
6.857757e+01	1.924433e-05	48000
6.939885e+01	1.888088e-05	50210
7.023125e+01	1.853870e-05	51678
7.107414e+01	1.803601e-05	54050
7.193075e+01	1.766439e-05	56010
7.279448e+01	1.731122e-05	57782
7.367095e+01	1.695455e-05	60306
7.455131e+01	1.655334e-05	61244
7.543759e+01	1.627448e-05	64086
7.634837e+01	1.592016e-05	67706
7.727357e+01	1.549914e-05	69486
7.820182e+01	1.531401e-05	71426
7.912871e+01	1.500483e-05	72882
8.007846e+01	1.465967e-05	78230
8.105054e+01	1.445578e-05	80378
8.202302e+01	1.417433e-05	82242
8.300983e+01	1.388764e-05	86546
8.400438e+01	1.371447e-05	87750
8.500508e+01	1.340971e-05	91922
8.602151e+01	1.324230e-05	94890
8.705174e+01	1.295961e-05	99062
8.810548e+01	1.266879e-05	103898
8.916285e+01	1.250829e-05	105090
9.022679e+01	1.223056e-05	109874
9.130787e+01	1.214645e-05	114110
9.239726e+01	1.190649e-05	116850
9.350090e+01	1.174836e-05	122672
9.463121e+01	1.158047e-05	128874
9.577553e+01	1.138459e-05	131714
9.691723e+01	1.118659e-05	134822
9.807986e+01	1.093405e-05	142866
9.925875e+01	1.079292e-05	145514
1.004454e+02	1.059554e-05	151880
1.016594e+02	1.045408e-05	159746
1.028869e+02	1.027330e-05	162858
1.041131e+02	1.010191e-05	167474
1.053522e+02	9.934268e-06	174110
1.066187e+02	9.759223e-06	183336
1.079066e+02	9.615073e-06	189146
1.092016e+02	9.447548e-06	194354
1.105100e+02	9.281953e-06	202496
1.118366e+02	9.097513e-06	209754
1.131738e+02	8.930194e-06	215618
1.145256e+02	8.775960e-06	224600
1.159034e+02	8.620443e-06	235370
1.172976e+02	8.454196e-06	240794
1.187014e+02	8.339403e-06	250560
1.201255e+02	8.193866e-06	259874
1.215699e+02	8.017923e-06	270224
1.230296e+02	7.884470e-06	278570
1.245071e+02	7.711282e-06	290216
1.259994e+02	7.599494e-06	298370
1.275085e+02	7.462476e-06	310928
1.290374e+02	7.315725e-06	321522
1.305870e+02	7.189883e-06	334640
1.321546e+02	7.051434e-06	345302
1.337394e+02	6.921607e-06	358736
1.353462e+02	6.815705e-06	372320
1.369699e+02	6.676379e-06	384386
1.386110e+02	6.576218e-06	398576
1.402736e+02	6.466043e-06	414032
1.419570e+02	6.344926e-06	428570
1.436585e+02	6.247165e-06	443420
1.453810e+02	6.132219e-06	460880
1.471266e+02	6.018705e-06	477608
1.488922e+02	5.919353e-06	494666
1.506816e+02	5.816962e-06	514172
1.524915e+02	5.701917e-06	531200
1.543194e+02	5.588468e-06	549944
1.561681e+02	5.490707e-06	569924
1.580435e+02	5.382232e-06	593642
1.599395e+02	5.280994e-06	610856
1.618585e+02	5.172423e-06	637756
1.638047e+02	5.072143e-06	659240
1.657694e+02	4.974328e-06	681752
1.677584e+02	4.865545e-06	708404
1.697701e+02	4.761152e-06	731720
1.718068e+02	4.669885e-06	761324
1.738671e+02	4.575368e-06	785624
1.759499e+02	4.474692e-06	815932
1.780632e+02	4.380849e-06	848150
1.802008e+02	4.289164e-06	875876
1.823627e+02	4.200878e-06	909872
1.845502e+02	4.105902e-06	940708
1.867622e+02	4.018915e-06	975368
1.890031e+02	3.929274e-06	1012826
1.912710e+02	3.840237e-06	1047892
1.935666e+02	3.755613e-06	1088600
1.958923e+02	3.677759e-06	1127762
1.982424e+02	3.592867e-06	1166140
2.006188e+02	3.515771e-06	1209440
2.030268e+02	3.440942e-06	1255802
2.054634e+02	3.369625e-06	1298860
2.079275e+02	3.296003e-06	1347110
2.104211e+02	3.226436e-06	1395124
2.129461e+02	3.160704e-06	1448666
2.155033e+02	3.094566e-06	1501036
2.180883e+02	3.032046e-06	1552442
2.207032e+02	2.971914e-06	1611310
2.233510e+02	2.917190e-06	1669244
2.260298e+02	2.863941e-06	1729786
2.287433e+02	2.818510e-06	1796522
2.314879e+02	2.773311e-06	1856476
2.342644e+02	2.729601e-06	1928050
2.370772e+02	2.691468e-06	1998290
2.399198e+02	2.655868e-06	2065786
2.427958e+02	2.621522e-06	2145058
2.457097e+02	2.594624e-06	2224298
2.486581e+02	2.571319e-06	2303434
2.516412e+02	2.558198e-06	2388202
2.546627e+02	2.546685e-06	2478599
2.577088e+02	2.493517e-06	2508700
2.607965e+02	2.398479e-06	2510380
2.639278e+02	2.303385e-06	2512288
2.670959e+02	2.222774e-06	2497276
2.702990e+02	2.149517e-06	2490536
2.735415e+02	2.082370e-06	2476432
2.768240e+02	2.023205e-06	2464036
2.801457e+02	1.970383e-06	2441572
2.835048e+02	1.916093e-06	2420164
2.869046e+02	1.868174e-06	2394628
2.903474e+02	1.817839e-06	2368624
2.938313e+02	1.766669e-06	2332204
2.973555e+02	1.717943e-06	2296528
3.009233e+02	1.665677e-06	2255452
3.045332e+02	1.618377e-06	2208364
3.081847e+02	1.573079e-06	2156872
3.118821e+02	1.535058e-06	2104512
3.156233e+02	1.502777e-06	2039548
3.194091e+02	1.471022e-06	1976956
3.232403e+02	1.449717e-06	1900768
3.271164e+02	1.429301e-06	1825120
3.310382e+02	1.412233e-06	1737192
3.350079e+02	1.406457e-06	1649440
3.390276e+02	1.410841e-06	1549012
3.430913e+02	1.426098e-06	1441740
3.471998e+02	1.447312e-06	1326940
3.513595e+02	1.488109e-06	1207764
3.555690e+02	1.551569e-06	1075156
3.598228e+02	1.639559e-06	935664
3.641426e+02	1.751461e-06	801523
3.685158e+02	1.857994e-06	692322
3.729365e+02	1.968594e-06	599362
3.774108e+02	2.093181e-06	516300
3.819370e+02	2.229055e-06	441076
3.865130e+02	2.378095e-06	372798
3.911405e+02	2.535518e-06	311442
3.958231e+02	2.702503e-06	255850
4.005644e+02	2.879145e-06	206196
4.053694e+02	3.080714e-06	161820
4.102151e+02	3.309472e-06	121362
4.151124e+02	3.605488e-06	88608
4.200671e+02	3.909784e-06	59292
4.249879e+02	4.246584e-06	35826
4.299111e+02	4.498089e-06	19252
4.348363e+02	4.877322e-06	7314
4.393327e+02	5.807729e-06	1158
4.434050e+02	8.580410e-07	1
