1.000000e+00	9.999981e-01	6
1.414214e+00	9.999963e-01	12
1.732051e+00	9.999944e-01	8
2.000000e+00	9.999920e-01	6
2.236068e+00	9.999902e-01	24
2.449490e+00	9.999883e-01	24
2.828427e+00	9.999841e-01	12
3.000000e+00	9.999821e-01	30
3.162278e+00	9.999798e-01	24
3.316625e+00	9.999780e-01	24
3.464102e+00	9.999761e-01	8
3.605551e+00	9.999737e-01	24
3.741657e+00	9.999719e-01	48
4.000000e+00	9.999672e-01	6
4.123106e+00	9.999655e-01	48
4.242641e+00	9.999634e-01	36
4.358899e+00	9.999615e-01	24
4.472136e+00	9.999592e-01	24
4.582576e+00	9.999573e-01	48
4.690416e+00	9.999554e-01	24
4.898979e+00	9.999512e-01	24
5.000000e+00	9.999489e-01	30
5.099020e+00	9.999470e-01	72
5.196152e+00	9.999451e-01	32
5.385165e+00	9.999409e-01	72
5.477226e+00	9.999390e-01	48
5.656854e+00	9.999343e-01	12
5.744563e+00	9.999326e-01	48
5.830952e+00	9.999305e-01	48
5.916080e+00	9.999287e-01	48
6.000000e+00	9.999263e-01	30
6.082763e+00	9.999244e-01	24
6.164414e+00	9.999225e-01	72
6.324555e+00	9.999183e-01	24
6.403124e+00	9.999162e-01	96
6.480741e+00	9.999141e-01	48
6.557439e+00	9.999122e-01	24
6.633250e+00	9.999103e-01	24
6.708204e+00	9.999080e-01	72
6.782330e+00	9.999061e-01	48
6.928203e+00	9.999014e-01	8
7.000000e+00	9.998999e-01	54
7.096653e+00	9.998971e-01	132
7.211103e+00	9.998933e-01	24
7.280110e+00	9.998916e-01	72
7.348469e+00	9.998898e-01	96
7.483315e+00	9.998853e-01	48
7.549834e+00	9.998835e-01	48
7.664803e+00	9.998800e-01	96
7.810250e+00	9.998750e-01	72
7.874008e+00	9.998733e-01	96
8.000000e+00	9.998693e-01	6
8.093148e+00	9.998661e-01	192
8.225925e+00	9.998616e-01	72
8.306624e+00	9.998592e-01	96
8.366600e+00	9.998566e-01	48
8.518837e+00	9.998517e-01	84
8.602325e+00	9.998487e-01	120
8.677517e+00	9.998459e-01	80
8.793897e+00	9.998418e-01	144
8.944272e+00	9.998363e-01	24
9.017723e+00	9.998337e-01	150
9.132321e+00	9.998295e-01	120
9.258169e+00	9.998249e-01	168
9.380832e+00	9.998196e-01	24
9.458005e+00	9.998172e-01	264
9.539392e+00	9.998141e-01	48
9.678123e+00	9.998087e-01	144
9.831892e+00	9.998020e-01	72
9.919647e+00	9.997989e-01	180
1.005348e+01	9.997934e-01	246
1.019804e+01	9.997876e-01	72
1.029069e+01	9.997835e-01	240
1.042554e+01	9.997778e-01	104
1.048809e+01	9.997752e-01	144
1.066765e+01	9.997674e-01	240
1.079928e+01	9.997616e-01	192
1.089945e+01	9.997572e-01	120
1.103979e+01	9.997508e-01	246
1.120266e+01	9.997435e-01	288
1.135442e+01	9.997365e-01	156
1.144549e+01	9.997322e-01	216
1.158362e+01	9.997256e-01	264
1.174342e+01	9.997181e-01	264
1.187430e+01	9.997116e-01	192
1.206270e+01	9.997026e-01	318
1.218402e+01	9.996968e-01	248
1.231712e+01	9.996899e-01	336
1.245711e+01	9.996828e-01	264
1.258567e+01	9.996762e-01	120
1.273008e+01	9.996686e-01	420
1.288404e+01	9.996605e-01	264
1.304779e+01	9.996520e-01	366
1.317733e+01	9.996450e-01	336
1.338883e+01	9.996335e-01	456
1.355534e+01	9.996243e-01	384
1.370714e+01	9.996159e-01	432
1.392061e+01	9.996037e-01	296
1.402409e+01	9.995978e-01	390
1.420309e+01	9.995875e-01	444
1.439155e+01	9.995765e-01	600
1.455812e+01	9.995666e-01	408
1.474883e+01	9.995551e-01	408
1.489124e+01	9.995466e-01	384
1.509260e+01	9.995342e-01	774
1.528614e+01	9.995223e-01	432
1.543735e+01	9.995125e-01	456
1.562497e+01	9.995007e-01	620
1.581006e+01	9.994887e-01	600
1.601535e+01	9.994754e-01	582
1.619018e+01	9.994640e-01	576
1.637540e+01	9.994515e-01	768
1.659372e+01	9.994367e-01	744
1.680710e+01	9.994221e-01	648
1.700468e+01	9.994086e-01	666
1.720235e+01	9.993947e-01	960
1.743060e+01	9.993785e-01	752
1.759808e+01	9.993664e-01	552
1.780295e+01	9.993516e-01	984
1.805316e+01	9.993333e-01	1062
1.825529e+01	9.993184e-01	648
1.846809e+01	9.993022e-01	1140
1.869630e+01	9.992848e-01	864
1.892176e+01	9.992674e-01	1062
1.915239e+01	9.992496e-01	968
1.936183e+01	9.992330e-01	1248
1.960219e+01	9.992137e-01	864
1.983247e+01	9.991951e-01	1404
2.008430e+01	9.991746e-01	1086
2.030604e+01	9.991564e-01	1272
2.056349e+01	9.991346e-01	1392
2.081801e+01	9.991130e-01	1376
2.105340e+01	9.990930e-01	1110
2.130322e+01	9.990713e-01	1740
2.157425e+01	9.990474e-01	1584
2.184541e+01	9.990232e-01	1368
2.209062e+01	9.990013e-01	1662
2.233782e+01	9.989788e-01	1536
2.260667e+01	9.989538e-01	1820
2.289812e+01	9.989267e-01	1902
2.316643e+01	9.989016e-01	1704
2.343439e+01	9.988758e-01	2040
2.373400e+01	9.988467e-01	2088
2.401776e+01	9.988191e-01	1842
2.429546e+01	9.987917e-01	2456
2.459612e+01	9.987615e-01	1968
2.488571e+01	9.987317e-01	2382
2.517536e+01	9.987027e-01	2352
2.548717e+01	9.986698e-01	2604
2.577746e+01	9.986391e-01	2280
2.610345e+01	9.986048e-01	2990
2.642614e+01	9.985700e-01	2880
2.673585e+01	9.985359e-01	2508
2.705041e+01	9.985014e-01	3126
2.738242e+01	9.984646e-01	3216
2.771795e+01	9.984261e-01	3032
2.803869e+01	9.983899e-01	3294
2.837650e+01	9.983506e-01	3540
2.871788e+01	9.983105e-01	3408
2.907848e+01	9.982678e-01	4014
2.942807e+01	9.982261e-01	3728
2.976595e+01	9.981845e-01	3588
3.011347e+01	9.981424e-01	4230
3.047613e+01	9.980969e-01	4176
3.082907e+01	9.980523e-01	4158
3.119832e+01	9.980057e-01	4652
3.155985e+01	9.979589e-01	4584
3.196656e+01	9.979056e-01	5454
3.235816e+01	9.978542e-01	4884
3.273045e+01	9.978042e-01	5000
3.313604e+01	9.977497e-01	5934
3.353393e+01	9.976947e-01	5376
3.393767e+01	9.976388e-01	5898
3.434169e+01	9.975826e-01	6216
3.475668e+01	9.975228e-01	6104
3.517298e+01	9.974638e-01	6618
3.558122e+01	9.974039e-01	6480
3.600693e+01	9.973414e-01	6918
3.642941e+01	9.972784e-01	7304
3.687169e+01	9.972114e-01	7338
3.732135e+01	9.971436e-01	8376
3.777136e+01	9.970730e-01	7590
3.822539e+01	9.970028e-01	8780
3.868818e+01	9.969288e-01	8496
3.915571e+01	9.968549e-01	9294
3.962008e+01	9.967788e-01	8828
4.008908e+01	9.967027e-01	9846
4.057740e+01	9.966205e-01	10248
4.108086e+01	9.965366e-01	10626
4.156921e+01	9.964529e-01	10520
4.205777e+01	9.963692e-01	10902
4.256119e+01	9.962811e-01	11796
4.307946e+01	9.961900e-01	11894
4.358175e+01	9.960999e-01	12060
4.410257e+01	9.960063e-01	12942
4.462885e+01	9.959089e-01	13224
4.517087e+01	9.958099e-01	14042
4.571541e+01	9.957064e-01	14400
4.627055e+01	9.956024e-01	15054
4.682764e+01	9.954943e-01	15194
4.737946e+01	9.953881e-01	15768
4.795050e+01	9.952751e-01	16626
4.852465e+01	9.951608e-01	17168
4.910321e+01	9.950450e-01	17334
4.968739e+01	9.949236e-01	18564
5.028921e+01	9.948016e-01	19214
5.090478e+01	9.946717e-01	20298
5.150990e+01	9.945444e-01	19800
5.212534e+01	9.944130e-01	21434
5.274486e+01	9.942773e-01	21630
5.337575e+01	9.941405e-01	22976
5.401710e+01	9.939973e-01	23370
5.465625e+01	9.938522e-01	24240
5.532708e+01	9.937017e-01	26642
5.599760e+01	9.935467e-01	25518
5.666129e+01	9.933908e-01	27498
5.733991e+01	9.932332e-01	27944
5.803134e+01	9.930672e-01	29778
5.873074e+01	9.928963e-01	30158
5.943800e+01	9.927252e-01	32076
6.015836e+01	9.925470e-01	32430
6.087504e+01	9.923667e-01	33602
6.159695e+01	9.921818e-01	34584
6.233826e+01	9.919942e-01	36842
6.309597e+01	9.917974e-01	38070
6.385203e+01	9.915968e-01	38402
6.460310e+01	9.913968e-01	39600
6.537976e+01	9.911890e-01	42786
6.617528e+01	9.909722e-01	43754
6.696510e+01	9.907532e-01	44190
6.776517e+01	9.905298e-01	47042
6.857757e+01	9.902984e-01	48000
6.939885e+01	9.900664e-01	50210
7.023125e+01	9.898258e-01	51678
7.107414e+01	9.895769e-01	54050
7.193075e+01	9.893224e-01	56010
7.279448e+01	9.890645e-01	57782
7.367095e+01	9.887971e-01	60306
7.455131e+01	9.885269e-01	61244
7.543759e+01	9.882514e-01	64086
7.634837e+01	9.879654e-01	67706
7.727357e+01	9.876713e-01	69486
7.820182e+01	9.873715e-01	71426
7.912871e+01	9.870696e-01	72882
8.007846e+01	9.867552e-01	78230
8.105054e+01	9.864310e-01	80378
8.202302e+01	9.861028e-01	82242
8.300983e+01	9.857649e-01	86546
8.400438e+01	9.854207e-01	87750
8.500508e+01	9.850738e-01	91922
8.602151e+01	9.847121e-01	94890
8.705174e+01	9.843423e-01	99062
8.810548e+01	9.839607e-01	103898
8.916285e+01	9.835759e-01	105090
9.022679e+01	9.831779e-01	109874
9.130787e+01	9.827774e-01	114110
9.239726e+01	9.823613e-01	116850
9.350090e+01	9.819428e-01	122672
9.463121e+01	9.815030e-01	128874
9.577553e+01	9.810597e-01	131714
9.691723e+01	9.806025e-01	134822
9.807986e+01	9.801386e-01	142866
9.925875e+01	9.796595e-01	145514
1.004454e+02	9.791787e-01	151880
1.016594e+02	9.786771e-01	159746
1.028869e+02	9.781660e-01	162858
1.041131e+02	9.776483e-01	167474
1.053522e+02	9.771165e-01	174110
1.066187e+02	9.765788e-01	183336
1.079066e+02	9.760215e-01	189146
1.092016e+02	9.754481e-01	194354
1.105100e+02	9.748698e-01	202496
1.118366e+02	9.742853e-01	209754
1.131738e+02	9.736741e-01	215618
1.145256e+02	9.730661e-01	224600
1.159034e+02	9.724366e-01	235370
1.172976e+02	9.717805e-01	240794
1.187014e+02	9.711464e-01	250560
1.201255e+02	9.704607e-01	259874
1.215699e+02	9.697926e-01	270224
1.230296e+02	9.690904e-01	278570
1.245071e+02	9.683852e-01	290216
1.259994e+02	9.676682e-01	298370
1.275085e+02	9.669395e-01	310928
1.290374e+02	9.661906e-01	321522
1.305870e+02	9.654412e-01	334640
1.321546e+02	9.646558e-01	345302
1.337394e+02	9.638999e-01	358736
1.353462e+02	9.630841e-01	372320
1.369699e+02	9.622979e-01	384386
1.386110e+02	9.614823e-01	398576
1.402736e+02	9.606471e-01	414032
1.419570e+02	9.598351e-01	428570
1.436585e+02	9.589884e-01	443420
1.453810e+02	9.581398e-01	460880
1.471266e+02	9.572719e-01	477608
1.488922e+02	9.564423e-01	494666
1.506816e+02	9.555662e-01	514172
1.524915e+02	9.547046e-01	531200
1.543194e+02	9.538243e-01	549944
1.561681e+02	9.529804e-01	569924
1.580435e+02	9.520997e-01	593642
1.599395e+02	9.512674e-01	610856
1.618585e+02	9.504236e-01	637756
1.638047e+02	9.495931e-01	659240
1.657694e+02	9.487895e-01	681752
1.677584e+02	9.479626e-01	708404
1.697701e+02	9.472082e-01	731720
1.718068e+02	9.464628e-01	761324
1.738671e+02	9.457430e-01	785624
1.759499e+02	9.451124e-01	815932
1.780632e+02	9.444853e-01	848150
1.802008e+02	9.439568e-01	875876
1.823627e+02	9.434011e-01	909872
1.845502e+02	9.430001e-01	940708
1.867622e+02	9.426289e-01	975368
1.890031e+02	9.424167e-01	1012826
1.912710e+02	9.423209e-01	1047892
1.935666e+02	9.422326e-01	1088600
1.958923e+02	9.423260e-01	1127762
1.982424e+02	9.427175e-01	1166140
2.006188e+02	9.430760e-01	1209440
2.030268e+02	9.437813e-01	1255802
2.054634e+02	9.446567e-01	1298860
2.079275e+02	9.457528e-01	1347110
2.104211e+02	9.472277e-01	1395124
2.129461e+02	9.488954e-01	1448666
2.155033e+02	9.510015e-01	1501036
2.180883e+02	9.535326e-01	1552442
2.207032e+02	9.562931e-01	1611310
2.233510e+02	9.599660e-01	1669244
2.260298e+02	9.638285e-01	1729786
2.287433e+02	9.683962e-01	1796522
2.314879e+02	9.738177e-01	1856476
2.342644e+02	9.800464e-01	1928050
2.370772e+02	9.869570e-01	1998290
2.399198e+02	9.950976e-01	2065786
2.427958e+02	1.004056e+00	2145058
2.457097e+02	1.014586e+00	2224298
2.486581e+02	1.026405e+00	2303434
2.516412e+02	1.039960e+00	2388202
2.546627e+02	1.054785e+00	2478599
2.577088e+02	1.059492e+00	2508700
2.607965e+02	1.053514e+00	2510380
2.639278e+02	1.047323e+00	2512288
2.670959e+02	1.041067e+00	2497276
2.702990e+02	1.034352e+00	2490536
2.735415e+02	1.027706e+00	2476432
2.768240e+02	1.020575e+00	2464036
2.801457e+02	1.013205e+00	2441572
2.835048e+02	1.005894e+00	2420164
2.869046e+02	9.982661e-01	2394628
2.903474e+02	9.903962e-01	2368624
2.938313e+02	9.824462e-01	2332204
2.973555e+02	9.745174e-01	2296528
3.009233e+02	9.666476e-01	2255452
3.045332e+02	9.587249e-01	2208364
3.081847e+02	9.508367e-01	2156872
3.118821e+02	9.433686e-01	2104512
3.156233e+02	9.364159e-01	2039548
3.194091e+02	9.297451e-01	1976956
3.232403e+02	9.234163e-01	1900768
3.271164e+02	9.183967e-01	1825120
3.310382e+02	9.135866e-01	1737192
3.350079e+02	9.101803e-01	1649440
3.390276e+02	9.071556e-01	1549012
3.430913e+02	9.046211e-01	1441740
3.471998e+02	9.015766e-01	1326940
3.513595e+02	8.966477e-01	1207764
3.555690e+02	8.856486e-01	1075156
3.598228e+02	8.617985e-01	935664
3.641426e+02	8.222034e-01	801523
3.685158e+02	7.912345e-01	692322
3.729365e+02	7.620539e-01	599362
3.774108e+02	7.341211e-01	516300
3.819370e+02	7.065598e-01	441076
3.865130e+02	6.793380e-01	372798
3.911405e+02	6.527226e-01	311442
3.958231e+02	6.267068e-01	255850
4.005644e+02	6.011039e-01	206196
4.053694e+02	5.767481e-01	161820
4.102151e+02	5.567691e-01	121362
4.151124e+02	5.383737e-01	88608
4.200671e+02	5.284133e-01	59292
4.249879e+02	5.268223e-01	35826
4.299111e+02	5.357923e-01	19252
4.348363e+02	5.630620e-01	7314
4.393327e+02	6.071315e-01	1158
4.434050e+02	6.676406e-01	1
