2.966547074898984615e+00 3.921064407349114100e-01 2.145459344467596507e-01 4.234345194717834548e-01 1.300000000000000000e+01
5.026374055021858744e+00 2.219088088915292800e-01 1.459672600731782843e-01 3.388648345982487320e-01 3.300000000000000000e+01
7.149300621522788113e+00 1.076278595873190053e-01 5.730451147165800674e-02 9.754951765726689594e-02 7.900000000000000000e+01
9.278869254964254409e+00 9.163433333349775556e-02 1.569890687555219183e-02 6.405284050090546966e-02 1.170000000000000000e+02
1.145033261934470126e+01 6.534149175195616555e-02 7.986958814451957864e-03 3.305771002971824579e-02 2.050000000000000000e+02
1.349295587141915043e+01 5.628532289807897104e-02 6.964391034749639262e-03 3.197628702494480224e-02 2.350000000000000000e+02
1.558905561191892986e+01 4.441839886356766659e-02 8.543878701890996255e-03 8.820017417617294353e-03 3.690000000000000000e+02
1.769408367255316961e+01 4.064283843383025008e-02 8.483555571908659582e-03 1.132877482084875854e-02 4.330000000000000000e+02
1.981787480313529670e+01 3.685572802892357613e-02 2.486183644597671563e-03 7.691078575603887101e-03 5.850000000000000000e+02
2.192074938196263645e+01 3.184068651791024940e-02 1.218582921975280842e-02 3.648096309599928137e-03 6.790000000000000000e+02
2.398877635566245203e+01 2.983259658674453779e-02 6.206431145313959750e-03 2.723678171909356318e-03 8.130000000000000000e+02
2.609286971896115759e+01 2.703282461775203746e-02 6.001091299412683079e-03 1.430035628072199574e-03 9.850000000000000000e+02
2.823466315278179550e+01 2.332141726140657748e-02 4.930911676562166161e-03 3.727740806158919788e-03 1.183000000000000000e+03
3.032284873509123102e+01 2.098672682759237032e-02 5.309969243961229143e-03 3.405643642375641260e-03 1.269000000000000000e+03
3.240263258943403457e+01 1.899028285382226358e-02 3.135500037377661128e-03 2.941722771087084722e-03 1.537000000000000000e+03
3.449210129864554375e+01 1.755790645546956644e-02 1.050838814793666250e-03 5.233427528040804355e-03 1.653000000000000000e+03
3.658588147515196454e+01 1.566409678661170868e-02 1.046565655384233597e-03 3.094944460548425865e-03 1.963000000000000000e+03
3.868476949266977272e+01 1.386839514306358045e-02 2.394113079661829013e-03 1.582986881169496296e-03 2.121000000000000000e+03
4.078898888458283523e+01 1.285292771668197602e-02 1.461716097450912848e-03 2.226846674880692337e-03 2.413000000000000000e+03
4.289390876967645738e+01 1.220826909297994048e-02 1.704845490503476349e-03 7.542949685511192697e-04 2.635000000000000000e+03
4.498336005546935468e+01 1.134970083973107537e-02 9.386081060603740887e-04 1.903841586048118104e-03 2.877000000000000000e+03
4.706498529473824988e+01 1.077375067352057646e-02 1.002435167363130387e-03 8.546961504503647897e-04 3.169000000000000000e+03
4.917111919158227096e+01 9.713669586086109628e-03 2.940596054315970523e-04 1.385502494883276330e-03 3.507000000000000000e+03
5.126216914174227668e+01 9.377426050144058514e-03 8.311720710458005124e-05 9.401098998780367316e-04 3.685000000000000000e+03
5.335525146837034072e+01 8.577014909692759481e-03 5.873238138336856103e-04 1.320455112769146778e-03 4.165000000000000000e+03
5.546637228956934251e+01 7.776563550197293333e-03 1.648965465716657633e-04 8.188779216394504942e-04 4.377000000000000000e+03
5.757318819254808773e+01 7.423263651867790906e-03 2.307493632706777628e-04 9.905386130170060893e-04 4.855000000000000000e+03
5.965884044590281121e+01 6.847659633766684829e-03 -2.294612464442594808e-04 1.385436449698006570e-03 4.929000000000000000e+03
6.174512302159506305e+01 6.416359590451936427e-03 2.519240340214614791e-04 5.403401857213003655e-04 5.581000000000000000e+03
6.382689291137189969e+01 5.944835183484828769e-03 8.098350741959472522e-05 8.126044583058599250e-04 5.679000000000000000e+03
6.592966228838450604e+01 5.485130038512476582e-03 9.932110224890182990e-05 3.188343767605676129e-04 6.385000000000000000e+03
6.803125784825746791e+01 5.163120180198854312e-03 1.436379174525451489e-04 2.091636510012961675e-04 6.553000000000000000e+03
7.013131008699485847e+01 4.889659417974322880e-03 -9.353114484662249887e-05 9.208468162614390955e-04 7.125000000000000000e+03
7.223032366074338029e+01 4.512722844888381740e-03 4.975612420514802069e-05 1.516423501520115888e-04 7.447000000000000000e+03
7.432334270720505742e+01 4.232552040786079044e-03 9.761444931701301648e-05 4.479903688809426629e-04 7.929000000000000000e+03
7.642066756954473306e+01 3.890707698238890077e-03 4.901791047844698487e-05 1.852620851831958946e-04 8.353000000000000000e+03
7.850471694556040347e+01 3.688207429418965434e-03 1.583917530292846480e-04 4.943527077282980440e-04 8.775000000000000000e+03
8.059701946059529121e+01 3.427374672347715655e-03 2.998957554631264647e-04 2.233828208885744245e-04 9.313000000000000000e+03
8.269521798132063850e+01 3.320048527352080763e-03 2.370020895144104428e-04 2.653636813379000670e-04 9.841000000000000000e+03
8.478307522909847194e+01 3.081249652933904307e-03 1.780855168876640724e-04 1.438024047190859930e-04 1.019100000000000000e+04
8.687780839616016237e+01 2.873268466908160575e-03 1.251930423220641261e-04 2.219499328944669837e-04 1.089700000000000000e+04
8.897524569656535220e+01 2.754425282066662577e-03 1.049571358970070043e-04 1.259105805520228699e-04 1.130100000000000000e+04
9.108077810470518898e+01 2.622205052458089370e-03 6.357827512849669285e-05 3.751472017684041134e-04 1.202500000000000000e+04
9.318432266948052245e+01 2.492603964743556229e-03 1.044442378256462833e-06 3.712469139116445394e-04 1.242300000000000000e+04
9.527887641048309320e+01 2.340492076728657722e-03 4.009995230791005695e-05 2.692741622371714618e-04 1.302100000000000000e+04
9.736254237981037818e+01 2.234492040643316652e-03 5.353174037526666195e-05 3.305889300840049168e-04 1.340500000000000000e+04
9.944832814799407572e+01 2.165908320219297068e-03 8.000695239289187907e-05 4.025022251477062543e-04 1.424700000000000000e+04
1.015460879802399035e+02 2.081042543462266036e-03 4.038710348637900331e-05 3.024495247314925141e-04 1.471300000000000000e+04
1.036426375667732316e+02 1.996012655641814845e-03 5.568205497594491850e-05 3.788158671501117643e-04 1.548900000000000000e+04
1.057389390539465950e+02 1.893872191079716723e-03 8.641622080692044417e-05 4.641622413404849286e-04 1.591300000000000000e+04
1.078395855981474227e+02 1.825527961968026035e-03 1.171486773886603656e-04 3.419423442704115222e-04 1.687900000000000000e+04
1.099389405850131709e+02 1.759608149154830593e-03 1.387886712899543556e-04 3.493130025139694686e-04 1.719300000000000000e+04
1.120392143152385387e+02 1.676721627779542700e-03 6.757935637633775332e-05 3.313013261357497996e-04 1.815700000000000000e+04
1.141233458569757744e+02 1.631011962580268884e-03 3.499623224750650645e-05 4.131241742785057543e-04 1.833900000000000000e+04
1.162159397555423084e+02 1.572367438251350870e-03 3.597051432983707815e-05 3.848352483266452551e-04 1.957300000000000000e+04
1.183137204803772420e+02 1.522515352429740882e-03 3.108957379892405160e-05 3.376608980661551223e-04 1.994100000000000000e+04
1.203972311807013256e+02 1.467673495783859564e-03 7.489049389450737348e-05 4.396065842370199201e-04 2.062900000000000000e+04
1.224922363187857286e+02 1.440232731762945001e-03 9.630380277478913778e-05 3.629855984617983149e-04 2.165500000000000000e+04
1.245882598425863534e+02 1.407249555941170226e-03 8.911117799870046311e-05 4.325923649241489310e-04 2.211300000000000000e+04
1.266884677158377315e+02 1.380830371568249251e-03 6.536940110919707591e-05 4.218566543260802103e-04 2.318500000000000000e+04
1.287846620419940962e+02 1.358600282747314666e-03 9.590176592883455932e-05 5.491886369680305541e-04 2.366700000000000000e+04
1.308713393788149801e+02 1.336322781283097276e-03 1.373164090403397510e-04 5.723375017126551643e-04 2.438500000000000000e+04
1.329754833440644575e+02 1.345204954949195258e-03 1.166328702247397390e-04 6.760323393998896166e-04 2.574900000000000000e+04
1.350685217411978840e+02 1.315741696795930029e-03 1.040837470295233363e-04 5.396468166521026753e-04 2.506900000000000000e+04
1.371618602824667619e+02 1.278639773737562553e-03 9.459835165756827686e-05 1.425369383015796007e-04 2.554600000000000000e+04
1.392575458676788855e+02 1.240058920555078608e-03 1.100780486614862975e-04 -1.984569857570250915e-04 2.428200000000000000e+04
1.413433880996534810e+02 1.198666441888548246e-03 8.865162184028820772e-05 -4.170660650268678501e-04 2.430400000000000000e+04
1.434445756733687460e+02 1.163298139154852247e-03 6.770456918476029228e-05 -7.026902040729298424e-04 2.375400000000000000e+04
1.455398221916437080e+02 1.135090612035303571e-03 5.855317743597379817e-05 -8.288025882806931586e-04 2.308000000000000000e+04
1.476255108817551900e+02 1.106690965594805736e-03 6.734995280894669790e-06 -1.006815786967901532e-03 2.250000000000000000e+04
1.497176277038332444e+02 1.080967644855197838e-03 2.164145294286608017e-05 -1.201755489445733389e-03 2.207200000000000000e+04
1.518140044970460281e+02 1.045480265767234499e-03 3.628921321125253138e-05 -1.293293839175316089e-03 2.135800000000000000e+04
1.539145542655538748e+02 1.032313438647277119e-03 2.808776433669213439e-05 -1.426076712538673109e-03 2.103000000000000000e+04
1.560122063834993185e+02 1.022206306263658210e-03 -9.438007888070764435e-06 -1.535417639319699035e-03 1.994800000000000000e+04
1.581130966381297185e+02 1.009729614011428949e-03 -1.533631652256126058e-05 -1.585806257002457444e-03 1.975200000000000000e+04
1.602056672848078449e+02 9.982925228011949297e-04 5.964115777190665580e-06 -1.706317367748143733e-03 1.845400000000000000e+04
1.622857990359369751e+02 9.791098505298552381e-04 1.472758150826651518e-05 -1.777055040919176508e-03 1.802800000000000000e+04
1.643817412475232516e+02 9.813711545416155951e-04 1.064969119076638471e-05 -1.854981308430555739e-03 1.737000000000000000e+04
1.664826536774034764e+02 9.635330958110841426e-04 6.212494877693035761e-06 -1.880685945097122953e-03 1.642600000000000000e+04
1.685658141881879430e+02 9.679790632858946420e-04 7.466072190034683135e-06 -1.970528129731998184e-03 1.563000000000000000e+04
1.706487817438684260e+02 9.806822805860306198e-04 -1.835004271523397730e-05 -2.014973058643811793e-03 1.477000000000000000e+04
1.727517828144612793e+02 9.815632890270212501e-04 -2.340190477883838019e-05 -2.047728476325139883e-03 1.420200000000000000e+04
1.748530068735680061e+02 1.005538695713448488e-03 -4.285118916681213147e-05 -2.137459061469823996e-03 1.307200000000000000e+04
1.769502447625496586e+02 1.018033232547392369e-03 -4.459714314598852515e-05 -2.214385632038431712e-03 1.223800000000000000e+04
1.790336981624627128e+02 1.019263904860563934e-03 -3.108340336385432168e-05 -2.291236039208525629e-03 1.126200000000000000e+04
1.811155322217383628e+02 1.019811249191280699e-03 -1.049302179328347050e-05 -2.433236602602699156e-03 1.018600000000000000e+04
1.832145149667912278e+02 1.033526865097132274e-03 -4.106253219593573877e-05 -2.433324073820742218e-03 9.600000000000000000e+03
1.853124901146757395e+02 1.022557778379983625e-03 -3.113453469863061783e-05 -2.533695711988281137e-03 8.164000000000000000e+03
1.873878671736386252e+02 1.035742372358492000e-03 -3.529248540388455412e-05 -2.632662453431852418e-03 7.392000000000000000e+03
1.894941385667080169e+02 1.021004023896212101e-03 -9.278381549426558016e-06 -2.804709644585077002e-03 6.328000000000000000e+03
1.915927038186372044e+02 1.032460627920515732e-03 1.044892496037305527e-05 -3.007503758738832959e-03 5.383000000000000000e+03
1.936660288714131468e+02 1.012234054956433161e-03 -4.459352295839150762e-06 -3.019292501857714917e-03 4.641000000000000000e+03
1.957542826725436100e+02 1.036799275511140084e-03 9.770203756905060353e-06 -3.210965654615129984e-03 4.126000000000000000e+03
1.978826628016586255e+02 1.058410462651050796e-03 -1.612204525135522011e-05 -3.293594209317054523e-03 3.579000000000000000e+03
2.000001843808004764e+02 1.052738917266608917e-03 1.246952384589906766e-05 -3.379307913856711022e-03 3.043000000000000000e+03
2.020352663438292495e+02 1.109147140786061192e-03 1.398492186820185542e-05 -3.616679400212383447e-03 2.455000000000000000e+03
2.041298218709533785e+02 1.230995533811597492e-03 5.600267290810123609e-06 -4.063559368040426702e-03 2.343000000000000000e+03
2.062802290775264282e+02 1.213286557373103886e-03 5.321194712801644116e-06 -4.059463549295383618e-03 1.819000000000000000e+03
2.083405587159622314e+02 1.279465087468480622e-03 -1.718516538408604332e-05 -4.282924493591590796e-03 1.524000000000000000e+03
2.103706031034942896e+02 1.359562452562838256e-03 3.464793910910015340e-06 -4.604949597408277036e-03 1.228000000000000000e+03
2.125145326690728211e+02 1.437324287802944260e-03 1.091332243607019769e-05 -4.926880954016187031e-03 1.095000000000000000e+03
2.147589024069300763e+02 1.560547230492111961e-03 2.392017439565715748e-05 -5.391931914287035818e-03 8.320000000000000000e+02
2.168470408205481021e+02 1.560597635434640609e-03 1.890434919444871733e-05 -5.405506687347964162e-03 5.500000000000000000e+02
2.186512310160383379e+02 1.749331988922257254e-03 6.847835819122715084e-06 -6.053997189576860484e-03 4.080000000000000000e+02
2.207747627137063660e+02 1.696112189411402849e-03 -1.419014469258008269e-05 -5.878596116874580148e-03 3.640000000000000000e+02
2.231192995023301933e+02 1.871175935111810129e-03 -4.528183116380937253e-06 -6.513495250092172888e-03 2.280000000000000000e+02
2.253630374066883633e+02 2.261028374655599943e-03 -1.138811799584703085e-05 -7.883869739347364528e-03 1.090000000000000000e+02
2.270052659625465026e+02 2.519615902251422668e-03 -1.264296582764616897e-05 -8.787631752963709353e-03 4.800000000000000000e+01
2.289458764032855527e+02 2.953746697616107392e-03 6.720867365413829367e-06 -1.033766094085046376e-02 2.800000000000000000e+01
2.312641670406622438e+02 4.804307653912873351e-03 -3.824919041579141011e-05 -1.677389221293188945e-02 4.000000000000000000e+00
