2.966547074898984615e+00 1.975476114817574125e+00 5.772771090823550777e-01 2.491209643119100203e+00 1.300000000000000000e+01
5.026374055021858744e+00 1.359429054375839163e+00 -2.345432259695905131e-01 8.985799803254564955e-01 3.300000000000000000e+01
7.149300621522788113e+00 9.266931101315729613e-01 2.703756742133191504e-01 -1.461077361066591418e-01 7.900000000000000000e+01
9.278869254964254409e+00 8.832916334943319292e-01 2.419588799379055466e-01 4.370785472270305450e-01 1.170000000000000000e+02
1.145033261934470126e+01 8.017602012504752018e-01 -9.815151405585148536e-02 2.606259196497229258e-01 2.050000000000000000e+02
1.349295587141915043e+01 6.639498641541816681e-01 -7.708887622955172547e-02 1.362356247677899423e-01 2.350000000000000000e+02
1.558905561191892986e+01 5.792826136868620690e-01 -5.896165324823339493e-02 4.250804728776168967e-02 3.690000000000000000e+02
1.769408367255316961e+01 5.323778417450775180e-01 5.865488208844372997e-02 -8.858471400308240429e-02 4.330000000000000000e+02
1.981787480313529670e+01 4.291992775438179253e-01 -3.050618013150798238e-02 -2.220015196515729566e-04 5.850000000000000000e+02
2.192074938196263645e+01 3.957025398561911378e-01 -5.537397386759631418e-02 4.351203361349544052e-02 6.790000000000000000e+02
2.398877635566245203e+01 3.528784230017658619e-01 -1.717016828347289335e-04 -7.676349749498499568e-03 8.130000000000000000e+02
2.609286971896115759e+01 3.282061773314239872e-01 -2.050734611196161281e-02 -3.279000497431174693e-02 9.850000000000000000e+02
2.823466315278179550e+01 2.827744053445201411e-01 -2.236940052185915420e-02 1.253172664012757939e-02 1.183000000000000000e+03
3.032284873509123102e+01 2.424966163955202536e-01 -3.472328654615386857e-03 -1.672943328611417591e-02 1.269000000000000000e+03
3.240263258943403457e+01 2.272509657644719294e-01 1.637119047274005271e-02 -2.292920656254959430e-02 1.537000000000000000e+03
3.449210129864554375e+01 2.084565819617004434e-01 -1.047680153504891402e-02 -6.596360087492784616e-03 1.653000000000000000e+03
3.658588147515196454e+01 1.955321376534160938e-01 -2.557192709388663582e-02 1.243839010464387225e-02 1.963000000000000000e+03
3.868476949266977272e+01 1.738514994364644128e-01 -2.725273213408938369e-03 -1.257420026665689340e-02 2.121000000000000000e+03
4.078898888458283523e+01 1.600755751456069409e-01 -1.570425417815019854e-03 -1.248035410930511784e-02 2.413000000000000000e+03
4.289390876967645738e+01 1.456217685255981609e-01 2.811475686201206445e-05 -2.043110445875323186e-02 2.635000000000000000e+03
4.498336005546935468e+01 1.357020662175806303e-01 -7.688246719965280244e-03 2.528988281667196320e-03 2.877000000000000000e+03
4.706498529473824988e+01 1.303797597681517206e-01 -1.375437996043937273e-02 -9.069149791762478804e-04 3.169000000000000000e+03
4.917111919158227096e+01 1.192097902340544247e-01 -8.143531053791312410e-03 -8.589295856422174760e-03 3.507000000000000000e+03
5.126216914174227668e+01 1.107440614930246536e-01 -7.552842931020244122e-03 -1.440834754694188605e-02 3.685000000000000000e+03
5.335525146837034072e+01 1.035773149399366738e-01 -9.794189908756420829e-03 -1.751411360854628269e-04 4.165000000000000000e+03
5.546637228956934251e+01 9.844135992441041538e-02 -9.371536300468576858e-03 -2.010939799196971405e-03 4.377000000000000000e+03
5.757318819254808773e+01 9.388575075839093731e-02 -7.973407833589444063e-03 -5.820404469332649509e-03 4.855000000000000000e+03
5.965884044590281121e+01 8.651850903753616207e-02 -9.354211888866361888e-03 3.695449003398628557e-03 4.929000000000000000e+03
6.174512302159506305e+01 8.211593785462785455e-02 -9.325373592211590179e-03 -3.176588016388298859e-03 5.581000000000000000e+03
6.382689291137189969e+01 7.870027425203099392e-02 -5.145145524203168126e-03 -5.999489277208674629e-04 5.679000000000000000e+03
6.592966228838450604e+01 7.473395764483169168e-02 -5.951279578628885548e-03 -5.234109186364287528e-03 6.385000000000000000e+03
6.803125784825746791e+01 6.878684194464491919e-02 -5.768893698946482920e-03 3.930804972994471000e-03 6.553000000000000000e+03
7.013131008699485847e+01 6.599276642230157697e-02 -3.535346342058704253e-03 -5.048125378486935247e-04 7.125000000000000000e+03
7.223032366074338029e+01 6.392744481220595520e-02 -6.994564833351283803e-03 3.856919618499741326e-03 7.447000000000000000e+03
7.432334270720505742e+01 6.139317066113276350e-02 -8.373293739811776479e-03 4.426760357487882248e-03 7.929000000000000000e+03
7.642066756954473306e+01 5.726761781373722326e-02 -5.422341521712619079e-03 4.449548264178596751e-03 8.353000000000000000e+03
7.850471694556040347e+01 5.516106375808582651e-02 -6.953236717222031557e-03 5.384646474581678520e-03 8.775000000000000000e+03
8.059701946059529121e+01 5.262260330388223578e-02 -4.095531292596224504e-03 4.280419246999651352e-03 9.313000000000000000e+03
8.269521798132063850e+01 5.067077169940929771e-02 -6.656163251191565475e-03 5.737140849013339615e-03 9.841000000000000000e+03
8.478307522909847194e+01 4.747378276115883644e-02 -5.133167047129771551e-03 5.652283392957425413e-03 1.019100000000000000e+04
8.687780839616016237e+01 4.606237317977641271e-02 -6.933080458386072474e-03 5.290444502710581545e-03 1.089700000000000000e+04
8.897524569656535220e+01 4.459201258141946150e-02 -5.999979533202859372e-03 5.528567090112680195e-03 1.130100000000000000e+04
9.108077810470518898e+01 4.205023345317052130e-02 -7.048047501419324457e-03 8.232460447976241644e-03 1.202500000000000000e+04
9.318432266948052245e+01 4.073589301878604435e-02 -8.163864596960680384e-03 8.078210398454547733e-03 1.242300000000000000e+04
9.527887641048309320e+01 3.909713826992091551e-02 -5.880415148151703526e-03 5.005328251995485971e-03 1.302100000000000000e+04
9.736254237981037818e+01 3.783165850533606878e-02 -7.982420091246446650e-03 7.481960271354203169e-03 1.340500000000000000e+04
9.944832814799407572e+01 3.627181658648748197e-02 -7.308478701232220057e-03 6.180474106053855839e-03 1.424700000000000000e+04
1.015460879802399035e+02 3.538178306333372020e-02 -8.082128494946851788e-03 5.573345332081638612e-03 1.471300000000000000e+04
1.036426375667732316e+02 3.388135208411500315e-02 -7.615327516945146272e-03 4.901909743434585028e-03 1.548900000000000000e+04
1.057389390539465950e+02 3.282118333982721181e-02 -7.742683293283837524e-03 6.087789214516524904e-03 1.591300000000000000e+04
1.078395855981474227e+02 3.276898674374965903e-02 -1.002304109972445602e-02 7.327060050926864979e-03 1.687900000000000000e+04
1.099389405850131709e+02 3.141466972577310751e-02 -9.252945736958473680e-03 5.632859114509645299e-03 1.719300000000000000e+04
1.120392143152385387e+02 3.076387219596349309e-02 -8.996859299754220857e-03 4.524527874219805464e-03 1.815700000000000000e+04
1.141233458569757744e+02 2.943723905213991091e-02 -9.034931073803972867e-03 4.740517869512655101e-03 1.833900000000000000e+04
1.162159397555423084e+02 2.944670174383951650e-02 -1.015732722234081835e-02 5.462925397069628465e-03 1.957300000000000000e+04
1.183137204803772420e+02 2.901337365023470838e-02 -1.027039480481270646e-02 5.243556276327494652e-03 1.994100000000000000e+04
1.203972311807013256e+02 2.834043474132644583e-02 -1.046616572367857489e-02 5.631357827189905144e-03 2.062900000000000000e+04
1.224922363187857286e+02 2.770892092929089570e-02 -1.111431352363997579e-02 5.958004761080833156e-03 2.165500000000000000e+04
1.245882598425863534e+02 2.748971812267330533e-02 -1.092670953428520261e-02 5.462066980577755075e-03 2.211300000000000000e+04
1.266884677158377315e+02 2.732847197725347607e-02 -1.183214436748481271e-02 6.436128776914469551e-03 2.318500000000000000e+04
1.287846620419940962e+02 2.734547778463226192e-02 -1.280443245934240540e-02 8.004993760380777618e-03 2.366700000000000000e+04
1.308713393788149801e+02 2.725440802472597901e-02 -1.303835506682562290e-02 8.454970745677336738e-03 2.438500000000000000e+04
1.329754833440644575e+02 2.759692092175929784e-02 -1.366999877724529508e-02 9.616067818792170194e-03 2.574900000000000000e+04
1.350685217411978840e+02 2.735933630389623950e-02 -1.351460264443814230e-02 6.967794339918967350e-03 2.506900000000000000e+04
1.371618602824667619e+02 2.662097878170982881e-02 -1.230567053426545251e-02 5.062814411150717972e-04 2.554600000000000000e+04
1.392575458676788855e+02 2.635312811541323103e-02 -1.195637079742792319e-02 -4.367775175066868944e-03 2.428200000000000000e+04
1.413433880996534810e+02 2.607977748967567691e-02 -1.193903191301967127e-02 -9.081993680254751844e-03 2.430400000000000000e+04
1.434445756733687460e+02 2.536879018241811057e-02 -1.050798802076630470e-02 -1.298081513240603377e-02 2.375400000000000000e+04
1.455398221916437080e+02 2.535987559676274039e-02 -1.064906630154881413e-02 -1.659242550157448426e-02 2.308000000000000000e+04
1.476255108817551900e+02 2.427261976452456393e-02 -9.905712598524560319e-03 -1.911798584019363395e-02 2.250000000000000000e+04
1.497176277038332444e+02 2.430075591207254623e-02 -8.756640451637221975e-03 -2.299915115809855748e-02 2.207200000000000000e+04
1.518140044970460281e+02 2.378991060228929574e-02 -9.258810510415384568e-03 -2.410446552813806653e-02 2.135800000000000000e+04
1.539145542655538748e+02 2.368866704266553783e-02 -9.374594950023207654e-03 -2.567021373541336984e-02 2.103000000000000000e+04
1.560122063834993185e+02 2.360291454468635419e-02 -8.868002492242479246e-03 -2.753900151868505716e-02 1.994800000000000000e+04
1.581130966381297185e+02 2.306150492974087807e-02 -8.373807138997584748e-03 -2.951929343024202457e-02 1.975200000000000000e+04
1.602056672848078449e+02 2.280771931170335470e-02 -7.816573689441419157e-03 -3.101135518430571739e-02 1.845400000000000000e+04
1.622857990359369751e+02 2.299020198383109129e-02 -7.960560474628902358e-03 -3.232994491141544247e-02 1.802800000000000000e+04
1.643817412475232516e+02 2.271280299676465414e-02 -7.721787385692967937e-03 -3.329338160081785070e-02 1.737000000000000000e+04
1.664826536774034764e+02 2.272962701842684910e-02 -7.395220090605931704e-03 -3.528239202708562117e-02 1.642600000000000000e+04
1.685658141881879430e+02 2.248024449118765297e-02 -6.526505328234793665e-03 -3.692831845976209115e-02 1.563000000000000000e+04
1.706487817438684260e+02 2.240708972087803591e-02 -6.403901340818071719e-03 -3.828328440432331864e-02 1.477000000000000000e+04
1.727517828144612793e+02 2.254249484509474738e-02 -6.575476793394976691e-03 -3.942577129577568701e-02 1.420200000000000000e+04
1.748530068735680061e+02 2.301907522132297726e-02 -6.630576036248591806e-03 -4.104101302309640098e-02 1.307200000000000000e+04
1.769502447625496586e+02 2.358343374343853729e-02 -6.950937509224722199e-03 -4.296344858175285553e-02 1.223800000000000000e+04
1.790336981624627128e+02 2.368893125007459285e-02 -7.274619056617756888e-03 -4.332024022819287029e-02 1.126200000000000000e+04
1.811155322217383628e+02 2.376238928655445906e-02 -6.843016686136248888e-03 -4.595107150500123139e-02 1.018600000000000000e+04
1.832145149667912278e+02 2.394447390771944559e-02 -6.113048832700724612e-03 -4.795919473652179160e-02 9.600000000000000000e+03
1.853124901146757395e+02 2.355636075993705267e-02 -6.100986280361602072e-03 -4.973977027439202558e-02 8.164000000000000000e+03
1.873878671736386252e+02 2.376558284275867225e-02 -5.668792543698016918e-03 -5.262367739453546051e-02 7.392000000000000000e+03
1.894941385667080169e+02 2.357118893019451850e-02 -5.292039259108879436e-03 -5.620735184649101879e-02 6.328000000000000000e+03
1.915927038186372044e+02 2.326117470918511940e-02 -4.353973715994169033e-03 -5.996066051586586287e-02 5.383000000000000000e+03
1.936660288714131468e+02 2.253718077592335028e-02 -4.282978967206902028e-03 -6.041790267998638220e-02 4.641000000000000000e+03
1.957542826725436100e+02 2.265092645326416756e-02 -3.666980490143489837e-03 -6.429137892299539858e-02 4.126000000000000000e+03
1.978826628016586255e+02 2.248860581457560667e-02 -2.412418555505444102e-03 -6.676998757237333215e-02 3.579000000000000000e+03
2.000001843808004764e+02 2.291255020429290232e-02 -2.099077970232366645e-03 -7.004993630434404317e-02 3.043000000000000000e+03
2.020352663438292495e+02 2.281719512702935077e-02 -8.813926627675092162e-04 -7.278837089574227703e-02 2.455000000000000000e+03
2.041298218709533785e+02 2.221980223408980687e-02 -7.213643808896301121e-04 -7.235781347141628794e-02 2.343000000000000000e+03
2.062802290775264282e+02 2.235764931533240629e-02 -3.628169641537322388e-04 -7.407341834452749185e-02 1.819000000000000000e+03
2.083405587159622314e+02 2.310812938275430203e-02 1.268282535478090022e-05 -7.756961696107118887e-02 1.524000000000000000e+03
2.103706031034942896e+02 2.338762817551780920e-02 1.588909001297349546e-04 -7.935445027209982183e-02 1.228000000000000000e+03
2.125145326690728211e+02 2.508889830950698785e-02 -3.306767335855519401e-05 -8.569269691719597071e-02 1.095000000000000000e+03
2.147589024069300763e+02 2.668917544838654218e-02 -5.941421159060720168e-05 -9.158312675932681057e-02 8.320000000000000000e+02
2.168470408205481021e+02 2.909482491340224797e-02 1.080149968995039591e-04 -1.006064465140913550e-01 5.500000000000000000e+02
2.186512310160383379e+02 3.090307282145791923e-02 -4.442487359235634142e-04 -1.063897433706124246e-01 4.080000000000000000e+02
2.207747627137063660e+02 3.465513972316571628e-02 4.877636055236235372e-04 -1.209056096023361782e-01 3.640000000000000000e+02
2.231192995023301933e+02 3.812654083898274482e-02 2.784048181452309246e-04 -1.330876208868027599e-01 2.280000000000000000e+02
2.253630374066883633e+02 3.811448328649334055e-02 -1.612559012622296012e-04 -1.329627241441298791e-01 1.090000000000000000e+02
2.270052659625465026e+02 3.556284551584958098e-02 -1.483188449691907277e-03 -1.226045278187152116e-01 4.800000000000000000e+01
2.289458764032855527e+02 4.098338507212033466e-02 -1.029593823166864045e-05 -1.433427905893732146e-01 2.800000000000000000e+01
2.312641670406622438e+02 7.332892661328331563e-02 5.583450750290996000e-04 -2.571776844427287045e-01 4.000000000000000000e+00
