2.966547074898984615e+00 5.549563787177801411e-01 -8.574892817574869541e-01 1.168591598313811764e+00 1.300000000000000000e+01
5.026374055021858744e+00 2.239574440262178667e-01 -1.492022157438471774e-01 1.844734145681994342e-01 3.300000000000000000e+01
7.149300621522788113e+00 1.290655223078329972e-01 -3.150366637516670287e-02 2.290022912652294948e-02 7.900000000000000000e+01
9.278869254964254409e+00 9.555408749997236495e-02 -6.398895788230843373e-02 3.234855756431746776e-02 1.170000000000000000e+02
1.145033261934470126e+01 7.489663883640208797e-02 -2.648064090065574069e-02 2.037032158435287538e-02 2.050000000000000000e+02
1.349295587141915043e+01 6.431204166861360927e-02 -3.271964445225914592e-02 4.043199078118123874e-02 2.350000000000000000e+02
1.558905561191892986e+01 5.835262786143205482e-02 -1.613540523977345306e-02 3.220006184174444008e-02 3.690000000000000000e+02
1.769408367255316961e+01 4.698295802987900727e-02 -1.917592189232295019e-02 2.142514477565693465e-02 4.330000000000000000e+02
1.981787480313529670e+01 4.400183522853301499e-02 -1.889933273014827997e-02 7.506243597082618707e-03 5.850000000000000000e+02
2.192074938196263645e+01 3.724654447537957547e-02 -1.160249301924405965e-02 1.240390722139789355e-02 6.790000000000000000e+02
2.398877635566245203e+01 3.109185702670875379e-02 -8.954378421538778526e-03 5.433889232951061125e-03 8.130000000000000000e+02
2.609286971896115759e+01 2.868393522337914572e-02 -8.682895936797515798e-04 3.099763763923892197e-03 9.850000000000000000e+02
2.823466315278179550e+01 2.563321235083977634e-02 -4.951376875177525456e-03 2.516906988409323750e-03 1.183000000000000000e+03
3.032284873509123102e+01 2.428932631009262516e-02 9.538569211169693708e-04 4.255330994826942055e-03 1.269000000000000000e+03
3.240263258943403457e+01 2.119397377315563116e-02 -1.634059321823982600e-03 1.748689266699076771e-03 1.537000000000000000e+03
3.449210129864554375e+01 1.882417277653535004e-02 -3.057352926149412963e-03 3.334516167648145409e-03 1.653000000000000000e+03
3.658588147515196454e+01 1.786855258108196662e-02 -1.342151876705595685e-03 3.495031365786087623e-03 1.963000000000000000e+03
3.868476949266977272e+01 1.547752740728074519e-02 -1.975422618899437023e-03 1.097379656710621753e-03 2.121000000000000000e+03
4.078898888458283523e+01 1.443730566366822031e-02 -7.146556028546616928e-05 6.653302563399426548e-04 2.413000000000000000e+03
4.289390876967645738e+01 1.277063487903769626e-02 -2.748376115346967945e-04 -3.903659822562930608e-04 2.635000000000000000e+03
4.498336005546935468e+01 1.176566221579276872e-02 1.918470312324865759e-04 1.868450506155702219e-03 2.877000000000000000e+03
4.706498529473824988e+01 1.085137940548612685e-02 4.036609342506689273e-04 2.468732092357594078e-04 3.169000000000000000e+03
4.917111919158227096e+01 1.029704504301550902e-02 -5.066908719189853246e-04 5.156313161094627263e-04 3.507000000000000000e+03
5.126216914174227668e+01 9.072889516667292931e-03 5.719354632174393190e-04 1.307071413715166002e-03 3.685000000000000000e+03
5.335525146837034072e+01 8.657163472399727680e-03 2.651235956725372451e-05 1.499341524236236624e-03 4.165000000000000000e+03
5.546637228956934251e+01 8.108435640591660221e-03 7.813119637020530823e-04 1.397140050336182328e-03 4.377000000000000000e+03
5.757318819254808773e+01 7.350539804224378616e-03 6.478708288415993468e-04 6.504356853714786889e-05 4.855000000000000000e+03
5.965884044590281121e+01 6.755611076329862477e-03 2.789429961923948448e-05 -2.897652588375859283e-05 4.929000000000000000e+03
6.174512302159506305e+01 6.125475160695427468e-03 -2.628097481557656085e-04 1.195279558568855278e-04 5.581000000000000000e+03
6.382689291137189969e+01 5.839441543904043234e-03 -9.636820155021771450e-05 3.050567396452280957e-04 5.679000000000000000e+03
6.592966228838450604e+01 5.326679429962977511e-03 -6.383580774163266072e-04 -7.060129490050762939e-05 6.385000000000000000e+03
6.803125784825746791e+01 5.088737640200207378e-03 -5.313787281155529785e-04 2.263578742360309540e-04 6.553000000000000000e+03
7.013131008699485847e+01 4.906276433081289794e-03 -4.537785222946338166e-04 3.813803912763739966e-04 7.125000000000000000e+03
7.223032366074338029e+01 4.581331511153158113e-03 -4.702293715780485090e-04 -1.870179000332175190e-05 7.447000000000000000e+03
7.432334270720505742e+01 4.461959885188720651e-03 -3.378043204685142269e-04 1.711575088193286248e-05 7.929000000000000000e+03
7.642066756954473306e+01 4.163834628852496056e-03 -1.209692074270946792e-04 -1.582136572541877994e-04 8.353000000000000000e+03
7.850471694556040347e+01 3.924992767577914834e-03 -3.647593575564479188e-04 -3.000150892339198882e-04 8.775000000000000000e+03
8.059701946059529121e+01 3.711460341882709402e-03 -2.669585718338857725e-04 -1.365909523636085938e-04 9.313000000000000000e+03
8.269521798132063850e+01 3.551731836142885210e-03 -4.437834257324769442e-04 -4.867234569070365334e-05 9.841000000000000000e+03
8.478307522909847194e+01 3.454929364562769542e-03 -4.072809803637335432e-04 -1.217541192706806936e-04 1.019100000000000000e+04
8.687780839616016237e+01 3.270602817640709536e-03 -3.961109306174040749e-04 9.494776115699090843e-05 1.089700000000000000e+04
8.897524569656535220e+01 3.163659632309620551e-03 -3.659434622340294570e-04 -1.460797257878145006e-04 1.130100000000000000e+04
9.108077810470518898e+01 2.952924140292244835e-03 -2.386141800754348181e-04 -6.283171468428693884e-05 1.202500000000000000e+04
9.318432266948052245e+01 2.797751455059606981e-03 -2.994049731580829482e-04 -1.445522764530995019e-04 1.242300000000000000e+04
9.527887641048309320e+01 2.654442170638502806e-03 -3.654473184803626600e-04 -2.772750430418086738e-04 1.302100000000000000e+04
9.736254237981037818e+01 2.549245219017079109e-03 -3.240951706529153487e-04 -2.628834891491943992e-04 1.340500000000000000e+04
9.944832814799407572e+01 2.449181928663638971e-03 -3.059496039729808076e-04 -1.958320512197915693e-04 1.424700000000000000e+04
1.015460879802399035e+02 2.370979295853903497e-03 -3.630139150434397036e-04 -2.136725975878903962e-04 1.471300000000000000e+04
1.036426375667732316e+02 2.282996042880615101e-03 -2.194768594498511282e-04 -3.135185553882491598e-04 1.548900000000000000e+04
1.057389390539465950e+02 2.153514673394236675e-03 -2.032374678108386703e-04 -1.400179505388887680e-04 1.591300000000000000e+04
1.078395855981474227e+02 2.061140053921479628e-03 -2.979708084055587435e-04 -1.858605053923606781e-04 1.687900000000000000e+04
1.099389405850131709e+02 2.005948564924874694e-03 -2.660183585764128926e-04 -1.253715663491347882e-04 1.719300000000000000e+04
1.120392143152385387e+02 1.909406522587889189e-03 -2.428271210220894153e-04 -1.514905549060631580e-04 1.815700000000000000e+04
1.141233458569757744e+02 1.839445909517937192e-03 -1.902251055355823643e-04 -2.000437540361457332e-04 1.833900000000000000e+04
1.162159397555423084e+02 1.764030930751895893e-03 -2.111347649412304223e-04 -1.597382794881898964e-04 1.957300000000000000e+04
1.183137204803772420e+02 1.686558895654357432e-03 -2.218165196249887946e-04 -1.130011413287696620e-04 1.994100000000000000e+04
1.203972311807013256e+02 1.637265880739816092e-03 -1.848210393375538556e-04 -2.241017021436208956e-05 2.062900000000000000e+04
1.224922363187857286e+02 1.556644080272856110e-03 -1.787345537094229848e-04 -7.620958955557184374e-05 2.165500000000000000e+04
1.245882598425863534e+02 1.504858873929914957e-03 -2.028061093506381188e-04 -9.564460442661481849e-05 2.211300000000000000e+04
1.266884677158377315e+02 1.470735427539706253e-03 -1.607313710195647108e-04 -1.265978075603112869e-04 2.318500000000000000e+04
1.287846620419940962e+02 1.407683013173620032e-03 -1.589029567230005365e-04 -1.077244120479229364e-04 2.366700000000000000e+04
1.308713393788149801e+02 1.365066723983280727e-03 -1.466076332251829966e-04 -1.237968765924561665e-04 2.438500000000000000e+04
1.329754833440644575e+02 1.336744866554977684e-03 -1.567308266371247438e-04 -1.224716280549237421e-04 2.574900000000000000e+04
1.350691081525609434e+02 1.288389518017816170e-03 -1.394997193263572009e-04 -9.209552804191736613e-05 2.567500000000000000e+04
1.371638825856825576e+02 1.245287363475755223e-03 -1.272742359467344284e-04 -1.174262250255750476e-04 2.740900000000000000e+04
1.392604757372163533e+02 1.201062559843492014e-03 -1.540048347966984949e-04 -6.673025131525162903e-05 2.740500000000000000e+04
1.413466882908376760e+02 1.168024080463306736e-03 -1.080856552658316050e-04 -1.127881044073156703e-04 2.871700000000000000e+04
1.434475230090064031e+02 1.134078331366296984e-03 -1.353858955373615986e-04 -1.438676423564826177e-04 2.959500000000000000e+04
1.455452853418541679e+02 1.100027124945697835e-03 -1.012246332716672340e-04 -1.084341646849411116e-04 3.030100000000000000e+04
1.476332061073587738e+02 1.069934961383676693e-03 -9.845299243345344970e-05 -1.232723131443392434e-04 3.110100000000000000e+04
1.497211472843286231e+02 1.041579276876193789e-03 -6.960819012804271946e-05 -1.585162056160179845e-04 3.202300000000000000e+04
1.518138048751577287e+02 9.983095377363827242e-04 -9.419096108982619056e-05 -1.401657486482421242e-04 3.297700000000000000e+04
1.539211490100352648e+02 9.720614817204447592e-04 -9.045278711427877838e-05 -1.212743423047706742e-04 3.444900000000000000e+04
1.560214747341236716e+02 9.464459166104176356e-04 -8.395299033276717971e-05 -1.203446512748122631e-04 3.454900000000000000e+04
1.581161747588121784e+02 9.156934051845704416e-04 -5.768667570769293347e-05 -1.423288130235272420e-04 3.611100000000000000e+04
1.602118712271799836e+02 8.855820713813813755e-04 -4.800963894730805420e-05 -8.851858171303467063e-05 3.654100000000000000e+04
1.623006419462898862e+02 8.539211189249103912e-04 -6.531587097764774569e-05 -1.216939639153544108e-04 3.771700000000000000e+04
1.643899033199985240e+02 8.235731941684307613e-04 -4.104347608794609123e-05 -1.111523930584785557e-04 3.861900000000000000e+04
1.664835582381511756e+02 8.041294607699438993e-04 -6.340549884911184650e-05 -9.636603576042870834e-05 3.966100000000000000e+04
1.685719683778473552e+02 7.833521299515481835e-04 -4.502816778584378183e-05 -6.373344226114080338e-05 4.054500000000000000e+04
1.706641332089364766e+02 7.608835041099030853e-04 -4.877719890709128882e-05 -9.449981635544619195e-05 4.181500000000000000e+04
1.727708699256135390e+02 7.397951262857772057e-04 -4.721612861548370437e-05 -9.818716513574873069e-05 4.312500000000000000e+04
1.748696546009699659e+02 7.145102470926478983e-04 -6.305533866977154666e-05 -8.277133859066711154e-05 4.368100000000000000e+04
1.769585769494445344e+02 6.984249727525177571e-04 -5.803762641595475901e-05 -7.352288803786472503e-05 4.462900000000000000e+04
1.790524509315575301e+02 6.759057058073293309e-04 -5.874210083310413543e-05 -7.677753838340743611e-05 4.622700000000000000e+04
1.811526521261263554e+02 6.541611645894970881e-04 -4.983102690956556344e-05 -6.953737381915889087e-05 4.690900000000000000e+04
1.832476884130738881e+02 6.358417665800928601e-04 -4.742645842600689529e-05 -6.780123244343020956e-05 4.823700000000000000e+04
1.853312475833926101e+02 6.199707226211016980e-04 -5.586041540031927601e-05 -6.110802111505412085e-05 4.858300000000000000e+04
1.874284892203218931e+02 6.076946808497897274e-04 -4.477278991918976896e-05 -4.727481385444845541e-05 5.099700000000000000e+04
1.895337179075755216e+02 5.894941426762257373e-04 -5.765052940224139704e-05 -6.963457053002965072e-05 5.139700000000000000e+04
1.916268196474026126e+02 5.723426141087404120e-04 -4.876584574170977009e-05 -3.672039426085144505e-05 5.248900000000000000e+04
1.937183403446852878e+02 5.585369108088901078e-04 -3.987588202761901317e-05 -4.258010232654680819e-05 5.378700000000000000e+04
1.958131498886989164e+02 5.374598462006899280e-04 -3.574229011872979842e-05 -4.548987853874423990e-05 5.491300000000000000e+04
1.979058740098966211e+02 5.263641261603336759e-04 -4.171840588226307761e-05 -3.473033213490517843e-05 5.597700000000000000e+04
1.999990651597893816e+02 5.086983072199166350e-04 -4.916291985238581110e-05 -2.638679727941677019e-05 5.741500000000000000e+04
2.020893038374759101e+02 5.025650364107807052e-04 -3.488760243581303386e-05 -3.002783595727794431e-05 5.810500000000000000e+04
2.041823192148177952e+02 4.865294453489983780e-04 -3.447388501733545188e-05 -4.663027759217565831e-05 6.003300000000000000e+04
2.062825911013838152e+02 4.770593959996892040e-04 -3.876576964065201028e-05 -3.913066134919661147e-05 6.094900000000000000e+04
2.083770189145966185e+02 4.607600807997047632e-04 -4.066904893909830445e-05 -2.627238174646811771e-05 6.223500000000000000e+04
2.104675816794403431e+02 4.537068228761686355e-04 -4.339756613457637071e-05 -2.530549416239025011e-05 6.322900000000000000e+04
2.125667854244018145e+02 4.439872374230816455e-04 -3.834454620627214441e-05 -2.850432440590361930e-05 6.513300000000000000e+04
2.146619261104851830e+02 4.373652894953756402e-04 -4.057036698624698703e-05 -3.055131001512872746e-05 6.570700000000000000e+04
2.167561805722037036e+02 4.253610120136736613e-04 -3.822234905799293302e-05 -2.708689814455781170e-05 6.756100000000000000e+04
2.188528705899679210e+02 4.162729744585770639e-04 -4.562192146214464055e-05 -1.907419718175467935e-05 6.850500000000000000e+04
2.209456427453084473e+02 4.109798910290201625e-04 -4.365342219942249419e-05 -1.727095664855752955e-05 6.994300000000000000e+04
2.230395148320731096e+02 4.020847829645806293e-04 -4.119427850436370789e-05 -1.065000330600858174e-05 7.109700000000000000e+04
2.251356732858534997e+02 3.969655222148075211e-04 -4.813956852950252975e-05 -1.538120460805906614e-05 7.302100000000000000e+04
2.272278504864401327e+02 3.880027558368395442e-04 -4.751419683812247466e-05 3.716706971724808539e-06 7.331700000000000000e+04
2.293197511287232544e+02 3.820120918983677008e-04 -4.723400918912765779e-05 -9.759050879746209437e-06 7.579900000000000000e+04
2.314114772346510165e+02 3.735754453066096885e-04 -4.075568839393017584e-05 5.223856683979885583e-06 7.602100000000000000e+04
2.335058467478245632e+02 3.677174068280079575e-04 -4.195539695796052151e-05 1.753951665246497726e-05 7.875300000000000000e+04
2.356041652202905539e+02 3.616232862445381536e-04 -4.439172724076197754e-05 1.531590121881227595e-05 7.929100000000000000e+04
2.377006336558306998e+02 3.536372393027338947e-04 -4.350674076625306590e-05 1.430875818910553095e-05 8.112900000000000000e+04
2.397972750390475198e+02 3.494624255364604890e-04 -4.231292424561147221e-05 2.235218728695568768e-05 8.244100000000000000e+04
2.418944602532704096e+02 3.452883164697679447e-04 -4.659334273087572929e-05 2.773535496945553352e-05 8.394900000000000000e+04
2.439884227569783093e+02 3.402074255842413276e-04 -4.333602752321601267e-05 2.693710099804823895e-05 8.512300000000000000e+04
2.460835996828307373e+02 3.365902910584885098e-04 -4.586128621156916808e-05 3.507987093170358102e-05 8.692900000000000000e+04
2.481755280705312146e+02 3.326160205105081562e-04 -4.390872648447029914e-05 4.284389025247713418e-05 8.778900000000000000e+04
2.502623700647570217e+02 3.278975497101126700e-04 -4.791062875208999822e-05 4.051873919653050434e-05 8.962300000000000000e+04
2.523586155105348325e+02 3.237541413315792429e-04 -4.444783032228256551e-05 4.067441484786511616e-05 9.134100000000000000e+04
2.544547077866985489e+02 3.230415729274216364e-04 -4.627777403627948656e-05 5.337469780023283282e-05 9.284500000000000000e+04
2.565487653287422063e+02 3.188964713586907307e-04 -4.521424494105560194e-05 5.988459683923594962e-05 9.408700000000000000e+04
2.586464955058470991e+02 3.145833346524009580e-04 -4.463071979053090784e-05 6.005583695821175465e-05 9.633300000000000000e+04
2.607443047329861656e+02 3.122942678405312366e-04 -4.317965463235971444e-05 7.512247603131502369e-05 9.724900000000000000e+04
2.628438312173413465e+02 3.096573719261484824e-04 -4.231619841589412005e-05 8.001708203511028893e-05 9.950100000000000000e+04
2.649298855659840228e+02 3.067001722736634618e-04 -4.563645863705727534e-05 8.546481168476208060e-05 9.928300000000000000e+04
2.670163698864117805e+02 3.070159733203131278e-04 -4.839214010013183364e-05 9.732673450944149217e-05 1.025370000000000000e+05
2.691120556714307668e+02 3.037849031226574729e-04 -4.626633275212465587e-05 7.560004513726798186e-05 1.022830000000000000e+05
2.712074998348403483e+02 3.014983614996506137e-04 -4.315178159696715459e-05 5.029544306015018524e-05 1.021060000000000000e+05
2.733050116933233653e+02 2.986719844879812905e-04 -3.799468816906056409e-05 1.220687691304562243e-05 1.007340000000000000e+05
2.753977295572417461e+02 2.936959018888661739e-04 -3.999240585239126464e-05 -2.791855606313809368e-05 9.999400000000000000e+04
2.774958294534935703e+02 2.902878954242209025e-04 -3.474245949928637207e-05 -5.871289801425631609e-05 9.936000000000000000e+04
2.795977707949222122e+02 2.852677432816961385e-04 -3.268244680800590067e-05 -9.245967517573566372e-05 9.860800000000000000e+04
2.816862895118986785e+02 2.810472882086322336e-04 -2.800849598042253797e-05 -1.145505174441790227e-04 9.625200000000000000e+04
2.837743515740906446e+02 2.791866386799819006e-04 -2.296705391539555051e-05 -1.418147728077339927e-04 9.640000000000000000e+04
2.858713251310674650e+02 2.748791847747781149e-04 -2.378711670421847785e-05 -1.660163320337215394e-04 9.539800000000000000e+04
2.879670932628575883e+02 2.711484079037765923e-04 -1.880302207769887391e-05 -1.876332596552915280e-04 9.402000000000000000e+04
2.900590582015512382e+02 2.682742123846456098e-04 -1.998189886988271515e-05 -2.130277057177889946e-04 9.316000000000000000e+04
2.921519201901450060e+02 2.658202393970135512e-04 -1.822380548870288945e-05 -2.369430233941334030e-04 9.177600000000000000e+04
2.942485935102203030e+02 2.614517029029363778e-04 -1.755654120493016111e-05 -2.520667983607646594e-04 9.137800000000000000e+04
2.963426645133968691e+02 2.598209047562389119e-04 -1.426508182649131548e-05 -2.688556662625440777e-04 8.949000000000000000e+04
2.984329904966970162e+02 2.565484503942183376e-04 -1.859884567745916228e-05 -2.889594083505590241e-04 8.845000000000000000e+04
3.005290481640043367e+02 2.531709527913313909e-04 -1.154241632141988443e-05 -3.060315986062153888e-04 8.794600000000000000e+04
3.026245947235937592e+02 2.510842476732117433e-04 -1.391191514401499718e-05 -3.122041030290719356e-04 8.575200000000000000e+04
3.047205651109674704e+02 2.481203357633654104e-04 -1.293026608598098041e-05 -3.249089788643332315e-04 8.574400000000000000e+04
3.068167457111920839e+02 2.454119908086323091e-04 -1.426487542542463001e-05 -3.370130076932684334e-04 8.322000000000000000e+04
3.089118625384018060e+02 2.441899096625358518e-04 -1.519821218696841740e-05 -3.475645262839729120e-04 8.302000000000000000e+04
3.110099981664167785e+02 2.416632213652455854e-04 -9.570273650648558310e-06 -3.586330594144116705e-04 8.106400000000000000e+04
3.131040997612852266e+02 2.400542197516605423e-04 -1.031353150125109640e-05 -3.709019359308069548e-04 7.983000000000000000e+04
3.151936712677708670e+02 2.375756094100824978e-04 -1.000159268210721025e-05 -3.778784270014056454e-04 7.823800000000000000e+04
3.172858841403398173e+02 2.356436278923749008e-04 -9.625414873605249349e-06 -3.868885970081194811e-04 7.715400000000000000e+04
3.193772099476266817e+02 2.355251053784995655e-04 -9.023723063605983477e-06 -3.954287865106632612e-04 7.546600000000000000e+04
3.214753775151562536e+02 2.326942360393463311e-04 -1.007921454146148654e-05 -4.013929731476902876e-04 7.480200000000000000e+04
3.235746879206847666e+02 2.311189272965805510e-04 -8.640641590468993888e-06 -4.103666731113802808e-04 7.258000000000000000e+04
3.256647237020029024e+02 2.280797632638326264e-04 -8.052660324101267516e-06 -4.171432956501636667e-04 7.133800000000000000e+04
3.277571324083919535e+02 2.261633055751541927e-04 -4.671461761546025991e-06 -4.233722164041539126e-04 6.964200000000000000e+04
3.298487111637800240e+02 2.256445801844947634e-04 -4.142525972704626721e-06 -4.303174054819424495e-04 6.832600000000000000e+04
3.319433744068021497e+02 2.252956655550087599e-04 -3.225346632807833557e-06 -4.431703149732795551e-04 6.674400000000000000e+04
3.340422322988853239e+02 2.234474286585964560e-04 -5.786850497703832627e-06 -4.454371567415419167e-04 6.533800000000000000e+04
3.361307892565458246e+02 2.214677903043062222e-04 -2.876074557437262771e-06 -4.507662747112539214e-04 6.315600000000000000e+04
3.382251120895489294e+02 2.214489888295901069e-04 -3.330914123691675498e-06 -4.574418365448753090e-04 6.214000000000000000e+04
3.403264013195363304e+02 2.212245966115809748e-04 -1.744849924141431473e-06 -4.616522842216835734e-04 6.051400000000000000e+04
3.424148842577288860e+02 2.195456506168507046e-04 9.531176414483764340e-07 -4.706251850288302712e-04 5.799000000000000000e+04
3.445099495577244397e+02 2.203220564190487498e-04 -3.119226686356351693e-07 -4.743125331706414885e-04 5.742400000000000000e+04
3.466144105402300397e+02 2.186461616246956083e-04 3.969784799858774631e-06 -4.831357498167545184e-04 5.518200000000000000e+04
3.487067496858389859e+02 2.178397235421027230e-04 5.412556650224811590e-06 -4.900514552514567863e-04 5.306800000000000000e+04
3.507912540595516475e+02 2.183596889053418446e-04 6.954463016677362679e-06 -4.978318245485822014e-04 5.152800000000000000e+04
3.528807167895711814e+02 2.157867328983976616e-04 5.952741173045731255e-06 -4.990314907594825718e-04 4.954600000000000000e+04
3.549828487415276754e+02 2.169736016849804013e-04 3.068844356941658937e-06 -4.986906198181415657e-04 4.846600000000000000e+04
3.570768480370360862e+02 2.168398810558974307e-04 6.645862872361563819e-06 -5.130038587315866472e-04 4.566600000000000000e+04
3.591652111747225717e+02 2.195923338059646210e-04 6.744335098806175472e-06 -5.247174456094825384e-04 4.423000000000000000e+04
3.612627896178847777e+02 2.193971521106628244e-04 7.395823446411236310e-06 -5.319546052492514976e-04 4.254000000000000000e+04
3.633645820428338880e+02 2.194646084314274171e-04 9.265066880310992122e-06 -5.430805418001337674e-04 4.022200000000000000e+04
3.654527365610065885e+02 2.220038308933185264e-04 8.673239588847782844e-06 -5.488831640216279952e-04 3.842200000000000000e+04
3.675441472124314259e+02 2.202921836511193476e-04 1.071190626639746720e-05 -5.596784958540636234e-04 3.624600000000000000e+04
3.696396280380744201e+02 2.212717510945717814e-04 8.721341354940126655e-06 -5.624212697062846641e-04 3.455200000000000000e+04
3.717297223820279441e+02 2.215381639863815407e-04 5.667248826751618508e-06 -5.719866385403280570e-04 3.213600000000000000e+04
3.738176974939287902e+02 2.202383936059830536e-04 6.650583419394408611e-06 -5.768065041585039186e-04 3.029200000000000000e+04
3.759110996783247174e+02 2.183252582336633559e-04 2.899705753223087265e-06 -5.817264670538246181e-04 2.830200000000000000e+04
3.780081394014102898e+02 2.151646668857971564e-04 4.749440925718505773e-06 -5.893124923601885745e-04 2.605600000000000000e+04
3.801051557582653118e+02 2.172322128921317492e-04 5.304132550030964436e-06 -6.095071467306316772e-04 2.421100000000000000e+04
3.821955053587425937e+02 2.132678666594396103e-04 1.128398880377145264e-06 -6.102785279839262333e-04 2.220600000000000000e+04
3.842862749912937943e+02 2.070802608106814312e-04 -1.728778318649676586e-06 -6.005598781761030923e-04 2.088400000000000000e+04
3.863841918340856409e+02 2.088724072504855880e-04 -1.873594091191564443e-07 -6.173985599898714361e-04 1.939200000000000000e+04
3.884771734501698006e+02 2.082859228798052392e-04 -1.218480424381518878e-06 -6.238908991022795985e-04 1.805800000000000000e+04
3.905623371605522607e+02 2.075992885256912833e-04 9.617868973520898432e-07 -6.329151340590639333e-04 1.674600000000000000e+04
3.926667500119167471e+02 2.075918887333085699e-04 5.446303879960664370e-07 -6.394068042944235121e-04 1.589800000000000000e+04
3.947778557744774162e+02 2.052122188304700745e-04 -1.799873532793962558e-06 -6.370068617277768828e-04 1.457800000000000000e+04
3.968631060462392952e+02 2.046707348749982871e-04 3.146626781846825983e-06 -6.466961326077407500e-04 1.344300000000000000e+04
3.989413219049817485e+02 2.049266743712790028e-04 1.070641263182361786e-06 -6.513056832185643236e-04 1.251100000000000000e+04
4.010572258526528344e+02 2.070692509256297133e-04 1.992926639206496233e-06 -6.659007247002021691e-04 1.191900000000000000e+04
4.031656962107319373e+02 2.028434887747515710e-04 5.013451943086676244e-06 -6.618670037498706506e-04 1.063900000000000000e+04
4.052249146637423678e+02 2.109463903133486134e-04 4.716895257847564618e-06 -6.930861412081750200e-04 9.775000000000000000e+03
4.073276634718891387e+02 2.049476795399033800e-04 4.846852180648568774e-06 -6.775487773293946848e-04 9.423000000000000000e+03
4.094593776408451049e+02 2.063395098731121192e-04 7.862166885983109559e-06 -6.896862782699659990e-04 8.449000000000000000e+03
4.115405539130957777e+02 2.100807208525279726e-04 6.120538499612948716e-06 -7.051656415710014052e-04 7.596000000000000000e+03
4.135894252671187132e+02 2.112435272671932956e-04 2.160461873344264659e-06 -7.067968099163793923e-04 6.931000000000000000e+03
4.156930049049321951e+02 2.193632585651435598e-04 1.699940151169045415e-06 -7.384892182248168485e-04 6.612000000000000000e+03
4.178272827209258367e+02 2.262661843126967018e-04 2.076594838702055492e-06 -7.643098263779917693e-04 5.899000000000000000e+03
4.199082037741286513e+02 2.260319915654615389e-04 1.987026738317899510e-06 -7.662004395658560205e-04 5.176000000000000000e+03
4.219826095167229028e+02 2.279209844704509333e-04 2.051257221700382629e-06 -7.750856143405319065e-04 4.824000000000000000e+03
4.241028763136273483e+02 2.379896466195054996e-04 2.166048866870544159e-06 -8.132239523343672526e-04 4.312000000000000000e+03
4.262107721966358440e+02 2.348223541636131051e-04 2.926443369541879730e-06 -8.052294918768132309e-04 3.819000000000000000e+03
4.282460731868927724e+02 2.472890463804769704e-04 -9.158940765516481997e-07 -8.455155027672668633e-04 3.220000000000000000e+03
4.303287648834323136e+02 2.373315239969935226e-04 -1.463264723495301108e-06 -8.143304995884732833e-04 3.132000000000000000e+03
4.325172248853483552e+02 2.377066059332748186e-04 7.699658303185399411e-07 -8.204138844257341263e-04 2.680000000000000000e+03
4.346325070601815810e+02 2.449277782817303848e-04 -4.166520178649264386e-07 -8.450673642436300681e-04 2.218000000000000000e+03
4.365567227659553851e+02 2.638929153993335372e-04 -2.435038447512975650e-06 -9.094342821550976605e-04 1.728000000000000000e+03
4.386277159174848634e+02 2.559332423609251834e-04 -7.249828103475144835e-07 -8.871759476642172024e-04 1.816000000000000000e+03
4.409019266196692683e+02 2.669759944899440332e-04 -1.723683162777952774e-06 -9.260671364858938034e-04 1.476000000000000000e+03
4.430735479208619836e+02 2.745543789132598054e-04 -2.995485964097774987e-06 -9.518046833728728258e-04 1.108000000000000000e+03
4.448761117541747012e+02 2.738918519288341294e-04 4.882491314128594679e-08 -9.527090997105225421e-04 7.560000000000000000e+02
4.469343758523184533e+02 2.849649521637815405e-04 -5.581565297698001375e-07 -9.928317259511451262e-04 8.440000000000000000e+02
4.493013102792758104e+02 2.915144740142271628e-04 -6.139773808412496922e-07 -1.016777417643732924e-03 6.280000000000000000e+02
4.515989744176221734e+02 3.218011838206837495e-04 -2.591706640140128101e-06 -1.121747496711142031e-03 4.050000000000000000e+02
4.533101867737696580e+02 3.600543771017775986e-04 -2.660663210063348272e-06 -1.255177149514587675e-03 2.020000000000000000e+02
4.552338387398290820e+02 3.366622718623753815e-04 -5.112478207713608322e-06 -1.171692478146178469e-03 2.280000000000000000e+02
4.576034578613840722e+02 3.424497206994004273e-04 1.668389894343813015e-07 -1.197923311866423354e-03 1.240000000000000000e+02
4.599517872444100703e+02 3.507384879801998291e-04 1.629545436377340358e-06 -1.228863384861139879e-03 5.200000000000000000e+01
4.619205689144050666e+02 5.032915862030752337e-04 4.601251671441451567e-06 -1.765832931919975599e-03 9.000000000000000000e+00
4.634281054380590490e+02 3.672912880732180619e-04 6.130802564898382635e-07 -1.286051717034484600e-03 4.000000000000000000e+00
