2.966547074898984615e+00 7.586223703087160430e-01 -5.628572221020113758e-03 7.951691928322524028e-01 1.300000000000000000e+01
5.026374055021858744e+00 2.659701083805971478e-01 -1.455593086468168762e-01 2.504499026433316677e-01 3.300000000000000000e+01
7.149300621522788113e+00 1.598855811681340333e-01 -7.811586458726713089e-02 9.659491908646219982e-02 7.900000000000000000e+01
9.278869254964254409e+00 1.225408944109347698e-01 -4.659023556330330745e-02 7.288573429577033247e-02 1.170000000000000000e+02
1.145033261934470126e+01 8.722804262560798771e-02 -1.126263168881132780e-02 4.285457178434512460e-02 2.050000000000000000e+02
1.349295587141915043e+01 7.499252981208805180e-02 -6.862423308844800736e-03 5.994314558527277792e-02 2.350000000000000000e+02
1.558905561191892986e+01 6.519899600367176640e-02 3.064090008483547848e-03 3.335048029093581889e-02 3.690000000000000000e+02
1.769408367255316961e+01 5.785508198522770068e-02 2.158658569580144265e-03 2.233188820640119934e-02 4.330000000000000000e+02
1.981787480313529670e+01 4.941336339411674106e-02 -1.182110290159667058e-02 1.612644983514706365e-02 5.850000000000000000e+02
2.192074938196263645e+01 4.531667344201680686e-02 -1.071573026878517264e-02 -1.875994044702323843e-03 6.790000000000000000e+02
2.398877635566245203e+01 3.931042062273756854e-02 -1.232290255376245619e-02 -4.091844475496102425e-03 8.130000000000000000e+02
2.609286971896115759e+01 3.379402801232187642e-02 -1.159637355485203768e-02 -6.953794921711440799e-03 9.850000000000000000e+02
2.823466315278179550e+01 2.911943612418916791e-02 -1.057107661938417979e-02 2.699210712124811007e-03 1.183000000000000000e+03
3.032284873509123102e+01 2.643933420932543035e-02 -3.847304464028919631e-03 2.316779089236651636e-03 1.269000000000000000e+03
3.240263258943403457e+01 2.437954545632739500e-02 1.786098522860613978e-04 1.154367503091174949e-03 1.537000000000000000e+03
3.449210129864554375e+01 2.184101367559864240e-02 -1.835829288884503535e-03 6.980391025712020907e-04 1.653000000000000000e+03
3.658588147515196454e+01 1.841768088571381703e-02 -2.960127268302599653e-03 3.708133715807793314e-04 1.963000000000000000e+03
3.868476949266977272e+01 1.636142421069109593e-02 -4.125843508333766271e-03 9.673786223047629168e-04 2.121000000000000000e+03
4.078898888458283523e+01 1.503314211994152307e-02 -4.109812067293455544e-03 3.155650641367902659e-03 2.413000000000000000e+03
4.289390876967645738e+01 1.447537655627327037e-02 -3.076250878205573792e-03 2.274370219640932996e-03 2.635000000000000000e+03
4.498336005546935468e+01 1.317729946235821070e-02 -1.598907888898368213e-03 4.434309935506420587e-03 2.877000000000000000e+03
4.706498529473824988e+01 1.193777173881587633e-02 -1.177201955281849616e-03 2.835460554484422937e-03 3.169000000000000000e+03
4.917111919158227096e+01 1.078909941453106217e-02 -1.681879755707689841e-03 2.473945226065618879e-03 3.507000000000000000e+03
5.126216914174227668e+01 9.781823068116519623e-03 -1.326168012518063157e-03 1.523916396494881141e-03 3.685000000000000000e+03
5.335525146837034072e+01 9.051612406358501214e-03 -1.557361859070439296e-03 1.182500579299890567e-03 4.165000000000000000e+03
5.546637228956934251e+01 8.496534093911286764e-03 -1.474186586217314868e-03 1.448295351435317097e-03 4.377000000000000000e+03
5.757318819254808773e+01 8.062234516292902248e-03 -8.220449007969353808e-04 1.839029192156877920e-03 4.855000000000000000e+03
5.965884044590281121e+01 7.719692855069132040e-03 -1.542872749470315273e-04 2.688296367749922269e-03 4.929000000000000000e+03
6.174512302159506305e+01 7.094443518608726032e-03 -3.243976607015278928e-06 1.901216550813870270e-03 5.581000000000000000e+03
6.382689291137189969e+01 6.796798036996636386e-03 -1.875544008471740709e-04 1.759160128926648501e-03 5.679000000000000000e+03
6.592966228838450604e+01 6.141770501450704266e-03 -5.879233136979551601e-04 1.172076470267644031e-03 6.385000000000000000e+03
6.803125784825746791e+01 5.587807831079909075e-03 -8.469694732046644057e-04 1.246294394282924456e-03 6.553000000000000000e+03
7.013131008699485847e+01 5.153221570685704786e-03 -7.533834902591708725e-04 1.271435318107873823e-03 7.125000000000000000e+03
7.223032366074338029e+01 4.944819390479048005e-03 -1.804819693840178224e-04 1.180814547192236483e-03 7.447000000000000000e+03
7.432334270720505742e+01 4.703291792229676894e-03 -6.752050509685925302e-05 1.279725081948963894e-03 7.929000000000000000e+03
7.642066756954473306e+01 4.380420056422903996e-03 -4.723514374369461809e-05 1.572085998924241477e-03 8.353000000000000000e+03
7.850471694556040347e+01 4.188507812705713658e-03 -1.557483418955269588e-04 1.471730595055365963e-03 8.775000000000000000e+03
8.059701946059529121e+01 3.900041040471849754e-03 -2.647041482614871720e-04 8.845683584232755074e-04 9.313000000000000000e+03
8.269521798132063850e+01 3.621360808071688673e-03 -5.142424960274083164e-04 4.935605491825063125e-04 9.841000000000000000e+03
8.478307522909847194e+01 3.440814482042947597e-03 -4.377831897694551069e-04 3.184737814204735193e-04 1.019100000000000000e+04
8.687780839616016237e+01 3.310911874934151754e-03 -3.398702519893813845e-04 4.774974194298195560e-04 1.089700000000000000e+04
8.897524569656535220e+01 3.168040801633492231e-03 -3.083069159833040163e-04 3.694395366139161148e-04 1.130100000000000000e+04
9.108077810470518898e+01 3.013375582131527005e-03 -2.046054646284011392e-04 4.376340556643671634e-04 1.202500000000000000e+04
9.318432266948052245e+01 2.869203188857207508e-03 -2.536215709482152365e-04 2.432824789925151050e-04 1.242300000000000000e+04
9.527887641048309320e+01 2.718922018927110665e-03 -3.869743152423007950e-04 -1.206989721411774997e-05 1.302100000000000000e+04
9.736254237981037818e+01 2.490809693350682502e-03 -4.753473949251079030e-04 2.173137597954250195e-04 1.340500000000000000e+04
9.944832814799407572e+01 2.382337818573023597e-03 -5.277029348529152508e-04 2.951500179244019172e-04 1.424700000000000000e+04
1.015460879802399035e+02 2.317532924821185097e-03 -4.894719293865690095e-04 3.420121215041044575e-04 1.471300000000000000e+04
1.036426375667732316e+02 2.223366443309272161e-03 -4.980000404514989916e-04 2.287880902027781410e-04 1.548900000000000000e+04
1.057389390539465950e+02 2.119715460502912593e-03 -4.945604954558595074e-04 1.384805927669436189e-04 1.591300000000000000e+04
1.078395855981474227e+02 2.019363649971081445e-03 -4.518791019186012997e-04 1.999807342502631763e-04 1.687900000000000000e+04
1.099389405850131709e+02 1.935833314542991131e-03 -3.987314801044074437e-04 2.143128042662604193e-04 1.719300000000000000e+04
1.120392143152385387e+02 1.847344736230843113e-03 -4.190609603714842853e-04 9.475549738415907028e-05 1.815700000000000000e+04
1.141233458569757744e+02 1.768403744633886224e-03 -3.702498414205626859e-04 1.015511362982758246e-04 1.833900000000000000e+04
1.162159397555423084e+02 1.717379211729585251e-03 -3.447320496496147067e-04 9.159371606712362127e-05 1.957300000000000000e+04
1.183137204803772420e+02 1.632659275491994081e-03 -2.435612411441428430e-04 1.433287715473883367e-04 1.994100000000000000e+04
1.203972311807013256e+02 1.574849061161078282e-03 -2.902034116545746853e-04 1.322812245806173300e-04 2.062900000000000000e+04
1.224922363187857286e+02 1.527964447069109525e-03 -3.155118124947095689e-04 4.477695734551537531e-05 2.165500000000000000e+04
1.245882598425863534e+02 1.472980759999373800e-03 -3.143300490011269213e-04 5.571439984476886240e-05 2.211300000000000000e+04
1.266884677158377315e+02 1.397668609883389798e-03 -2.941747055981513244e-04 5.309514647803076034e-05 2.318500000000000000e+04
1.287846620419940962e+02 1.355557554788162965e-03 -2.998911628816719552e-04 1.316013432239116561e-04 2.366700000000000000e+04
1.308713393788149801e+02 1.326925724050021828e-03 -2.639476505455756327e-04 1.963380205094889127e-04 2.438500000000000000e+04
1.329754833440644575e+02 1.271762852663505406e-03 -2.409199799265585734e-04 1.516404326628036743e-04 2.574900000000000000e+04
1.350691081525609434e+02 1.217566270564328108e-03 -2.271330606318758445e-04 1.244489115302584853e-04 2.567500000000000000e+04
1.371638825856825576e+02 1.187056330168511807e-03 -2.148460888073133734e-04 2.654165155097161469e-05 2.740900000000000000e+04
1.392604757372163533e+02 1.145441150627525724e-03 -2.406996042817932582e-04 7.645335553648001208e-05 2.740500000000000000e+04
1.413466882908376760e+02 1.113865906042202543e-03 -2.275261778168259099e-04 1.290506536466207090e-04 2.871700000000000000e+04
1.434475230090064031e+02 1.069878518425810979e-03 -2.043568456229839011e-04 1.229108186142215489e-04 2.959500000000000000e+04
1.455452853418541679e+02 1.039776736804562309e-03 -1.929453457511489875e-04 1.499186908296567958e-04 3.030100000000000000e+04
1.476332061073587738e+02 1.013350016197547962e-03 -1.831459684308543983e-04 1.421201006761731828e-04 3.110100000000000000e+04
1.497211472843286231e+02 9.788396580340207303e-04 -1.670640182025085905e-04 9.511121242522291080e-05 3.202300000000000000e+04
1.518138048751577287e+02 9.516527644848782764e-04 -1.744798620096579703e-04 9.001391839702045444e-05 3.297700000000000000e+04
1.539211490100352648e+02 9.180927431867208412e-04 -1.829550962400002076e-04 9.399434849067572404e-05 3.444900000000000000e+04
1.560214747341236716e+02 8.822667100941985422e-04 -1.728287000185765583e-04 8.972943923719227995e-05 3.454900000000000000e+04
1.581161747588121784e+02 8.496324902819362649e-04 -1.495447530880736624e-04 8.428553493345005831e-05 3.611100000000000000e+04
1.602118712271799836e+02 8.286983076770431311e-04 -1.384615598350984872e-04 9.981952660636802361e-05 3.654100000000000000e+04
1.623006419462898862e+02 8.057555512413931481e-04 -1.170220210917455566e-04 1.223951843170007858e-04 3.771700000000000000e+04
1.643899033199985240e+02 7.846320530629667320e-04 -1.352359538814073626e-04 6.129706934639066944e-05 3.861900000000000000e+04
1.664835582381511756e+02 7.586100327453309177e-04 -1.437249661419328630e-04 5.351574689698092069e-05 3.966100000000000000e+04
1.685719683778473552e+02 7.394638981491608292e-04 -1.492003693295545369e-04 5.102274288800194221e-05 4.054500000000000000e+04
1.706641332089364766e+02 7.121553784615273228e-04 -1.464758115535822532e-04 6.111120909085401083e-05 4.181500000000000000e+04
1.727708699256135390e+02 6.913506788792547590e-04 -1.274701067916261040e-04 4.813862729744464614e-05 4.312500000000000000e+04
1.748696546009699659e+02 6.755966572639894238e-04 -1.214564540212335566e-04 4.079266629562736698e-05 4.368100000000000000e+04
1.769585769494445344e+02 6.570015001735875996e-04 -1.241963324532644635e-04 3.379850449986754508e-05 4.462900000000000000e+04
1.790524509315575301e+02 6.397377192181127230e-04 -1.151767164803367804e-04 1.674723016071507926e-05 4.622700000000000000e+04
1.811526521261263554e+02 6.207056868414355475e-04 -1.133144376541292658e-04 5.550383796195967346e-06 4.690900000000000000e+04
1.832476884130738881e+02 6.067146356539981390e-04 -1.153890504096287037e-04 1.254140425661703987e-05 4.823700000000000000e+04
1.853312475833926101e+02 5.926197064283255170e-04 -1.034147115916298686e-04 1.997862380437924289e-05 4.858300000000000000e+04
1.874284892203218931e+02 5.742616364275451683e-04 -9.810913044057167952e-05 3.328774086520690570e-05 5.099700000000000000e+04
1.895337179075755216e+02 5.584274305201913403e-04 -9.430636388606117716e-05 3.823708977024699497e-05 5.139700000000000000e+04
1.916268196474026126e+02 5.462816533963077859e-04 -9.059681470602331827e-05 3.923821661801529971e-05 5.248900000000000000e+04
1.937183403446852878e+02 5.302492393733897061e-04 -8.242920949004958156e-05 2.749344517639135509e-05 5.378700000000000000e+04
1.958131498886989164e+02 5.203031729255932873e-04 -8.148309849819070213e-05 1.632552062432102218e-05 5.491300000000000000e+04
1.979058740098966211e+02 4.978402310859363468e-04 -7.569561409823897516e-05 2.896958125572542600e-05 5.597700000000000000e+04
1.999990651597893816e+02 4.905009460453198245e-04 -6.733002607952633632e-05 4.667155110155997693e-05 5.741500000000000000e+04
2.020893038374759101e+02 4.781005818087586345e-04 -5.341465245900780878e-05 5.640058795262121603e-05 5.810500000000000000e+04
2.041823192148177952e+02 4.692168646958723606e-04 -4.837979205032228022e-05 6.713545893612185296e-05 6.003300000000000000e+04
2.062825911013838152e+02 4.575327917235085537e-04 -4.257160334554362037e-05 7.396870756715140252e-05 6.094900000000000000e+04
2.083770189145966185e+02 4.491385371141909822e-04 -4.122450657729151847e-05 6.605479436665170965e-05 6.223500000000000000e+04
2.104675816794403431e+02 4.386874177015860437e-04 -5.057366165498810797e-05 4.160664232481812508e-05 6.322900000000000000e+04
2.125667854244018145e+02 4.248414611296849673e-04 -4.678105825087009513e-05 4.386141663117300115e-05 6.513300000000000000e+04
2.146619261104851830e+02 4.161415745693534929e-04 -3.084204254398614998e-05 6.690660957808021881e-05 6.570700000000000000e+04
2.167561805722037036e+02 4.052964274896519439e-04 -3.082677090266247198e-05 7.571908237306924677e-05 6.756100000000000000e+04
2.188528705899679210e+02 3.976180322552539423e-04 -2.545164816802026421e-05 8.195988840692847339e-05 6.850500000000000000e+04
2.209456427453084473e+02 3.893034963366402679e-04 -2.799784418398235802e-05 7.869335857493558615e-05 6.994300000000000000e+04
2.230395148320731096e+02 3.828720956599680411e-04 -2.726893883957425942e-05 7.504861380121760660e-05 7.109700000000000000e+04
2.251356732858534997e+02 3.764530908579346289e-04 -3.259022833248486197e-05 6.915328339776983071e-05 7.302100000000000000e+04
2.272278504864401327e+02 3.681728181326521720e-04 -3.522744607604669936e-05 6.156930699761971478e-05 7.331700000000000000e+04
2.293197511287232544e+02 3.605648996728894767e-04 -3.449543391838529380e-05 6.854356643973352162e-05 7.579900000000000000e+04
2.314114772346510165e+02 3.550659763030243219e-04 -2.593223599803427096e-05 7.832862705956647529e-05 7.602100000000000000e+04
2.335058467478245632e+02 3.497132697951046911e-04 -2.100070485474951021e-05 7.991034136160796554e-05 7.875300000000000000e+04
2.356041652202905539e+02 3.433201536052446663e-04 -2.661826669544166559e-05 7.531681098111003402e-05 7.929100000000000000e+04
2.377006336558306998e+02 3.374093010716576165e-04 -2.399457264430661499e-05 7.325739745626088978e-05 8.112900000000000000e+04
2.397972750390475198e+02 3.322833519466514046e-04 -2.495365079348016790e-05 7.681611887667479804e-05 8.244100000000000000e+04
2.418944602532704096e+02 3.249570071794248734e-04 -3.358451743835498982e-05 7.613068272767760597e-05 8.394900000000000000e+04
2.439884227569783093e+02 3.198247529733503030e-04 -2.941119398470027171e-05 7.936663249416640170e-05 8.512300000000000000e+04
2.460835996828307373e+02 3.147966580447092173e-04 -2.617872777778132694e-05 9.373731276619617567e-05 8.692900000000000000e+04
2.481755280705312146e+02 3.114326292738935683e-04 -2.080153644949878149e-05 1.004028786866485669e-04 8.778900000000000000e+04
2.502623700647570217e+02 3.061221579626142693e-04 -2.181739851842883968e-05 1.092242017735917684e-04 8.962300000000000000e+04
2.523586155105348325e+02 3.012280062416880034e-04 -2.795357120821528112e-05 1.034022990096304748e-04 9.134100000000000000e+04
2.544547077866985489e+02 2.991970502773975494e-04 -3.468300324449300549e-05 1.029508387829306806e-04 9.284500000000000000e+04
2.565487653287422063e+02 2.953809054853600126e-04 -3.169014784230632582e-05 1.116448266855567240e-04 9.408700000000000000e+04
2.586464955058470991e+02 2.955455045061713536e-04 -3.047354620562133881e-05 1.168357140153564855e-04 9.633300000000000000e+04
2.607443047329861656e+02 2.929423181471280829e-04 -2.756161095133237416e-05 1.400871328754602031e-04 9.724900000000000000e+04
2.628438312173413465e+02 2.922456092014905820e-04 -1.843713752314061414e-05 1.496614900222257476e-04 9.950100000000000000e+04
2.649298855659840228e+02 2.910740981947947960e-04 -1.693151851986335227e-05 1.584464692986564888e-04 9.928300000000000000e+04
2.670163698864117805e+02 2.900977013102296813e-04 -1.644481762245043714e-05 1.534938396629851806e-04 1.025370000000000000e+05
2.691120556714307668e+02 2.857464103159457962e-04 -1.824892713766561328e-05 1.348458417012754105e-04 1.022830000000000000e+05
2.712074998348403483e+02 2.803352119966685298e-04 -1.417551189659964852e-05 9.600726791668179111e-05 1.021060000000000000e+05
2.733050116933233653e+02 2.754232020635793109e-04 -1.170633255173194665e-05 6.520248057168208887e-05 1.007340000000000000e+05
2.753977295572417461e+02 2.720693247283567260e-04 -1.364562504084980745e-05 2.337856725150401762e-05 9.999400000000000000e+04
2.774958294534935703e+02 2.669093254123236221e-04 -1.049766662765291295e-05 -2.463884291295706096e-06 9.936000000000000000e+04
2.795977707949222122e+02 2.619003168789958854e-04 -1.254005379943524558e-05 -3.886878262002450602e-05 9.860800000000000000e+04
2.816862895118986785e+02 2.577830414528096991e-04 -1.105276594510513701e-05 -6.506333105761805667e-05 9.625200000000000000e+04
2.837743515740906446e+02 2.540458593990088231e-04 -9.575525004643988685e-06 -9.661332658984198062e-05 9.640000000000000000e+04
2.858713251310674650e+02 2.489195909674125993e-04 -1.111417999413223486e-05 -1.181186378695348033e-04 9.539800000000000000e+04
2.879670932628575883e+02 2.443699002227564510e-04 -1.069874458309377777e-05 -1.439663319534310079e-04 9.402000000000000000e+04
2.900590582015512382e+02 2.409694624962710203e-04 -7.033367773580330392e-06 -1.670834503325381592e-04 9.316000000000000000e+04
2.921519201901450060e+02 2.377527492666424739e-04 -5.981193011326067625e-06 -1.872454692560396523e-04 9.177600000000000000e+04
2.942485935102203030e+02 2.326179975921819970e-04 -7.244423935679797881e-06 -1.947714929361891230e-04 9.137800000000000000e+04
2.963426645133968691e+02 2.296600043821759576e-04 -4.412903825465130707e-06 -2.174343931881835283e-04 8.949000000000000000e+04
2.984329904966970162e+02 2.273367307942800099e-04 -4.082090134464950205e-06 -2.369896620786512119e-04 8.845000000000000000e+04
3.005290481640043367e+02 2.249592375787184972e-04 -5.073060568708157741e-07 -2.479280027499293688e-04 8.794600000000000000e+04
3.026245947235937592e+02 2.217722182881029156e-04 -9.624114087237180515e-07 -2.572136189093208796e-04 8.575200000000000000e+04
3.047205651109674704e+02 2.179500868641552310e-04 -3.670844016483365780e-06 -2.675069133301674466e-04 8.574400000000000000e+04
3.068167457111920839e+02 2.156216501128545965e-04 -3.807900285692987379e-06 -2.816093382965498921e-04 8.322000000000000000e+04
3.089118625384018060e+02 2.127503588232888387e-04 -3.554494695558843902e-06 -2.909468170392779112e-04 8.302000000000000000e+04
3.110099981664167785e+02 2.119449809331136155e-04 -5.127618198020835304e-06 -3.015806079423947452e-04 8.106400000000000000e+04
3.131040997612852266e+02 2.113433675844032767e-04 -2.922979551751523469e-06 -3.145788118694780948e-04 7.983000000000000000e+04
3.151936712677708670e+02 2.103112881133159735e-04 -4.027619345592782842e-06 -3.245934549605494052e-04 7.823800000000000000e+04
3.172858841403398173e+02 2.074575454760712429e-04 -2.126005813629972995e-06 -3.345521458624653942e-04 7.715400000000000000e+04
3.193772099476266817e+02 2.055128886111811726e-04 -3.041185262108424348e-07 -3.404885546041036461e-04 7.546600000000000000e+04
3.214753775151562536e+02 2.063140693149411061e-04 1.938362661213102814e-06 -3.529528794297339691e-04 7.480200000000000000e+04
3.235746879206847666e+02 2.043201618880463664e-04 1.307428793522036905e-06 -3.565206178557967258e-04 7.258000000000000000e+04
3.256647237020029024e+02 2.018375808411198701e-04 -5.765498559440565624e-07 -3.599815082309091750e-04 7.133800000000000000e+04
3.277571324083919535e+02 2.014352999167268144e-04 -1.663403036645560265e-06 -3.698578008404215583e-04 6.964200000000000000e+04
3.298487111637800240e+02 1.998832780493833329e-04 -2.093527854076056178e-07 -3.743541628681464062e-04 6.832600000000000000e+04
3.319433744068021497e+02 1.977257699679971518e-04 -5.174679808962655913e-07 -3.773976938131402598e-04 6.674400000000000000e+04
3.340422322988853239e+02 1.952839741844935250e-04 -2.194841889237497399e-06 -3.763202499266563310e-04 6.533800000000000000e+04
3.361307892565458246e+02 1.940044870332021873e-04 -2.131613722323972807e-06 -3.838957024565153560e-04 6.315600000000000000e+04
3.382251120895489294e+02 1.942937313463820326e-04 -2.325179771365113323e-06 -3.905764839404110285e-04 6.214000000000000000e+04
3.403264013195363304e+02 1.940838463533842183e-04 -1.066129454887750836e-06 -3.957054845676596455e-04 6.051400000000000000e+04
3.424148842577288860e+02 1.903146811021735158e-04 -2.609528942808208261e-06 -3.922337847203916637e-04 5.799000000000000000e+04
3.445099495577244397e+02 1.895379346721581500e-04 -3.355140067029652867e-07 -3.969646909244619335e-04 5.742400000000000000e+04
3.466144105402300397e+02 1.893588965447979677e-04 -3.050182086440787115e-06 -4.013006956010970643e-04 5.518200000000000000e+04
3.487067496858389859e+02 1.887038544316660708e-04 -5.547977558472660672e-07 -4.073655688794925855e-04 5.306800000000000000e+04
3.507912540595516475e+02 1.896469044446947769e-04 5.718921518247542753e-07 -4.139771246765840498e-04 5.152800000000000000e+04
3.528807167895711814e+02 1.885242314043071197e-04 -3.154713988078098103e-06 -4.174718921863431842e-04 4.954600000000000000e+04
3.549828487415276754e+02 1.879279195241716541e-04 -9.156679554582304113e-07 -4.220721649352313326e-04 4.846600000000000000e+04
3.570768480370360862e+02 1.890410772465906156e-04 -2.312651133484507908e-06 -4.288932631155117068e-04 4.566600000000000000e+04
3.591652111747225717e+02 1.860623796433805838e-04 9.766505118169712462e-08 -4.285677342021811803e-04 4.423000000000000000e+04
3.612627896178847777e+02 1.892013025904388233e-04 2.979400443823533530e-06 -4.451944512692099275e-04 4.254000000000000000e+04
3.633645820428338880e+02 1.873443170402964281e-04 -6.068668323409647517e-08 -4.449625876132324589e-04 4.022200000000000000e+04
3.654527365610065885e+02 1.922098862862431151e-04 3.018672635712039977e-06 -4.616066964140749383e-04 3.842200000000000000e+04
3.675441472124314259e+02 1.902760966666020156e-04 2.839009967909949808e-06 -4.706509839641488495e-04 3.624600000000000000e+04
3.696396280380744201e+02 1.910437060505903962e-04 1.347273200877684933e-06 -4.734144960571055123e-04 3.455200000000000000e+04
3.717297223820279441e+02 1.920264490811929758e-04 5.675586024735852718e-06 -4.920447879785540095e-04 3.213600000000000000e+04
3.738176974939287902e+02 1.897810754537785651e-04 5.283296333738668661e-06 -4.936645499873282446e-04 3.029200000000000000e+04
3.759110996783247174e+02 1.882379245155787377e-04 3.533422579338984891e-06 -4.993961463095614043e-04 2.830200000000000000e+04
3.780081394014102898e+02 1.879396333376444860e-04 2.032624619958303721e-06 -5.129480247571322664e-04 2.605600000000000000e+04
3.801051557582653118e+02 1.874942664078888227e-04 -1.701579952144560630e-06 -5.194905777177773187e-04 2.421100000000000000e+04
3.821955053587425937e+02 1.869219277351580322e-04 -5.240977927826400456e-06 -5.252807978647314625e-04 2.220600000000000000e+04
3.842862749912937943e+02 1.850033306815815814e-04 -7.291914110684791574e-06 -5.291633265466099854e-04 2.088400000000000000e+04
3.863841918340856409e+02 1.862362546633901177e-04 -6.574212803216011667e-06 -5.412993580443699456e-04 1.939200000000000000e+04
3.884771734501698006e+02 1.844876190603261378e-04 -4.047815167620882863e-06 -5.500782837478135085e-04 1.805800000000000000e+04
3.905623371605522607e+02 1.847684339472068123e-04 -1.625339172027541417e-06 -5.611189620841754459e-04 1.674600000000000000e+04
3.926667500119167471e+02 1.846399577151103201e-04 -1.533262488360781063e-06 -5.689571136743521926e-04 1.589800000000000000e+04
3.947778557744774162e+02 1.863302435636674307e-04 -3.976101619319943805e-06 -5.761482072257818497e-04 1.457800000000000000e+04
3.968631060462392952e+02 1.880717170995924029e-04 -6.196858479822379800e-06 -5.832447323238732157e-04 1.344300000000000000e+04
3.989413219049817485e+02 1.907761718696901693e-04 -4.073866728657177797e-06 -6.006391544007512245e-04 1.251100000000000000e+04
4.010572258526528344e+02 1.918539410101422252e-04 -5.139113506129809630e-06 -6.094475757645711599e-04 1.191900000000000000e+04
4.031656962107319373e+02 1.966706113375318659e-04 -4.796241528901272494e-06 -6.296433371105773433e-04 1.063900000000000000e+04
4.052249146637423678e+02 1.930669628473744600e-04 -2.812880473142804244e-06 -6.261469914883501398e-04 9.775000000000000000e+03
4.073276634718891387e+02 1.952841730211348230e-04 -4.097636494898025586e-07 -6.417270244721039532e-04 9.423000000000000000e+03
4.094593776408451049e+02 1.963706870342841375e-04 1.503004838509770711e-07 -6.495949459702004755e-04 8.449000000000000000e+03
4.115405539130957777e+02 1.962735693772645572e-04 1.888098006249275383e-06 -6.548952983493058289e-04 7.596000000000000000e+03
4.135894252671187132e+02 2.075516067659906067e-04 9.375046034179319776e-07 -6.936149763809344943e-04 6.931000000000000000e+03
4.156930049049321951e+02 2.075858482499313810e-04 1.672111430672985843e-07 -6.981260642293191055e-04 6.612000000000000000e+03
4.178272827209258367e+02 2.150020134239560919e-04 -1.729824689622715783e-06 -7.234073771509974115e-04 5.899000000000000000e+03
4.199082037741286513e+02 2.168878687922939376e-04 -4.335311073695611046e-06 -7.289681600686785581e-04 5.176000000000000000e+03
4.219826095167229028e+02 2.199288022827476272e-04 -2.782947382114429282e-06 -7.441218720525805781e-04 4.824000000000000000e+03
4.241028763136273483e+02 2.226527710315545703e-04 -3.219067683716165084e-06 -7.571325206251469306e-04 4.312000000000000000e+03
4.262107721966358440e+02 2.295398692679814475e-04 -2.693799906346955942e-06 -7.817712576936086460e-04 3.819000000000000000e+03
4.282460731868927724e+02 2.399836075444384599e-04 -3.232491411598844080e-06 -8.186651636046908802e-04 3.220000000000000000e+03
4.303287648834323136e+02 2.396894558187087751e-04 -6.370216612270262089e-06 -8.169925030267137078e-04 3.132000000000000000e+03
4.325172248853483552e+02 2.337717964356154780e-04 -4.646954540576123424e-06 -8.008340119956033464e-04 2.680000000000000000e+03
4.346325070601815810e+02 2.471929328378413967e-04 -4.752797782645771404e-06 -8.489030654239847250e-04 2.218000000000000000e+03
4.365567227659553851e+02 2.506742402384772158e-04 -5.097224676404384779e-06 -8.614822290434632351e-04 1.728000000000000000e+03
4.386277159174848634e+02 2.566957984319607187e-04 -3.000543332205165743e-06 -8.874679763955577953e-04 1.816000000000000000e+03
4.409019266196692683e+02 2.520674835466953849e-04 -5.857510419705368411e-06 -8.692456808242944458e-04 1.476000000000000000e+03
4.430735479208619836e+02 2.662847484980723203e-04 3.637265387069928612e-07 -9.267477284399661249e-04 1.108000000000000000e+03
4.448761117541747012e+02 2.586114762190842484e-04 -1.559080369225568762e-06 -8.978600192342686909e-04 7.560000000000000000e+02
4.469343758523184533e+02 2.767547712642168668e-04 -7.010184846561244990e-07 -9.642082681779960132e-04 8.440000000000000000e+02
4.493013102792758104e+02 2.652143054397977477e-04 -1.976146402788343300e-06 -9.236577765891928376e-04 6.280000000000000000e+02
4.515989744176221734e+02 2.907732079178232333e-04 2.751937171857695523e-06 -1.018927980914862991e-03 4.050000000000000000e+02
4.533101867737696580e+02 3.103889661373557566e-04 3.882555785873948176e-06 -1.088551809997167531e-03 2.020000000000000000e+02
4.552338387398290820e+02 3.358803303459076276e-04 5.997315231982362591e-06 -1.180526903812178846e-03 2.280000000000000000e+02
4.576034578613840722e+02 3.045100267285711488e-04 3.597473427862324992e-06 -1.068750514466306617e-03 1.240000000000000000e+02
4.599517872444100703e+02 2.848806695030949953e-04 1.745911069298533488e-06 -9.985207237762137953e-04 5.200000000000000000e+01
4.619205689144050666e+02 6.543719727643373160e-05 8.262308170914995759e-07 -2.298233785799929957e-04 9.000000000000000000e+00
4.634281054380590490e+02 1.448038265096778258e-04 1.308403699227852301e-06 -5.081007097676066035e-04 4.000000000000000000e+00
