2.966547074898984615e+00 1.113591361036069705e+00 5.817762640801223128e-02 1.123226864314023299e+00 1.300000000000000000e+01
5.026374055021858744e+00 4.596991148126997606e-01 -2.191527500777826210e-01 3.458293678301325169e-01 3.300000000000000000e+01
7.149300621522788113e+00 2.579550316284512368e-01 -1.889847565758720760e-01 6.190395157869444526e-02 7.900000000000000000e+01
9.278869254964254409e+00 1.660091449699978849e-01 -1.599282824123217650e-01 8.172343023049216670e-02 1.170000000000000000e+02
1.145033261934470126e+01 1.129339754057225725e-01 -1.042302501745966670e-01 6.842895747683203078e-02 2.050000000000000000e+02
1.349295587141915043e+01 8.345343147193121092e-02 -6.738102013629015952e-02 5.875740482831202927e-02 2.350000000000000000e+02
1.558905561191892986e+01 6.550514185323011440e-02 -3.977659431524252498e-02 3.025042257588287861e-02 3.690000000000000000e+02
1.769408367255316961e+01 5.627319434957861466e-02 -2.202423930287798759e-02 1.775337240342259038e-02 4.330000000000000000e+02
1.981787480313529670e+01 4.833684937671213488e-02 -5.441405998296823532e-03 1.233172953940464729e-02 5.850000000000000000e+02
2.192074938196263645e+01 4.357190935041531377e-02 -2.017906253470218639e-03 9.009946764754554402e-03 6.790000000000000000e+02
2.398877635566245203e+01 3.895240682498463808e-02 6.160417284665800327e-04 -3.532712316621327273e-04 8.130000000000000000e+02
2.609286971896115759e+01 3.370965268888440058e-02 -2.983473230155784996e-04 -1.846663099122323971e-03 9.850000000000000000e+02
2.823466315278179550e+01 2.955113659398264994e-02 -3.692455245368272878e-03 1.473009203052233886e-04 1.183000000000000000e+03
3.032284873509123102e+01 2.538259694311498227e-02 -7.313275526983166464e-03 -4.842598730918460347e-03 1.269000000000000000e+03
3.240263258943403457e+01 2.131362043176307855e-02 -8.929187817935245464e-03 -4.307790006997516859e-03 1.537000000000000000e+03
3.449210129864554375e+01 1.873647306565009649e-02 -1.002158389353665496e-02 -2.216659619381525399e-03 1.653000000000000000e+03
3.658588147515196454e+01 1.609824566764571363e-02 -9.060348057497065455e-03 -3.216116445754840466e-04 1.963000000000000000e+03
3.868476949266977272e+01 1.463577038344076285e-02 -7.888248931225623137e-03 4.412086333903791620e-04 2.121000000000000000e+03
4.078898888458283523e+01 1.298618287149816419e-02 -6.675933145066744422e-03 1.790935564709637785e-03 2.413000000000000000e+03
4.289390876967645738e+01 1.201312596024585455e-02 -5.067344145568932444e-03 1.661188765194689370e-03 2.635000000000000000e+03
4.498336005546935468e+01 1.129864903889583883e-02 -3.714634048221483742e-03 1.655436663841547851e-03 2.877000000000000000e+03
4.706498529473824988e+01 1.060424360711047058e-02 -2.111445102174721363e-03 5.219365159687896919e-04 3.169000000000000000e+03
4.917111919158227096e+01 1.011137800636505851e-02 -2.014837910457006886e-03 -4.284278035824250142e-06 3.507000000000000000e+03
5.126216914174227668e+01 9.332056393717702569e-03 -1.948400439014796610e-03 -1.573763831978232776e-03 3.685000000000000000e+03
5.335525146837034072e+01 8.431242915842792479e-03 -2.749152742772482776e-03 -1.865715176988846967e-03 4.165000000000000000e+03
5.546637228956934251e+01 7.783487654900295843e-03 -3.347192261653478534e-03 -2.139919774656543882e-03 4.377000000000000000e+03
5.757318819254808773e+01 7.117018797736174122e-03 -3.401859299243834272e-03 -2.067973767763230889e-03 4.855000000000000000e+03
5.965884044590281121e+01 6.628064970944465804e-03 -3.461631691992805675e-03 -8.750349693890981930e-04 4.929000000000000000e+03
6.174512302159506305e+01 6.220694398863411620e-03 -2.953846968745810556e-03 -4.310919660332293048e-04 5.581000000000000000e+03
6.382689291137189969e+01 5.969306764717507811e-03 -2.263886951087802375e-03 3.048029993007834114e-04 5.679000000000000000e+03
6.592966228838450604e+01 5.771433962235385413e-03 -1.716881168801205398e-03 5.288956364067442899e-04 6.385000000000000000e+03
6.803125784825746791e+01 5.527216398197211042e-03 -1.261530426544137757e-03 9.492387100441967594e-04 6.553000000000000000e+03
7.013131008699485847e+01 5.257636897978775099e-03 -1.433930990665853965e-03 8.676197654690446246e-04 7.125000000000000000e+03
7.223032366074338029e+01 4.832110143972599171e-03 -1.606614153708854371e-03 3.705266390520861879e-04 7.447000000000000000e+03
7.432334270720505742e+01 4.485043387506281592e-03 -2.071504680722046493e-03 8.463818711768695754e-05 7.929000000000000000e+03
7.642066756954473306e+01 4.162968693853737884e-03 -2.269034871069812703e-03 -1.491173466464598978e-04 8.353000000000000000e+03
7.850471694556040347e+01 3.941332401985860046e-03 -2.323916156824341363e-03 1.778858508896938298e-05 8.775000000000000000e+03
8.059701946059529121e+01 3.718083165065764074e-03 -2.060094132683373130e-03 3.198485656161837365e-04 9.313000000000000000e+03
8.269521798132063850e+01 3.525680740894926359e-03 -1.878290212280555238e-03 6.109903022864198027e-04 9.841000000000000000e+03
8.478307522909847194e+01 3.374705210133202050e-03 -1.795520518963695036e-03 8.279038080270710934e-04 1.019100000000000000e+04
8.687780839616016237e+01 3.197595559428512754e-03 -1.665590400201722885e-03 8.709906798687071022e-04 1.089700000000000000e+04
8.897524569656535220e+01 3.020841179668573660e-03 -1.645807961224937102e-03 8.811884038951747723e-04 1.130100000000000000e+04
9.108077810470518898e+01 2.872643064625319664e-03 -1.560478807680966938e-03 9.172681445539722540e-04 1.202500000000000000e+04
9.318432266948052245e+01 2.733671537990231375e-03 -1.458424796570846659e-03 8.238737975081530810e-04 1.242300000000000000e+04
9.527887641048309320e+01 2.620470849132018349e-03 -1.450589680763377486e-03 7.388259678160970408e-04 1.302100000000000000e+04
9.736254237981037818e+01 2.499582600578469094e-03 -1.491865466582239196e-03 7.116084214350578254e-04 1.340500000000000000e+04
9.944832814799407572e+01 2.375269018566350445e-03 -1.436941545168866604e-03 5.007750779882378994e-04 1.424700000000000000e+04
1.015460879802399035e+02 2.264614007203609100e-03 -1.468075760804275591e-03 4.479413001732452954e-04 1.471300000000000000e+04
1.036426375667732316e+02 2.169438887525194926e-03 -1.383732890486614932e-03 4.495872435602030833e-04 1.548900000000000000e+04
1.057389390539465950e+02 2.122103215375555681e-03 -1.316493679766163457e-03 5.120216690465731165e-04 1.591300000000000000e+04
1.078395855981474227e+02 2.027815884232067861e-03 -1.205853606800201452e-03 5.695010824767296909e-04 1.687900000000000000e+04
1.099389405850131709e+02 1.967877666116320343e-03 -1.120799364773605216e-03 5.460258372272291721e-04 1.719300000000000000e+04
1.120392143152385387e+02 1.889532264558575108e-03 -1.075767377750807023e-03 4.598611840704025229e-04 1.815700000000000000e+04
1.141233458569757744e+02 1.834373404948974563e-03 -1.018950755502514519e-03 4.124798972698214775e-04 1.833900000000000000e+04
1.162159397555423084e+02 1.781131173803261096e-03 -9.997121333433390145e-04 3.404522049127779748e-04 1.957300000000000000e+04
1.183137204803772420e+02 1.709254127666881085e-03 -9.946963730145317976e-04 2.057233916561205351e-04 1.994100000000000000e+04
1.203972311807013256e+02 1.631571223432078674e-03 -1.049576573291252342e-03 2.166167926597418949e-04 2.062900000000000000e+04
1.224922363187857286e+02 1.581962606664661991e-03 -1.024371662050790974e-03 1.289514923728493395e-04 2.165500000000000000e+04
1.245882598425863534e+02 1.524719536908840638e-03 -9.637531687848133015e-04 2.258140317588309064e-04 2.211300000000000000e+04
1.266884677158377315e+02 1.476974813066633590e-03 -8.769981327985023733e-04 2.813941982655912511e-04 2.318500000000000000e+04
1.287846620419940962e+02 1.439299618515250956e-03 -8.105408928979730091e-04 3.517936781744803159e-04 2.366700000000000000e+04
1.308713393788149801e+02 1.390143786799894485e-03 -7.538589971179381760e-04 3.700568130754751210e-04 2.438500000000000000e+04
1.329754833440644575e+02 1.348779482076794536e-03 -7.360055598380779935e-04 3.523281693554476397e-04 2.574900000000000000e+04
1.350691081525609434e+02 1.296309024228835998e-03 -7.256022213642267498e-04 3.090082226292885869e-04 2.567500000000000000e+04
1.371638825856825576e+02 1.248936105953799306e-03 -7.377306974487837571e-04 2.766407238054602096e-04 2.740900000000000000e+04
1.392604757372163533e+02 1.209525326370810509e-03 -7.520857861495268719e-04 2.704610934646483993e-04 2.740500000000000000e+04
1.413466882908376760e+02 1.163911020956817557e-03 -7.043181255055258952e-04 2.407278548050906578e-04 2.871700000000000000e+04
1.434475230090064031e+02 1.136303523355475242e-03 -6.770557648275698495e-04 2.364305200101839859e-04 2.959500000000000000e+04
1.455452853418541679e+02 1.109334962148682572e-03 -6.333370450482640399e-04 2.792064849771124478e-04 3.030100000000000000e+04
1.476332061073587738e+02 1.079188583926685239e-03 -5.938515975818740161e-04 3.107434771051232475e-04 3.110100000000000000e+04
1.497211472843286231e+02 1.040702799144476842e-03 -5.472476333029297922e-04 3.007575923485337425e-04 3.202300000000000000e+04
1.518138048751577287e+02 1.009624425739108445e-03 -5.308581096484299216e-04 3.352006814022220980e-04 3.297700000000000000e+04
1.539211490100352648e+02 9.833744738512095393e-04 -5.375059965884975690e-04 3.443632712064372274e-04 3.444900000000000000e+04
1.560214747341236716e+02 9.491652440537814940e-04 -5.188597647215716438e-04 3.192728855081484172e-04 3.454900000000000000e+04
1.581161747588121784e+02 9.182901654961727472e-04 -5.147669303138781771e-04 2.915619397390560173e-04 3.611100000000000000e+04
1.602118712271799836e+02 8.978121730764475989e-04 -5.087377860932320575e-04 2.527691197186521656e-04 3.654100000000000000e+04
1.623006419462898862e+02 8.715702972915402406e-04 -4.992095341783620499e-04 2.169523027708872385e-04 3.771700000000000000e+04
1.643899033199985240e+02 8.462974304677177645e-04 -4.794819605061655153e-04 1.839748938981084988e-04 3.861900000000000000e+04
1.664835582381511756e+02 8.321988717931475769e-04 -4.607420644137124157e-04 1.823742167294694532e-04 3.966100000000000000e+04
1.685719683778473552e+02 8.123426378253017664e-04 -4.142141412080751150e-04 1.976029732956005103e-04 4.054500000000000000e+04
1.706641332089364766e+02 8.003439052363676542e-04 -3.871108746890132481e-04 2.115576734452697045e-04 4.181500000000000000e+04
1.727708699256135390e+02 7.833776276564313095e-04 -3.693788302803379308e-04 1.887795026882737410e-04 4.312500000000000000e+04
1.748696546009699659e+02 7.610075364165245484e-04 -3.688086253337361647e-04 1.595563916349472522e-04 4.368100000000000000e+04
1.769585769494445344e+02 7.402436447769905007e-04 -3.756727491528283314e-04 1.163615446278244128e-04 4.462900000000000000e+04
1.790524509315575301e+02 7.184537166948813669e-04 -3.773173522915525984e-04 1.071063920312787649e-04 4.622700000000000000e+04
1.811526521261263554e+02 7.076535730831182147e-04 -3.750990411313478339e-04 8.124304738011547760e-05 4.690900000000000000e+04
1.832476884130738881e+02 6.908453367558122990e-04 -3.610553896448381959e-04 6.618964790578470007e-05 4.823700000000000000e+04
1.853312475833926101e+02 6.766502603746783013e-04 -3.516504075473815398e-04 5.736324943066498512e-05 4.858300000000000000e+04
1.874284892203218931e+02 6.619972819498839024e-04 -3.340973967074265622e-04 4.939566570586353229e-05 5.099700000000000000e+04
1.895337179075755216e+02 6.541900790478106381e-04 -3.162400583930634096e-04 5.146225091143693490e-05 5.139700000000000000e+04
1.916268196474026126e+02 6.451379984329575672e-04 -2.905694066430100251e-04 6.546496411250182410e-05 5.248900000000000000e+04
1.937183403446852878e+02 6.340854822999529572e-04 -2.770663116858458814e-04 8.692841420775287314e-05 5.378700000000000000e+04
1.958131498886989164e+02 6.186330417576839510e-04 -2.661247406111971140e-04 6.714962939829741367e-05 5.491300000000000000e+04
1.979058740098966211e+02 6.052374643892788819e-04 -2.832269643131871649e-04 4.805114310157362526e-05 5.597700000000000000e+04
1.999990651597893816e+02 5.888947521621927354e-04 -2.975419797400074553e-04 2.582537909032665938e-05 5.741500000000000000e+04
2.020893038374759101e+02 5.710517912604866483e-04 -3.023050423524467449e-04 1.864606605052657366e-05 5.810500000000000000e+04
2.041823192148177952e+02 5.635894264464438863e-04 -2.948439894750301592e-04 1.726148355368413049e-05 6.003300000000000000e+04
2.062825911013838152e+02 5.534286432070158754e-04 -2.746561854597619353e-04 3.965749016986170060e-05 6.094900000000000000e+04
2.083770189145966185e+02 5.469039228385169258e-04 -2.572972520920879000e-04 5.613544974390794493e-05 6.223500000000000000e+04
2.104675816794403431e+02 5.395905373814690242e-04 -2.440070211763041964e-04 6.057501134155603286e-05 6.322900000000000000e+04
2.125667854244018145e+02 5.319336619055617778e-04 -2.368109119775559232e-04 6.311717058937754308e-05 6.513300000000000000e+04
2.146619261104851830e+02 5.235313970338502810e-04 -2.371637613645820363e-04 6.498010923774327242e-05 6.570700000000000000e+04
2.167561805722037036e+02 5.109668280985593019e-04 -2.420487679057026188e-04 7.345169929288700920e-05 6.756100000000000000e+04
2.188528705899679210e+02 5.010623868480136188e-04 -2.505860395250438443e-04 5.356260588562189277e-05 6.850500000000000000e+04
2.209456427453084473e+02 4.909138723351336468e-04 -2.570263417352146589e-04 4.890768524593165737e-05 6.994300000000000000e+04
2.230395148320731096e+02 4.818897246235977726e-04 -2.617203872373710292e-04 4.565365808807045881e-05 7.109700000000000000e+04
2.251356732858534997e+02 4.748977608360365919e-04 -2.613866336247938627e-04 4.954295845021366627e-05 7.302100000000000000e+04
2.272278504864401327e+02 4.698034055133558872e-04 -2.542384313466459567e-04 5.070282371415146344e-05 7.331700000000000000e+04
2.293197511287232544e+02 4.647513433881232843e-04 -2.466695474163110987e-04 5.674408950354885696e-05 7.579900000000000000e+04
2.314114772346510165e+02 4.604423633922890592e-04 -2.445823080096799600e-04 6.866251850029628798e-05 7.602100000000000000e+04
2.335058467478245632e+02 4.564065409608163105e-04 -2.447547759031769624e-04 6.721571904077700585e-05 7.875300000000000000e+04
2.356041652202905539e+02 4.513753647609817891e-04 -2.467178291148170886e-04 6.427087742987501982e-05 7.929100000000000000e+04
2.377006336558306998e+02 4.495058962534342071e-04 -2.513336847692350363e-04 5.006079834626878464e-05 8.112900000000000000e+04
2.397972750390475198e+02 4.446640895022347761e-04 -2.547258422903429667e-04 5.221426061129716238e-05 8.244100000000000000e+04
2.418944602532704096e+02 4.404682296020141709e-04 -2.643393962942830792e-04 4.553157946476896916e-05 8.394900000000000000e+04
2.439884227569783093e+02 4.355376417251525644e-04 -2.680565163844802297e-04 3.799654275880408056e-05 8.512300000000000000e+04
2.460835996828307373e+02 4.338076306731024757e-04 -2.774834329067102346e-04 4.484124821418295149e-05 8.692900000000000000e+04
2.481755280705312146e+02 4.298240044111965971e-04 -2.750540699018302004e-04 5.041115833299050623e-05 8.778900000000000000e+04
2.502623700647570217e+02 4.302222362798179380e-04 -2.753012681545629931e-04 6.434089025985990147e-05 8.962300000000000000e+04
2.523586155105348325e+02 4.294985216434321715e-04 -2.703629760565601312e-04 6.735176368435361537e-05 9.134100000000000000e+04
2.544547077866985489e+02 4.304480536584055685e-04 -2.711274121743758149e-04 8.440620586271662155e-05 9.284500000000000000e+04
2.565487653287422063e+02 4.293284749062506434e-04 -2.755818231831593901e-04 9.425508912284680935e-05 9.408700000000000000e+04
2.586464955058470991e+02 4.296750060163390334e-04 -2.808197502350884322e-04 9.261785310897170122e-05 9.633300000000000000e+04
2.607443047329861656e+02 4.288049051302330488e-04 -2.922781084064252034e-04 9.989029236193538216e-05 9.724900000000000000e+04
2.628438312173413465e+02 4.268198265156316999e-04 -2.998439505471021797e-04 1.008925886911555788e-04 9.950100000000000000e+04
2.649298855659840228e+02 4.279155422712274453e-04 -3.082924617888462525e-04 1.090940670954034208e-04 9.928300000000000000e+04
2.670163698864117805e+02 4.286914238560298428e-04 -3.117540032822850582e-04 1.291304910897710133e-04 1.025370000000000000e+05
2.691120556714307668e+02 4.273787381188607509e-04 -2.974442613103317240e-04 1.220471309242558580e-04 1.022830000000000000e+05
2.712074998348403483e+02 4.216146711058354601e-04 -2.683628222943981170e-04 7.668767402147431457e-05 1.021060000000000000e+05
2.733050116933233653e+02 4.129405957936848823e-04 -2.391968632232613769e-04 3.113531083835890354e-05 1.007340000000000000e+05
2.753977295572417461e+02 4.048887097658225619e-04 -2.168436970901293647e-04 -2.753068987449594797e-05 9.999400000000000000e+04
2.774958294534935703e+02 3.953594623504578533e-04 -2.034790103370958249e-04 -6.766715112413440722e-05 9.936000000000000000e+04
2.795977707949222122e+02 3.826866867977010960e-04 -1.814523494436742703e-04 -1.206036061896277205e-04 9.860800000000000000e+04
2.816862895118986785e+02 3.744247824335412891e-04 -1.614730312848862523e-04 -1.642989027087329639e-04 9.625200000000000000e+04
2.837743515740906446e+02 3.650087580811410461e-04 -1.412848550300265015e-04 -2.039584335433469622e-04 9.640000000000000000e+04
2.858713251310674650e+02 3.580071238103367959e-04 -1.288944845913468434e-04 -2.340155822977960424e-04 9.539800000000000000e+04
2.879670932628575883e+02 3.485321093315250918e-04 -1.103795701443180231e-04 -2.731995037651265218e-04 9.402000000000000000e+04
2.900590582015512382e+02 3.414161294682424271e-04 -1.010876223235986760e-04 -3.094219303522422848e-04 9.316000000000000000e+04
2.921519201901450060e+02 3.345952113422627321e-04 -9.012158983429349496e-05 -3.343666720769925319e-04 9.177600000000000000e+04
2.942485935102203030e+02 3.299984786447100423e-04 -8.058052451781621563e-05 -3.619558909691538286e-04 9.137800000000000000e+04
2.963426645133968691e+02 3.262589965056426574e-04 -7.384029432385985105e-05 -3.862622872719104791e-04 8.949000000000000000e+04
2.984329904966970162e+02 3.225162145452952801e-04 -6.521393161267754579e-05 -4.095735017606792197e-04 8.845000000000000000e+04
3.005290481640043367e+02 3.185318798913893399e-04 -5.746447670561357946e-05 -4.287817580926677830e-04 8.794600000000000000e+04
3.026245947235937592e+02 3.155485814886139551e-04 -4.993373224427187452e-05 -4.519189960035641758e-04 8.575200000000000000e+04
3.047205651109674704e+02 3.122479622566414273e-04 -4.319838207555719598e-05 -4.694090943367302724e-04 8.574400000000000000e+04
3.068167457111920839e+02 3.084827689022461321e-04 -3.695124566887692349e-05 -4.872544405666383543e-04 8.322000000000000000e+04
3.089118625384018060e+02 3.059415595245073508e-04 -3.186001743774222568e-05 -5.029274592190074566e-04 8.302000000000000000e+04
3.110099981664167785e+02 3.018965217713813747e-04 -2.567242750586328092e-05 -5.144888433065088369e-04 8.106400000000000000e+04
3.131040997612852266e+02 2.999827526746623040e-04 -1.892410112143428559e-05 -5.321571226139776810e-04 7.983000000000000000e+04
3.151936712677708670e+02 2.964088037755409832e-04 -1.518847234182713262e-05 -5.382035953858232274e-04 7.823800000000000000e+04
3.172858841403398173e+02 2.938919713330854794e-04 -8.734582674864898379e-06 -5.572966007206506169e-04 7.715400000000000000e+04
3.193772099476266817e+02 2.913132265617226916e-04 -7.792671976545395977e-06 -5.628461343785079798e-04 7.546600000000000000e+04
3.214753775151562536e+02 2.868291090659266470e-04 -4.981531690157646432e-06 -5.685880361709385027e-04 7.480200000000000000e+04
3.235746879206847666e+02 2.841402806592354898e-04 -4.006282043016889259e-06 -5.772172813598375413e-04 7.258000000000000000e+04
3.256647237020029024e+02 2.822926927620033211e-04 -2.796488973407824715e-06 -5.849043512714408857e-04 7.133800000000000000e+04
3.277571324083919535e+02 2.819676907524578291e-04 -3.761939265555989418e-06 -5.977664346162068565e-04 6.964200000000000000e+04
3.298487111637800240e+02 2.798281373459285534e-04 -2.334829420729402587e-06 -6.030310641127250779e-04 6.832600000000000000e+04
3.319433744068021497e+02 2.789608239403446347e-04 -2.194611064421674208e-06 -6.145277722486647753e-04 6.674400000000000000e+04
3.340422322988853239e+02 2.758573993731809138e-04 -5.767042433719957691e-08 -6.149508057743770847e-04 6.533800000000000000e+04
3.361307892565458246e+02 2.756549507652344597e-04 5.327653820381227319e-07 -6.267260099892943068e-04 6.315600000000000000e+04
3.382251120895489294e+02 2.735942827146042194e-04 2.411454436360251591e-06 -6.341095686154496437e-04 6.214000000000000000e+04
3.403264013195363304e+02 2.732701282420337365e-04 5.339789470803884476e-06 -6.416486287441712901e-04 6.051400000000000000e+04
3.424148842577288860e+02 2.731405434197137997e-04 8.122928955177785313e-06 -6.522853851328959049e-04 5.799000000000000000e+04
3.445099495577244397e+02 2.706245064057782759e-04 1.095926497182651985e-05 -6.556606151717016316e-04 5.742400000000000000e+04
3.466144105402300397e+02 2.691842726556714269e-04 1.385936861991498660e-05 -6.602644908409146043e-04 5.518200000000000000e+04
3.487067496858389859e+02 2.665631717071946754e-04 1.612607361890932997e-05 -6.624067028673564800e-04 5.306800000000000000e+04
3.507912540595516475e+02 2.640774127196081496e-04 1.729376337282425457e-05 -6.625210088984642221e-04 5.152800000000000000e+04
3.528807167895711814e+02 2.642089969079559138e-04 1.916401949758888158e-05 -6.727931696098371148e-04 4.954600000000000000e+04
3.549828487415276754e+02 2.640637058087101792e-04 2.320303962265337874e-05 -6.838769915170373479e-04 4.846600000000000000e+04
3.570768480370360862e+02 2.658738103071163483e-04 2.347254852820663623e-05 -6.946437008779423770e-04 4.566600000000000000e+04
3.591652111747225717e+02 2.645696227899049140e-04 2.717317937851254100e-05 -7.031606372276628719e-04 4.423000000000000000e+04
3.612627896178847777e+02 2.655455072226715852e-04 2.731699275914447082e-05 -7.118705077894876224e-04 4.254000000000000000e+04
3.633645820428338880e+02 2.662608464964128841e-04 2.775836372396234364e-05 -7.217748117186959531e-04 4.022200000000000000e+04
3.654527365610065885e+02 2.677191512022698643e-04 3.135805115768884387e-05 -7.324337936238565182e-04 3.842200000000000000e+04
3.675441472124314259e+02 2.708994045517629213e-04 3.199571673744312631e-05 -7.523345347382843704e-04 3.624600000000000000e+04
3.696396280380744201e+02 2.701938775420895111e-04 3.021475810574796643e-05 -7.504701727662816844e-04 3.455200000000000000e+04
3.717297223820279441e+02 2.729456047110346878e-04 3.003403033381771688e-05 -7.695322771336535542e-04 3.213600000000000000e+04
3.738176974939287902e+02 2.703285171964549521e-04 2.745855343324123493e-05 -7.677707864944233835e-04 3.029200000000000000e+04
3.759110996783247174e+02 2.677330654628780988e-04 2.325271147159395046e-05 -7.696986799944226156e-04 2.830200000000000000e+04
3.780081394014102898e+02 2.628575940405200291e-04 1.882598916041206067e-05 -7.662568964288269920e-04 2.605600000000000000e+04
3.801051557582653118e+02 2.615724433905601705e-04 1.697475750203136720e-05 -7.703974017959545027e-04 2.421100000000000000e+04
3.821955053587425937e+02 2.566966816760444386e-04 1.583824626591297599e-05 -7.690568555069381357e-04 2.220600000000000000e+04
3.842862749912937943e+02 2.520910166396726814e-04 1.386907325154773679e-05 -7.639411096320087354e-04 2.088400000000000000e+04
3.863841918340856409e+02 2.456346461251185235e-04 1.768295525054446857e-05 -7.563502851599952607e-04 1.939200000000000000e+04
3.884771734501698006e+02 2.391580407946102601e-04 1.464132481038380408e-05 -7.432019520218594326e-04 1.805800000000000000e+04
3.905623371605522607e+02 2.330204848720106672e-04 1.621015681159280317e-05 -7.342431224546910103e-04 1.674600000000000000e+04
3.926667500119167471e+02 2.262844890395197806e-04 1.417885316922667507e-05 -7.191933304812877592e-04 1.589800000000000000e+04
3.947778557744774162e+02 2.229557121451859433e-04 1.641937332474476143e-05 -7.188718656657516965e-04 1.457800000000000000e+04
3.968631060462392952e+02 2.194526004793343052e-04 1.386125622755365154e-05 -7.100402834888799386e-04 1.344300000000000000e+04
3.989413219049817485e+02 2.120120933325224312e-04 1.179284585350187653e-05 -6.914656396981911680e-04 1.251100000000000000e+04
4.010572258526528344e+02 2.077704414296006614e-04 7.293450150641572757e-06 -6.771974555317865959e-04 1.191900000000000000e+04
4.031656962107319373e+02 2.027418505441859334e-04 5.587369398786330566e-06 -6.640476337117907999e-04 1.063900000000000000e+04
4.052249146637423678e+02 1.967980091268214861e-04 2.556630497967161483e-06 -6.453847994457976873e-04 9.775000000000000000e+03
4.073276634718891387e+02 1.914157398923084551e-04 2.325771839609517551e-06 -6.328895977211787365e-04 9.423000000000000000e+03
4.094593776408451049e+02 1.872544180788565074e-04 2.194881499438603675e-06 -6.216459250693276602e-04 8.449000000000000000e+03
4.115405539130957777e+02 1.875938867250380459e-04 8.204362150925482899e-07 -6.245586097203462530e-04 7.596000000000000000e+03
4.135894252671187132e+02 1.867673336695970074e-04 9.440257768376849795e-07 -6.230140778626961848e-04 6.931000000000000000e+03
4.156930049049321951e+02 1.809115943751958067e-04 5.430166011497600901e-07 -6.069920726260705137e-04 6.612000000000000000e+03
4.178272827209258367e+02 1.797678239808791893e-04 1.681429586215789130e-06 -6.068651200555060616e-04 5.899000000000000000e+03
4.199082037741286513e+02 1.823269513077330705e-04 9.925248143165669593e-07 -6.165393186136096035e-04 5.176000000000000000e+03
4.219826095167229028e+02 1.735620118055354068e-04 3.133083040141177533e-06 -5.915791060904358701e-04 4.824000000000000000e+03
4.241028763136273483e+02 1.719098603506226234e-04 2.157738942884048417e-06 -5.876320512902523602e-04 4.312000000000000000e+03
4.262107721966358440e+02 1.702651687717993080e-04 1.128396624603285560e-06 -5.820673842704578160e-04 3.819000000000000000e+03
4.282460731868927724e+02 1.641133060741437782e-04 2.039945269941923974e-07 -5.617012217487785813e-04 3.220000000000000000e+03
4.303287648834323136e+02 1.566615160050374689e-04 -1.383225424208494251e-06 -5.365315672309029036e-04 3.132000000000000000e+03
4.325172248853483552e+02 1.458037012889133472e-04 1.036775448402607970e-07 -5.023341708868078563e-04 2.680000000000000000e+03
4.346325070601815810e+02 1.457747804874594559e-04 -9.570540495945819578e-07 -5.021252466320463501e-04 2.218000000000000000e+03
4.365567227659553851e+02 1.433617254602457755e-04 -2.149085922487910843e-07 -4.952725735456208790e-04 1.728000000000000000e+03
4.386277159174848634e+02 1.419216521905852682e-04 -5.178508103221582033e-07 -4.920098486975388536e-04 1.816000000000000000e+03
4.409019266196692683e+02 1.459110072963454188e-04 -1.850753776016808481e-06 -5.050426051784309483e-04 1.476000000000000000e+03
4.430735479208619836e+02 1.538056259594021186e-04 -6.488886803682573793e-07 -5.346668519121606546e-04 1.108000000000000000e+03
4.448761117541747012e+02 1.565866499448732114e-04 -2.663613777136255099e-06 -5.419838248771974764e-04 7.560000000000000000e+02
4.469343758523184533e+02 1.635500000823892188e-04 -2.433429354076804539e-06 -5.675210243178116292e-04 8.440000000000000000e+02
4.493013102792758104e+02 1.574380467362257083e-04 -1.110240906416594228e-06 -5.482035207395444037e-04 6.280000000000000000e+02
4.515989744176221734e+02 1.619775494497779640e-04 -1.512365729349310459e-06 -5.643309861904873860e-04 4.050000000000000000e+02
4.533101867737696580e+02 1.733863220686569643e-04 -4.996766823493962925e-07 -6.051217859575856034e-04 2.020000000000000000e+02
4.552338387398290820e+02 1.695944702096552185e-04 -1.873430789935531497e-06 -5.910925568666561790e-04 2.280000000000000000e+02
4.576034578613840722e+02 1.572089099274991424e-04 -1.872465276357997735e-06 -5.479538078824771740e-04 1.240000000000000000e+02
4.599517872444100703e+02 1.918952330577571529e-04 -1.428214770699570381e-06 -6.699660682137781884e-04 5.200000000000000000e+01
4.619205689144050666e+02 1.002288419448717075e-04 -7.675088520555928764e-07 -3.499467523928489381e-04 9.000000000000000000e+00
4.634281054380590490e+02 1.050394619112769229e-04 -1.001829273608481233e-06 -3.666094417395759073e-04 4.000000000000000000e+00
