2.966547074898984615e+00 7.176139627115101227e-01 -2.224251871421120599e-03 7.842640283630416542e-01 1.300000000000000000e+01
5.026374055021858744e+00 2.414597489030998745e-01 -1.250015502156495428e-01 2.357809348406609273e-01 3.300000000000000000e+01
7.149300621522788113e+00 1.398503839281392269e-01 -6.252062613894358856e-02 9.011101500555332433e-02 7.900000000000000000e+01
9.278869254964254409e+00 1.022770242223830089e-01 -3.922536541376489549e-02 6.615355844957397646e-02 1.170000000000000000e+02
1.145033261934470126e+01 6.966577201920473583e-02 -1.131512177174129330e-02 3.854066515638087526e-02 2.050000000000000000e+02
1.349295587141915043e+01 5.794728754673794668e-02 -6.191738659377694388e-03 4.910722623302967577e-02 2.350000000000000000e+02
1.558905561191892986e+01 4.882210083092053399e-02 1.742272797077376329e-03 2.649005903353518487e-02 3.690000000000000000e+02
1.769408367255316961e+01 4.189791361667734998e-02 8.126852845463276376e-04 1.806462840448369231e-02 4.330000000000000000e+02
1.981787480313529670e+01 3.453740164419438069e-02 -8.481562925173578155e-03 1.118234239309048861e-02 5.850000000000000000e+02
2.192074938196263645e+01 3.055720177271388505e-02 -8.588568030352619273e-03 -9.254536924616425147e-04 6.790000000000000000e+02
2.398877635566245203e+01 2.594122815223544321e-02 -9.494112093293687743e-03 -2.158212071954697039e-03 8.130000000000000000e+02
2.609286971896115759e+01 2.193059546724892769e-02 -9.019845511463960019e-03 -3.183458939865279908e-03 9.850000000000000000e+02
2.823466315278179550e+01 1.898643675883947973e-02 -6.979137819690127247e-03 3.781079610165509822e-03 1.183000000000000000e+03
3.032284873509123102e+01 1.712319214861778363e-02 -2.030287319052157067e-03 2.910378015031838978e-03 1.269000000000000000e+03
3.240263258943403457e+01 1.565790320411392447e-02 -4.905050623170388114e-05 1.985488224623657445e-03 1.537000000000000000e+03
3.449210129864554375e+01 1.380578389852645145e-02 -1.352575170107800850e-03 8.448672124445104565e-04 1.653000000000000000e+03
3.658588147515196454e+01 1.159574477628738491e-02 -2.385354023483688204e-03 3.190976675821816035e-04 1.963000000000000000e+03
3.868476949266977272e+01 1.027471131110991795e-02 -3.146249679909734250e-03 5.486825172831077220e-04 2.121000000000000000e+03
4.078898888458283523e+01 9.281033429967739529e-03 -3.070671431473019283e-03 2.091006097036392664e-03 2.413000000000000000e+03
4.289390876967645738e+01 9.048409015989713339e-03 -2.162779292756213025e-03 1.717521243228805434e-03 2.635000000000000000e+03
4.498336005546935468e+01 8.230147547695083887e-03 -1.009520992831867796e-03 3.005956574340390951e-03 2.877000000000000000e+03
4.706498529473824988e+01 7.442777625554741934e-03 -8.498700670102524559e-04 2.110603348919095831e-03 3.169000000000000000e+03
4.917111919158227096e+01 6.652634617819667973e-03 -1.217967067896481978e-03 1.534179423353480842e-03 3.507000000000000000e+03
5.126216914174227668e+01 5.931522790318338387e-03 -1.105947404147809973e-03 8.816575836539488394e-04 3.685000000000000000e+03
5.335525146837034072e+01 5.465133985362176025e-03 -1.228972262254001769e-03 5.442869308430245672e-04 4.165000000000000000e+03
5.546637228956934251e+01 5.053596507813669196e-03 -1.088253937130765963e-03 8.075533715088907332e-04 4.377000000000000000e+03
5.757318819254808773e+01 4.786327601294613869e-03 -6.057170378308009660e-04 1.217618346539562193e-03 4.855000000000000000e+03
5.965884044590281121e+01 4.577402560157759100e-03 -1.437332502864513417e-04 1.900412070450919165e-03 4.929000000000000000e+03
6.174512302159506305e+01 4.193263838797509774e-03 -3.210548470334709167e-06 1.445389222687566136e-03 5.581000000000000000e+03
6.382689291137189969e+01 3.999083124901244360e-03 -1.348490504833254830e-04 1.309779154810223516e-03 5.679000000000000000e+03
6.592966228838450604e+01 3.600031322855900499e-03 -4.535100320356293168e-04 8.907900807695292222e-04 6.385000000000000000e+03
6.803125784825746791e+01 3.221952146866511723e-03 -6.267170180359559178e-04 7.851699909257843025e-04 6.553000000000000000e+03
7.013131008699485847e+01 2.944532579198552106e-03 -5.936977987749480047e-04 7.920057932922477863e-04 7.125000000000000000e+03
7.223032366074338029e+01 2.810353757278425541e-03 -2.081469973952017305e-04 8.148900701384919915e-04 7.447000000000000000e+03
7.432334270720505742e+01 2.683679436609513747e-03 -3.848850876925514070e-05 9.404511840716611509e-04 7.929000000000000000e+03
7.642066756954473306e+01 2.490106777652090035e-03 4.237378603371438375e-05 1.080265753452986808e-03 8.353000000000000000e+03
7.850471694556040347e+01 2.347781679249880040e-03 -6.226237031346936357e-05 9.764672257756648339e-04 8.775000000000000000e+03
8.059701946059529121e+01 2.166966290970430246e-03 -1.767829514362463325e-04 5.881627728212718590e-04 9.313000000000000000e+03
8.269521798132063850e+01 2.004213122678055563e-03 -3.465413982902495376e-04 3.059317745454320867e-04 9.841000000000000000e+03
8.478307522909847194e+01 1.904621334406107628e-03 -3.377677139878784707e-04 1.694692351579343034e-04 1.019100000000000000e+04
8.687780839616016237e+01 1.810313238902524526e-03 -2.291821429335716648e-04 3.017024921058220673e-04 1.089700000000000000e+04
8.897524569656535220e+01 1.734427673263457762e-03 -1.878544601401489322e-04 3.141928145343285254e-04 1.130100000000000000e+04
9.108077810470518898e+01 1.635221213868582636e-03 -1.312749354877759927e-04 3.834255232781762245e-04 1.202500000000000000e+04
9.318432266948052245e+01 1.538695597305598725e-03 -1.580232316962189884e-04 2.177409145321759667e-04 1.242300000000000000e+04
9.527887641048309320e+01 1.449092505460774062e-03 -2.395300189720302240e-04 3.966441396824394626e-05 1.302100000000000000e+04
9.736254237981037818e+01 1.319552866773249624e-03 -2.991293416498586608e-04 1.378919977141809512e-04 1.340500000000000000e+04
9.944832814799407572e+01 1.249137036591010377e-03 -3.219650468123361913e-04 1.957706710289680997e-04 1.424700000000000000e+04
1.015460879802399035e+02 1.202582337384512689e-03 -2.928536505946690498e-04 2.189122683047996362e-04 1.471300000000000000e+04
1.036426375667732316e+02 1.155105184380827684e-03 -3.129232468411256634e-04 1.871638118340425200e-04 1.548900000000000000e+04
1.057389390539465950e+02 1.094430499895307843e-03 -3.180969767816730406e-04 1.273130815079683085e-04 1.591300000000000000e+04
1.078395855981474227e+02 1.040117001272927635e-03 -3.100080271383788555e-04 1.343312355152212424e-04 1.687900000000000000e+04
1.099389405850131709e+02 9.887335870235928158e-04 -2.877646515777589021e-04 1.222819106262637025e-04 1.719300000000000000e+04
1.120392143152385387e+02 9.343980182986630616e-04 -2.937987836228793761e-04 7.608417915519959888e-05 1.815700000000000000e+04
1.141233458569757744e+02 8.949939850168507063e-04 -2.677495846089442220e-04 8.473601866847981726e-05 1.833900000000000000e+04
1.162159397555423084e+02 8.627553382236068796e-04 -2.505438406663659909e-04 9.410445419806219602e-05 1.957300000000000000e+04
1.183137204803772420e+02 8.145460715533360411e-04 -1.980945108212062210e-04 1.401143769966229052e-04 1.994100000000000000e+04
1.203972311807013256e+02 7.789133344127790451e-04 -2.170167396055630701e-04 1.246867627999463006e-04 2.062900000000000000e+04
1.224922363187857286e+02 7.507776750021512855e-04 -2.355216872003571221e-04 7.622134048569173884e-05 2.165500000000000000e+04
1.245882598425863534e+02 7.225246541820187730e-04 -2.453225293392327861e-04 7.052004236558271732e-05 2.211300000000000000e+04
1.266884677158377315e+02 6.806773043411893775e-04 -2.300118670764127215e-04 7.672977319171749618e-05 2.318500000000000000e+04
1.287846620419940962e+02 6.591308306726571375e-04 -2.266471989284814486e-04 1.270797062963415023e-04 2.366700000000000000e+04
1.308713393788149801e+02 6.433700770464044006e-04 -1.987727380898390579e-04 1.618988193847642769e-04 2.438500000000000000e+04
1.329754833440644575e+02 6.150724263934061881e-04 -1.765031811576019680e-04 1.624486955695633055e-04 2.574900000000000000e+04
1.350691081525609434e+02 5.881154517099673393e-04 -1.674492869817821041e-04 1.251559200087933542e-04 2.567500000000000000e+04
1.371638825856825576e+02 5.726311901423361073e-04 -1.708929058198637135e-04 5.791211670637531450e-05 2.740900000000000000e+04
1.392604757372163533e+02 5.482249179671121967e-04 -1.834404879208365654e-04 7.469142134535719816e-05 2.740500000000000000e+04
1.413466882908376760e+02 5.344813947032985360e-04 -1.742570711486704331e-04 9.479004136049004386e-05 2.871700000000000000e+04
1.434475230090064031e+02 5.144720985439606197e-04 -1.606437970418821202e-04 9.871208395485677866e-05 2.959500000000000000e+04
1.455452853418541679e+02 5.027806754367625990e-04 -1.432243100031128707e-04 1.163180447918838589e-04 3.030100000000000000e+04
1.476332061073587738e+02 4.905635884453485047e-04 -1.387803200303766799e-04 1.151594011847226358e-04 3.110100000000000000e+04
1.497211472843286231e+02 4.736969885574901658e-04 -1.260237415802168673e-04 9.680155557415986219e-05 3.202300000000000000e+04
1.518138048751577287e+02 4.596509674942964615e-04 -1.348066639737686360e-04 9.052024157830393164e-05 3.297700000000000000e+04
1.539211490100352648e+02 4.412353317571205812e-04 -1.389901822469599235e-04 8.567319957594034610e-05 3.444900000000000000e+04
1.560214747341236716e+02 4.230277609763393701e-04 -1.363107066474322207e-04 8.592176208700971524e-05 3.454900000000000000e+04
1.581161747588121784e+02 4.088093478736993516e-04 -1.219161543323035588e-04 7.930755748117219214e-05 3.611100000000000000e+04
1.602118712271799836e+02 3.976174131915667480e-04 -1.090944837172906108e-04 8.593383076025441758e-05 3.654100000000000000e+04
1.623006419462898862e+02 3.885816923024228934e-04 -9.801975538646329840e-05 1.014442590250591461e-04 3.771700000000000000e+04
1.643899033199985240e+02 3.776057507143791027e-04 -1.057639578647076464e-04 6.783694969326581998e-05 3.861900000000000000e+04
1.664835582381511756e+02 3.640741375622029321e-04 -1.147586403673407255e-04 4.931092919020985598e-05 3.966100000000000000e+04
1.685719683778473552e+02 3.547021317861901216e-04 -1.165500980563809950e-04 4.657727512819003098e-05 4.054500000000000000e+04
1.706641332089364766e+02 3.418211776940736132e-04 -1.176943075979380079e-04 5.148079812993346972e-05 4.181500000000000000e+04
1.727708699256135390e+02 3.324438234286825273e-04 -1.028497252674412415e-04 4.430029362854308978e-05 4.312500000000000000e+04
1.748696546009699659e+02 3.261811577809004188e-04 -9.346575213073621930e-05 4.910098602818939678e-05 4.368100000000000000e+04
1.769585769494445344e+02 3.170134866804744534e-04 -9.240672710027962545e-05 3.355637946843996239e-05 4.462900000000000000e+04
1.790524509315575301e+02 3.073998076118388705e-04 -9.399936807126752164e-05 1.942790570649295719e-05 4.622700000000000000e+04
1.811526521261263554e+02 2.990895696204404924e-04 -9.117396459904219142e-05 1.099521815651981861e-05 4.690900000000000000e+04
1.832476884130738881e+02 2.928530199275652772e-04 -8.961649861568338671e-05 1.128229929885312836e-05 4.823700000000000000e+04
1.853312475833926101e+02 2.859471070743066067e-04 -8.354276279909464854e-05 1.908304869532896156e-05 4.858300000000000000e+04
1.874284892203218931e+02 2.780054309598381339e-04 -7.347471525785504115e-05 2.798679738773472846e-05 5.099700000000000000e+04
1.895337179075755216e+02 2.705835661549098672e-04 -6.989226819369433164e-05 3.110706602387415152e-05 5.139700000000000000e+04
1.916268196474026126e+02 2.667289599134937831e-04 -6.528509194985811020e-05 3.124440394039099773e-05 5.248900000000000000e+04
1.937183403446852878e+02 2.588759750248004719e-04 -6.296232581703110833e-05 1.959562263378531759e-05 5.378700000000000000e+04
1.958131498886989164e+02 2.542472730166820500e-04 -6.263120948819215095e-05 7.276623656450613243e-06 5.491300000000000000e+04
1.979058740098966211e+02 2.438421440329673572e-04 -5.858999568414760968e-05 1.445823951363496850e-05 5.597700000000000000e+04
1.999990651597893816e+02 2.410812850344452971e-04 -5.064374272108581503e-05 2.620464810655708470e-05 5.741500000000000000e+04
2.020893038374759101e+02 2.355418283061515327e-04 -3.882753801232923993e-05 3.362894222333773361e-05 5.810500000000000000e+04
2.041823192148177952e+02 2.319714960526461493e-04 -3.579825050726785478e-05 4.323073530477050636e-05 6.003300000000000000e+04
2.062825911013838152e+02 2.272149169391695278e-04 -2.896685883973955367e-05 4.423328860804300370e-05 6.094900000000000000e+04
2.083770189145966185e+02 2.230634521747958587e-04 -3.057704073993388277e-05 3.579078978838247458e-05 6.223500000000000000e+04
2.104675816794403431e+02 2.180870394632044608e-04 -3.999952928760588488e-05 1.663495491160994969e-05 6.322900000000000000e+04
2.125667854244018145e+02 2.113782911009031698e-04 -3.870698173582661698e-05 1.879831645376889537e-05 6.513300000000000000e+04
2.146619261104851830e+02 2.072591525044814847e-04 -2.891433682927618267e-05 3.396985304549489810e-05 6.570700000000000000e+04
2.167561805722037036e+02 2.027946411704821148e-04 -2.333250149152659553e-05 4.368910900208552333e-05 6.756100000000000000e+04
2.188528705899679210e+02 1.999506546473992592e-04 -1.822534464479279951e-05 4.885185625066943820e-05 6.850500000000000000e+04
2.209456427453084473e+02 1.950675905289760278e-04 -1.940283265675601910e-05 4.364716274972082224e-05 6.994300000000000000e+04
2.230395148320731096e+02 1.908862714657326529e-04 -2.067216765522196173e-05 3.664719935058375304e-05 7.109700000000000000e+04
2.251356732858534997e+02 1.884160012565762299e-04 -2.301798005094640002e-05 2.991267272885265649e-05 7.302100000000000000e+04
2.272278504864401327e+02 1.845517772580114815e-04 -2.525817155811215247e-05 2.307464775971190349e-05 7.331700000000000000e+04
2.293197511287232544e+02 1.810885917629895606e-04 -2.315218431285302303e-05 2.832275679823214240e-05 7.579900000000000000e+04
2.314114772346510165e+02 1.802398317579861149e-04 -1.461645060855946540e-05 4.012357526093777760e-05 7.602100000000000000e+04
2.335058467478245632e+02 1.778573830233637191e-04 -1.151605423059891152e-05 4.272358557588024959e-05 7.875300000000000000e+04
2.356041652202905539e+02 1.751585807107703427e-04 -1.366590150953815832e-05 3.881393597196495398e-05 7.929100000000000000e+04
2.377006336558306998e+02 1.722906775092468575e-04 -1.331907093882890678e-05 3.240832843993483441e-05 8.112900000000000000e+04
2.397972750390475198e+02 1.681778545155456026e-04 -1.468783668110596443e-05 3.283539845434428714e-05 8.244100000000000000e+04
2.418944602532704096e+02 1.649503495864204107e-04 -1.820464152139872414e-05 3.230914114265807929e-05 8.394900000000000000e+04
2.439884227569783093e+02 1.619014628414003722e-04 -1.515512141461698042e-05 3.590965666565061203e-05 8.512300000000000000e+04
2.460835996828307373e+02 1.596054544632373885e-04 -1.063643531973699853e-05 4.768202464816271061e-05 8.692900000000000000e+04
2.481755280705312146e+02 1.592356774795098860e-04 -6.460538556659335438e-06 5.245474415115726946e-05 8.778900000000000000e+04
2.502623700647570217e+02 1.564865411863174995e-04 -6.686576045543091153e-06 5.530294953059987237e-05 8.962300000000000000e+04
2.523586155105348325e+02 1.530534399666156026e-04 -1.408570943692122330e-05 4.976600406967582080e-05 9.134100000000000000e+04
2.544547077866985489e+02 1.520073793876662853e-04 -2.029267617616172537e-05 4.635430339177969329e-05 9.284500000000000000e+04
2.565487653287422063e+02 1.504829194753010602e-04 -1.746404052368895514e-05 4.992976719100022465e-05 9.408700000000000000e+04
2.586464955058470991e+02 1.506387145553255574e-04 -1.343085515797611091e-05 5.417830297279809681e-05 9.633300000000000000e+04
2.607443047329861656e+02 1.498290749853583410e-04 -7.655846167938687742e-06 7.073735609646325387e-05 9.724900000000000000e+04
2.628438312173413465e+02 1.496556639760094850e-04 -1.105620676016925294e-06 7.915454840535375667e-05 9.950100000000000000e+04
2.649298855659840228e+02 1.492531296730454022e-04 -1.693000737178881030e-06 8.105992575343228424e-05 9.928300000000000000e+04
2.670163698864117805e+02 1.482169770676809728e-04 -3.251269718894444510e-06 7.265961619718260412e-05 1.025370000000000000e+05
2.691120556714307668e+02 1.459249025226551561e-04 -6.741672953449986050e-06 5.749508948383873241e-05 1.022830000000000000e+05
2.712074998348403483e+02 1.426892309997261719e-04 -4.045672948544513213e-06 3.798971678248527274e-05 1.021060000000000000e+05
2.733050116933233653e+02 1.397364319177915224e-04 -1.177648682053012983e-06 2.549554692142037265e-05 1.007340000000000000e+05
2.753977295572417461e+02 1.377918364045673330e-04 7.953860062379932771e-07 9.300168276007917247e-06 9.999400000000000000e+04
2.774958294534935703e+02 1.358502657802921113e-04 4.494458440385143266e-06 -4.338163430653577330e-06 9.936000000000000000e+04
2.795977707949222122e+02 1.332772525460830092e-04 4.174055702557324825e-06 -2.403500441445129702e-05 9.860800000000000000e+04
2.816862895118986785e+02 1.309074832580812151e-04 4.391775646952705381e-06 -3.706903963023564403e-05 9.625200000000000000e+04
2.837743515740906446e+02 1.286023876375992788e-04 3.353651643661020483e-06 -5.433067956944174511e-05 9.640000000000000000e+04
2.858713251310674650e+02 1.263005346976904010e-04 2.326355671069843055e-06 -6.712582519145574001e-05 9.539800000000000000e+04
2.879670932628575883e+02 1.241729458091544145e-04 3.109217184552992971e-06 -8.131575256185002564e-05 9.402000000000000000e+04
2.900590582015512382e+02 1.224699764396065750e-04 3.792495192069755739e-06 -9.245983103649461454e-05 9.316000000000000000e+04
2.921519201901450060e+02 1.196973868252355422e-04 4.630250857032905839e-06 -1.023535890158278392e-04 9.177600000000000000e+04
2.942485935102203030e+02 1.171041701515530261e-04 3.514793055633674354e-06 -1.048511323878413472e-04 9.137800000000000000e+04
2.963426645133968691e+02 1.155682524068298549e-04 6.409240877636477843e-06 -1.170137971882408070e-04 8.949000000000000000e+04
2.984329904966970162e+02 1.145279810570717450e-04 7.536630048774618113e-06 -1.274242750436707866e-04 8.845000000000000000e+04
3.005290481640043367e+02 1.138032219982832626e-04 9.850965358688495605e-06 -1.342471985530001495e-04 8.794600000000000000e+04
3.026245947235937592e+02 1.117627097165430267e-04 1.024673829511712621e-05 -1.367238497536320686e-04 8.575200000000000000e+04
3.047205651109674704e+02 1.097168155364025880e-04 7.914884927903811555e-06 -1.417641879974211312e-04 8.574400000000000000e+04
3.068167457111920839e+02 1.086224485847849365e-04 6.085244124350054324e-06 -1.500010343116053987e-04 8.322000000000000000e+04
3.089118625384018060e+02 1.069150002680805496e-04 5.987858851715752799e-06 -1.547396981654439250e-04 8.302000000000000000e+04
3.110099981664167785e+02 1.072978589459541439e-04 6.820221800443014993e-06 -1.619276876988738633e-04 8.106400000000000000e+04
3.131040997612852266e+02 1.067331225514127937e-04 6.394768308118758232e-06 -1.676565027112002454e-04 7.983000000000000000e+04
3.151936712677708670e+02 1.058606471808192363e-04 4.961606300150237859e-06 -1.725867410733726614e-04 7.823800000000000000e+04
3.172858841403398173e+02 1.044020081053833969e-04 6.045572179686921022e-06 -1.766478439612286931e-04 7.715400000000000000e+04
3.193772099476266817e+02 1.039503160582806816e-04 8.064211579849783670e-06 -1.819623220361012400e-04 7.546600000000000000e+04
3.214753775151562536e+02 1.045455490401924566e-04 1.001422385254308227e-05 -1.886345486869909398e-04 7.480200000000000000e+04
3.235746879206847666e+02 1.030037675179490609e-04 7.970458040603633378e-06 -1.879798181315614773e-04 7.258000000000000000e+04
3.256647237020029024e+02 1.007975212359626125e-04 6.315596802755553581e-06 -1.876248880156114072e-04 7.133800000000000000e+04
3.277571324083919535e+02 1.013425665376739039e-04 6.281275770768819926e-06 -1.945768478407493101e-04 6.964200000000000000e+04
3.298487111637800240e+02 1.009535947957148315e-04 7.438372131397596871e-06 -1.970680209477245165e-04 6.832600000000000000e+04
3.319433744068021497e+02 9.934107212231975013e-05 6.782148336804627769e-06 -1.970960406094743181e-04 6.674400000000000000e+04
3.340422322988853239e+02 9.666167437223297096e-05 4.660588582087715539e-06 -1.915828451818804383e-04 6.533800000000000000e+04
3.361307892565458246e+02 9.595150934176176400e-05 3.915257304972457922e-06 -1.951741345866258594e-04 6.315600000000000000e+04
3.382251120895489294e+02 9.682176447439101740e-05 4.063513443900649171e-06 -2.007081524680315982e-04 6.214000000000000000e+04
3.403264013195363304e+02 9.633189936453870350e-05 4.752926439594713410e-06 -2.028593187732634861e-04 6.051400000000000000e+04
3.424148842577288860e+02 9.393165790769801235e-05 3.836119604992451525e-06 -1.989731046103579946e-04 5.799000000000000000e+04
3.445099495577244397e+02 9.230084525879194899e-05 4.565944777254544299e-06 -1.975575561931852643e-04 5.742400000000000000e+04
3.466144105402300397e+02 9.214477143411483424e-05 2.914791085436277219e-06 -1.997064860402258772e-04 5.518200000000000000e+04
3.487067496858389859e+02 9.133706821670050041e-05 3.531775524786309950e-06 -2.009271793324224971e-04 5.306800000000000000e+04
3.507912540595516475e+02 9.192441440200513879e-05 3.938644562430889414e-06 -2.047366999404594192e-04 5.152800000000000000e+04
3.528807167895711814e+02 9.126840503549449096e-05 1.542273331197728584e-06 -2.057084849330935753e-04 4.954600000000000000e+04
3.549828487415276754e+02 8.997945915188263909e-05 1.280520885607054023e-06 -2.036664549842445325e-04 4.846600000000000000e+04
3.570768480370360862e+02 9.011089019653405706e-05 1.012656058191691296e-06 -2.072547543799974394e-04 4.566600000000000000e+04
3.591652111747225717e+02 8.830120104994010398e-05 3.445075125252421040e-06 -2.079491534752555323e-04 4.423000000000000000e+04
3.612627896178847777e+02 8.978320704392336480e-05 4.112497468060814993e-06 -2.140768322485992749e-04 4.254000000000000000e+04
3.633645820428338880e+02 8.901809814940955974e-05 2.490618749193310348e-06 -2.142121224713310925e-04 4.022200000000000000e+04
3.654527365610065885e+02 9.060172429489880580e-05 3.653448510107403390e-06 -2.201317518276535022e-04 3.842200000000000000e+04
3.675441472124314259e+02 8.920039585345101107e-05 2.290421745587688950e-06 -2.208722914220438542e-04 3.624600000000000000e+04
3.696396280380744201e+02 8.937147896775732390e-05 3.063410508460555289e-06 -2.239154705409242177e-04 3.455200000000000000e+04
3.717297223820279441e+02 8.980520756637008230e-05 4.838160805753195800e-06 -2.318784617040397242e-04 3.213600000000000000e+04
3.738176974939287902e+02 8.833918759348490402e-05 6.909384819915654857e-06 -2.349174682763761045e-04 3.029200000000000000e+04
3.759110996783247174e+02 8.768100972758028939e-05 4.861678493725473754e-06 -2.365175211047273204e-04 2.830200000000000000e+04
3.780081394014102898e+02 8.757782392876327479e-05 3.754383595491475512e-06 -2.415619379391507719e-04 2.605600000000000000e+04
3.801051557582653118e+02 8.737165776568240347e-05 1.057401738168041580e-06 -2.433833599340863444e-04 2.421100000000000000e+04
3.821955053587425937e+02 8.655742995461590127e-05 -2.935399479914221933e-07 -2.450086645910324983e-04 2.220600000000000000e+04
3.842862749912937943e+02 8.604769856234596042e-05 -9.763127495940846148e-07 -2.485276140523233262e-04 2.088400000000000000e+04
3.863841918340856409e+02 8.764102300385325406e-05 -9.195730915710509361e-07 -2.561952200349504067e-04 1.939200000000000000e+04
3.884771734501698006e+02 8.657061842048943885e-05 6.864202655957087791e-07 -2.600193346495420239e-04 1.805800000000000000e+04
3.905623371605522607e+02 8.537038407218765917e-05 2.287549559914294994e-06 -2.621623422841001805e-04 1.674600000000000000e+04
3.926667500119167471e+02 8.509283920332506791e-05 2.499576738107190609e-06 -2.653474452760756471e-04 1.589800000000000000e+04
3.947778557744774162e+02 8.627714113625355034e-05 1.188486955375716223e-06 -2.702080332981476310e-04 1.457800000000000000e+04
3.968631060462392952e+02 8.607761705786874597e-05 -6.647360965771521913e-07 -2.693783189473999799e-04 1.344300000000000000e+04
3.989413219049817485e+02 8.866389699033173054e-05 2.780095177106953521e-07 -2.815285951399580590e-04 1.251100000000000000e+04
4.010572258526528344e+02 8.918182897485186947e-05 -1.884187222339341801e-07 -2.861781006063196043e-04 1.191900000000000000e+04
4.031656962107319373e+02 9.318166186567815085e-05 3.922097710327804457e-07 -3.017875587026723721e-04 1.063900000000000000e+04
4.052249146637423678e+02 9.063928261627445578e-05 1.087599929302133719e-06 -2.966334225880685733e-04 9.775000000000000000e+03
4.073276634718891387e+02 9.009384311571341374e-05 2.389307912288784073e-06 -2.989568314343776334e-04 9.423000000000000000e+03
4.094593776408451049e+02 9.200380373095542661e-05 2.757840503038941230e-06 -3.077409716271559885e-04 8.449000000000000000e+03
4.115405539130957777e+02 9.226013720712469119e-05 3.202024463613471995e-06 -3.105163992557713947e-04 7.596000000000000000e+03
4.135894252671187132e+02 9.641840424840349361e-05 3.322450594010742164e-06 -3.257283937615860093e-04 6.931000000000000000e+03
4.156930049049321951e+02 9.430664809249950857e-05 2.403829555492741008e-06 -3.202161727841704468e-04 6.612000000000000000e+03
4.178272827209258367e+02 9.892715615398412193e-05 2.177579962841673839e-06 -3.363225387515938027e-04 5.899000000000000000e+03
4.199082037741286513e+02 1.002305368099987360e-04 -7.733411720943924299e-08 -3.390342080674754602e-04 5.176000000000000000e+03
4.219826095167229028e+02 1.005855320173191153e-04 4.335835336712462409e-07 -3.424892578455868077e-04 4.824000000000000000e+03
4.241028763136273483e+02 1.010537126078447451e-04 -7.280101361403424629e-08 -3.454815898367938494e-04 4.312000000000000000e+03
4.262107721966358440e+02 1.065605659634066024e-04 -1.017724299633426657e-06 -3.632421985153932000e-04 3.819000000000000000e+03
4.282460731868927724e+02 1.115987701507577403e-04 -1.295103300129354851e-06 -3.812612100166707014e-04 3.220000000000000000e+03
4.303287648834323136e+02 1.097493229627453828e-04 -2.730758589439616657e-06 -3.742860666528253361e-04 3.132000000000000000e+03
4.325172248853483552e+02 1.021666521578571606e-04 -2.007848491808012576e-06 -3.501710744407876595e-04 2.680000000000000000e+03
4.346325070601815810e+02 1.079262483005403490e-04 -2.847429165433004370e-06 -3.699306166086200427e-04 2.218000000000000000e+03
4.365567227659553851e+02 1.154084749084397665e-04 -2.362441651873508263e-06 -3.968165446842948771e-04 1.728000000000000000e+03
4.386277159174848634e+02 1.159964263862814989e-04 -2.428724163091470048e-06 -4.000650961260563462e-04 1.816000000000000000e+03
4.409019266196692683e+02 1.116175244550609349e-04 -3.022211979683247256e-06 -3.845103724444021045e-04 1.476000000000000000e+03
4.430735479208619836e+02 1.270764545293980073e-04 -2.737719272823988237e-07 -4.417457020742469984e-04 1.108000000000000000e+03
4.448761117541747012e+02 1.206644059929446892e-04 3.517853268443180093e-08 -4.199291714100039045e-04 7.560000000000000000e+02
4.469343758523184533e+02 1.277443563198996405e-04 -1.166804324101822050e-06 -4.442428533140394572e-04 8.440000000000000000e+02
4.493013102792758104e+02 1.237177935344551272e-04 -1.330594029154336877e-06 -4.305043605325920182e-04 6.280000000000000000e+02
4.515989744176221734e+02 1.344130784084231211e-04 2.057540341242919209e-06 -4.718453013272214005e-04 4.050000000000000000e+02
4.533101867737696580e+02 1.340632715525666137e-04 2.872037540573753865e-06 -4.714563335125808679e-04 2.020000000000000000e+02
4.552338387398290820e+02 1.320971862762225209e-04 2.582966464703656089e-06 -4.645695175943227251e-04 2.280000000000000000e+02
4.576034578613840722e+02 1.003487218352811590e-04 5.902938817093299772e-07 -3.516050001199059354e-04 1.240000000000000000e+02
4.599517872444100703e+02 8.204079821491279433e-05 -1.465559016218103976e-07 -2.869329523673917054e-04 5.200000000000000000e+01
4.619205689144050666e+02 -2.273447628230959469e-05 -3.371255153536459814e-07 7.990919352278465378e-05 9.000000000000000000e+00
4.634281054380590490e+02 -2.095820384040341034e-05 3.433124808985922843e-07 7.300370076672377522e-05 4.000000000000000000e+00
