2.966547074898984615e+00 2.880589836055674091e+00 9.052962632767419526e-01 3.426620602592005405e+00 1.300000000000000000e+01
5.026374055021858744e+00 1.457398265635118983e+00 1.732699345420736503e-01 1.365386229343678703e+00 3.300000000000000000e+01
7.149300621522788113e+00 7.768861113914486971e-01 4.547469740541283667e-02 -6.692583375660152156e-02 7.900000000000000000e+01
9.278869254964254409e+00 5.099154546251039033e-01 4.631116685381441063e-03 -2.737007761541987438e-02 1.170000000000000000e+02
1.145033261934470126e+01 3.563282688837480783e-01 5.315924330423082642e-03 -1.048337647839792455e-02 2.050000000000000000e+02
1.349295587141915043e+01 2.502526495745334700e-01 -3.265216877421654468e-03 3.884318375344377600e-02 2.350000000000000000e+02
1.558905561191892986e+01 1.824423166305983723e-01 1.735438623997364455e-02 1.832790816499155900e-02 3.690000000000000000e+02
1.769408367255316961e+01 1.441700305001734350e-01 2.997157090822768870e-03 1.085550128068786362e-02 4.330000000000000000e+02
1.981787480313529670e+01 1.235440403037955659e-01 8.658573252986983063e-03 -2.871513945934006488e-03 5.850000000000000000e+02
2.192074938196263645e+01 1.121444662793426167e-01 6.854738280088154036e-03 3.716930031058403913e-03 6.790000000000000000e+02
2.398877635566245203e+01 9.757323297444100985e-02 9.050153544901545777e-03 -4.412410159350031724e-03 8.130000000000000000e+02
2.609286971896115759e+01 8.477706386013195150e-02 4.793434387238907669e-03 8.146357048841259066e-03 9.850000000000000000e+02
2.823466315278179550e+01 7.525294173549865184e-02 7.483773435765447152e-03 1.758080757298579114e-02 1.183000000000000000e+03
3.032284873509123102e+01 6.866499660059657839e-02 6.939123831335922143e-03 9.232047471190437532e-03 1.269000000000000000e+03
3.240263258943403457e+01 6.356854970201923638e-02 4.780480832877467660e-03 6.277643381147837319e-04 1.537000000000000000e+03
3.449210129864554375e+01 5.749038130195199131e-02 5.163046529843657792e-03 5.382053413612987100e-03 1.653000000000000000e+03
3.658588147515196454e+01 5.224614634612392144e-02 4.124028249118315455e-03 7.135171265994294347e-03 1.963000000000000000e+03
3.868476949266977272e+01 4.853257529158094830e-02 3.645989554790455417e-03 4.435858210283032295e-03 2.121000000000000000e+03
4.078898888458283523e+01 4.592700251099130632e-02 4.236854940296615711e-03 3.049257413148884341e-04 2.413000000000000000e+03
4.289390876967645738e+01 4.327145497975434796e-02 3.830134242589125666e-03 -1.334021715254227712e-03 2.635000000000000000e+03
4.498336005546935468e+01 3.950430238659202731e-02 4.314858182184283693e-03 4.213938939782859577e-03 2.877000000000000000e+03
4.706498529473824988e+01 3.643055211020757023e-02 4.519973991289540950e-03 3.120684141837932763e-03 3.169000000000000000e+03
4.917111919158227096e+01 3.426756025021487906e-02 3.669706369654190080e-03 3.214805247676342376e-03 3.507000000000000000e+03
5.126216914174227668e+01 3.266459860013298799e-02 3.457827297030715251e-03 3.839063940081969390e-04 3.685000000000000000e+03
5.335525146837034072e+01 3.078907562607207174e-02 3.394950180592457966e-03 1.254422113000183258e-03 4.165000000000000000e+03
5.546637228956934251e+01 2.930951146798874141e-02 2.778970759243701294e-03 2.433882623212726710e-03 4.377000000000000000e+03
5.757318819254808773e+01 2.754013205091899660e-02 2.388891868720311156e-03 2.047406824667947090e-03 4.855000000000000000e+03
5.965884044590281121e+01 2.653602347317361720e-02 1.999390281839892331e-03 3.020375556037384161e-03 4.929000000000000000e+03
6.174512302159506305e+01 2.546658196157240012e-02 1.806108995708378441e-03 9.233077871186219643e-04 5.581000000000000000e+03
6.382689291137189969e+01 2.424567909839223101e-02 1.995554272936460403e-03 2.350081389891089424e-03 5.679000000000000000e+03
6.592966228838450604e+01 2.294595323857561223e-02 1.606951136396058419e-03 2.734017019090647076e-03 6.385000000000000000e+03
6.803125784825746791e+01 2.191646115843078405e-02 1.158757561037546341e-03 4.367961003477881243e-03 6.553000000000000000e+03
7.013131008699485847e+01 2.113031805243423961e-02 1.284139650329793169e-03 3.401150599225244864e-03 7.125000000000000000e+03
7.223032366074338029e+01 2.045155261311092099e-02 9.735391262171072318e-04 2.054749693536649362e-03 7.447000000000000000e+03
7.432334270720505742e+01 1.972351144310600241e-02 1.109453257029545479e-03 1.862188920486684352e-03 7.929000000000000000e+03
7.642066756954473306e+01 1.903371023113072449e-02 7.491638936922807249e-04 2.009202308090482243e-03 8.353000000000000000e+03
7.850471694556040347e+01 1.820196397219159615e-02 7.575416877344977448e-04 2.765375427819649970e-03 8.775000000000000000e+03
8.059701946059529121e+01 1.770456287093378003e-02 4.933758535815698995e-04 2.711267020305742608e-03 9.313000000000000000e+03
8.269521798132063850e+01 1.702145751122937506e-02 7.018901180505227435e-04 1.690402938699230029e-03 9.841000000000000000e+03
8.478307522909847194e+01 1.638633583314341724e-02 6.452471033367476305e-04 2.636537622372599199e-03 1.019100000000000000e+04
8.687780839616016237e+01 1.562648694387636095e-02 4.487222317832977188e-04 2.415476825636258314e-03 1.089700000000000000e+04
8.897524569656535220e+01 1.496367271595098157e-02 3.215346328024593059e-04 2.539121810756367077e-03 1.130100000000000000e+04
9.108077810470518898e+01 1.444713161970225500e-02 2.771132759718364217e-04 2.579681981222325948e-03 1.202500000000000000e+04
9.318432266948052245e+01 1.405795779289206564e-02 1.966728522935402715e-04 1.600815730055369030e-03 1.242300000000000000e+04
9.527887641048309320e+01 1.352451130654585242e-02 8.259885930776220543e-05 1.226028145233827669e-03 1.302100000000000000e+04
9.736254237981037818e+01 1.302050566253491921e-02 -5.605387281813046754e-05 1.368199715830332574e-03 1.340500000000000000e+04
9.944832814799407572e+01 1.250637209850273372e-02 -1.548070261925697300e-04 1.614536567796481890e-03 1.424700000000000000e+04
1.015460879802399035e+02 1.203183674614543945e-02 -1.852432343365271268e-04 1.241609324510868119e-03 1.471300000000000000e+04
1.036426375667732316e+02 1.158563625813552843e-02 -1.068980526132271350e-04 9.617455662656914164e-04 1.548900000000000000e+04
1.057389390539465950e+02 1.116059733488764319e-02 -2.142308731927613293e-04 1.259207410951744890e-03 1.591300000000000000e+04
1.078395855981474227e+02 1.067315991102225914e-02 -1.150046666173616515e-04 1.291834901066026432e-03 1.687900000000000000e+04
1.099389405850131709e+02 1.026686741049900355e-02 -1.571552848376183580e-04 1.355233387834474347e-03 1.719300000000000000e+04
1.120392143152385387e+02 9.948259271273603502e-03 -1.633191020540776582e-04 8.678994617823262373e-04 1.815700000000000000e+04
1.141233458569757744e+02 9.678977462898788811e-03 -9.676800259984120599e-05 7.440111683014738204e-04 1.833900000000000000e+04
1.162159397555423084e+02 9.424214690464532973e-03 -1.050310197535129304e-04 7.015196303980547783e-04 1.957300000000000000e+04
1.183137204803772420e+02 9.035842436347125625e-03 -9.482520868489635005e-05 7.566468697215113139e-04 1.994100000000000000e+04
1.203972311807013256e+02 8.687123752110595745e-03 -1.014392223853053398e-05 1.129788905368374731e-03 2.062900000000000000e+04
1.224922363187857286e+02 8.402803102018891954e-03 -8.104811291842283928e-06 6.010560807027919830e-04 2.165500000000000000e+04
1.245882598425863534e+02 8.200699930793033457e-03 1.129946837559311124e-05 6.988340153606287415e-04 2.211300000000000000e+04
1.266884677158377315e+02 7.919077510090161143e-03 4.468525710001113803e-05 4.571020747021669532e-04 2.318500000000000000e+04
1.287846620419940962e+02 7.616907354316648955e-03 9.093047212838952344e-05 7.255839970780179372e-04 2.366700000000000000e+04
1.308713393788149801e+02 7.358835358341159899e-03 1.341097816957246560e-04 6.402579956577122890e-04 2.438500000000000000e+04
1.329754833440644575e+02 7.209998954906336743e-03 1.426825134184937956e-04 3.855047231065922915e-04 2.574900000000000000e+04
1.350691081525609434e+02 7.047507890663415146e-03 1.214719218244023096e-04 1.655904133703313104e-04 2.567500000000000000e+04
1.371638825856825576e+02 6.836730510882777986e-03 9.945198133871095616e-05 1.394122013064155740e-04 2.740900000000000000e+04
1.392604757372163533e+02 6.582960556883198089e-03 1.506470316879707520e-04 3.841744692425204215e-04 2.740500000000000000e+04
1.413466882908376760e+02 6.360535216842197470e-03 1.534476663814894550e-04 2.653405672331270908e-04 2.871700000000000000e+04
1.434475230090064031e+02 6.213060001137827963e-03 1.772483753785972596e-04 1.332789941592799575e-04 2.959500000000000000e+04
1.455452853418541679e+02 6.052746493314124267e-03 1.439766415836761656e-04 1.209016665861144718e-04 3.030100000000000000e+04
1.476332061073587738e+02 5.898319961708093327e-03 1.231012406502202637e-04 1.208149540852972024e-04 3.110100000000000000e+04
1.497211472843286231e+02 5.674926969478295662e-03 1.775709570807907278e-04 2.612122000390817742e-05 3.202300000000000000e+04
1.518138048751577287e+02 5.549162887782024822e-03 1.505150020528314475e-04 1.046352725821291809e-04 3.297700000000000000e+04
1.539211490100352648e+02 5.426038158403287230e-03 1.762434873528047590e-04 -2.724592882507117464e-05 3.444900000000000000e+04
1.560214747341236716e+02 5.331100011913982029e-03 9.823143182181962333e-05 -7.555501161922060453e-05 3.454900000000000000e+04
1.581161747588121784e+02 5.156560849000214886e-03 1.285809652828121972e-04 -6.503618517021069964e-05 3.611100000000000000e+04
1.602118712271799836e+02 4.985278375633232090e-03 1.312137398605604636e-04 1.312698907366487394e-04 3.654100000000000000e+04
1.623006419462898862e+02 4.842696455761684969e-03 1.748177013242248670e-04 8.204400432374267397e-05 3.771700000000000000e+04
1.643899033199985240e+02 4.754424268829124042e-03 1.512909198717780023e-04 -1.100554908769741080e-04 3.861900000000000000e+04
1.664835582381511756e+02 4.658792605989369937e-03 1.471341849515775358e-04 -1.008199538051321367e-04 3.966100000000000000e+04
1.685719683778473552e+02 4.516457166228577541e-03 1.842662404159951231e-04 -5.104078626709692806e-05 4.054500000000000000e+04
1.706641332089364766e+02 4.397538116109152122e-03 1.740029662263348686e-04 1.251027326520661611e-05 4.181500000000000000e+04
1.727708699256135390e+02 4.302066576088782804e-03 1.600172118439038653e-04 -1.017463627191285479e-04 4.312500000000000000e+04
1.748696546009699659e+02 4.227036578396676028e-03 1.710126023392943904e-04 -1.940550800877987496e-04 4.368100000000000000e+04
1.769585769494445344e+02 4.127333554715874320e-03 1.496257116708962233e-04 -2.378342003327833484e-04 4.462900000000000000e+04
1.790524509315575301e+02 4.002987841881842403e-03 1.602211662077085625e-04 -1.528716912902686881e-04 4.622700000000000000e+04
1.811526521261263554e+02 3.890567144328897949e-03 1.616579436682374113e-04 -9.256900883284060132e-05 4.690900000000000000e+04
1.832476884130738881e+02 3.806146150742799588e-03 1.616828145676068760e-04 -1.785682051104207967e-04 4.823700000000000000e+04
1.853312475833926101e+02 3.744325269330799587e-03 1.513222253701441359e-04 -2.032693073879815319e-04 4.858300000000000000e+04
1.874284892203218931e+02 3.664448153259506485e-03 1.630266871502958727e-04 -2.960725698369308769e-04 5.099700000000000000e+04
1.895337179075755216e+02 3.564650454526838413e-03 1.666678712312619475e-04 -2.670200010474564753e-04 5.139700000000000000e+04
1.916268196474026126e+02 3.485263697996260346e-03 1.379056358481279090e-04 -2.303836786805486293e-04 5.248900000000000000e+04
1.937183403446852878e+02 3.413914617825607612e-03 1.597636323391711727e-04 -2.606352924615575766e-04 5.378700000000000000e+04
1.958131498886989164e+02 3.353841640434874604e-03 1.395324964588784476e-04 -3.502321647431541943e-04 5.491300000000000000e+04
1.979058740098966211e+02 3.267472077998568539e-03 1.438856409605543895e-04 -3.425582505035841530e-04 5.597700000000000000e+04
1.999990651597893816e+02 3.172207245529823274e-03 1.459759302619605191e-04 -2.681383670706599057e-04 5.741500000000000000e+04
2.020893038374759101e+02 3.098180224983134844e-03 1.298199255875773521e-04 -2.939441267221378049e-04 5.810500000000000000e+04
2.041823192148177952e+02 3.033993254121912335e-03 1.335454022233736361e-04 -3.974040113119845711e-04 6.003300000000000000e+04
2.062825911013838152e+02 2.973514831821189638e-03 1.221132053736755595e-04 -4.331940839052771217e-04 6.094900000000000000e+04
2.083770189145966185e+02 2.904730031865543523e-03 1.331571981763970177e-04 -4.358972976541736384e-04 6.223500000000000000e+04
2.104675816794403431e+02 2.824965539045543473e-03 1.100310115736674842e-04 -4.515155939754074768e-04 6.322900000000000000e+04
2.125667854244018145e+02 2.759585597275062904e-03 9.196127656063829143e-05 -4.514588548013199641e-04 6.513300000000000000e+04
2.146619261104851830e+02 2.697632079757176279e-03 9.060009266411687848e-05 -5.017538715889544032e-04 6.570700000000000000e+04
2.167561805722037036e+02 2.632562657934046403e-03 8.374591294911168642e-05 -5.110512895795611731e-04 6.756100000000000000e+04
2.188528705899679210e+02 2.553952277629511353e-03 7.304540071444616544e-05 -5.490305743839857342e-04 6.850500000000000000e+04
2.209456427453084473e+02 2.482238882815005019e-03 5.066889098934933391e-05 -4.977395933138923463e-04 6.994300000000000000e+04
2.230395148320731096e+02 2.420229434216896250e-03 4.238583288354178593e-05 -5.430567711015968401e-04 7.109700000000000000e+04
2.251356732858534997e+02 2.358161842418277608e-03 1.568650071892152773e-05 -5.903318192871389279e-04 7.302100000000000000e+04
2.272278504864401327e+02 2.311241989702786642e-03 -5.252467218335704133e-06 -6.086346257384862412e-04 7.331700000000000000e+04
2.293197511287232544e+02 2.236310150964141829e-03 -4.435766784273281365e-06 -6.699047220915330808e-04 7.579900000000000000e+04
2.314114772346510165e+02 2.166185716116831791e-03 -3.784641132174483563e-05 -5.969503034934588344e-04 7.602100000000000000e+04
2.335058467478245632e+02 2.102549512756888162e-03 -5.739156235766384691e-05 -6.058381735802080776e-04 7.875300000000000000e+04
2.356041652202905539e+02 2.049532374750019387e-03 -7.487157727727725880e-05 -6.598870040781587695e-04 7.929100000000000000e+04
2.377006336558306998e+02 1.984523952144268133e-03 -9.322441006986516342e-05 -6.724121527582516307e-04 8.112900000000000000e+04
2.397972750390475198e+02 1.921232368294121693e-03 -1.074518499987864832e-04 -6.716340939208429459e-04 8.244100000000000000e+04
2.418944602532704096e+02 1.852079753537524227e-03 -1.256644875754688994e-04 -6.274948867524478714e-04 8.394900000000000000e+04
2.439884227569783093e+02 1.801742190145801288e-03 -1.483577956644937124e-04 -6.987718397269589155e-04 8.512300000000000000e+04
2.460835996828307373e+02 1.754051499632533441e-03 -1.706963508273393949e-04 -6.890817658435953799e-04 8.692900000000000000e+04
2.481755280705312146e+02 1.703708393670611476e-03 -1.866220765059317199e-04 -7.230489197045303134e-04 8.778900000000000000e+04
2.502623700647570217e+02 1.640123758363232513e-03 -2.060612021982256696e-04 -6.819126051433801886e-04 8.962300000000000000e+04
2.523586155105348325e+02 1.582859774485905141e-03 -2.307297299293400810e-04 -6.754913876782332261e-04 9.134100000000000000e+04
2.544547077866985489e+02 1.532829462554506075e-03 -2.456581817627149036e-04 -6.642925280618642301e-04 9.284500000000000000e+04
2.565487653287422063e+02 1.488279028091616827e-03 -2.716239236994840052e-04 -6.539436755664821332e-04 9.408700000000000000e+04
2.586464955058470991e+02 1.443101342585052793e-03 -2.881577839714970809e-04 -6.629870145012296172e-04 9.633300000000000000e+04
2.607443047329861656e+02 1.388627975487699215e-03 -3.033142556263219254e-04 -6.095167338713330029e-04 9.724900000000000000e+04
2.628438312173413465e+02 1.348698405367056499e-03 -3.269275896384095728e-04 -5.923953689797874884e-04 9.950100000000000000e+04
2.649298855659840228e+02 1.311898511947801353e-03 -3.477089088393415790e-04 -5.790407902596724377e-04 9.928300000000000000e+04
2.670163698864117805e+02 1.278536694612848615e-03 -3.586388230986948243e-04 -5.723294691339574861e-04 1.025370000000000000e+05
2.691120556714307668e+02 1.245730345510773435e-03 -3.731612060504999051e-04 -5.893205815965646931e-04 1.022830000000000000e+05
2.712074998348403483e+02 1.205269709615247337e-03 -3.725085599876988085e-04 -6.546885049830909915e-04 1.021060000000000000e+05
2.733050116933233653e+02 1.167538825769286800e-03 -3.665376377566457295e-04 -7.138228030727555634e-04 1.007340000000000000e+05
2.753977295572417461e+02 1.140546660209668713e-03 -3.603456094962869706e-04 -8.080462858416369082e-04 9.999400000000000000e+04
2.774958294534935703e+02 1.110896102300943863e-03 -3.579983181590214235e-04 -8.649480130644025735e-04 9.936000000000000000e+04
2.795977707949222122e+02 1.082751834697026194e-03 -3.503926062892468232e-04 -9.220671251194348253e-04 9.860800000000000000e+04
2.816862895118986785e+02 1.051714629810125961e-03 -3.478402397688777972e-04 -9.523156706293175056e-04 9.625200000000000000e+04
2.837743515740906446e+02 1.019856858110162762e-03 -3.347576440181711287e-04 -9.986510300974218730e-04 9.640000000000000000e+04
2.858713251310674650e+02 9.948055771874637042e-04 -3.270307101817544054e-04 -1.034246414990937831e-03 9.539800000000000000e+04
2.879670932628575883e+02 9.714402880202850947e-04 -3.247864219918886750e-04 -1.068911728973533310e-03 9.402000000000000000e+04
2.900590582015512382e+02 9.425366309748925637e-04 -3.105097535124333214e-04 -1.096538265168813106e-03 9.316000000000000000e+04
2.921519201901450060e+02 9.115876436717176498e-04 -3.078554969046422697e-04 -1.088511614396148229e-03 9.177600000000000000e+04
2.942485935102203030e+02 8.866335552642881689e-04 -3.000882508358065567e-04 -1.092191254721805015e-03 9.137800000000000000e+04
2.963426645133968691e+02 8.613580861286918543e-04 -2.884493418053762416e-04 -1.110464986380315993e-03 8.949000000000000000e+04
2.984329904966970162e+02 8.395923077757960675e-04 -2.723392921784871024e-04 -1.139390387466017278e-03 8.845000000000000000e+04
3.005290481640043367e+02 8.151280145210770822e-04 -2.622300436647056554e-04 -1.138867171257092062e-03 8.794600000000000000e+04
3.026245947235937592e+02 7.956053724646098375e-04 -2.605178407802854947e-04 -1.124409028448010266e-03 8.575200000000000000e+04
3.047205651109674704e+02 7.700202771446021388e-04 -2.413992012571789967e-04 -1.130888771673141651e-03 8.574400000000000000e+04
3.068167457111920839e+02 7.515601850786914886e-04 -2.331571489540899789e-04 -1.142692999582887222e-03 8.322000000000000000e+04
3.089118625384018060e+02 7.337282609711781589e-04 -2.263515621114422062e-04 -1.136408171378664074e-03 8.302000000000000000e+04
3.110099981664167785e+02 7.141448359031238443e-04 -2.211467382623491756e-04 -1.123872625492575205e-03 8.106400000000000000e+04
3.131040997612852266e+02 6.892613244285415806e-04 -2.097914370687566457e-04 -1.101295646790921567e-03 7.983000000000000000e+04
3.151936712677708670e+02 6.677783902938441750e-04 -1.929205969326423841e-04 -1.095116350964717936e-03 7.823800000000000000e+04
3.172858841403398173e+02 6.563790780031091921e-04 -1.870855347120312735e-04 -1.104077534515486743e-03 7.715400000000000000e+04
3.193772099476266817e+02 6.382226582436017993e-04 -1.773958332400956328e-04 -1.089459723909349219e-03 7.546600000000000000e+04
3.214753775151562536e+02 6.247923719131604154e-04 -1.743191124769390675e-04 -1.080320108087926695e-03 7.480200000000000000e+04
3.235746879206847666e+02 6.077082595852181107e-04 -1.667133434037010927e-04 -1.068650449781808351e-03 7.258000000000000000e+04
3.256647237020029024e+02 5.964152454174032926e-04 -1.610041726462279807e-04 -1.060321008156265296e-03 7.133800000000000000e+04
3.277571324083919535e+02 5.835059028715918394e-04 -1.613551233141771095e-04 -1.047908606467315993e-03 6.964200000000000000e+04
3.298487111637800240e+02 5.647815368001510815e-04 -1.473854583283063370e-04 -1.031228309221752073e-03 6.832600000000000000e+04
3.319433744068021497e+02 5.527696592993629806e-04 -1.465647545825735239e-04 -1.017359828784771296e-03 6.674400000000000000e+04
3.340422322988853239e+02 5.399249000257936963e-04 -1.397419218017536104e-04 -9.957885058620729885e-04 6.533800000000000000e+04
3.361307892565458246e+02 5.296934951422648885e-04 -1.327045796678182304e-04 -9.906953732472687998e-04 6.315600000000000000e+04
3.382251120895489294e+02 5.193593161624798218e-04 -1.302508977899365452e-04 -9.799283996499209316e-04 6.214000000000000000e+04
3.403264013195363304e+02 5.061578337668292587e-04 -1.287444643558430290e-04 -9.534070225424974652e-04 6.051400000000000000e+04
3.424148842577288860e+02 4.987348310822124070e-04 -1.243032303326282745e-04 -9.546185970430240289e-04 5.799000000000000000e+04
3.445099495577244397e+02 4.899426393950884629e-04 -1.233538231243422691e-04 -9.391205408783888375e-04 5.742400000000000000e+04
3.466144105402300397e+02 4.829811981881420614e-04 -1.257667819953894514e-04 -9.282351677058666827e-04 5.518200000000000000e+04
3.487067496858389859e+02 4.721964680047773238e-04 -1.233846864899620270e-04 -9.112771744358612053e-04 5.306800000000000000e+04
3.507912540595516475e+02 4.654095804300212823e-04 -1.183861342222017544e-04 -9.012079449539355273e-04 5.152800000000000000e+04
3.528807167895711814e+02 4.595421911561170980e-04 -1.183587604421696907e-04 -8.999636959588888695e-04 4.954600000000000000e+04
3.549828487415276754e+02 4.506684891055135660e-04 -1.149824522433213689e-04 -8.802784740745677600e-04 4.846600000000000000e+04
3.570768480370360862e+02 4.435984196114093302e-04 -1.127073652777697864e-04 -8.777251390673625414e-04 4.566600000000000000e+04
3.591652111747225717e+02 4.370780424809853960e-04 -1.106942205711227621e-04 -8.680662578630901670e-04 4.423000000000000000e+04
3.612627896178847777e+02 4.343258748263047675e-04 -1.091214036157374585e-04 -8.756986506404100968e-04 4.254000000000000000e+04
3.633645820428338880e+02 4.315511706107740594e-04 -1.150519004133624074e-04 -8.761226858663512468e-04 4.022200000000000000e+04
3.654527365610065885e+02 4.294982565740789317e-04 -1.171166752437269488e-04 -8.663997571465903349e-04 3.842200000000000000e+04
3.675441472124314259e+02 4.231368003540920378e-04 -1.111075998389849794e-04 -8.809204389295734487e-04 3.624600000000000000e+04
3.696396280380744201e+02 4.131618211595583165e-04 -1.055758483705923281e-04 -8.658355794345503828e-04 3.455200000000000000e+04
3.717297223820279441e+02 4.040697621352770988e-04 -9.861690829058364762e-05 -8.768022586013760836e-04 3.213600000000000000e+04
3.738176974939287902e+02 4.036968285140421411e-04 -1.017810834238486059e-04 -8.865686519692164745e-04 3.029200000000000000e+04
3.759110996783247174e+02 3.945178587195364954e-04 -8.302995373005523847e-05 -9.221763381139302202e-04 2.830200000000000000e+04
3.780081394014102898e+02 3.902481494678403887e-04 -7.860249878751269376e-05 -9.432177414282653461e-04 2.605600000000000000e+04
3.801051557582653118e+02 3.737541573206506606e-04 -6.675527005408565470e-05 -9.489498541811047924e-04 2.421100000000000000e+04
3.821955053587425937e+02 3.592045634323875634e-04 -6.379066540435856354e-05 -9.415216014191412275e-04 2.220600000000000000e+04
3.842862749912937943e+02 3.508008879579783208e-04 -5.521757540860282174e-05 -9.509506423189164736e-04 2.088400000000000000e+04
3.863841918340856409e+02 3.433602372179545546e-04 -3.595495650800351419e-05 -9.754600678969534014e-04 1.939200000000000000e+04
3.884771734501698006e+02 3.448961767535873245e-04 -3.781321057005835711e-05 -9.911539600395054012e-04 1.805800000000000000e+04
3.905623371605522607e+02 3.427966037371305225e-04 -4.279321669689334118e-05 -9.931634834274582525e-04 1.674600000000000000e+04
3.926667500119167471e+02 3.351413561161368593e-04 -4.012403690027796266e-05 -9.861344862417565499e-04 1.589800000000000000e+04
3.947778557744774162e+02 3.355303526263927745e-04 -4.404377978407103257e-05 -9.860175354254984825e-04 1.457800000000000000e+04
3.968631060462392952e+02 3.311453470028895589e-04 -4.146048324515827808e-05 -9.844561999106417327e-04 1.344300000000000000e+04
3.989413219049817485e+02 3.191419893341160947e-04 -3.442962217185069964e-05 -9.693026398373445762e-04 1.251100000000000000e+04
4.010572258526528344e+02 3.079204977066068777e-04 -3.155703120581474321e-05 -9.491839958227207613e-04 1.191900000000000000e+04
4.031656962107319373e+02 2.994383419904711680e-04 -2.799754983199265914e-05 -9.347148781543346318e-04 1.063900000000000000e+04
4.052249146637423678e+02 2.986516567804702710e-04 -2.999611545597916044e-05 -9.359010531607922252e-04 9.775000000000000000e+03
4.073276634718891387e+02 3.038917333947559305e-04 -3.074341539154622688e-05 -9.572657346070241949e-04 9.423000000000000000e+03
4.094593776408451049e+02 3.064781431436511229e-04 -2.656952498746578131e-05 -9.784848809751512874e-04 8.449000000000000000e+03
4.115405539130957777e+02 3.053372930209949810e-04 -2.561916949903348477e-05 -9.821221643046601415e-04 7.596000000000000000e+03
4.135894252671187132e+02 3.131214127133150472e-04 -3.240200696669416131e-05 -1.002216755599496818e-03 6.931000000000000000e+03
4.156930049049321951e+02 3.055125074969529072e-04 -3.089051583596636640e-05 -9.853864872829212491e-04 6.612000000000000000e+03
4.178272827209258367e+02 2.970290762225701172e-04 -2.660713955160800594e-05 -9.678191532674479663e-04 5.899000000000000000e+03
4.199082037741286513e+02 2.879666630081924154e-04 -2.228414617801257106e-05 -9.468771947653992780e-04 5.176000000000000000e+03
4.219826095167229028e+02 2.864000581648019363e-04 -2.126779457857947168e-05 -9.462159955691514576e-04 4.824000000000000000e+03
4.241028763136273483e+02 2.901873700052194074e-04 -1.676082190276776733e-05 -9.690745004139037812e-04 4.312000000000000000e+03
4.262107721966358440e+02 2.954258774768021411e-04 -1.442055243451986613e-05 -9.915588594827243803e-04 3.819000000000000000e+03
4.282460731868927724e+02 3.045909282586868041e-04 -1.504992089412335540e-05 -1.025734568948207708e-03 3.220000000000000000e+03
4.303287648834323136e+02 3.064713106230416116e-04 -1.543545720136292728e-05 -1.035484921877745726e-03 3.132000000000000000e+03
4.325172248853483552e+02 3.097615416621671367e-04 -1.273719921377273312e-05 -1.053292658508389471e-03 2.680000000000000000e+03
4.346325070601815810e+02 3.023801762238877925e-04 -1.040100817990067147e-05 -1.032810855642387997e-03 2.218000000000000000e+03
4.365567227659553851e+02 3.001306907881876799e-04 -6.710207884842364894e-06 -1.030430415968637287e-03 1.728000000000000000e+03
4.386277159174848634e+02 3.010035794452168428e-04 -3.891052950030856251e-06 -1.040391639114980225e-03 1.816000000000000000e+03
4.409019266196692683e+02 3.087470602069318916e-04 -4.625688708047656339e-06 -1.067621132642064584e-03 1.476000000000000000e+03
4.430735479208619836e+02 3.291559454348603662e-04 -5.469139391020489863e-06 -1.139066539806153980e-03 1.108000000000000000e+03
4.448761117541747012e+02 3.461328050262332551e-04 -1.111977886145311615e-06 -1.202936360823159698e-03 7.560000000000000000e+02
4.469343758523184533e+02 3.462531135106914943e-04 -9.953097091455041005e-08 -1.207174384141921925e-03 8.440000000000000000e+02
4.493013102792758104e+02 3.725159177461570851e-04 -3.719384654242888754e-06 -1.295878394056627697e-03 6.280000000000000000e+02
4.515989744176221734e+02 4.185753628241866255e-04 -3.181128177751385096e-06 -1.458921896791831509e-03 4.050000000000000000e+02
4.533101867737696580e+02 4.385756491052126898e-04 -5.283709257095924715e-06 -1.526193468394331258e-03 2.020000000000000000e+02
4.552338387398290820e+02 4.278670295810725784e-04 -1.379841027421603628e-06 -1.494410057524505611e-03 2.280000000000000000e+02
4.576034578613840722e+02 4.380002937316584293e-04 -1.127682203291152270e-06 -1.530889566371451812e-03 1.240000000000000000e+02
4.599517872444100703e+02 5.176778397756370744e-04 6.149416738040070683e-07 -1.812015582756970004e-03 5.200000000000000000e+01
4.619205689144050666e+02 5.796505332128921561e-04 -7.352596265183447245e-07 -2.027770683066239775e-03 9.000000000000000000e+00
4.634281054380590490e+02 6.556827749667354117e-04 2.591609198006381447e-07 -2.295046430704759857e-03 4.000000000000000000e+00
