2.966547074898984615e+00 4.672187195355520295e+00 7.619211707733222205e-01 2.452250723128763354e+00 1.300000000000000000e+01
5.026374055021858744e+00 3.351928884063559710e+00 8.247062364836254406e-03 2.022312711875036140e+00 3.300000000000000000e+01
7.149300621522788113e+00 2.281478375656723401e+00 4.539778868134494022e-02 -5.026875929033077783e-01 7.900000000000000000e+01
9.278869254964254409e+00 1.850606457763806834e+00 -5.138936766722509986e-02 -3.696432764564871465e-01 1.170000000000000000e+02
1.145033261934470126e+01 1.582649836069868421e+00 -4.189869457948515452e-02 -2.241300953885912439e-01 2.050000000000000000e+02
1.349295587141915043e+01 1.302782581504336568e+00 -1.399570776109596293e-01 -1.065782730895942915e-02 2.350000000000000000e+02
1.558905561191892986e+01 1.071302685867225213e+00 3.466909319579136815e-03 -3.891031760394031425e-02 3.690000000000000000e+02
1.769408367255316961e+01 9.198261976468030676e-01 -9.443174210847556094e-02 -6.117483232025098389e-02 4.330000000000000000e+02
1.981787480313529670e+01 8.289311772507502729e-01 -5.975585867662022016e-02 -8.304953063828297843e-02 5.850000000000000000e+02
2.192074938196263645e+01 7.726559637818823933e-01 -9.942565181895962612e-02 1.485777938223999464e-02 6.790000000000000000e+02
2.398877635566245203e+01 6.865317323800056437e-01 -7.762820994050963208e-02 -5.662052467539763212e-02 8.130000000000000000e+02
2.609286971896115759e+01 6.072074279471044722e-01 -1.153699867176467553e-01 4.019712377366450179e-02 9.850000000000000000e+02
2.823466315278179550e+01 5.411160137759175592e-01 -8.574244180663090353e-02 9.692824284825689307e-02 1.183000000000000000e+03
3.032284873509123102e+01 4.916683660616912865e-01 -6.241167219631620772e-02 4.854217623253689884e-02 1.269000000000000000e+03
3.240263258943403457e+01 4.554556555065037982e-01 -7.243143940708103579e-02 -9.035417822544907634e-03 1.537000000000000000e+03
3.449210129864554375e+01 4.133918481962641778e-01 -5.436017253823680756e-02 9.153077034009696883e-03 1.653000000000000000e+03
3.658588147515196454e+01 3.794951370186226414e-01 -5.424177440605711803e-02 3.057824509932468085e-02 1.963000000000000000e+03
3.868476949266977272e+01 3.525064334790051213e-01 -5.110670121317049952e-02 1.701827559501312842e-02 2.121000000000000000e+03
4.078898888458283523e+01 3.330563551895009411e-01 -4.775409847101836497e-02 -2.974393158553115171e-03 2.413000000000000000e+03
4.289390876967645738e+01 3.142681579125132241e-01 -5.377309950131641675e-02 -7.876972728358386938e-03 2.635000000000000000e+03
4.498336005546935468e+01 2.879455955659512290e-01 -5.136759131454650407e-02 2.949687106802204029e-02 2.877000000000000000e+03
4.706498529473824988e+01 2.672827396908893927e-01 -4.880355730550111487e-02 1.832109191528369027e-02 3.169000000000000000e+03
4.917111919158227096e+01 2.517455281279676327e-01 -4.966314270191678898e-02 2.363579766275526739e-02 3.507000000000000000e+03
5.126216914174227668e+01 2.378988472220341377e-01 -4.569445207215920568e-02 2.629341998322188255e-03 3.685000000000000000e+03
5.335525146837034072e+01 2.232325175991554667e-01 -4.182370339630350764e-02 2.674869853654171514e-03 4.165000000000000000e+03
5.546637228956934251e+01 2.143699647927536645e-01 -3.988920095046490782e-02 8.551984927253152404e-04 4.377000000000000000e+03
5.757318819254808773e+01 2.028990438709886157e-01 -4.046628474490941013e-02 -5.488220604786334979e-03 4.855000000000000000e+03
5.965884044590281121e+01 1.956585939229850968e-01 -4.251261123086010757e-02 -1.550754084844951702e-03 4.929000000000000000e+03
6.174512302159506305e+01 1.860029036594245400e-01 -3.964590830072105970e-02 -1.251267920475829243e-02 5.581000000000000000e+03
6.382689291137189969e+01 1.761596700576263663e-01 -3.614223955764261920e-02 -5.278116868865074737e-03 5.679000000000000000e+03
6.592966228838450604e+01 1.657342041996942017e-01 -3.698116811440393947e-02 -2.544820218404584991e-05 6.385000000000000000e+03
6.803125784825746791e+01 1.583886948795504568e-01 -3.986739769077832229e-02 1.280588700962691749e-02 6.553000000000000000e+03
7.013131008699485847e+01 1.510772917311786201e-01 -3.297959566932891218e-02 9.864743915403643981e-03 7.125000000000000000e+03
7.223032366074338029e+01 1.445026042022273249e-01 -3.407115040947330392e-02 3.657176230027085317e-03 7.447000000000000000e+03
7.432334270720505742e+01 1.392676465207754455e-01 -2.923938513591531688e-02 3.703324163618807764e-03 7.929000000000000000e+03
7.642066756954473306e+01 1.346796134270371315e-01 -3.005804361918915438e-02 5.237594294936849179e-03 8.353000000000000000e+03
7.850471694556040347e+01 1.279685960082580787e-01 -2.705206445708700086e-02 8.516617949270504848e-03 8.775000000000000000e+03
8.059701946059529121e+01 1.246323993937062946e-01 -2.844677351892915471e-02 1.093131611411128287e-02 9.313000000000000000e+03
8.269521798132063850e+01 1.184373871445667525e-01 -2.285710101638836755e-02 5.072967083150881420e-03 9.841000000000000000e+03
8.478307522909847194e+01 1.141517590763218570e-01 -2.209606939077209467e-02 1.054941428959999157e-02 1.019100000000000000e+04
8.687780839616016237e+01 1.091639107991866087e-01 -2.299330206207404401e-02 7.685499780719312266e-03 1.089700000000000000e+04
8.897524569656535220e+01 1.048980963321264198e-01 -2.195879139163505606e-02 9.263808805570702271e-03 1.130100000000000000e+04
9.108077810470518898e+01 1.005693408319012494e-01 -2.063541645708773589e-02 1.115429733270858863e-02 1.202500000000000000e+04
9.318432266948052245e+01 9.765899032789193690e-02 -2.127505915540497256e-02 6.328528043946528639e-03 1.242300000000000000e+04
9.527887641048309320e+01 9.366567999155231417e-02 -2.021329701005302598e-02 2.035827185238123921e-03 1.302100000000000000e+04
9.736254237981037818e+01 9.109451388543422790e-02 -2.104421891835725131e-02 3.550465613894597961e-03 1.340500000000000000e+04
9.944832814799407572e+01 8.803951153653079287e-02 -2.190762446752519965e-02 4.976845240714695279e-03 1.424700000000000000e+04
1.015460879802399035e+02 8.426228348962054582e-02 -2.042719196124216999e-02 3.390732490290392954e-03 1.471300000000000000e+04
1.036426375667732316e+02 8.112252089345313444e-02 -1.923613691791732985e-02 1.430256859615953264e-03 1.548900000000000000e+04
1.057389390539465950e+02 7.803847070569158717e-02 -1.917020635410452215e-02 3.304656005483243199e-03 1.591300000000000000e+04
1.078395855981474227e+02 7.482064334355624513e-02 -1.753360753841207847e-02 3.426461530120306163e-03 1.687900000000000000e+04
1.099389405850131709e+02 7.203036032190113236e-02 -1.745737074928801341e-02 3.265716579272696755e-03 1.719300000000000000e+04
1.120392143152385387e+02 6.997096054638743401e-02 -1.685645048060223361e-02 1.281417906958024064e-03 1.815700000000000000e+04
1.141233458569757744e+02 6.777442605800695907e-02 -1.616271396036725663e-02 1.144874784642305058e-03 1.833900000000000000e+04
1.162159397555423084e+02 6.639836087873272896e-02 -1.614586581232476878e-02 1.703595639789428923e-03 1.957300000000000000e+04
1.183137204803772420e+02 6.360144707987587520e-02 -1.452443448884989559e-02 2.063229938884914450e-03 1.994100000000000000e+04
1.203972311807013256e+02 6.126008539946727754e-02 -1.353892002705854407e-02 5.246918711741534354e-03 2.062900000000000000e+04
1.224922363187857286e+02 5.910887308752947600e-02 -1.304082386276928830e-02 2.959055605774277460e-03 2.165500000000000000e+04
1.245882598425863534e+02 5.760553453955481046e-02 -1.259132304910100773e-02 4.712398125970877413e-03 2.211300000000000000e+04
1.266884677158377315e+02 5.573797180474793223e-02 -1.165168318251878603e-02 2.966851164155291740e-03 2.318500000000000000e+04
1.287846620419940962e+02 5.361818224933064675e-02 -1.113732251343624476e-02 4.034580126796461635e-03 2.366700000000000000e+04
1.308713393788149801e+02 5.192404374656274524e-02 -1.014420556512100891e-02 3.869583662680582074e-03 2.438500000000000000e+04
1.329754833440644575e+02 5.071071199203486257e-02 -1.033182538510663863e-02 2.342378059723818334e-03 2.574900000000000000e+04
1.350691081525609434e+02 4.971273721607469276e-02 -1.030433211445014492e-02 1.290524253815333693e-03 2.567500000000000000e+04
1.371638825856825576e+02 4.823201036726595253e-02 -1.027583630373401363e-02 1.022525607600478000e-03 2.740900000000000000e+04
1.392604757372163533e+02 4.658242248438508593e-02 -9.924712656532896221e-03 2.395268677248247810e-03 2.740500000000000000e+04
1.413466882908376760e+02 4.494568259790224923e-02 -9.717624502456835914e-03 1.279594827767096188e-03 2.871700000000000000e+04
1.434475230090064031e+02 4.377312951047202666e-02 -9.562305405175651821e-03 6.901486138967863988e-04 2.959500000000000000e+04
1.455452853418541679e+02 4.248710947656470643e-02 -9.387556007899051230e-03 5.196684956673244989e-04 3.030100000000000000e+04
1.476332061073587738e+02 4.136584997862387258e-02 -9.492217092332588466e-03 7.108856821577682825e-04 3.110100000000000000e+04
1.497211472843286231e+02 3.968023753872292059e-02 -8.630120715280553342e-03 -6.068867688488555154e-04 3.202300000000000000e+04
1.518138048751577287e+02 3.878182032610016927e-02 -8.638729197178968838e-03 9.374795470009942780e-06 3.297700000000000000e+04
1.539211490100352648e+02 3.769029645454950034e-02 -7.951847343326958611e-03 -6.858842913181709697e-04 3.444900000000000000e+04
1.560214747341236716e+02 3.708956266480652186e-02 -8.378297619340299360e-03 -3.851630793986334997e-04 3.454900000000000000e+04
1.581161747588121784e+02 3.584262429036536718e-02 -7.537903125815081755e-03 -4.899932177789794027e-04 3.611100000000000000e+04
1.602118712271799836e+02 3.461238177222212414e-02 -7.689322219762546873e-03 1.059570446308093477e-03 3.654100000000000000e+04
1.623006419462898862e+02 3.364060552045454455e-02 -7.118250537859822230e-03 8.455282553735893672e-04 3.771700000000000000e+04
1.643899033199985240e+02 3.294482908820901140e-02 -7.114468946268071373e-03 -1.866698604343520617e-04 3.861900000000000000e+04
1.664835582381511756e+02 3.222995547338391303e-02 -7.027706927737978337e-03 -3.130038426023483119e-04 3.966100000000000000e+04
1.685719683778473552e+02 3.120510601097098088e-02 -6.571318376977051609e-03 -1.782229003487403212e-04 4.054500000000000000e+04
1.706641332089364766e+02 3.040010171760382934e-02 -6.561147394620530510e-03 -1.671132039168643350e-04 4.181500000000000000e+04
1.727708699256135390e+02 2.972129487435042419e-02 -6.322043523909337201e-03 -1.046293478667276611e-03 4.312500000000000000e+04
1.748696546009699659e+02 2.890164950864023211e-02 -6.063719694478855900e-03 -1.332583119479265922e-03 4.368100000000000000e+04
1.769585769494445344e+02 2.808964196688426909e-02 -6.076930477374949818e-03 -1.634639972119875063e-03 4.462900000000000000e+04
1.790524509315575301e+02 2.711022373570950647e-02 -5.891236634703217283e-03 -9.680095429879592098e-04 4.622700000000000000e+04
1.811526521261263554e+02 2.626518478472081655e-02 -5.828103503405355872e-03 -8.196230265832964461e-04 4.690900000000000000e+04
1.832476884130738881e+02 2.570504707646590475e-02 -5.868141447902737798e-03 -1.478986131225676652e-03 4.823700000000000000e+04
1.853312475833926101e+02 2.505291537246878003e-02 -5.932378418335652014e-03 -1.415907151212316860e-03 4.858300000000000000e+04
1.874284892203218931e+02 2.435687430842842227e-02 -5.667788546341934360e-03 -1.946548688727256417e-03 5.099700000000000000e+04
1.895337179075755216e+02 2.366290865673256749e-02 -5.538402940083072580e-03 -2.099486620850835820e-03 5.139700000000000000e+04
1.916268196474026126e+02 2.312743397686332913e-02 -5.650103745967176121e-03 -1.846460134298627195e-03 5.248900000000000000e+04
1.937183403446852878e+02 2.255682312173463294e-02 -5.320703648516689546e-03 -2.231659792983178674e-03 5.378700000000000000e+04
1.958131498886989164e+02 2.206004840754489243e-02 -5.298396454458492028e-03 -2.582060434749763704e-03 5.491300000000000000e+04
1.979058740098966211e+02 2.134790634314427671e-02 -4.949498769254937619e-03 -2.440392625223736060e-03 5.597700000000000000e+04
1.999990651597893816e+02 2.067830545795300984e-02 -4.878522517613287021e-03 -1.892087074511423052e-03 5.741500000000000000e+04
2.020893038374759101e+02 2.012784074522725244e-02 -4.890126925664151948e-03 -1.997949612205912866e-03 5.810500000000000000e+04
2.041823192148177952e+02 1.964867608198849272e-02 -4.683019501532504833e-03 -2.501243254789472722e-03 6.003300000000000000e+04
2.062825911013838152e+02 1.908489305966292252e-02 -4.643237779144512509e-03 -2.393829240219635078e-03 6.094900000000000000e+04
2.083770189145966185e+02 1.851699726443332278e-02 -4.376588554102004563e-03 -2.225980345047809568e-03 6.223500000000000000e+04
2.104675816794403431e+02 1.800244244169697111e-02 -4.338189965205158961e-03 -2.412095917769035199e-03 6.322900000000000000e+04
2.125667854244018145e+02 1.751232292025723877e-02 -4.346914763897364101e-03 -2.410916859550464586e-03 6.513300000000000000e+04
2.146619261104851830e+02 1.701809745755787640e-02 -4.280314453662891448e-03 -2.696986217776203062e-03 6.570700000000000000e+04
2.167561805722037036e+02 1.641602026782440146e-02 -4.141003916800803548e-03 -2.803859976648272797e-03 6.756100000000000000e+04
2.188528705899679210e+02 1.583992113825362369e-02 -4.128757121788819741e-03 -2.869095389923652720e-03 6.850500000000000000e+04
2.209456427453084473e+02 1.533804393622189254e-02 -4.214124741579409507e-03 -2.684670781154903027e-03 6.994300000000000000e+04
2.230395148320731096e+02 1.493286465577249068e-02 -4.252929108347107238e-03 -2.958638973319527819e-03 7.109700000000000000e+04
2.251356732858534997e+02 1.448424416600897942e-02 -4.198735615338842694e-03 -3.223580539269057122e-03 7.302100000000000000e+04
2.272278504864401327e+02 1.413548624304793687e-02 -4.197098372987420264e-03 -3.223012472285615923e-03 7.331700000000000000e+04
2.293197511287232544e+02 1.363303747161341561e-02 -4.045636994868799345e-03 -3.594778708398298217e-03 7.579900000000000000e+04
2.314114772346510165e+02 1.322855426894567824e-02 -4.129620312015147739e-03 -3.172346874702349113e-03 7.602100000000000000e+04
2.335058467478245632e+02 1.276355992375897107e-02 -4.106089303636271774e-03 -3.108903354026799296e-03 7.875300000000000000e+04
2.356041652202905539e+02 1.238852745056871069e-02 -4.108049454735341298e-03 -3.227200238046248892e-03 7.929100000000000000e+04
2.377006336558306998e+02 1.192691504322099597e-02 -4.027632243021053542e-03 -3.186241429704265039e-03 8.112900000000000000e+04
2.397972750390475198e+02 1.154540347086003595e-02 -4.003612747917681923e-03 -3.251156884782857928e-03 8.244100000000000000e+04
2.418944602532704096e+02 1.113881406479727033e-02 -3.957500894695512202e-03 -3.075943014103634313e-03 8.394900000000000000e+04
2.439884227569783093e+02 1.084964743169384779e-02 -4.012983992085627540e-03 -3.461095945950893975e-03 8.512300000000000000e+04
2.460835996828307373e+02 1.056681429921930634e-02 -3.987541359034647327e-03 -3.293930668549862207e-03 8.692900000000000000e+04
2.481755280705312146e+02 1.026333217842772053e-02 -3.973998910331926447e-03 -3.442080806039658335e-03 8.778900000000000000e+04
2.502623700647570217e+02 9.914553690678668332e-03 -4.073473629980615615e-03 -3.239727759112021911e-03 8.962300000000000000e+04
2.523586155105348325e+02 9.580292531110107951e-03 -4.030690181619835458e-03 -3.235950089897895142e-03 9.134100000000000000e+04
2.544547077866985489e+02 9.272751628385009909e-03 -4.074648224965199406e-03 -3.135911964539091299e-03 9.284500000000000000e+04
2.565487653287422063e+02 8.951528940622822950e-03 -4.086731962915668773e-03 -3.032126464896750875e-03 9.408700000000000000e+04
2.586464955058470991e+02 8.658569063052559342e-03 -4.103569966709940883e-03 -2.975897298047757399e-03 9.633300000000000000e+04
2.607443047329861656e+02 8.336438859464081336e-03 -4.055407696207524379e-03 -2.750119744134994163e-03 9.724900000000000000e+04
2.628438312173413465e+02 8.146693924942927795e-03 -4.133150173331000092e-03 -2.713594221379360318e-03 9.950100000000000000e+04
2.649298855659840228e+02 7.896474999809192583e-03 -4.129687361657992557e-03 -2.658431599482094770e-03 9.928300000000000000e+04
2.670163698864117805e+02 7.697609905683805952e-03 -4.136056780660567374e-03 -2.571545969137180396e-03 1.025370000000000000e+05
2.691120556714307668e+02 7.506375045407638613e-03 -4.142073654528861254e-03 -2.680161613879951995e-03 1.022830000000000000e+05
2.712074998348403483e+02 7.284560467031573824e-03 -4.038962620862792709e-03 -3.096451928646640119e-03 1.021060000000000000e+05
2.733050116933233653e+02 7.040717335259977054e-03 -3.862515542007683052e-03 -3.423657338349753686e-03 1.007340000000000000e+05
2.753977295572417461e+02 6.853310971813719385e-03 -3.706238081174581100e-03 -3.931989248235001448e-03 9.999400000000000000e+04
2.774958294534935703e+02 6.666791501132594659e-03 -3.598219814156566540e-03 -4.256164049081315182e-03 9.936000000000000000e+04
2.795977707949222122e+02 6.502666432097238026e-03 -3.466196642632277634e-03 -4.594592482065406464e-03 9.860800000000000000e+04
2.816862895118986785e+02 6.361687815083588715e-03 -3.400259939580667270e-03 -4.874692265359195469e-03 9.625200000000000000e+04
2.837743515740906446e+02 6.137570500558030967e-03 -3.223923852616845682e-03 -5.120740909403100928e-03 9.640000000000000000e+04
2.858713251310674650e+02 5.986030583532250121e-03 -3.136591413044523702e-03 -5.287856674397187033e-03 9.539800000000000000e+04
2.879670932628575883e+02 5.818295959061604676e-03 -3.073274568025958706e-03 -5.392843131209160319e-03 9.402000000000000000e+04
2.900590582015512382e+02 5.662971644544892436e-03 -2.967832362358892567e-03 -5.569638727571105813e-03 9.316000000000000000e+04
2.921519201901450060e+02 5.489739113006253217e-03 -2.903995153715155549e-03 -5.550774262212393798e-03 9.177600000000000000e+04
2.942485935102203030e+02 5.354537988421710290e-03 -2.826668653761230110e-03 -5.575615868172942302e-03 9.137800000000000000e+04
2.963426645133968691e+02 5.171575311487587763e-03 -2.696144118215120129e-03 -5.658404560615826889e-03 8.949000000000000000e+04
2.984329904966970162e+02 5.031054381549130046e-03 -2.565635263342752256e-03 -5.812278731660345740e-03 8.845000000000000000e+04
3.005290481640043367e+02 4.905657887485566707e-03 -2.496588201604914726e-03 -5.828009715934012909e-03 8.794600000000000000e+04
3.026245947235937592e+02 4.809816101986214357e-03 -2.479567009416479544e-03 -5.807627363285070531e-03 8.575200000000000000e+04
3.047205651109674704e+02 4.653788054976956863e-03 -2.341960934930308220e-03 -5.819256515100214300e-03 8.574400000000000000e+04
3.068167457111920839e+02 4.550590897935734638e-03 -2.298166365045759604e-03 -5.866454733971215516e-03 8.322000000000000000e+04
3.089118625384018060e+02 4.433250933416578096e-03 -2.256842916023806076e-03 -5.791891213688860410e-03 8.302000000000000000e+04
3.110099981664167785e+02 4.322129835774271046e-03 -2.203317662201062423e-03 -5.757650779942073173e-03 8.106400000000000000e+04
3.131040997612852266e+02 4.151584442436377295e-03 -2.118278757251009642e-03 -5.601036144524999816e-03 7.983000000000000000e+04
3.151936712677708670e+02 3.990026991196299333e-03 -1.970951099007448373e-03 -5.519188560577647194e-03 7.823800000000000000e+04
3.172858841403398173e+02 3.929269143279692789e-03 -1.976814001170320700e-03 -5.491645639058337358e-03 7.715400000000000000e+04
3.193772099476266817e+02 3.816315729425931794e-03 -1.904579158768093501e-03 -5.423801890516496277e-03 7.546600000000000000e+04
3.214753775151562536e+02 3.765335439311790367e-03 -1.877543010316138098e-03 -5.445764020906919932e-03 7.480200000000000000e+04
3.235746879206847666e+02 3.654074226830616133e-03 -1.811337208133499254e-03 -5.404313312507151232e-03 7.258000000000000000e+04
3.256647237020029024e+02 3.581419044480660657e-03 -1.781952672068171355e-03 -5.334585517791973555e-03 7.133800000000000000e+04
3.277571324083919535e+02 3.499944189529080422e-03 -1.780086194731175797e-03 -5.239611893192552827e-03 6.964200000000000000e+04
3.298487111637800240e+02 3.365953433334974328e-03 -1.641641587603615829e-03 -5.173783398777448937e-03 6.832600000000000000e+04
3.319433744068021497e+02 3.281794465137656894e-03 -1.639799953290046238e-03 -5.050866235638658969e-03 6.674400000000000000e+04
3.340422322988853239e+02 3.178509551816093622e-03 -1.567404299465140292e-03 -4.918831018321656937e-03 6.533800000000000000e+04
3.361307892565458246e+02 3.107780876025581594e-03 -1.539534908666131659e-03 -4.826520244905126503e-03 6.315600000000000000e+04
3.382251120895489294e+02 3.044475247993814766e-03 -1.480467689459814395e-03 -4.833910324029538734e-03 6.214000000000000000e+04
3.403264013195363304e+02 2.971088435572337080e-03 -1.473538682602426771e-03 -4.712298176121385886e-03 6.051400000000000000e+04
3.424148842577288860e+02 2.915377770065585329e-03 -1.447580427863562466e-03 -4.695667373134919387e-03 5.799000000000000000e+04
3.445099495577244397e+02 2.834233736698505823e-03 -1.399694100872733065e-03 -4.592432075649075136e-03 5.742400000000000000e+04
3.466144105402300397e+02 2.775570601845821217e-03 -1.405400653410419096e-03 -4.471222554170060058e-03 5.518200000000000000e+04
3.487067496858389859e+02 2.681955072917556297e-03 -1.343013291962425046e-03 -4.368407224594709516e-03 5.306800000000000000e+04
3.507912540595516475e+02 2.648333119198223451e-03 -1.336134171752362872e-03 -4.300602343275680174e-03 5.152800000000000000e+04
3.528807167895711814e+02 2.597681156932025656e-03 -1.281688602119589442e-03 -4.332286106026647828e-03 4.954600000000000000e+04
3.549828487415276754e+02 2.546072353795328889e-03 -1.208948399644474252e-03 -4.290392122620448161e-03 4.846600000000000000e+04
3.570768480370360862e+02 2.524237521502765806e-03 -1.208839968348273276e-03 -4.279709513353512074e-03 4.566600000000000000e+04
3.591652111747225717e+02 2.471295662772426873e-03 -1.157302642390190331e-03 -4.274611413111836615e-03 4.423000000000000000e+04
3.612627896178847777e+02 2.453647732577026591e-03 -1.132341836102809200e-03 -4.345498877534357401e-03 4.254000000000000000e+04
3.633645820428338880e+02 2.436163447271801497e-03 -1.164408792921431662e-03 -4.324715149514529039e-03 4.022200000000000000e+04
3.654527365610065885e+02 2.440016523327223283e-03 -1.169584555253531727e-03 -4.311909090387476204e-03 3.842200000000000000e+04
3.675441472124314259e+02 2.386831966721842616e-03 -1.087169267863484891e-03 -4.431803954777729752e-03 3.624600000000000000e+04
3.696396280380744201e+02 2.355388636785146241e-03 -1.051739842909214318e-03 -4.398286687130969694e-03 3.455200000000000000e+04
3.717297223820279441e+02 2.323127709926103065e-03 -1.035320985380238290e-03 -4.444676231324530546e-03 3.213600000000000000e+04
3.738176974939287902e+02 2.317054438586277354e-03 -1.032517568338229500e-03 -4.530250620677156795e-03 3.029200000000000000e+04
3.759110996783247174e+02 2.261791831190098495e-03 -9.614418057509497391e-04 -4.629886403028663985e-03 2.830200000000000000e+04
3.780081394014102898e+02 2.210224448047789624e-03 -8.717090855494634806e-04 -4.812231216025035681e-03 2.605600000000000000e+04
3.801051557582653118e+02 2.117597993691433533e-03 -7.661949451329045464e-04 -4.897498632115747028e-03 2.421100000000000000e+04
3.821955053587425937e+02 2.069669066722378166e-03 -6.932584106948493129e-04 -5.009838701275253110e-03 2.220600000000000000e+04
3.842862749912937943e+02 1.996136125912231513e-03 -6.249016812452641654e-04 -5.009815537694832163e-03 2.088400000000000000e+04
3.863841918340856409e+02 1.979619164990333198e-03 -5.771579687171988137e-04 -5.124667510012419734e-03 1.939200000000000000e+04
3.884771734501698006e+02 1.956439094669077186e-03 -5.408755991981168115e-04 -5.195451353748431825e-03 1.805800000000000000e+04
3.905623371605522607e+02 1.939450275494356826e-03 -5.414729044111233399e-04 -5.206852544741204930e-03 1.674600000000000000e+04
3.926667500119167471e+02 1.895699794866718925e-03 -4.715970921012395357e-04 -5.240452489978734280e-03 1.589800000000000000e+04
3.947778557744774162e+02 1.871810689085763287e-03 -4.898684141336739342e-04 -5.173743568973993533e-03 1.457800000000000000e+04
3.968631060462392952e+02 1.837145614791162521e-03 -4.448823575463977222e-04 -5.184445846923645129e-03 1.344300000000000000e+04
3.989413219049817485e+02 1.777519095823387393e-03 -3.816323317310674960e-04 -5.154067986264711416e-03 1.251100000000000000e+04
4.010572258526528344e+02 1.741582621927656059e-03 -3.399312191967171688e-04 -5.151907690770798041e-03 1.191900000000000000e+04
4.031656962107319373e+02 1.721160046020060383e-03 -3.137119778407180572e-04 -5.162469164586144452e-03 1.063900000000000000e+04
4.052249146637423678e+02 1.681582376307233246e-03 -2.931295045925324085e-04 -5.103992507138902825e-03 9.775000000000000000e+03
4.073276634718891387e+02 1.695090683180925685e-03 -2.482885572820971967e-04 -5.242213823568601244e-03 9.423000000000000000e+03
4.094593776408451049e+02 1.684623756728950879e-03 -2.321550643330447261e-04 -5.266222170567983439e-03 8.449000000000000000e+03
4.115405539130957777e+02 1.671369540732987706e-03 -2.000950911177293702e-04 -5.295083187288770338e-03 7.596000000000000000e+03
4.135894252671187132e+02 1.672320997271473878e-03 -2.121510627704396390e-04 -5.298628675424696746e-03 6.931000000000000000e+03
4.156930049049321951e+02 1.671251177927396024e-03 -1.959101457972843607e-04 -5.353306276545967933e-03 6.612000000000000000e+03
4.178272827209258367e+02 1.656438116565013162e-03 -1.740663673257842475e-04 -5.357605518552899064e-03 5.899000000000000000e+03
4.199082037741286513e+02 1.658401589893307264e-03 -1.471103855092941305e-04 -5.418261068448932023e-03 5.176000000000000000e+03
4.219826095167229028e+02 1.659341906383703059e-03 -1.609527584684980635e-04 -5.428229533404448776e-03 4.824000000000000000e+03
4.241028763136273483e+02 1.644203601910529996e-03 -1.487571522683038810e-04 -5.416883414715526618e-03 4.312000000000000000e+03
4.262107721966358440e+02 1.656434589896833886e-03 -1.305617730068430371e-04 -5.496636349586071085e-03 3.819000000000000000e+03
4.282460731868927724e+02 1.670761248670803341e-03 -1.064760672124270727e-04 -5.598802841568132835e-03 3.220000000000000000e+03
4.303287648834323136e+02 1.659206507765082026e-03 -7.836893573329505394e-05 -5.616569815705975931e-03 3.132000000000000000e+03
4.325172248853483552e+02 1.639178677368584433e-03 -5.011994944373364749e-05 -5.596434146064280420e-03 2.680000000000000000e+03
4.346325070601815810e+02 1.604807735194902114e-03 -4.475362786972063506e-05 -5.493437096874581593e-03 2.218000000000000000e+03
4.365567227659553851e+02 1.664526375081321844e-03 -4.884917600003805632e-05 -5.695528046306866377e-03 1.728000000000000000e+03
4.386277159174848634e+02 1.605823947110284443e-03 -3.364820753848813832e-05 -5.532759732968076799e-03 1.816000000000000000e+03
4.409019266196692683e+02 1.598376725151747987e-03 -1.759910126822217645e-05 -5.533889368820311266e-03 1.476000000000000000e+03
4.430735479208619836e+02 1.664637967525045385e-03 -2.966934947713459911e-05 -5.757143590614291137e-03 1.108000000000000000e+03
4.448761117541747012e+02 1.721119410780042481e-03 -2.222046793801546138e-05 -5.959655068239551497e-03 7.560000000000000000e+02
4.469343758523184533e+02 1.749839570988019882e-03 -1.140947422070726898e-05 -6.086526311255421699e-03 8.440000000000000000e+02
4.493013102792758104e+02 1.867254310730445330e-03 -6.058217615384768023e-06 -6.509010719296284830e-03 6.280000000000000000e+02
4.515989744176221734e+02 1.896149473595154598e-03 5.336398507817118752e-07 -6.624126281354059988e-03 4.050000000000000000e+02
4.533101867737696580e+02 1.900120228419013239e-03 -7.231098904605157124e-06 -6.627277860329962647e-03 2.020000000000000000e+02
4.552338387398290820e+02 1.855868450649732259e-03 -6.021116650849138549e-06 -6.481325938015727178e-03 2.280000000000000000e+02
4.576034578613840722e+02 2.080731385844903063e-03 -1.022082504471361959e-05 -7.267005623694283711e-03 1.240000000000000000e+02
4.599517872444100703e+02 2.129756322781641269e-03 -1.569104486757334009e-05 -7.435731889764738561e-03 5.200000000000000000e+01
4.619205689144050666e+02 2.715306887890097613e-03 -2.402846870471338171e-05 -9.478681887171843887e-03 9.000000000000000000e+00
4.634281054380590490e+02 1.050647648305487241e-03 6.231025360474367906e-06 -3.683307857742513115e-03 4.000000000000000000e+00
