2.966547074898984615e+00 1.828884971743328691e+01 -3.025007434183989430e-01 -5.268301323798893598e+00 1.300000000000000000e+01
5.026374055021858744e+00 1.579400056319067502e+01 -5.037603661968073965e+00 3.521585970905313889e+00 3.300000000000000000e+01
7.149300621522788113e+00 1.324192121554099266e+01 -8.045188579052830136e+00 -6.502774259350664332e-01 7.900000000000000000e+01
9.278869254964254409e+00 1.081184782782862186e+01 -9.637374773086158086e+00 1.253854597667680260e+00 1.170000000000000000e+02
1.145033261934470126e+01 9.365113727495947060e+00 -9.238601042828461729e+00 3.126829660603549943e+00 2.050000000000000000e+02
1.349295587141915043e+01 8.864768856595306445e+00 -7.131491785470016609e+00 4.543286284162936006e+00 2.350000000000000000e+02
1.558905561191892986e+01 8.860937252433467748e+00 -4.081425556075526373e+00 4.308374907061145009e+00 3.690000000000000000e+02
1.769408367255316961e+01 9.362231711678420609e+00 -1.052825385773276112e+00 4.947558885530972006e+00 4.330000000000000000e+02
1.981787480313529670e+01 9.779805742248949940e+00 1.084079549245178020e+00 4.223758427078148081e+00 5.850000000000000000e+02
2.192074938196263645e+01 1.004042762890155593e+01 2.124957164733610959e+00 4.168766508620604050e+00 6.790000000000000000e+02
2.398877635566245203e+01 1.009948805794750903e+01 1.712210590478849159e+00 1.172714934434666567e+00 8.130000000000000000e+02
2.609286971896115759e+01 9.786273439399652219e+00 1.107683012872983763e+00 -7.104740256130945841e-01 9.850000000000000000e+02
2.823466315278179550e+01 9.585870587420167510e+00 -6.793996368692985233e-02 -4.058209999002722057e-01 1.183000000000000000e+03
3.032284873509123102e+01 9.293540222953074803e+00 -9.551406202237968657e-01 -1.860748479197088967e+00 1.269000000000000000e+03
3.240263258943403457e+01 8.956301344788647256e+00 -1.597831157277873393e+00 -2.507385682562180751e+00 1.537000000000000000e+03
3.449210129864554375e+01 8.806578407196205660e+00 -2.179947513016899485e+00 -1.882016960328553923e+00 1.653000000000000000e+03
3.658588147515196454e+01 8.502845126815124388e+00 -2.081453989272987748e+00 -1.223138965204051187e+00 1.963000000000000000e+03
3.868476949266977272e+01 8.480723924552284743e+00 -1.885630299090937267e+00 -5.739318017424432927e-01 2.121000000000000000e+03
4.078898888458283523e+01 8.423471794197466167e+00 -1.515626561840737851e+00 3.798167834266235054e-01 2.413000000000000000e+03
4.289390876967645738e+01 8.465809872648682344e+00 -8.707461675743246587e-01 7.741043241506299077e-01 2.635000000000000000e+03
4.498336005546935468e+01 8.620305938895064912e+00 -1.915295903880113726e-01 1.558920222341140027e+00 2.877000000000000000e+03
4.706498529473824988e+01 8.710839856459589470e+00 3.519906348007877384e-01 6.338899528442185627e-01 3.169000000000000000e+03
4.917111919158227096e+01 8.772989729096135392e+00 2.536732065100425482e-01 1.948796347622993308e-01 3.507000000000000000e+03
5.126216914174227668e+01 8.710616464465443798e+00 -1.452929092990938031e-01 -9.583239696474845637e-01 3.685000000000000000e+03
5.335525146837034072e+01 8.398401625346533450e+00 -8.811373075350390494e-01 -1.253137170444154513e+00 4.165000000000000000e+03
5.546637228956934251e+01 8.229879489550395277e+00 -1.700461078172615714e+00 -1.824298706222590383e+00 4.377000000000000000e+03
5.757318819254808773e+01 8.053984095803267351e+00 -2.096415468894736733e+00 -1.954769701642249613e+00 4.855000000000000000e+03
5.965884044590281121e+01 7.990377670358467910e+00 -1.966082968360451266e+00 -9.250928086573392273e-01 4.929000000000000000e+03
6.174512302159506305e+01 8.049884118740813221e+00 -1.368485958999757779e+00 -3.647272424084154752e-01 5.581000000000000000e+03
6.382689291137189969e+01 8.231741164521459098e+00 -5.193161101369817567e-01 6.265194302245635782e-01 5.679000000000000000e+03
6.592966228838450604e+01 8.349165414420495424e+00 9.693871663406891659e-02 6.960777148978769535e-01 6.385000000000000000e+03
6.803125784825746791e+01 8.407241304526753112e+00 3.236486119578337317e-01 9.782468661450861580e-01 6.553000000000000000e+03
7.013131008699485847e+01 8.311900639676350622e+00 -9.676006398480140047e-02 5.249968394061641508e-01 7.125000000000000000e+03
7.223032366074338029e+01 8.073188988566812441e+00 -6.901421961323720433e-01 -3.861302147320550548e-01 7.447000000000000000e+03
7.432334270720505742e+01 7.889850525904346767e+00 -1.423636705004986958e+00 -8.586650344428801152e-01 7.929000000000000000e+03
7.642066756954473306e+01 7.713758007488189072e+00 -1.738464174300729415e+00 -1.143301953712041019e+00 8.353000000000000000e+03
7.850471694556040347e+01 7.695587982135494443e+00 -1.730665326856889674e+00 -7.553054954015303579e-01 8.775000000000000000e+03
8.059701946059529121e+01 7.677939439900039353e+00 -1.337980610104098300e+00 -1.147390563164437938e-01 9.313000000000000000e+03
8.269521798132063850e+01 7.733898624761625484e+00 -9.354979511716866591e-01 3.183690224376214961e-01 9.841000000000000000e+03
8.478307522909847194e+01 7.753180622998323557e+00 -5.895438177319590745e-01 9.188442108859220525e-01 1.019100000000000000e+04
8.687780839616016237e+01 7.698324808252239748e+00 -4.245707995003605295e-01 9.787367428337847564e-01 1.089700000000000000e+04
8.897524569656535220e+01 7.627973701013655017e+00 -5.935115553412098066e-01 8.646409135976936833e-01 1.130100000000000000e+04
9.108077810470518898e+01 7.517950673468120293e+00 -7.673460682504412711e-01 8.285731451668327807e-01 1.202500000000000000e+04
9.318432266948052245e+01 7.415413536201607592e+00 -9.703438445949315039e-01 3.559866546363275597e-01 1.242300000000000000e+04
9.527887641048309320e+01 7.319380350613065467e+00 -1.155120115927584123e+00 -3.062274396162315004e-02 1.302100000000000000e+04
9.736254237981037818e+01 7.266111763435860738e+00 -1.273469459665743431e+00 -1.067660072058616294e-01 1.340500000000000000e+04
9.944832814799407572e+01 7.202202385763198933e+00 -1.246626145046559220e+00 -1.723136864937437063e-01 1.424700000000000000e+04
1.015460879802399035e+02 7.163747421195964193e+00 -1.225649857338888760e+00 -9.331708440948255356e-02 1.471300000000000000e+04
1.036426375667732316e+02 7.122370861809470100e+00 -1.063878695718906808e+00 1.039575545949730923e-01 1.548900000000000000e+04
1.057389390539465950e+02 7.146378367331289283e+00 -9.135629405563699956e-01 5.385955333424357061e-01 1.591300000000000000e+04
1.078395855981474227e+02 7.104902094475101570e+00 -7.108236461050854160e-01 6.960751345405193913e-01 1.687900000000000000e+04
1.099389405850131709e+02 7.140424927106916009e+00 -5.694990132186819043e-01 7.029469815437939806e-01 1.719300000000000000e+04
1.120392143152385387e+02 7.100551166827965943e+00 -5.681449215925701290e-01 4.270139342855229225e-01 1.815700000000000000e+04
1.141233458569757744e+02 7.058197995298434613e+00 -6.426176832874392897e-01 2.087602825034951259e-01 1.833900000000000000e+04
1.162159397555423084e+02 6.988611582196456951e+00 -9.067464903451165625e-01 -8.132765600805537398e-02 1.957300000000000000e+04
1.183137204803772420e+02 6.879317684230548124e+00 -1.135660856885831516e+00 -5.612624678580544479e-01 1.994100000000000000e+04
1.203972311807013256e+02 6.789857595500121690e+00 -1.409598031467701240e+00 -4.038247042876336179e-01 2.062900000000000000e+04
1.224922363187857286e+02 6.760953603478358609e+00 -1.390325150464056581e+00 -6.817173848463762287e-01 2.165500000000000000e+04
1.245882598425863534e+02 6.748227363060501638e+00 -1.198877213208299430e+00 -1.493788383836373856e-01 2.211300000000000000e+04
1.266884677158377315e+02 6.790059472749756964e+00 -9.115691880878604714e-01 -3.060963264056169170e-02 2.318500000000000000e+04
1.287846620419940962e+02 6.811840808032799899e+00 -6.414412663659725400e-01 4.003262111087365627e-01 2.366700000000000000e+04
1.308713393788149801e+02 6.808194845891218705e+00 -5.697399998632102225e-01 4.519792912230477522e-01 2.438500000000000000e+04
1.329754833440644575e+02 6.739082924757432203e+00 -6.954859399979875789e-01 3.028081158403723716e-01 2.574900000000000000e+04
1.350691081525609434e+02 6.612581890001260732e+00 -1.013051906130854940e+00 3.449100710333101449e-02 2.567500000000000000e+04
1.371638825856825576e+02 6.491575761944502254e+00 -1.342028281359041619e+00 -2.946649332926010723e-01 2.740900000000000000e+04
1.392604757372163533e+02 6.392778430979346282e+00 -1.603832812654047313e+00 -3.229655179416821009e-01 2.740500000000000000e+04
1.413466882908376760e+02 6.325609628409764262e+00 -1.610808296043020782e+00 -3.846540982729220182e-01 2.871700000000000000e+04
1.434475230090064031e+02 6.328889780728728987e+00 -1.503261689012890256e+00 -1.851037877758416328e-01 2.959500000000000000e+04
1.455452853418541679e+02 6.331490492812095638e+00 -1.299144567869583211e+00 1.719623335905696992e-01 3.030100000000000000e+04
1.476332061073587738e+02 6.321901435650434387e+00 -1.129641908314834797e+00 3.693624193309704151e-01 3.110100000000000000e+04
1.497211472843286231e+02 6.277294108098531389e+00 -1.089447099474774694e+00 3.368811477173002666e-01 3.202300000000000000e+04
1.518138048751577287e+02 6.212994702140761660e+00 -1.181290696050676159e+00 4.658804784925618669e-01 3.297700000000000000e+04
1.539211490100352648e+02 6.123242805963903024e+00 -1.396917691702687758e+00 3.857138799687949704e-01 3.444900000000000000e+04
1.560214747341236716e+02 6.036382005422302299e+00 -1.570087394822568427e+00 2.219269276460043017e-01 3.454900000000000000e+04
1.581161747588121784e+02 5.955412576770346078e+00 -1.708121868895632556e+00 5.762453018289079298e-03 3.611100000000000000e+04
1.602118712271799836e+02 5.912355997171195199e+00 -1.788216230580889743e+00 2.479289673892553017e-02 3.654100000000000000e+04
1.623006419462898862e+02 5.863059573316654394e+00 -1.778775453504795045e+00 -1.019107100412541995e-02 3.771700000000000000e+04
1.643899033199985240e+02 5.829714656315099219e+00 -1.774769499472578005e+00 -6.507856652212960780e-02 3.861900000000000000e+04
1.664835582381511756e+02 5.811968222326414413e+00 -1.776207874908738660e+00 8.739878506495260546e-02 3.966100000000000000e+04
1.685719683778473552e+02 5.769436374153883662e+00 -1.731936870440744514e+00 1.714144255008935858e-01 4.054500000000000000e+04
1.706641332089364766e+02 5.751675447145711217e+00 -1.728153467501831964e+00 3.034512138738726938e-01 4.181500000000000000e+04
1.727708699256135390e+02 5.722523637381245365e+00 -1.713876181623192885e+00 1.989591765359847997e-01 4.312500000000000000e+04
1.748696546009699659e+02 5.682419080074684992e+00 -1.740147589790979943e+00 1.882840198166484125e-01 4.368100000000000000e+04
1.769585769494445344e+02 5.649811900754488470e+00 -1.815314543143742743e+00 4.666882435147625546e-02 4.462900000000000000e+04
1.790524509315575301e+02 5.581358203922807348e+00 -1.942750173155239457e+00 -3.968195013645631208e-02 4.622700000000000000e+04
1.811526521261263554e+02 5.531574542583937770e+00 -2.091394802851684442e+00 -1.674935881275833871e-01 4.690900000000000000e+04
1.832476884130738881e+02 5.473863538114783545e+00 -2.196645701618104685e+00 -2.337156545292303211e-01 4.823700000000000000e+04
1.853312475833926101e+02 5.431933373674063148e+00 -2.246871557955361087e+00 -1.354855760770399820e-01 4.858300000000000000e+04
1.874284892203218931e+02 5.405922298069161691e+00 -2.205380253618353770e+00 -9.552518341266207080e-02 5.099700000000000000e+04
1.895337179075755216e+02 5.410966939769053852e+00 -2.114048996176218775e+00 1.551756218857945624e-02 5.139700000000000000e+04
1.916268196474026126e+02 5.409326544524094338e+00 -2.014582316938369200e+00 1.696829449438312654e-01 5.248900000000000000e+04
1.937183403446852878e+02 5.401509071568158404e+00 -2.004903190748230646e+00 3.033785338634086837e-01 5.378700000000000000e+04
1.958131498886989164e+02 5.352488875787580369e+00 -2.034148945908836215e+00 1.835994994387586954e-01 5.491300000000000000e+04
1.979058740098966211e+02 5.295534744334911892e+00 -2.213124034107371241e+00 9.750146591252858985e-02 5.597700000000000000e+04
1.999990651597893816e+02 5.230203613077676117e+00 -2.390936961085706081e+00 3.147704807610947602e-03 5.741500000000000000e+04
2.020893038374759101e+02 5.159981538004340784e+00 -2.540394194336875966e+00 -5.448833579445877540e-02 5.810500000000000000e+04
2.041823192148177952e+02 5.127175273126835187e+00 -2.586902161604060613e+00 -4.358552055796789670e-02 6.003300000000000000e+04
2.062825911013838152e+02 5.110412297385050984e+00 -2.553851575044169930e+00 1.251786439579636034e-01 6.094900000000000000e+04
2.083770189145966185e+02 5.107365644842211339e+00 -2.473940034484660710e+00 3.196501774471693369e-01 6.223500000000000000e+04
2.104675816794403431e+02 5.102163904996887211e+00 -2.424718014030927904e+00 4.072798670233699347e-01 6.322900000000000000e+04
2.125667854244018145e+02 5.078454984070204681e+00 -2.432796656100713495e+00 4.361359579688552368e-01 6.513300000000000000e+04
2.146619261104851830e+02 5.047343051192875407e+00 -2.542128880203971431e+00 4.392492413776281635e-01 6.570700000000000000e+04
2.167561805722037036e+02 4.994389317850936649e+00 -2.680578216030930161e+00 4.137957069380979180e-01 6.756100000000000000e+04
2.188528705899679210e+02 4.949500368389758265e+00 -2.798146969720952892e+00 2.621683847855467708e-01 6.850500000000000000e+04
2.209456427453084473e+02 4.918954631204928596e+00 -2.925350755577725170e+00 2.437150650037741562e-01 6.994300000000000000e+04
2.230395148320731096e+02 4.895694915670865122e+00 -2.975347887683612580e+00 2.488278154893638072e-01 7.109700000000000000e+04
2.251356732858534997e+02 4.884816041702993772e+00 -3.010220532917764036e+00 3.187636482045725361e-01 7.302100000000000000e+04
2.272278504864401327e+02 4.877555095456331813e+00 -3.037175595053259958e+00 3.964827506112399425e-01 7.331700000000000000e+04
2.293197511287232544e+02 4.862253446287336800e+00 -3.049896342959107276e+00 4.307297819155200269e-01 7.579900000000000000e+04
2.314114772346510165e+02 4.856080773451973087e+00 -3.118383983157875683e+00 5.357064916111776709e-01 7.602100000000000000e+04
2.335058467478245632e+02 4.839637053933596889e+00 -3.197169430647570199e+00 5.815247234897851225e-01 7.875300000000000000e+04
2.356041652202905539e+02 4.823652691353503386e+00 -3.282990542383196875e+00 5.416934807679981700e-01 7.929100000000000000e+04
2.377006336558306998e+02 4.817368487259797050e+00 -3.383637137143434614e+00 5.020198393523918057e-01 8.112900000000000000e+04
2.397972750390475198e+02 4.803877696610898695e+00 -3.485398413854096322e+00 4.944164557825305173e-01 8.244100000000000000e+04
2.418944602532704096e+02 4.791350671700691066e+00 -3.614027014111994784e+00 5.234608623556569196e-01 8.394900000000000000e+04
2.439884227569783093e+02 4.774722380540885602e+00 -3.696658674499476493e+00 4.809981077854749154e-01 8.512300000000000000e+04
2.460835996828307373e+02 4.778303474265801043e+00 -3.820903791616188094e+00 5.904818075080043860e-01 8.692900000000000000e+04
2.481755280705312146e+02 4.771555727190595064e+00 -3.887908218324904741e+00 6.942922780386415749e-01 8.778900000000000000e+04
2.502623700647570217e+02 4.786135785522369623e+00 -3.940037220965552756e+00 8.320633564204412691e-01 8.962300000000000000e+04
2.523586155105348325e+02 4.794209739972850493e+00 -3.976307285906555133e+00 8.975113510425040131e-01 9.134100000000000000e+04
2.544547077866985489e+02 4.808484517614986409e+00 -4.068035447308598229e+00 1.052437962850578446e+00 9.284500000000000000e+04
2.565487653287422063e+02 4.808197219156568281e+00 -4.191979248221300303e+00 1.131214661132591948e+00 9.408700000000000000e+04
2.586464955058470991e+02 4.809388928785025108e+00 -4.342042532285870671e+00 1.119938648331815445e+00 9.633300000000000000e+04
2.607443047329861656e+02 4.808639337949778714e+00 -4.541893629907474583e+00 1.220036098022370785e+00 9.724900000000000000e+04
2.628438312173413465e+02 4.802902669019239568e+00 -4.677713699650794865e+00 1.261583165017872821e+00 9.950100000000000000e+04
2.649298855659840228e+02 4.829169309179246916e+00 -4.810281020055011680e+00 1.411574956459728414e+00 9.928300000000000000e+04
2.670163698864117805e+02 4.863317762740376082e+00 -4.883040534166105395e+00 1.583498941113371972e+00 1.025370000000000000e+05
2.691120556714307668e+02 4.868547284759179306e+00 -4.810901577699526754e+00 1.531745057608312255e+00 1.022830000000000000e+05
2.712074998348403483e+02 4.844831532289825660e+00 -4.645643687750338202e+00 1.092863689018324758e+00 1.021060000000000000e+05
2.733050116933233653e+02 4.793268129055236138e+00 -4.506059142104430038e+00 6.584377896495821059e-01 1.007340000000000000e+05
2.753977295572417461e+02 4.736859267385368888e+00 -4.397674596434014482e+00 8.525621681941174257e-02 9.999400000000000000e+04
2.774958294534935703e+02 4.681935330110327698e+00 -4.382479726935133435e+00 -2.679897153966479539e-01 9.936000000000000000e+04
2.795977707949222122e+02 4.615282046723677034e+00 -4.256777132612530323e+00 -7.179610381967711508e-01 9.860800000000000000e+04
2.816862895118986785e+02 4.580105048649173227e+00 -4.162885990170057227e+00 -1.067069797928583030e+00 9.625200000000000000e+04
2.837743515740906446e+02 4.532132777885114372e+00 -4.024565394774254123e+00 -1.377984546439191771e+00 9.640000000000000000e+04
2.858713251310674650e+02 4.505952220201956848e+00 -3.936611147186694470e+00 -1.655024007663274510e+00 9.539800000000000000e+04
2.879670932628575883e+02 4.458149902867793557e+00 -3.817532074553931842e+00 -1.970602082207461692e+00 9.402000000000000000e+04
2.900590582015512382e+02 4.416541452114071120e+00 -3.720651519250600003e+00 -2.284505736865555914e+00 9.316000000000000000e+04
2.921519201901450060e+02 4.386275868038684855e+00 -3.656133775316614543e+00 -2.516846871033986410e+00 9.177600000000000000e+04
2.942485935102203030e+02 4.357819109957115522e+00 -3.575149510569903821e+00 -2.722903550683901219e+00 9.137800000000000000e+04
2.963426645133968691e+02 4.323076788959252070e+00 -3.486352124714279910e+00 -2.941399995003842527e+00 8.949000000000000000e+04
2.984329904966970162e+02 4.289878595833921615e+00 -3.378353643296283515e+00 -3.143117470857028195e+00 8.845000000000000000e+04
3.005290481640043367e+02 4.265272383271520695e+00 -3.310949134358838641e+00 -3.301830895029881141e+00 8.794600000000000000e+04
3.026245947235937592e+02 4.240634158272401422e+00 -3.241083251496839068e+00 -3.467991719498222380e+00 8.575200000000000000e+04
3.047205651109674704e+02 4.194943624051466813e+00 -3.163075470353176488e+00 -3.577119739459123426e+00 8.574400000000000000e+04
3.068167457111920839e+02 4.149820768422963546e+00 -3.091451184007357522e+00 -3.726101063023838034e+00 8.322000000000000000e+04
3.089118625384018060e+02 4.121067509334797485e+00 -3.053705406143279344e+00 -3.824882356205391964e+00 8.302000000000000000e+04
3.110099981664167785e+02 4.075526502409191565e+00 -2.990912611546022504e+00 -3.923174858729846726e+00 8.106400000000000000e+04
3.131040997612852266e+02 4.020969875782900438e+00 -2.924856337915773707e+00 -3.999645332791140984e+00 7.983000000000000000e+04
3.151936712677708670e+02 3.979054611450657752e+00 -2.893897101543457140e+00 -3.974483220975190356e+00 7.823800000000000000e+04
3.172858841403398173e+02 3.932881583571654627e+00 -2.820111428355509098e+00 -4.116995505872932171e+00 7.715400000000000000e+04
3.193772099476266817e+02 3.905258282181600649e+00 -2.805458936307108520e+00 -4.094503446714440109e+00 7.546600000000000000e+04
3.214753775151562536e+02 3.862417057292171219e+00 -2.761015522856689941e+00 -4.152600998550438405e+00 7.480200000000000000e+04
3.235746879206847666e+02 3.811628048398563173e+00 -2.714518994417355557e+00 -4.173659636101898052e+00 7.258000000000000000e+04
3.256647237020029024e+02 3.776243516134064393e+00 -2.701445480525332510e+00 -4.140457669326886858e+00 7.133800000000000000e+04
3.277571324083919535e+02 3.748122091797347011e+00 -2.664956021386467366e+00 -4.247060147746903880e+00 6.964200000000000000e+04
3.298487111637800240e+02 3.710277922988951538e+00 -2.655847245729063388e+00 -4.168080551458344551e+00 6.832600000000000000e+04
3.319433744068021497e+02 3.675787753871585295e+00 -2.619426441713795128e+00 -4.237582021294199031e+00 6.674400000000000000e+04
3.340422322988853239e+02 3.645080592475671732e+00 -2.607920833005846095e+00 -4.179661382180486662e+00 6.533800000000000000e+04
3.361307892565458246e+02 3.613374457005668283e+00 -2.576543949282831480e+00 -4.198511961425270833e+00 6.315600000000000000e+04
3.382251120895489294e+02 3.592762421548132412e+00 -2.537786711922760396e+00 -4.268877578726885780e+00 6.214000000000000000e+04
3.403264013195363304e+02 3.570910437899307510e+00 -2.521080692858888916e+00 -4.230076552443834181e+00 6.051400000000000000e+04
3.424148842577288860e+02 3.554148581590317324e+00 -2.491544977292938778e+00 -4.297771520404141121e+00 5.799000000000000000e+04
3.445099495577244397e+02 3.519352028815100120e+00 -2.475742819619502821e+00 -4.235682283714975682e+00 5.742400000000000000e+04
3.466144105402300397e+02 3.507023452076909464e+00 -2.429457549995097665e+00 -4.327033577053542857e+00 5.518200000000000000e+04
3.487067496858389859e+02 3.488002621236682366e+00 -2.426980531113695605e+00 -4.316139713013338763e+00 5.306800000000000000e+04
3.507912540595516475e+02 3.455424047248179420e+00 -2.396240520456505152e+00 -4.310435349168885821e+00 5.152800000000000000e+04
3.528807167895711814e+02 3.447533031055805441e+00 -2.384979004042975692e+00 -4.382007446545349794e+00 4.954600000000000000e+04
3.549828487415276754e+02 3.416947214414062461e+00 -2.374703213215632935e+00 -4.311135860965734423e+00 4.846600000000000000e+04
3.570768480370360862e+02 3.424430881987253095e+00 -2.383370477534192844e+00 -4.401375140910161576e+00 4.566600000000000000e+04
3.591652111747225717e+02 3.399989877458525989e+00 -2.349501186647957596e+00 -4.443532825466067315e+00 4.423000000000000000e+04
3.612627896178847777e+02 3.391691361758825352e+00 -2.330132249391138721e+00 -4.534069512495126020e+00 4.254000000000000000e+04
3.633645820428338880e+02 3.365489608295779256e+00 -2.317267590347373396e+00 -4.586682006158359748e+00 4.022200000000000000e+04
3.654527365610065885e+02 3.361574483129901481e+00 -2.333689698687428482e+00 -4.549138566025147767e+00 3.842200000000000000e+04
3.675441472124314259e+02 3.332597654083229610e+00 -2.250544655691649520e+00 -4.807475347719143421e+00 3.624600000000000000e+04
3.696396280380744201e+02 3.318409689367434190e+00 -2.262465737540841015e+00 -4.767742539854253003e+00 3.455200000000000000e+04
3.717297223820279441e+02 3.306126178227367429e+00 -2.182990060010514988e+00 -5.048851482426776727e+00 3.213600000000000000e+04
3.738176974939287902e+02 3.251259942880453835e+00 -2.111561799641830994e+00 -5.171225170715899822e+00 3.029200000000000000e+04
3.759110996783247174e+02 3.197187656397246336e+00 -2.006981537623710565e+00 -5.418095497193413657e+00 2.830200000000000000e+04
3.780081394014102898e+02 3.120700380434581422e+00 -1.853032956982714641e+00 -5.733484822085319621e+00 2.605600000000000000e+04
3.801051557582653118e+02 3.060350573474239777e+00 -1.731858534195539256e+00 -5.954815786916390685e+00 2.421100000000000000e+04
3.821955053587425937e+02 2.986840178500384635e+00 -1.563940123931697013e+00 -6.262121148552544980e+00 2.220600000000000000e+04
3.842862749912937943e+02 2.926741782032607819e+00 -1.445121804030430779e+00 -6.444425465592481750e+00 2.088400000000000000e+04
3.863841918340856409e+02 2.851507166739387422e+00 -1.327576128323299409e+00 -6.521113507646104424e+00 1.939200000000000000e+04
3.884771734501698006e+02 2.788866265905532327e+00 -1.239167082280549614e+00 -6.620145431737106456e+00 1.805800000000000000e+04
3.905623371605522607e+02 2.720544731500441404e+00 -1.157904259199955543e+00 -6.643539322874596031e+00 1.674600000000000000e+04
3.926667500119167471e+02 2.635216991006745779e+00 -1.056146351087910329e+00 -6.658479616808712365e+00 1.589800000000000000e+04
3.947778557744774162e+02 2.591767013769820327e+00 -9.891861660805004730e-01 -6.715054843419029140e+00 1.457800000000000000e+04
3.968631060462392952e+02 2.567626175030234936e+00 -9.376539658862002025e-01 -6.793369399062454406e+00 1.344300000000000000e+04
3.989413219049817485e+02 2.495708646468440151e+00 -8.497129588675826906e-01 -6.783921782934097422e+00 1.251100000000000000e+04
4.010572258526528344e+02 2.471363811937037802e+00 -7.916385448250774504e-01 -6.870790522270475265e+00 1.191900000000000000e+04
4.031656962107319373e+02 2.452748537939970497e+00 -7.516634699348694326e-01 -6.923710582178810746e+00 1.063900000000000000e+04
4.052249146637423678e+02 2.429620683476271470e+00 -7.062139749820132151e-01 -6.979873310093143601e+00 9.775000000000000000e+03
4.073276634718891387e+02 2.406504010181911291e+00 -6.305297298392013028e-01 -7.080032878155631870e+00 9.423000000000000000e+03
4.094593776408451049e+02 2.375048358194981724e+00 -5.848113213000316613e-01 -7.076035421902522771e+00 8.449000000000000000e+03
4.115405539130957777e+02 2.372899247300717107e+00 -5.329557525016965780e-01 -7.195874926174740338e+00 7.596000000000000000e+03
4.135894252671187132e+02 2.366262585739736579e+00 -5.130968373559499085e-01 -7.225840769996181301e+00 6.931000000000000000e+03
4.156930049049321951e+02 2.289324877865551500e+00 -4.289852445199247022e-01 -7.132931401187425635e+00 6.612000000000000000e+03
4.178272827209258367e+02 2.264679643320412605e+00 -3.872490658048945433e-01 -7.145060437014392640e+00 5.899000000000000000e+03
4.199082037741286513e+02 2.235507562706187112e+00 -3.540323952699560017e-01 -7.123539148295439993e+00 5.176000000000000000e+03
4.219826095167229028e+02 2.155134775061730235e+00 -3.202959567917013639e-01 -6.910223280136507107e+00 4.824000000000000000e+03
4.241028763136273483e+02 2.090357278827590370e+00 -2.612471171525600488e-01 -6.806124700897824731e+00 4.312000000000000000e+03
4.262107721966358440e+02 2.064657693919542236e+00 -2.303952099374944329e-01 -6.780533444991832859e+00 3.819000000000000000e+03
4.282460731868927724e+02 1.940510982046551147e+00 -1.875209360567378081e-01 -6.424997090846146008e+00 3.220000000000000000e+03
4.303287648834323136e+02 1.940025255778194957e+00 -1.782268788788643199e-01 -6.463756929506216053e+00 3.132000000000000000e+03
4.325172248853483552e+02 1.888122033592807059e+00 -1.465596628907766263e-01 -6.340710175030800144e+00 2.680000000000000000e+03
4.346325070601815810e+02 1.810541811115634836e+00 -1.097328074063559228e-01 -6.128968849676519781e+00 2.218000000000000000e+03
4.365567227659553851e+02 1.843302862719327750e+00 -1.048848107346570663e-01 -6.256458306009667680e+00 1.728000000000000000e+03
4.386277159174848634e+02 1.830127627889219788e+00 -8.226930919151796695e-02 -6.262179235338447114e+00 1.816000000000000000e+03
4.409019266196692683e+02 1.867862393099865681e+00 -7.311264913385968900e-02 -6.411980113452672825e+00 1.476000000000000000e+03
4.430735479208619836e+02 1.887663162346911339e+00 -4.392891940093578834e-02 -6.522607836161673056e+00 1.108000000000000000e+03
4.448761117541747012e+02 2.046135948834339136e+00 -8.266792819950910531e-02 -7.029240137779455111e+00 7.560000000000000000e+02
4.469343758523184533e+02 2.149435194758877010e+00 -3.950936702579327386e-02 -7.451702205459037387e+00 8.440000000000000000e+02
4.493013102792758104e+02 2.240026548719554089e+00 -9.145608791546966376e-03 -7.811157033963717744e+00 6.280000000000000000e+02
4.515989744176221734e+02 2.603067442020955635e+00 -1.240382154086918688e-02 -9.087192470177267722e+00 4.050000000000000000e+02
4.533101867737696580e+02 2.435089327703741535e+00 -1.448741264146102305e-02 -8.498316655706414480e+00 2.020000000000000000e+02
4.552338387398290820e+02 2.982535174341537143e+00 -7.080525665744205610e-02 -1.035878652476061212e+01 2.280000000000000000e+02
4.576034578613840722e+02 2.874587021510114138e+00 -9.253876301538059568e-02 -9.960764873933065644e+00 1.240000000000000000e+02
4.599517872444100703e+02 2.120619055275978937e+00 -5.987407951673041212e-02 -7.358753420738198159e+00 5.200000000000000000e+01
4.619205689144050666e+02 1.123371055045040423e+00 -2.347224736997970129e-02 -3.907348013479456483e+00 9.000000000000000000e+00
4.634281054380590490e+02 7.795851687508128514e-01 -7.195249578073020791e-03 -2.721117034464883400e+00 4.000000000000000000e+00
