2.966547074898984615e+00 2.731587539286644883e+00 2.478397429029485455e+00 5.447575981290638580e+00 1.300000000000000000e+01
5.026374055021858744e+00 2.163761968040879058e+00 4.486126153236679182e-01 1.400415454386806147e+00 3.300000000000000000e+01
7.149300621522788113e+00 1.521958820191733341e+00 3.076841407043219845e-01 4.061670751393836598e-01 7.900000000000000000e+01
9.278869254964254409e+00 1.160031249498447714e+00 4.746408552989760943e-01 1.843475226069128392e-01 1.170000000000000000e+02
1.145033261934470126e+01 9.845348685375056030e-01 1.788023485798171386e-01 3.011728491414970565e-01 2.050000000000000000e+02
1.349295587141915043e+01 7.659506505090311057e-01 2.797651218567663856e-01 2.037611468393286107e-01 2.350000000000000000e+02
1.558905561191892986e+01 6.301576885179575038e-01 1.253304253820510528e-01 8.944310572175771801e-02 3.690000000000000000e+02
1.769408367255316961e+01 5.385530962413840328e-01 1.000108380830548316e-01 9.107369900383188721e-02 4.330000000000000000e+02
1.981787480313529670e+01 4.486878189056833222e-01 8.688049438149950121e-02 2.215742280568792563e-02 5.850000000000000000e+02
2.192074938196263645e+01 3.725248178872473392e-01 1.152227347054494699e-01 5.149599427181351247e-02 6.790000000000000000e+02
2.398877635566245203e+01 3.161020013646397286e-01 1.148148512053197290e-01 -2.403545772087764196e-02 8.130000000000000000e+02
2.609286971896115759e+01 2.679854813710461636e-01 8.012358576736454407e-02 -1.086806410919811429e-02 9.850000000000000000e+02
2.823466315278179550e+01 2.340701517151116962e-01 6.197064497656418203e-02 5.165268690639833460e-02 1.183000000000000000e+03
3.032284873509123102e+01 2.203097489892962557e-01 4.897439465153546889e-02 4.353413890420572419e-02 1.269000000000000000e+03
3.240263258943403457e+01 1.950510674802109767e-01 3.931262937411008490e-02 3.456463557500914774e-02 1.537000000000000000e+03
3.449210129864554375e+01 1.816129442164335084e-01 3.686305176111019655e-02 2.843737723107528370e-02 1.653000000000000000e+03
3.658588147515196454e+01 1.593657485483751801e-01 3.891275106923418325e-02 2.602729828022027833e-02 1.963000000000000000e+03
3.868476949266977272e+01 1.512958691416087242e-01 3.243856993467968131e-02 1.955795082384116992e-02 2.121000000000000000e+03
4.078898888458283523e+01 1.369244735644368771e-01 3.906182140589076202e-02 1.729619727734115972e-02 2.413000000000000000e+03
4.289390876967645738e+01 1.254605547980957025e-01 3.441170889343000971e-02 7.346126382902520152e-03 2.635000000000000000e+03
4.498336005546935468e+01 1.150243223177024043e-01 3.237347549876713054e-02 2.297439437256215689e-02 2.877000000000000000e+03
4.706498529473824988e+01 1.056917763927785192e-01 2.644809015790568554e-02 8.233153642809661402e-03 3.169000000000000000e+03
4.917111919158227096e+01 9.876950219692125221e-02 2.110248856568723921e-02 1.274640709528569553e-02 3.507000000000000000e+03
5.126216914174227668e+01 8.846377553417544837e-02 2.279514787708280393e-02 4.384550825157408627e-03 3.685000000000000000e+03
5.335525146837034072e+01 8.108952379441106140e-02 1.838636809397249314e-02 1.069523570854471160e-02 4.165000000000000000e+03
5.546637228956934251e+01 7.484657314795313543e-02 1.819276149134772119e-02 8.009802079036024147e-03 4.377000000000000000e+03
5.757318819254808773e+01 6.922908821789229561e-02 1.618635348983417377e-02 5.811519898159441151e-03 4.855000000000000000e+03
5.965884044590281121e+01 6.420381127352835227e-02 1.642826885679798954e-02 8.850956258469593052e-03 4.929000000000000000e+03
6.174512302159506305e+01 6.027315287938433269e-02 1.377704490504058979e-02 4.034537530241355530e-03 5.581000000000000000e+03
6.382689291137189969e+01 5.658682477460059979e-02 1.264147883508199947e-02 7.222387050824773461e-03 5.679000000000000000e+03
6.592966228838450604e+01 5.286640506926754829e-02 1.210036827305242292e-02 4.148051507437623860e-03 6.385000000000000000e+03
6.803125784825746791e+01 4.913394974174539048e-02 1.192487784259943159e-02 3.410245440040981634e-03 6.553000000000000000e+03
7.013131008699485847e+01 4.567223576840303417e-02 1.200556505131230439e-02 2.545455412914243015e-03 7.125000000000000000e+03
7.223032366074338029e+01 4.303192240321983969e-02 1.149140208192388560e-02 3.170758404248722687e-04 7.447000000000000000e+03
7.432334270720505742e+01 4.041482985086820856e-02 1.005342585410061440e-02 3.247173503723700238e-03 7.929000000000000000e+03
7.642066756954473306e+01 3.820855953312447817e-02 1.016941611262453179e-02 2.327853050690738886e-03 8.353000000000000000e+03
7.850471694556040347e+01 3.619228335875325497e-02 9.900059284214368302e-03 4.862473931822101220e-03 8.775000000000000000e+03
8.059701946059529121e+01 3.450570402390137209e-02 9.454207717208345726e-03 3.136819299097436814e-03 9.313000000000000000e+03
8.269521798132063850e+01 3.224865963426378629e-02 9.865319577735736853e-03 2.490927982464179007e-03 9.841000000000000000e+03
8.478307522909847194e+01 3.063187844618382727e-02 1.002224470254428797e-02 3.488674533487008244e-03 1.019100000000000000e+04
8.687780839616016237e+01 2.905496127692313441e-02 1.086720957232157475e-02 1.819984754054186030e-03 1.089700000000000000e+04
8.897524569656535220e+01 2.767329583926060946e-02 1.010327119219359658e-02 2.252402893366661166e-03 1.130100000000000000e+04
9.108077810470518898e+01 2.610823901268311681e-02 1.000940376780333485e-02 3.897112947748249123e-03 1.202500000000000000e+04
9.318432266948052245e+01 2.542724923469218828e-02 9.254119259116679388e-03 4.172928292365794996e-03 1.242300000000000000e+04
9.527887641048309320e+01 2.405422139718763758e-02 9.749277397176108612e-03 4.208715543022458622e-03 1.302100000000000000e+04
9.736254237981037818e+01 2.323952264565594047e-02 9.749421345319021076e-03 5.062471380014125881e-03 1.340500000000000000e+04
9.944832814799407572e+01 2.246035885126902720e-02 9.154071369493742630e-03 5.120842425131064482e-03 1.424700000000000000e+04
1.015460879802399035e+02 2.155245682636183421e-02 9.545332357575935997e-03 4.090083898472417559e-03 1.471300000000000000e+04
1.036426375667732316e+02 2.094883269250874189e-02 9.189827381750025059e-03 4.729545874396370343e-03 1.548900000000000000e+04
1.057389390539465950e+02 2.030012354829834054e-02 9.522504692872420240e-03 5.408314730271846470e-03 1.591300000000000000e+04
1.078395855981474227e+02 1.982869093041059183e-02 9.031957218890735578e-03 5.886844684216807795e-03 1.687900000000000000e+04
1.099389405850131709e+02 1.961917583519473887e-02 8.599278183406965093e-03 6.298872282453853340e-03 1.719300000000000000e+04
1.120392143152385387e+02 1.899592906583071408e-02 8.701739438840104882e-03 5.934614331007719880e-03 1.815700000000000000e+04
1.141233458569757744e+02 1.847333546863666118e-02 8.970644793310375564e-03 6.669406979205832857e-03 1.833900000000000000e+04
1.162159397555423084e+02 1.803003249452490853e-02 9.385397267291130385e-03 6.670475052762415459e-03 1.957300000000000000e+04
1.183137204803772420e+02 1.787457249692410086e-02 9.782468286119908041e-03 6.883174133156920102e-03 1.994100000000000000e+04
1.203972311807013256e+02 1.758249338798693190e-02 1.073113709758657594e-02 7.986176771665494736e-03 2.062900000000000000e+04
1.224922363187857286e+02 1.748048824562055056e-02 1.049926087974515504e-02 8.016973171818379124e-03 2.165500000000000000e+04
1.245882598425863534e+02 1.729592958780545864e-02 1.111467342547686754e-02 9.648946419178523748e-03 2.211300000000000000e+04
1.266884677158377315e+02 1.716307298310375956e-02 1.119877935887250535e-02 9.452547477789480235e-03 2.318500000000000000e+04
1.287846620419940962e+02 1.718436229551608546e-02 1.126482169104972390e-02 1.107918280935629891e-02 2.366700000000000000e+04
1.308713393788149801e+02 1.722015740711674292e-02 1.184360091795236443e-02 1.222047330301128006e-02 2.438500000000000000e+04
1.329754833440644575e+02 1.715137128616028850e-02 1.227212654338677954e-02 1.330186586216179113e-02 2.574900000000000000e+04
1.350685217411978840e+02 1.692281367249883969e-02 1.191894568937077251e-02 1.068167332166563253e-02 2.506900000000000000e+04
1.371618602824667619e+02 1.661753138520628489e-02 1.017442056006394487e-02 4.553767385855911690e-03 2.554600000000000000e+04
1.392575458676788855e+02 1.659461203682879166e-02 8.916664787999793382e-03 -9.795058611378726062e-05 2.428200000000000000e+04
1.413433880996534810e+02 1.653178973514535244e-02 7.526845338535940490e-03 -4.220299615806969926e-03 2.430400000000000000e+04
1.434445756733687460e+02 1.634309440052250303e-02 6.148613592354797847e-03 -7.993806597188228558e-03 2.375400000000000000e+04
1.455398221916437080e+02 1.637126727851691277e-02 4.941276434194327716e-03 -1.094103194489895459e-02 2.308000000000000000e+04
1.476255108817551900e+02 1.637891903388139295e-02 3.920898668689702486e-03 -1.388609529358584248e-02 2.250000000000000000e+04
1.497176277038332444e+02 1.642086515683745945e-02 2.840770316278714430e-03 -1.651856006158560278e-02 2.207200000000000000e+04
1.518140044970460281e+02 1.658153059432791732e-02 1.922618304570243662e-03 -1.823919012426021558e-02 2.135800000000000000e+04
1.539145542655538748e+02 1.665594994182122146e-02 1.113865397911245527e-03 -2.043986144149447653e-02 2.103000000000000000e+04
1.560122063834993185e+02 1.690265160639717670e-02 4.432112268515342435e-04 -2.249936880190340702e-02 1.994800000000000000e+04
1.581130966381297185e+02 1.712276370656066679e-02 -3.036503683406002437e-04 -2.457604886684831499e-02 1.975200000000000000e+04
1.602056672848078449e+02 1.743955408512744623e-02 -9.437169729955530943e-04 -2.637807169257243289e-02 1.845400000000000000e+04
1.622857990359369751e+02 1.766378130534265040e-02 -1.663954801300895252e-03 -2.781490314008951831e-02 1.802800000000000000e+04
1.643817412475232516e+02 1.806048050767787225e-02 -2.181469880707284127e-03 -2.993061199175901105e-02 1.737000000000000000e+04
1.664826536774034764e+02 1.832488547389338890e-02 -1.990263697302569780e-03 -3.248319830004371689e-02 1.642600000000000000e+04
1.685658141881879430e+02 1.883050523697241477e-02 -2.577075651175951554e-03 -3.403001515149620820e-02 1.563000000000000000e+04
1.706487817438684260e+02 1.935652182280473213e-02 -2.848887842984403670e-03 -3.624814602488973109e-02 1.477000000000000000e+04
1.727517828144612793e+02 2.007618668362535358e-02 -3.503265844195970705e-03 -3.808387784215579164e-02 1.420200000000000000e+04
1.748530068735680061e+02 2.059335734624574005e-02 -3.494067231964107650e-03 -4.068021567181754478e-02 1.307200000000000000e+04
1.769502447625496586e+02 2.148897486000602222e-02 -3.985813248685297558e-03 -4.314365767471608354e-02 1.223800000000000000e+04
1.790336981624627128e+02 2.240408595946710019e-02 -4.076367039266906578e-03 -4.656011547165875980e-02 1.126200000000000000e+04
1.811155322217383628e+02 2.349633085629913506e-02 -4.362155982240091719e-03 -5.096940652208344080e-02 1.018600000000000000e+04
1.832145149667912278e+02 2.486234998186418257e-02 -4.772527873088677243e-03 -5.404061470386289923e-02 9.600000000000000000e+03
1.853124901146757395e+02 2.588102227684745821e-02 -4.356112305923464170e-03 -6.002446333271300311e-02 8.164000000000000000e+03
1.873878671736386252e+02 2.764346033069184708e-02 -4.746815789237480640e-03 -6.568533303874914131e-02 7.392000000000000000e+03
1.894941385667080169e+02 2.850578266128058966e-02 -3.583361399757131228e-03 -7.447073267426855547e-02 6.328000000000000000e+03
1.915927038186372044e+02 2.959190777100011854e-02 -3.197677300910990901e-03 -8.146457471110653270e-02 5.383000000000000000e+03
1.936660288714131468e+02 3.089856548050490259e-02 -2.700858940570838654e-03 -8.855791262795617569e-02 4.641000000000000000e+03
1.957542826725436100e+02 3.220808763040723666e-02 -1.855265839634373786e-03 -9.644552421899110772e-02 4.126000000000000000e+03
1.978826628016586255e+02 3.406199870370816424e-02 -1.910384759293313551e-03 -1.040855694550214122e-01 3.579000000000000000e+03
2.000001843808004764e+02 3.543328797215806319e-02 -1.780248914246770854e-03 -1.106479998894788069e-01 3.043000000000000000e+03
2.020352663438292495e+02 3.723941143055513325e-02 -1.567762796065685482e-03 -1.186397236296935498e-01 2.455000000000000000e+03
2.041298218709533785e+02 3.931247395652384680e-02 -1.244107517297080977e-03 -1.279495750559140610e-01 2.343000000000000000e+03
2.062802290775264282e+02 4.184615160394998534e-02 -1.072669172948432321e-03 -1.381258261651937269e-01 1.819000000000000000e+03
2.083405587159622314e+02 4.464591526098055096e-02 -1.041068106136540557e-03 -1.488172359436375769e-01 1.524000000000000000e+03
2.103706031034942896e+02 4.846422518613924951e-02 -9.966058387867581664e-04 -1.627534914405837918e-01 1.228000000000000000e+03
2.125145326690728211e+02 5.147562729417388266e-02 -6.700307302197007400e-04 -1.751897526783640358e-01 1.095000000000000000e+03
2.147589024069300763e+02 5.611976180279419635e-02 -5.807189645975286210e-04 -1.922258402274249767e-01 8.320000000000000000e+02
2.168470408205481021e+02 6.118379466157801427e-02 -4.450420445498804800e-04 -2.105191396219919797e-01 5.500000000000000000e+02
2.186512310160383379e+02 6.750276110379653527e-02 -5.718339455582419463e-04 -2.326446994102567833e-01 4.080000000000000000e+02
2.207747627137063660e+02 7.441470040971072397e-02 -5.933347135098193106e-04 -2.578883028536668731e-01 3.640000000000000000e+02
2.231192995023301933e+02 8.455965752262920021e-02 -5.188758511630244159e-04 -2.940671546922953294e-01 2.280000000000000000e+02
2.253630374066883633e+02 9.476619206367095649e-02 -2.259109299089502273e-04 -3.307338413630848128e-01 1.090000000000000000e+02
2.270052659625465026e+02 1.009133166371717766e-01 -5.657336897589764022e-04 -3.517743470150533347e-01 4.800000000000000000e+01
2.289458764032855527e+02 1.189673215618921864e-01 -4.381042803842624439e-04 -4.156051363900826745e-01 2.800000000000000000e+01
2.312641670406622438e+02 1.203054445544315953e-01 2.262476946435679041e-04 -4.212014626786642069e-01 4.000000000000000000e+00
