2.966547074898984615e+00 6.730764652884404953e+00 4.306175676601863067e+00 7.837531430756358830e+00 1.300000000000000000e+01
5.026374055021858744e+00 5.426137563355642790e+00 8.965385264059452242e-01 2.814410808468243541e+00 3.300000000000000000e+01
7.149300621522788113e+00 4.332616058215739585e+00 -6.719430955445182541e-02 3.666505094184235869e-01 7.900000000000000000e+01
9.278869254964254409e+00 3.165889522314630167e+00 6.520912657809148083e-01 1.123979220620051483e-01 1.170000000000000000e+02
1.145033261934470126e+01 2.800775297811912701e+00 8.420118203669805720e-03 1.226554305650791044e-01 2.050000000000000000e+02
1.349295587141915043e+01 2.533844516219350584e+00 -1.493607634982116183e-01 4.603530758302027404e-01 2.350000000000000000e+02
1.558905561191892986e+01 2.182509550240359086e+00 4.950976713735472795e-02 -2.689637435463871906e-01 3.690000000000000000e+02
1.769408367255316961e+01 2.119080979915750174e+00 -3.015090253554523758e-01 2.690715278030468838e-01 4.330000000000000000e+02
1.981787480313529670e+01 1.924020085974579741e+00 -1.416245849745413066e-01 -4.460674367750946251e-02 5.850000000000000000e+02
2.192074938196263645e+01 1.748381753170951569e+00 -1.266575751626243251e-01 2.159993171687073776e-01 6.790000000000000000e+02
2.398877635566245203e+01 1.694643032922297454e+00 -1.441160634607988045e-01 -8.920308153294623232e-02 8.130000000000000000e+02
2.609286971896115759e+01 1.555800502053543477e+00 -8.898324373482893734e-02 -1.036050316379303476e-01 9.850000000000000000e+02
2.823466315278179550e+01 1.466303584186832154e+00 -5.596490515425361217e-02 9.472919754752776034e-02 1.183000000000000000e+03
3.032284873509123102e+01 1.395083903110334589e+00 -7.214203184625229970e-02 8.592095324794746247e-02 1.269000000000000000e+03
3.240263258943403457e+01 1.313194613825874990e+00 8.099521644850190757e-03 -5.790332190117827155e-02 1.537000000000000000e+03
3.449210129864554375e+01 1.273005714246349562e+00 -5.344634585234830926e-02 2.493720693045608366e-02 1.653000000000000000e+03
3.658588147515196454e+01 1.206978879382169634e+00 -6.732529341069740277e-03 -1.051608789296540857e-02 1.963000000000000000e+03
3.868476949266977272e+01 1.155941588404320708e+00 -8.501100861215022189e-03 -1.785387670520080516e-02 2.121000000000000000e+03
4.078898888458283523e+01 1.131684085206900336e+00 -4.810883713715056326e-02 -5.846349652231710298e-03 2.413000000000000000e+03
4.289390876967645738e+01 1.076660565519375945e+00 -4.861066445778437425e-03 -8.024259573420813862e-02 2.635000000000000000e+03
4.498336005546935468e+01 1.048628443723898407e+00 -3.894491759970218625e-02 6.552274813650213470e-02 2.877000000000000000e+03
4.706498529473824988e+01 1.016939373983853923e+00 -1.785085927088353105e-02 -1.421305458554666078e-02 3.169000000000000000e+03
4.917111919158227096e+01 9.892915414841295663e-01 -1.118041216121176684e-02 6.260662429716222846e-03 3.507000000000000000e+03
5.126216914174227668e+01 9.668234167306676285e-01 -2.462111462996461123e-02 8.744263367979444174e-03 3.685000000000000000e+03
5.335525146837034072e+01 9.378628667339313774e-01 -2.108233741514150411e-02 3.384812575125165784e-02 4.165000000000000000e+03
5.546637228956934251e+01 9.162010666766128297e-01 -1.853484984735938659e-02 3.657155011557466223e-02 4.377000000000000000e+03
5.757318819254808773e+01 9.082535013252402978e-01 -4.571483556932787184e-02 2.310912043203632027e-02 4.855000000000000000e+03
5.965884044590281121e+01 8.731290097261881211e-01 -6.263589673943056706e-03 2.951593180948446429e-02 4.929000000000000000e+03
6.174512302159506305e+01 8.705563818251439434e-01 -4.510836500535145288e-02 1.797264997130145273e-02 5.581000000000000000e+03
6.382689291137189969e+01 8.496448678074988159e-01 -3.528171865342730196e-02 4.426099341602501153e-02 5.679000000000000000e+03
6.592966228838450604e+01 8.328594218268661198e-01 -2.620236357492196702e-02 2.760775945298435917e-03 6.385000000000000000e+03
6.803125784825746791e+01 8.285741883229512661e-01 -5.562570175860804406e-02 5.093129435536989519e-02 6.553000000000000000e+03
7.013131008699485847e+01 8.113541279501595982e-01 -4.428889659708402926e-02 3.725340483105176598e-02 7.125000000000000000e+03
7.223032366074338029e+01 7.956120517326790154e-01 -4.068510537078146028e-02 1.588932622834123704e-02 7.447000000000000000e+03
7.432334270720505742e+01 7.910369319979233538e-01 -5.806374676907565674e-02 3.994262573067083877e-02 7.929000000000000000e+03
7.642066756954473306e+01 7.684772032518776275e-01 -3.429212414746680287e-02 2.320564832760735807e-04 8.353000000000000000e+03
7.850471694556040347e+01 7.655162400995177974e-01 -5.727996186199041384e-02 4.864681633104402103e-02 8.775000000000000000e+03
8.059701946059529121e+01 7.485737937203219561e-01 -4.283794468277904444e-02 2.546873486915078935e-02 9.313000000000000000e+03
8.269521798132063850e+01 7.397945203815879944e-01 -5.389130698324331309e-02 2.664891264697312814e-02 9.841000000000000000e+03
8.478307522909847194e+01 7.257194995271889493e-01 -5.356804128594842146e-02 4.039221602628483704e-02 1.019100000000000000e+04
8.687780839616016237e+01 7.179929441314664151e-01 -5.626671434915059278e-02 3.197487275736256990e-02 1.089700000000000000e+04
8.897524569656535220e+01 7.053438366086810518e-01 -5.565823892393234607e-02 1.888251870681513511e-02 1.130100000000000000e+04
9.108077810470518898e+01 6.922746584716683582e-01 -5.957283840747160802e-02 4.781853883069757394e-02 1.202500000000000000e+04
9.318432266948052245e+01 6.801756654533981372e-01 -5.605604181881437137e-02 3.392757732818150324e-02 1.242300000000000000e+04
9.527887641048309320e+01 6.693030427073497490e-01 -5.814650477548798102e-02 2.745245684175274051e-02 1.302100000000000000e+04
9.736254237981037818e+01 6.579550276915944185e-01 -5.793688665855027675e-02 4.632983445172243059e-02 1.340500000000000000e+04
9.944832814799407572e+01 6.463023312585259861e-01 -5.648168184347698156e-02 4.317060809514184500e-02 1.424700000000000000e+04
1.015460879802399035e+02 6.381321659281903313e-01 -6.228092635019516488e-02 4.499182545798645350e-02 1.471300000000000000e+04
1.036426375667732316e+02 6.273341076745544420e-01 -5.991738538100226108e-02 4.414115222669816319e-02 1.548900000000000000e+04
1.057389390539465950e+02 6.184283100871205141e-01 -5.966391613947883560e-02 6.260718919626662160e-02 1.591300000000000000e+04
1.078395855981474227e+02 6.122481795919475500e-01 -6.435447487842196890e-02 6.748081676765166348e-02 1.687900000000000000e+04
1.099389405850131709e+02 5.993001356755618403e-01 -5.664649506788216327e-02 6.361359550682910147e-02 1.719300000000000000e+04
1.120392143152385387e+02 5.951231132086222120e-01 -6.369000088567228213e-02 6.172637701036878116e-02 1.815700000000000000e+04
1.141233458569757744e+02 5.892880949208775254e-01 -6.467849286802329623e-02 8.480816549061077902e-02 1.833900000000000000e+04
1.162159397555423084e+02 5.797905024346776681e-01 -5.874224328366991349e-02 8.451606927580787576e-02 1.957300000000000000e+04
1.183137204803772420e+02 5.797110106456552225e-01 -7.174185056328931387e-02 9.905288012178149748e-02 1.994100000000000000e+04
1.203972311807013256e+02 5.727057981613212778e-01 -6.492314606800983490e-02 1.250075768880208049e-01 2.062900000000000000e+04
1.224922363187857286e+02 5.717419358176493160e-01 -7.011212761355468948e-02 1.176634379999437763e-01 2.165500000000000000e+04
1.245882598425863534e+02 5.719157849033640328e-01 -7.133724052275917937e-02 1.590766331275417778e-01 2.211300000000000000e+04
1.266884677158377315e+02 5.693285604175118975e-01 -7.022274900534278275e-02 1.543300608355055170e-01 2.318500000000000000e+04
1.287846620419940962e+02 5.720719590459456549e-01 -7.607321162090585620e-02 1.938807287344967156e-01 2.366700000000000000e+04
1.308713393788149801e+02 5.767512575285894671e-01 -8.032867631595821956e-02 2.233382483812071106e-01 2.438500000000000000e+04
1.329754833440644575e+02 5.809345829568207664e-01 -7.865061230698366934e-02 2.537797066709431837e-01 2.574900000000000000e+04
1.350685217411978840e+02 5.818349624891597793e-01 -8.081541247115675564e-02 1.940467547717087127e-01 2.506900000000000000e+04
1.371618602824667619e+02 5.683993693747257936e-01 -7.228385934847100791e-02 3.247849761044280942e-02 2.554600000000000000e+04
1.392575458676788855e+02 5.636824724302960110e-01 -7.681746019538152059e-02 -8.559454771038066401e-02 2.428200000000000000e+04
1.413433880996534810e+02 5.485620967065255593e-01 -5.671663379773989738e-02 -2.227355310680528278e-01 2.430400000000000000e+04
1.434445756733687460e+02 5.412423668852656133e-01 -6.420668286247840917e-02 -3.215483188673802228e-01 2.375400000000000000e+04
1.455398221916437080e+02 5.280931762085805392e-01 -4.255587114551841188e-02 -4.178310956740289295e-01 2.308000000000000000e+04
1.476255108817551900e+02 5.207941860871040385e-01 -4.825935625505915760e-02 -4.935760640218193052e-01 2.250000000000000000e+04
1.497176277038332444e+02 5.073069381712311809e-01 -3.843379188683751502e-02 -5.739898034169103047e-01 2.207200000000000000e+04
1.518140044970460281e+02 4.998964961710479216e-01 -3.346646978595951838e-02 -6.264937595356632194e-01 2.135800000000000000e+04
1.539145542655538748e+02 4.884115350881285678e-01 -2.766213990113151541e-02 -6.773583054919667390e-01 2.103000000000000000e+04
1.560122063834993185e+02 4.788878219351088150e-01 -2.225028520882521219e-02 -7.296858263709575798e-01 1.994800000000000000e+04
1.581130966381297185e+02 4.657928731049447157e-01 -1.977394507247091232e-02 -7.651695681465795484e-01 1.975200000000000000e+04
1.602056672848078449e+02 4.567692330256024058e-01 -1.097903140804837481e-02 -8.023784256322704644e-01 1.845400000000000000e+04
1.622857990359369751e+02 4.453935556853938493e-01 -3.493922461841221516e-03 -8.271791016305924948e-01 1.802800000000000000e+04
1.643817412475232516e+02 4.388103376027635560e-01 -5.148160798792139788e-03 -8.516133280169284614e-01 1.737000000000000000e+04
1.664826536774034764e+02 4.276103489968689497e-01 2.520733448100714782e-03 -8.725391012765321141e-01 1.642600000000000000e+04
1.685658141881879430e+02 4.190294669576057340e-01 4.059122881562049132e-03 -8.846897727355935714e-01 1.563000000000000000e+04
1.706487817438684260e+02 4.138321009474845713e-01 7.670162946834060275e-03 -9.002064604668632564e-01 1.477000000000000000e+04
1.727517828144612793e+02 4.002201932671176632e-01 1.600636521883386232e-02 -9.124686138625790477e-01 1.420200000000000000e+04
1.748530068735680061e+02 3.942445400986687720e-01 2.148229912889227863e-02 -9.284733102740297950e-01 1.307200000000000000e+04
1.769502447625496586e+02 3.869354517280163552e-01 2.236974904449631762e-02 -9.339006449753741723e-01 1.223800000000000000e+04
1.790336981624627128e+02 3.795201377586578384e-01 2.811465081673058392e-02 -9.441095629065145989e-01 1.126200000000000000e+04
1.811155322217383628e+02 3.691459128995934758e-01 3.421910067637851799e-02 -9.537659471871483552e-01 1.018600000000000000e+04
1.832145149667912278e+02 3.670423390554677923e-01 3.671600915137786247e-02 -9.560575533068389475e-01 9.600000000000000000e+03
1.853124901146757395e+02 3.541602273320913485e-01 3.208617442147019411e-02 -9.535627810694010664e-01 8.164000000000000000e+03
1.873878671736386252e+02 3.436159778473171778e-01 3.644381862055751098e-02 -9.562105078756673038e-01 7.392000000000000000e+03
1.894941385667080169e+02 3.217870772611785002e-01 3.271327748737427182e-02 -9.360621954770783626e-01 6.328000000000000000e+03
1.915927038186372044e+02 3.018992304245322056e-01 2.542397886624325060e-02 -9.017699707361881423e-01 5.383000000000000000e+03
1.936660288714131468e+02 2.861161841234674541e-01 2.625449579332329864e-02 -8.794103411124049030e-01 4.641000000000000000e+03
1.957542826725436100e+02 2.601315535950671221e-01 2.731375909692700457e-02 -8.278083318018751857e-01 4.126000000000000000e+03
1.978826628016586255e+02 2.379234092030703684e-01 2.378502679919160950e-02 -7.675257985102730274e-01 3.579000000000000000e+03
2.000001843808004764e+02 2.146220372373083829e-01 1.801794597259721853e-02 -6.991584626879330244e-01 3.043000000000000000e+03
2.020352663438292495e+02 1.943246616771405755e-01 1.727448160565963481e-02 -6.437868607045472702e-01 2.455000000000000000e+03
2.041298218709533785e+02 1.587095119497057005e-01 1.507799427318723233e-02 -5.349756161803699284e-01 2.343000000000000000e+03
2.062802290775264282e+02 1.295095879108297265e-01 1.493734048857514769e-02 -4.435570604050909638e-01 1.819000000000000000e+03
2.083405587159622314e+02 9.913343378897833402e-02 1.160466914857201902e-02 -3.422466089810855538e-01 1.524000000000000000e+03
2.103706031034942896e+02 7.185937522340718475e-02 7.918119109544654102e-03 -2.488457743471493289e-01 1.228000000000000000e+03
2.125145326690728211e+02 2.814295828126772703e-02 5.616408510948848153e-03 -1.001255002948446271e-01 1.095000000000000000e+03
2.147589024069300763e+02 -9.615171347169141139e-03 5.580995686635560095e-03 2.874516125256386043e-02 8.320000000000000000e+02
2.168470408205481021e+02 -4.500798254969177320e-02 7.172233741867612561e-03 1.494191424297030002e-01 5.500000000000000000e+02
2.186512310160383379e+02 -8.019787379752274514e-02 3.339470561679441871e-03 2.741879446000899945e-01 4.080000000000000000e+02
2.207747627137063660e+02 -1.349452693656424673e-01 2.226839363622086856e-03 4.670605859052781583e-01 3.640000000000000000e+02
2.231192995023301933e+02 -1.867611983345401627e-01 7.255477811161560207e-04 6.505641722477046862e-01 2.280000000000000000e+02
2.253630374066883633e+02 -2.403485720612012488e-01 -1.826237542764445670e-03 8.415450382808707941e-01 1.090000000000000000e+02
2.270052659625465026e+02 -2.598271983164754939e-01 -6.297419708216994011e-03 9.139134299447431165e-01 4.800000000000000000e+01
2.289458764032855527e+02 -2.465741427756423798e-01 1.134012094396995209e-03 8.608560222560855957e-01 2.800000000000000000e+01
2.312641670406622438e+02 -5.651324619978825847e-01 1.044587214619204993e-02 1.967037369139528868e+00 4.000000000000000000e+00
