2.966547074898984615e+00 2.316634326460588866e+00 1.419874122886308321e+00 4.169010706145726886e+00 1.300000000000000000e+01
5.026374055021858744e+00 8.528571453823619031e-01 -5.042473762590544695e-01 1.816738137327236213e-01 3.300000000000000000e+01
7.149300621522788113e+00 6.934213262270417788e-01 -4.250479482742605120e-01 -2.828189884392083298e-01 7.900000000000000000e+01
9.278869254964254409e+00 6.267935287953211310e-01 -1.505743552051895251e-01 -2.481112853791749007e-01 1.170000000000000000e+02
1.145033261934470126e+01 5.342088352278070440e-01 -6.148927706515873448e-02 -2.256327560267176648e-03 2.050000000000000000e+02
1.349295587141915043e+01 4.119876277477954596e-01 -5.881543253696166346e-02 2.414064880658764456e-02 2.350000000000000000e+02
1.558905561191892986e+01 3.766239009292268736e-01 -1.157937115004430140e-01 -6.695139059515022029e-02 3.690000000000000000e+02
1.769408367255316961e+01 3.689028027097536744e-01 -1.228450587621536944e-01 1.660400089024274134e-02 4.330000000000000000e+02
1.981787480313529670e+01 3.768884523741969361e-01 -9.300614668339400593e-02 1.121556883984543701e-01 5.850000000000000000e+02
2.192074938196263645e+01 3.466651136257327681e-01 -2.154144601365361872e-02 1.205442521710701764e-01 6.790000000000000000e+02
2.398877635566245203e+01 3.313079440620481653e-01 -1.814378211325565204e-02 4.818858207841171526e-02 8.130000000000000000e+02
2.609286971896115759e+01 3.405369321066727406e-01 -2.398164558021601001e-02 -1.395896047634249265e-02 9.850000000000000000e+02
2.823466315278179550e+01 3.099707601438271842e-01 -4.464772558324931612e-02 4.076445710116694682e-02 1.183000000000000000e+03
3.032284873509123102e+01 3.113778067579320297e-01 -5.713792298267402620e-02 3.794565295376088609e-02 1.269000000000000000e+03
3.240263258943403457e+01 3.245253298829687827e-01 -1.099413182777972051e-02 -4.314583056156642837e-02 1.537000000000000000e+03
3.449210129864554375e+01 3.111123229947364566e-01 7.879286695423688355e-03 9.275697777216550949e-03 1.653000000000000000e+03
3.658588147515196454e+01 3.157458314306944014e-01 -7.444021324443036124e-03 5.125834991023821285e-02 1.963000000000000000e+03
3.868476949266977272e+01 3.069273459455000852e-01 4.795929015438082921e-02 8.879994934209099744e-02 2.121000000000000000e+03
4.078898888458283523e+01 3.128363105438014546e-01 4.885914489967459889e-02 7.672771353650049975e-02 2.413000000000000000e+03
4.289390876967645738e+01 3.111387106193469476e-01 3.621319777583315025e-02 1.293499865727491815e-02 2.635000000000000000e+03
4.498336005546935468e+01 3.002357647014505804e-01 1.592976026481080984e-02 4.657223936225100315e-04 2.877000000000000000e+03
4.706498529473824988e+01 2.985689760990469788e-01 -1.666274141238896847e-02 -3.253944988230347141e-02 3.169000000000000000e+03
4.917111919158227096e+01 2.786318924401329222e-01 -2.763688685969749662e-02 -5.110531419213847418e-03 3.507000000000000000e+03
5.126216914174227668e+01 2.765497011922791182e-01 -3.198009586475161065e-02 -8.085309814611718951e-03 3.685000000000000000e+03
5.335525146837034072e+01 2.759219682421367725e-01 -1.882023030721946891e-02 -1.077977865851550802e-02 4.165000000000000000e+03
5.546637228956934251e+01 2.742651525999658668e-01 -1.417472126745100702e-02 -1.200179924321886048e-02 4.377000000000000000e+03
5.757318819254808773e+01 2.697565781775898563e-01 -1.924390261127981866e-02 2.219394138683986138e-03 4.855000000000000000e+03
5.965884044590281121e+01 2.677456360085702647e-01 -6.482616806261058857e-03 5.545162126692051996e-02 4.929000000000000000e+03
6.174512302159506305e+01 2.621768585460546030e-01 -3.588978111260822650e-03 2.481169564125176516e-02 5.581000000000000000e+03
6.382689291137189969e+01 2.569448478142726811e-01 6.705651049511920578e-03 1.008898316319732646e-02 5.679000000000000000e+03
6.592966228838450604e+01 2.513394279280326549e-01 -1.674957125265011740e-02 1.163491641237123647e-02 6.385000000000000000e+03
6.803125784825746791e+01 2.577555287913051441e-01 -4.113011905984160707e-03 1.365911304623920915e-02 6.553000000000000000e+03
7.013131008699485847e+01 2.537998084232767071e-01 4.495208291776890512e-03 6.511315372447062932e-03 7.125000000000000000e+03
7.223032366074338029e+01 2.534966149736706531e-01 -7.206852859880386215e-03 -4.589465682142187392e-03 7.447000000000000000e+03
7.432334270720505742e+01 2.458220809607206403e-01 2.842715398506006404e-03 9.016719968501091254e-03 7.929000000000000000e+03
7.642066756954473306e+01 2.518393742417455727e-01 1.391258928249474759e-02 4.293824749562680058e-03 8.353000000000000000e+03
7.850471694556040347e+01 2.425217594578137903e-01 2.125477243009465250e-02 9.648315093844662266e-03 8.775000000000000000e+03
8.059701946059529121e+01 2.394394815710371993e-01 3.572627127627509350e-03 1.926979336883992162e-03 9.313000000000000000e+03
8.269521798132063850e+01 2.421004997601095832e-01 4.824408421013421690e-03 -1.412241633945580249e-02 9.841000000000000000e+03
8.478307522909847194e+01 2.373539562957067417e-01 8.223560195511129406e-03 -3.058882990681818011e-03 1.019100000000000000e+04
8.687780839616016237e+01 2.402934331087820952e-01 4.482697210662920165e-03 -2.044482883606763696e-02 1.089700000000000000e+04
8.897524569656535220e+01 2.357759594776538958e-01 -9.028513685961943661e-03 -1.710444115939294824e-02 1.130100000000000000e+04
9.108077810470518898e+01 2.346189632821927551e-01 1.880066110979171281e-03 -1.359647181142274903e-02 1.202500000000000000e+04
9.318432266948052245e+01 2.310787426996476213e-01 3.479527082213004253e-03 1.890091713448213478e-03 1.242300000000000000e+04
9.527887641048309320e+01 2.261338143809950296e-01 -6.407157218997284846e-03 1.454863428829728834e-02 1.302100000000000000e+04
9.736254237981037818e+01 2.255820954918355548e-01 4.636289720404495641e-03 -7.910458065302865965e-03 1.340500000000000000e+04
9.944832814799407572e+01 2.244118975587047760e-01 1.560391637208781782e-04 6.789727402451786048e-03 1.424700000000000000e+04
1.015460879802399035e+02 2.207036671855923948e-01 9.589173252355271543e-03 5.224663050569424566e-03 1.471300000000000000e+04
1.036426375667732316e+02 2.182517219299815181e-01 -4.770648256265584870e-03 1.061660195458240252e-02 1.548900000000000000e+04
1.057389390539465950e+02 2.161117924689071046e-01 -4.304452443988492083e-03 1.266016053617025246e-02 1.591300000000000000e+04
1.078395855981474227e+02 2.150941470691329349e-01 -9.253554780342243937e-04 3.681662660880208673e-03 1.687900000000000000e+04
1.099389405850131709e+02 2.126232678160446254e-01 -1.364198587528771354e-03 -3.881645194590077966e-03 1.719300000000000000e+04
1.120392143152385387e+02 2.144052572351707320e-01 5.308839875636501768e-03 -1.231673318736660819e-02 1.815700000000000000e+04
1.141233458569757744e+02 2.134382598279016829e-01 8.510266734272209713e-03 3.543847496579329015e-03 1.833900000000000000e+04
1.162159397555423084e+02 2.128958818037950951e-01 1.091866874046223783e-02 4.503561871474671616e-03 1.957300000000000000e+04
1.183137204803772420e+02 2.121401280623324836e-01 8.029362081547846558e-03 9.036566393957376486e-03 1.994100000000000000e+04
1.203972311807013256e+02 2.108604930034092551e-01 1.156075033375453774e-02 2.681747746490958234e-02 2.062900000000000000e+04
1.224922363187857286e+02 2.096645176682833678e-01 3.932368682154406200e-03 1.558447204390759830e-02 2.165500000000000000e+04
1.245882598425863534e+02 2.135779681894011406e-01 4.743536654236202126e-03 2.941489446657129941e-02 2.211300000000000000e+04
1.266884677158377315e+02 2.136732452328612974e-01 3.701662216339582628e-03 2.600751061985225043e-02 2.318500000000000000e+04
1.287846620419940962e+02 2.139596359946532578e-01 3.764520888509206679e-03 3.115959862689716281e-02 2.366700000000000000e+04
1.308713393788149801e+02 2.137292391717818540e-01 5.160816772537277566e-03 3.347077677313379379e-02 2.438500000000000000e+04
1.329754833440644575e+02 2.127632168193431261e-01 -7.407960141114777741e-04 5.330342745434159951e-02 2.574900000000000000e+04
1.350685217411978840e+02 2.163420948813984390e-01 1.587494470334770971e-03 3.347968213055939335e-02 2.506900000000000000e+04
1.371618602824667619e+02 2.135924050635014670e-01 7.565791643744711713e-03 -3.189423957953210764e-02 2.554600000000000000e+04
1.392575458676788855e+02 2.164328379268718461e-01 3.732657174538350255e-03 -7.290261630923225433e-02 2.428200000000000000e+04
1.413433880996534810e+02 2.152637321452812724e-01 9.042268901569834420e-04 -1.216385527832733737e-01 2.430400000000000000e+04
1.434445756733687460e+02 2.177551936443702096e-01 1.237988895316701398e-03 -1.631673546992665202e-01 2.375400000000000000e+04
1.455398221916437080e+02 2.207732765596356617e-01 1.497916142055337940e-03 -1.886188835685975174e-01 2.308000000000000000e+04
1.476255108817551900e+02 2.152983989005319843e-01 2.776038551672115853e-04 -2.305843991769432333e-01 2.250000000000000000e+04
1.497176277038332444e+02 2.156840305438674776e-01 -3.654648220239538770e-03 -2.628128646259230705e-01 2.207200000000000000e+04
1.518140044970460281e+02 2.160989378990976206e-01 -1.486538715067973072e-03 -2.894184571811228013e-01 2.135800000000000000e+04
1.539145542655538748e+02 2.218619683217157856e-01 -2.376392112848813801e-03 -3.222488739623030618e-01 2.103000000000000000e+04
1.560122063834993185e+02 2.245556521549213480e-01 2.437799368858351457e-03 -3.474602394853265608e-01 1.994800000000000000e+04
1.581130966381297185e+02 2.271475669255034746e-01 3.307339067948208977e-03 -3.729052516530705352e-01 1.975200000000000000e+04
1.602056672848078449e+02 2.307508891989225874e-01 -4.078723825762231407e-03 -3.974247140928146016e-01 1.845400000000000000e+04
1.622857990359369751e+02 2.342156286291205425e-01 -8.699254897311492485e-03 -4.111662862554344433e-01 1.802800000000000000e+04
1.643817412475232516e+02 2.412843844038321528e-01 -7.631742281111435081e-04 -4.637375925159947787e-01 1.737000000000000000e+04
1.664826536774034764e+02 2.505766925108089405e-01 -6.767896132817211030e-03 -4.875359085826466710e-01 1.642600000000000000e+04
1.685658141881879430e+02 2.560364586502079653e-01 -9.514117924588208833e-03 -5.077399236140678340e-01 1.563000000000000000e+04
1.706487817438684260e+02 2.639407610053092212e-01 -1.541374100738184504e-02 -5.290084869327393857e-01 1.477000000000000000e+04
1.727517828144612793e+02 2.706056688010869959e-01 -1.801455649016780666e-02 -5.542663584589578862e-01 1.420200000000000000e+04
1.748530068735680061e+02 2.767549109531644569e-01 -1.521914224047583170e-02 -5.898752016145313304e-01 1.307200000000000000e+04
1.769502447625496586e+02 2.889122315442318456e-01 -1.760681138697826886e-02 -6.300981869609417751e-01 1.223800000000000000e+04
1.790336981624627128e+02 3.037015155009035738e-01 -8.160061930828597931e-03 -6.909777582994585110e-01 1.126200000000000000e+04
1.811155322217383628e+02 3.157243079607757741e-01 -3.056169819478845966e-03 -7.554760839488927626e-01 1.018600000000000000e+04
1.832145149667912278e+02 3.320921702758566907e-01 2.355584704405701713e-03 -8.074189383190556457e-01 9.600000000000000000e+03
1.853124901146757395e+02 3.296124185935305761e-01 7.723102736788704618e-03 -8.483357820744497069e-01 8.164000000000000000e+03
1.873878671736386252e+02 3.350648751324352137e-01 -1.797982482314315275e-02 -8.436394760364493983e-01 7.392000000000000000e+03
1.894941385667080169e+02 3.326242199613057560e-01 2.913476702815341428e-03 -9.244043423372046986e-01 6.328000000000000000e+03
1.915927038186372044e+02 3.419883707733920031e-01 5.675983525452575444e-03 -9.946278033283713071e-01 5.383000000000000000e+03
1.936660288714131468e+02 3.479313633655412019e-01 -4.170784924934107032e-03 -1.030976787821327845e+00 4.641000000000000000e+03
1.957542826725436100e+02 3.721452985624498222e-01 -5.261773476157563002e-03 -1.133215200054719096e+00 4.126000000000000000e+03
1.978826628016586255e+02 3.663118564523895615e-01 -4.359167576660965236e-03 -1.139103675460183318e+00 3.579000000000000000e+03
2.000001843808004764e+02 3.853851650418929076e-01 5.991401676800462393e-03 -1.234888099505583092e+00 3.043000000000000000e+03
2.020352663438292495e+02 4.138572521941485394e-01 8.811560972406581871e-03 -1.343262128606941497e+00 2.455000000000000000e+03
2.041298218709533785e+02 4.080074527702026721e-01 3.859757387261520279e-03 -1.340521851388509988e+00 2.343000000000000000e+03
2.062802290775264282e+02 4.465686009406714674e-01 1.540263859496898181e-02 -1.493967558132370366e+00 1.819000000000000000e+03
2.083405587159622314e+02 4.734052253635542273e-01 2.739494173279451161e-02 -1.615795057214341135e+00 1.524000000000000000e+03
2.103706031034942896e+02 4.959374345903661552e-01 1.210604492260908271e-02 -1.684095930845966649e+00 1.228000000000000000e+03
2.125145326690728211e+02 5.059593217758909800e-01 1.967471035762240542e-02 -1.748669600130695612e+00 1.095000000000000000e+03
2.147589024069300763e+02 5.213868405770478720e-01 2.109663152649786377e-02 -1.815125626061227404e+00 8.320000000000000000e+02
2.168470408205481021e+02 5.487341189013080767e-01 1.814772328817217811e-02 -1.912239496931189775e+00 5.500000000000000000e+02
2.186512310160383379e+02 5.831260706756982160e-01 2.807126375218558113e-03 -2.015637623755839325e+00 4.080000000000000000e+02
2.207747627137063660e+02 6.769357555924789827e-01 8.933681756224049267e-03 -2.359605081790656200e+00 3.640000000000000000e+02
2.231192995023301933e+02 7.844132823445086888e-01 3.170089942693397195e-02 -2.765188425753698276e+00 2.280000000000000000e+02
2.253630374066883633e+02 1.036314111069045696e+00 2.850784336158239049e-02 -3.648121305017057558e+00 1.090000000000000000e+02
2.270052659625465026e+02 9.201666771438631320e-01 -1.798581455433753001e-02 -3.193668595900919005e+00 4.800000000000000000e+01
2.289458764032855527e+02 1.079803020715424999e+00 -1.037458228162425021e-02 -3.765502255928827591e+00 2.800000000000000000e+01
2.312641670406622438e+02 6.959990171987734398e-01 5.792674331417634916e-03 -2.441510526658519087e+00 4.000000000000000000e+00
