2.966547074898984615e+00 5.625648425039481149e-01 -4.453868730668247289e-01 5.960011902129437322e-01 1.300000000000000000e+01
5.026374055021858744e+00 2.079195205589517426e-01 9.696421851190378804e-03 1.333053435592956304e-01 3.300000000000000000e+01
7.149300621522788113e+00 9.770148338564105250e-02 -5.654295863307026021e-02 -2.736613576154090649e-02 7.900000000000000000e+01
9.278869254964254409e+00 6.794973844041547750e-02 -3.867383536017473394e-02 3.811366429886975144e-04 1.170000000000000000e+02
1.145033261934470126e+01 4.910275705797578077e-02 -3.292828958344543727e-02 3.878680881623868763e-03 2.050000000000000000e+02
1.349295587141915043e+01 3.477172602252039807e-02 -2.305559000829962915e-02 5.346510316194554545e-03 2.350000000000000000e+02
1.558905561191892986e+01 2.667665092386746831e-02 -2.007779973929992023e-02 4.836290019340761664e-03 3.690000000000000000e+02
1.769408367255316961e+01 1.951616807285152730e-02 -1.162501741253607612e-02 -1.150578653880178059e-03 4.330000000000000000e+02
1.981787480313529670e+01 1.654322669924933320e-02 -1.123928458916496551e-02 8.371928791137101629e-04 5.850000000000000000e+02
2.192074938196263645e+01 1.466543453127034866e-02 -1.006409874252000951e-02 7.891404739057215467e-04 6.790000000000000000e+02
2.398877635566245203e+01 1.257512200425223679e-02 -5.566081658158159549e-03 -7.393929541571395679e-07 8.130000000000000000e+02
2.609286971896115759e+01 1.111925020500684202e-02 -4.568806878782007141e-03 -3.900256179467808835e-04 9.850000000000000000e+02
2.823466315278179550e+01 9.594135526513562079e-03 -3.437380918109631586e-03 8.631072191560935566e-04 1.183000000000000000e+03
3.032284873509123102e+01 8.663192634892409594e-03 -3.160367170214518993e-03 1.592728291595906344e-03 1.269000000000000000e+03
3.240263258943403457e+01 7.715865934636557087e-03 -3.215678502887258771e-03 6.181657166024518042e-04 1.537000000000000000e+03
3.449210129864554375e+01 6.863400020681822977e-03 -2.387369917997739319e-03 5.162029040643353319e-04 1.653000000000000000e+03
3.658588147515196454e+01 6.080990740873016241e-03 -2.824119190935988743e-03 1.752597870564913396e-03 1.963000000000000000e+03
3.868476949266977272e+01 5.245063522348211889e-03 -2.156434299490319739e-03 1.124972632356640483e-03 2.121000000000000000e+03
4.078898888458283523e+01 4.753652912830553905e-03 -2.069676983333497856e-03 3.860293845155377099e-04 2.413000000000000000e+03
4.289390876967645738e+01 4.335577562937033107e-03 -1.853085187086226694e-03 4.235611298585307541e-04 2.635000000000000000e+03
4.498336005546935468e+01 3.898235614560654431e-03 -1.605473739680604367e-03 6.949283212730617953e-04 2.877000000000000000e+03
4.706498529473824988e+01 3.521863390921324468e-03 -1.686590953363679632e-03 3.271076216747371176e-04 3.169000000000000000e+03
4.917111919158227096e+01 3.272449623987691569e-03 -1.345383381897024980e-03 2.786284870796476684e-04 3.507000000000000000e+03
5.126216914174227668e+01 2.988685540306626302e-03 -1.175329145285832540e-03 2.679827492512874745e-05 3.685000000000000000e+03
5.335525146837034072e+01 2.765328650585005196e-03 -9.271608813301077502e-04 3.340256124564790744e-05 4.165000000000000000e+03
5.546637228956934251e+01 2.556333261152528898e-03 -8.943105468745608756e-04 5.821686330468884424e-05 4.377000000000000000e+03
5.757318819254808773e+01 2.288588622636570161e-03 -7.925852122418215046e-04 1.187024064722526557e-04 4.855000000000000000e+03
5.965884044590281121e+01 2.087161758070370503e-03 -6.998673346728934153e-04 1.358591738438383063e-04 4.929000000000000000e+03
6.174512302159506305e+01 1.939614165101773494e-03 -6.381958175829682703e-04 1.649586336919162848e-04 5.581000000000000000e+03
6.382689291137189969e+01 1.816869268944363777e-03 -5.432171315952247616e-04 -1.301036458641536807e-05 5.679000000000000000e+03
6.592966228838450604e+01 1.722407982277318530e-03 -4.716354818031964400e-04 -1.298309400276304113e-04 6.385000000000000000e+03
6.803125784825746791e+01 1.627913417155088397e-03 -4.588844887544316813e-04 -7.085597775123069961e-05 6.553000000000000000e+03
7.013131008699485847e+01 1.464978382077892572e-03 -4.433882805557649441e-04 2.473109413987176151e-05 7.125000000000000000e+03
7.223032366074338029e+01 1.390315032898132826e-03 -4.591668362091453313e-04 -1.742375159492539144e-05 7.447000000000000000e+03
7.432334270720505742e+01 1.241003819253819586e-03 -4.534329950978852010e-04 1.816191504502036094e-05 7.929000000000000000e+03
7.642066756954473306e+01 1.147223012011937835e-03 -4.299173504699797897e-04 2.539552375382331801e-05 8.353000000000000000e+03
7.850471694556040347e+01 1.074297754397263291e-03 -4.204777271351026104e-04 1.175646883845206047e-05 8.775000000000000000e+03
8.059701946059529121e+01 9.997749309013045406e-04 -4.105894273887153423e-04 1.014035750957455458e-05 9.313000000000000000e+03
8.269521798132063850e+01 9.363856864497701552e-04 -3.505819701072782372e-04 -1.406122197176704373e-05 9.841000000000000000e+03
8.478307522909847194e+01 8.777354659482216681e-04 -3.444686510441296408e-04 -6.885857452879755346e-05 1.019100000000000000e+04
8.687780839616016237e+01 8.355950725795694822e-04 -3.300082108451136281e-04 -4.274679714015984337e-05 1.089700000000000000e+04
8.897524569656535220e+01 7.846798868362399012e-04 -3.072429668761694570e-04 -5.259008733714585988e-05 1.130100000000000000e+04
9.108077810470518898e+01 7.557145852786599505e-04 -2.789484213278896232e-04 -3.280504062373637808e-05 1.202500000000000000e+04
9.318432266948052245e+01 7.067692084377415630e-04 -2.563820825682324020e-04 -3.100728271086952226e-05 1.242300000000000000e+04
9.527887641048309320e+01 6.717185295366580886e-04 -2.086587011496047594e-04 -2.739676250070565206e-05 1.302100000000000000e+04
9.736254237981037818e+01 6.414424256309185198e-04 -1.990148072318956285e-04 2.182738969045610531e-05 1.340500000000000000e+04
9.944832814799407572e+01 6.043292140989660072e-04 -2.021053541629468575e-04 1.355934490289335164e-05 1.424700000000000000e+04
1.015460879802399035e+02 5.638272281955423581e-04 -1.814966199056891843e-04 2.519428572311176208e-05 1.471300000000000000e+04
1.036426375667732316e+02 5.365665967406350271e-04 -1.707362758241877084e-04 1.769889410773035074e-05 1.548900000000000000e+04
1.057389390539465950e+02 5.061212196040908813e-04 -1.697546076623034929e-04 3.523263294708323177e-05 1.591300000000000000e+04
1.078395855981474227e+02 4.792374640608746674e-04 -1.674699676675745744e-04 2.498667956634703679e-05 1.687900000000000000e+04
1.099389405850131709e+02 4.573420141451020409e-04 -1.683803043472443845e-04 3.215820626409286839e-05 1.719300000000000000e+04
1.120392143152385387e+02 4.335936280539579826e-04 -1.629429714100180844e-04 2.470680311168264957e-05 1.815700000000000000e+04
1.141233458569757744e+02 4.164319725743752948e-04 -1.414975713720891318e-04 1.579682188987233148e-05 1.833900000000000000e+04
1.162159397555423084e+02 4.011688613763866461e-04 -1.289662009811940065e-04 1.144100832903629733e-05 1.957300000000000000e+04
1.183137204803772420e+02 3.809011787089036909e-04 -1.190894560925423527e-04 2.181906671288047167e-05 1.994100000000000000e+04
1.203972311807013256e+02 3.581344343804710156e-04 -1.167283935674415739e-04 3.556667121957567346e-05 2.062900000000000000e+04
1.224922363187857286e+02 3.441106343771860462e-04 -1.143090722701030213e-04 2.179188953907123966e-05 2.165500000000000000e+04
1.245882598425863534e+02 3.256624764085690074e-04 -9.962677948243848646e-05 2.766319385539871276e-05 2.211300000000000000e+04
1.266884677158377315e+02 3.120850528846414677e-04 -8.898712675016465169e-05 2.016270277080107440e-05 2.318500000000000000e+04
1.287846620419940962e+02 2.990175430599073189e-04 -1.004892490693545028e-04 3.224346876703013278e-05 2.366700000000000000e+04
1.308713393788149801e+02 2.882178463702731374e-04 -9.304316736618677001e-05 4.309309509683670504e-05 2.438500000000000000e+04
1.329754833440644575e+02 2.741195809856678011e-04 -9.941496792157220486e-05 3.832372321773062202e-05 2.574900000000000000e+04
1.350691081525609434e+02 2.629227495173258773e-04 -9.068026544987973451e-05 3.269152439456041783e-05 2.567500000000000000e+04
1.371638825856825576e+02 2.528814941103351603e-04 -9.413678334442900379e-05 3.375117936986089264e-05 2.740900000000000000e+04
1.392604757372163533e+02 2.437188718004855621e-04 -1.006516424331942980e-04 3.539319971291665992e-05 2.740500000000000000e+04
1.413466882908376760e+02 2.352095874787849428e-04 -9.733425875814109417e-05 3.225465206084872263e-05 2.871700000000000000e+04
1.434475230090064031e+02 2.279000565701311579e-04 -9.758597785873790670e-05 2.810276025725656949e-05 2.959500000000000000e+04
1.455452853418541679e+02 2.209403340121409527e-04 -9.423320889182678663e-05 2.661909081744660813e-05 3.030100000000000000e+04
1.476332061073587738e+02 2.104642836792462138e-04 -9.400175581780977052e-05 2.197329562469862470e-05 3.110100000000000000e+04
1.497211472843286231e+02 2.037968913952374205e-04 -9.459852695848276771e-05 1.613426730567960008e-05 3.202300000000000000e+04
1.518138048751577287e+02 1.944879980507613088e-04 -9.276973078032189532e-05 2.381179370710589496e-05 3.297700000000000000e+04
1.539211490100352648e+02 1.887229567030057707e-04 -8.321710384680508325e-05 1.826129668468226747e-05 3.444900000000000000e+04
1.560214747341236716e+02 1.826949713141331382e-04 -8.118315074358459194e-05 1.462375543551851109e-05 3.454900000000000000e+04
1.581161747588121784e+02 1.782411480330846950e-04 -8.089145732792914299e-05 1.317687832174296693e-05 3.611100000000000000e+04
1.602118712271799836e+02 1.707453105924439953e-04 -7.691703559692908648e-05 1.488403097146039707e-05 3.654100000000000000e+04
1.623006419462898862e+02 1.646190521695561275e-04 -7.560895091164288289e-05 1.393843658481067657e-05 3.771700000000000000e+04
1.643899033199985240e+02 1.590113879896670594e-04 -7.210006050374143907e-05 1.606188366776476620e-05 3.861900000000000000e+04
1.664835582381511756e+02 1.529994860375488480e-04 -7.133760047834396712e-05 2.111370765905066772e-05 3.966100000000000000e+04
1.685719683778473552e+02 1.498484876405573886e-04 -6.269227051894687216e-05 1.805498647015497927e-05 4.054500000000000000e+04
1.706641332089364766e+02 1.454876714150807305e-04 -6.322130311928014746e-05 2.508880576556080853e-05 4.181500000000000000e+04
1.727708699256135390e+02 1.403226136770130579e-04 -6.172800614585750715e-05 2.270498327116931794e-05 4.312500000000000000e+04
1.748696546009699659e+02 1.363242035152746243e-04 -6.351076656633782491e-05 2.661673478871429360e-05 4.368100000000000000e+04
1.769585769494445344e+02 1.331713769907344361e-04 -6.371715095533543062e-05 2.060648784599658999e-05 4.462900000000000000e+04
1.790524509315575301e+02 1.287734776822436361e-04 -5.983025497880617075e-05 2.088172793238608313e-05 4.622700000000000000e+04
1.811526521261263554e+02 1.253004301327273788e-04 -5.618069171037685049e-05 2.132221886303832918e-05 4.690900000000000000e+04
1.832476884130738881e+02 1.218579488957954708e-04 -5.794368181638541167e-05 2.312301990631774953e-05 4.823700000000000000e+04
1.853312475833926101e+02 1.201996758334882725e-04 -5.856454981745270560e-05 2.748435205661260849e-05 4.858300000000000000e+04
1.874284892203218931e+02 1.170047838157294912e-04 -5.615620357728078808e-05 1.904979786484754795e-05 5.099700000000000000e+04
1.895337179075755216e+02 1.143620019415653307e-04 -5.347956604450389273e-05 2.218868228258480144e-05 5.139700000000000000e+04
1.916268196474026126e+02 1.103171413044101701e-04 -5.293229735843437848e-05 1.853285721072038674e-05 5.248900000000000000e+04
1.937183403446852878e+02 1.085702333341618869e-04 -5.137695195442859228e-05 2.169670461501250607e-05 5.378700000000000000e+04
1.958131498886989164e+02 1.062430821849135978e-04 -5.121100424567498005e-05 1.911187626808047302e-05 5.491300000000000000e+04
1.979058740098966211e+02 1.038305797706724840e-04 -4.756586068997205476e-05 2.177039610360673215e-05 5.597700000000000000e+04
1.999990651597893816e+02 1.010666642069944158e-04 -4.569689453511262034e-05 2.347567088738978204e-05 5.741500000000000000e+04
2.020893038374759101e+02 9.782747873027831671e-05 -4.204791597177529500e-05 1.888167602885860243e-05 5.810500000000000000e+04
2.041823192148177952e+02 9.548346083534614104e-05 -4.469026239880022577e-05 2.123388184926504996e-05 6.003300000000000000e+04
2.062825911013838152e+02 9.387520641741227488e-05 -4.223619168240823416e-05 2.231215183279236394e-05 6.094900000000000000e+04
2.083770189145966185e+02 9.238650803177507465e-05 -3.816650010900209626e-05 2.113045111676288158e-05 6.223500000000000000e+04
2.104675816794403431e+02 9.068184710687528162e-05 -3.744083026530554330e-05 1.871801867370427873e-05 6.322900000000000000e+04
2.125667854244018145e+02 8.928744687120461888e-05 -3.820724570265694590e-05 1.908769875873596422e-05 6.513300000000000000e+04
2.146619261104851830e+02 8.768278422002936077e-05 -3.668979194602529920e-05 2.025583909918781913e-05 6.570700000000000000e+04
2.167561805722037036e+02 8.480356530956732666e-05 -3.592678605840357700e-05 2.024420535006335066e-05 6.756100000000000000e+04
2.188528705899679210e+02 8.440687403837183469e-05 -3.576321908151854778e-05 1.822244880714761405e-05 6.850500000000000000e+04
2.209456427453084473e+02 8.342070597011550751e-05 -3.469326804613470774e-05 1.814441506735972218e-05 6.994300000000000000e+04
2.230395148320731096e+02 8.165830071026130785e-05 -3.487688991249499547e-05 1.864472080379022726e-05 7.109700000000000000e+04
2.251356732858534997e+02 8.049382169426207384e-05 -3.364366366875815652e-05 2.069672706539931739e-05 7.302100000000000000e+04
2.272278504864401327e+02 8.018001999857851214e-05 -3.518619894256122803e-05 2.171761213534603572e-05 7.331700000000000000e+04
2.293197511287232544e+02 7.925559414032980253e-05 -3.298165910183402535e-05 2.028588626800017765e-05 7.579900000000000000e+04
2.314114772346510165e+02 7.878534948985800503e-05 -3.366646862986208801e-05 2.229910136986861267e-05 7.602100000000000000e+04
2.335058467478245632e+02 7.747031963825868001e-05 -3.375526322040114821e-05 2.163257549600000872e-05 7.875300000000000000e+04
2.356041652202905539e+02 7.622386982562124420e-05 -3.505339177448955678e-05 2.029930035584505375e-05 7.929100000000000000e+04
2.377006336558306998e+02 7.531856490337556875e-05 -3.383967473400267812e-05 2.117740035882698338e-05 8.112900000000000000e+04
2.397972750390475198e+02 7.485369772599226746e-05 -3.348393932628078407e-05 2.169771483589666520e-05 8.244100000000000000e+04
2.418944602532704096e+02 7.433595068659166387e-05 -3.496792238562284325e-05 2.307242755815991619e-05 8.394900000000000000e+04
2.439884227569783093e+02 7.383486524683252714e-05 -3.538511538467120599e-05 2.342645662062977477e-05 8.512300000000000000e+04
2.460835996828307373e+02 7.308390856325721328e-05 -3.460411580849494440e-05 2.468502969576677215e-05 8.692900000000000000e+04
2.481755280705312146e+02 7.266157444839405955e-05 -3.345997019798377966e-05 2.504140572201132216e-05 8.778900000000000000e+04
2.502623700647570217e+02 7.281463207037580014e-05 -3.344443144388953298e-05 2.757903728891775711e-05 8.962300000000000000e+04
2.523586155105348325e+02 7.271285874698986363e-05 -3.252324067131901505e-05 2.837610627014536035e-05 9.134100000000000000e+04
2.544547077866985489e+02 7.247886608533953359e-05 -3.304518247751454357e-05 2.945731127997670517e-05 9.284500000000000000e+04
2.565487653287422063e+02 7.173065676977203686e-05 -3.361857714723890447e-05 3.065484365935560059e-05 9.408700000000000000e+04
2.586464955058470991e+02 7.096401568173043022e-05 -3.364402529584369230e-05 3.055718449922241057e-05 9.633300000000000000e+04
2.607443047329861656e+02 7.195786025873104680e-05 -3.319101679563472878e-05 3.547712625211679938e-05 9.724900000000000000e+04
2.628438312173413465e+02 7.207028252872549161e-05 -3.333139612118513908e-05 3.525178651787270003e-05 9.950100000000000000e+04
2.649298855659840228e+02 7.238571605909529757e-05 -3.385949226391333654e-05 3.702702492141868480e-05 9.928300000000000000e+04
2.670163698864117805e+02 7.270906455191139442e-05 -3.313063944319702420e-05 3.945617420580952339e-05 1.025370000000000000e+05
2.691120556714307668e+02 7.298329153645913368e-05 -3.384467258618459898e-05 3.578321612108507791e-05 1.022830000000000000e+05
2.712074998348403483e+02 7.187387067730193846e-05 -3.290610751126144239e-05 2.684221768910994101e-05 1.021060000000000000e+05
2.733050116933233653e+02 7.081421168433842356e-05 -3.159794282820891330e-05 1.535023824832427116e-05 1.007340000000000000e+05
2.753977295572417461e+02 7.007398246696515507e-05 -3.005513176429066704e-05 4.679447594033464681e-06 9.999400000000000000e+04
2.774958294534935703e+02 6.984215086031429862e-05 -2.760460475864971879e-05 3.213742699111378824e-07 9.936000000000000000e+04
2.795977707949222122e+02 6.914985821828658252e-05 -2.850144071208798201e-05 -9.283218778158486265e-06 9.860800000000000000e+04
2.816862895118986785e+02 6.895605760180999492e-05 -2.753672991466838863e-05 -1.564410259473339305e-05 9.625200000000000000e+04
2.837743515740906446e+02 6.760382024294594875e-05 -2.644055831778863939e-05 -2.186387495396560664e-05 9.640000000000000000e+04
2.858713251310674650e+02 6.756710427829179717e-05 -2.495130782795286462e-05 -2.716687481760731533e-05 9.539800000000000000e+04
2.879670932628575883e+02 6.724739266615026149e-05 -2.313159768533783965e-05 -3.181177778327072916e-05 9.402000000000000000e+04
2.900590582015512382e+02 6.644906328571071078e-05 -2.282702391260095428e-05 -3.768380343808559090e-05 9.316000000000000000e+04
2.921519201901450060e+02 6.565696454957306192e-05 -2.307576839443473512e-05 -4.048566196350596532e-05 9.177600000000000000e+04
2.942485935102203030e+02 6.567031485943272901e-05 -2.178355277683468989e-05 -4.715632598389725205e-05 9.137800000000000000e+04
2.963426645133968691e+02 6.509509701281302472e-05 -2.108993183267510277e-05 -5.147635281022239565e-05 8.949000000000000000e+04
2.984329904966970162e+02 6.439045962672792513e-05 -2.000827893143984753e-05 -5.607919124917101674e-05 8.845000000000000000e+04
3.005290481640043367e+02 6.385300176606895344e-05 -1.904837918399064484e-05 -5.930002982770021721e-05 8.794600000000000000e+04
3.026245947235937592e+02 6.329699739806738811e-05 -1.823137016719736243e-05 -6.335736991593063372e-05 8.575200000000000000e+04
3.047205651109674704e+02 6.318195149307605099e-05 -1.664899640204040902e-05 -6.754537607982612625e-05 8.574400000000000000e+04
3.068167457111920839e+02 6.333708595777948907e-05 -1.467662473986096015e-05 -7.262785508521096551e-05 8.322000000000000000e+04
3.089118625384018060e+02 6.319177723825377714e-05 -1.413639632339397385e-05 -7.478281097995006783e-05 8.302000000000000000e+04
3.110099981664167785e+02 6.277232514028436726e-05 -1.461034185320669615e-05 -7.685806630789954825e-05 8.106400000000000000e+04
3.131040997612852266e+02 6.264954306834005619e-05 -1.406944437260293240e-05 -7.942472290762391657e-05 7.983000000000000000e+04
3.151936712677708670e+02 6.243504811839656354e-05 -1.308500885175842324e-05 -8.194930816114755754e-05 7.823800000000000000e+04
3.172858841403398173e+02 6.248835828853734997e-05 -1.373486764358970353e-05 -8.530408950416466785e-05 7.715400000000000000e+04
3.193772099476266817e+02 6.176686941071250845e-05 -1.308391976413377394e-05 -8.680078154297443021e-05 7.546600000000000000e+04
3.214753775151562536e+02 6.165588147200139343e-05 -1.394493371442055037e-05 -8.786904139203251035e-05 7.480200000000000000e+04
3.235746879206847666e+02 6.204194551305905339e-05 -1.368757927464332155e-05 -9.101346347115647707e-05 7.258000000000000000e+04
3.256647237020029024e+02 6.276879409483350188e-05 -1.367014003513741781e-05 -9.492992296973513011e-05 7.133800000000000000e+04
3.277571324083919535e+02 6.145812049984636827e-05 -1.344278861360068056e-05 -9.614488075395603416e-05 6.964200000000000000e+04
3.298487111637800240e+02 6.082179856119555568e-05 -1.344066373444987176e-05 -9.651249756457824368e-05 6.832600000000000000e+04
3.319433744068021497e+02 6.167131593977984432e-05 -1.261796598234879778e-05 -1.006040393454951654e-04 6.674400000000000000e+04
3.340422322988853239e+02 6.141523139959319277e-05 -1.185984841103589461e-05 -1.031815833257232825e-04 6.533800000000000000e+04
3.361307892565458246e+02 6.217427585561105009e-05 -1.271727969619924271e-05 -1.055533261459567151e-04 6.315600000000000000e+04
3.382251120895489294e+02 6.191165071420846606e-05 -1.239763271108554892e-05 -1.076046374666263824e-04 6.214000000000000000e+04
3.403264013195363304e+02 6.195978374843550286e-05 -1.172662301008467780e-05 -1.102804698537324942e-04 6.051400000000000000e+04
3.424148842577288860e+02 6.291496718724774566e-05 -1.235470533375468203e-05 -1.136079222564807231e-04 5.799000000000000000e+04
3.445099495577244397e+02 6.379835896114604654e-05 -1.190549446982526243e-05 -1.182410867416068935e-04 5.742400000000000000e+04
3.466144105402300397e+02 6.392770916369795242e-05 -1.172944657714399027e-05 -1.203209188700558765e-04 5.518200000000000000e+04
3.487067496858389859e+02 6.430975784979791471e-05 -1.187127506900107006e-05 -1.230814764382082583e-04 5.306800000000000000e+04
3.507912540595516475e+02 6.375067138441612498e-05 -1.101377219705019025e-05 -1.242285288798545065e-04 5.152800000000000000e+04
3.528807167895711814e+02 6.402161643000845348e-05 -1.079855765174129957e-05 -1.268246806564108633e-04 4.954600000000000000e+04
3.549828487415276754e+02 6.492849139111060805e-05 -9.830024930217437086e-06 -1.309466726850627390e-04 4.846600000000000000e+04
3.570768480370360862e+02 6.523590990648003146e-05 -9.666087194276576169e-06 -1.337240773738008028e-04 4.566600000000000000e+04
3.591652111747225717e+02 6.573673091070505667e-05 -1.091384166676944956e-05 -1.343552886169798810e-04 4.423000000000000000e+04
3.612627896178847777e+02 6.593883477423063413e-05 -1.186497359789286309e-05 -1.357974649115077301e-04 4.254000000000000000e+04
3.633645820428338880e+02 6.663295433939937112e-05 -1.037402420126353919e-05 -1.422171414820340256e-04 4.022200000000000000e+04
3.654527365610065885e+02 6.840750836405720063e-05 -9.662696324690553398e-06 -1.479452458865454663e-04 3.842200000000000000e+04
3.675441472124314259e+02 6.693091091436701877e-05 -9.351529903492410647e-06 -1.496183414993302414e-04 3.624600000000000000e+04
3.696396280380744201e+02 6.851787904788009514e-05 -9.903528038925188238e-06 -1.536644663064925761e-04 3.455200000000000000e+04
3.717297223820279441e+02 6.823259002046607163e-05 -8.607543162648582276e-06 -1.584396156361044786e-04 3.213600000000000000e+04
3.738176974939287902e+02 6.906660224031426452e-05 -6.546759085784113927e-06 -1.658871618896534629e-04 3.029200000000000000e+04
3.759110996783247174e+02 6.919943351739746230e-05 -5.829883278766554211e-06 -1.728278357626818976e-04 2.830200000000000000e+04
3.780081394014102898e+02 6.830140260540595886e-05 -5.809538632512617968e-06 -1.770731390169764279e-04 2.605600000000000000e+04
3.801051557582653118e+02 6.742988185916046445e-05 -6.623874335295901625e-06 -1.777738355692125012e-04 2.421100000000000000e+04
3.821955053587425937e+02 6.724712153514715519e-05 -5.636910269228065380e-06 -1.831256291890445264e-04 2.220600000000000000e+04
3.842862749912937943e+02 6.675618181578329058e-05 -5.891377070006203752e-06 -1.855949106387185920e-04 2.088400000000000000e+04
3.863841918340856409e+02 6.842241378644307414e-05 -7.042681411498843054e-06 -1.935229468882514094e-04 1.939200000000000000e+04
3.884771734501698006e+02 6.811761611857649831e-05 -6.935073628705565256e-06 -1.963015187819967886e-04 1.805800000000000000e+04
3.905623371605522607e+02 6.794648608606724724e-05 -3.990388456175055873e-06 -2.021552812966826752e-04 1.674600000000000000e+04
3.926667500119167471e+02 6.636131750217508804e-05 -3.210797867291566339e-06 -2.007705035278174407e-04 1.589800000000000000e+04
3.947778557744774162e+02 6.842355446775574487e-05 -2.492067842351789996e-06 -2.111305781979666302e-04 1.457800000000000000e+04
3.968631060462392952e+02 6.981556777711148121e-05 -3.894514070663327751e-06 -2.159708121786105056e-04 1.344300000000000000e+04
3.989413219049817485e+02 6.809388966636512790e-05 -3.708250373588514262e-06 -2.128946418175095784e-04 1.251100000000000000e+04
4.010572258526528344e+02 6.587490704021084368e-05 -3.760634861885489702e-06 -2.069186105039475258e-04 1.191900000000000000e+04
4.031656962107319373e+02 6.827448030381313743e-05 -4.213953649459933503e-06 -2.154037225021962249e-04 1.063900000000000000e+04
4.052249146637423678e+02 7.275837497610338736e-05 -4.434064815257921093e-06 -2.323635249674265422e-04 9.775000000000000000e+03
4.073276634718891387e+02 7.636563801869673113e-05 -6.796800641228900467e-06 -2.421563559348081473e-04 9.423000000000000000e+03
4.094593776408451049e+02 7.271443360248461480e-05 -5.819640481756827256e-06 -2.326616184049026446e-04 8.449000000000000000e+03
4.115405539130957777e+02 6.995528514578331811e-05 -3.213769901575455572e-06 -2.283152335735955628e-04 7.596000000000000000e+03
4.135894252671187132e+02 7.470490280479521810e-05 -3.385856529672842972e-06 -2.456143670679419703e-04 6.931000000000000000e+03
4.156930049049321951e+02 7.770928683581716703e-05 -4.279122859266798702e-06 -2.565857398470513368e-04 6.612000000000000000e+03
4.178272827209258367e+02 7.908350302735349673e-05 -4.106828082772747542e-06 -2.614131313059460957e-04 5.899000000000000000e+03
4.199082037741286513e+02 7.588187105164224695e-05 -9.279737437267403880e-07 -2.556755354860771050e-04 5.176000000000000000e+03
4.219826095167229028e+02 7.795816910467815136e-05 1.811857391195383169e-07 -2.654320039481649989e-04 4.824000000000000000e+03
4.241028763136273483e+02 8.673104590390373202e-05 -1.879684150645329495e-06 -2.942423160632980442e-04 4.312000000000000000e+03
4.262107721966358440e+02 8.882998312195946472e-05 -1.717375505538821206e-06 -3.014035496659384712e-04 3.819000000000000000e+03
4.282460731868927724e+02 8.290655909014684128e-05 9.669453758799212954e-07 -2.850886641645233107e-04 3.220000000000000000e+03
4.303287648834323136e+02 8.451904573661970024e-05 -6.870864813512671442e-07 -2.898860707960510376e-04 3.132000000000000000e+03
4.325172248853483552e+02 9.973311936041741245e-05 -1.126681436441842398e-06 -3.426241035362086640e-04 2.680000000000000000e+03
4.346325070601815810e+02 9.964189713417600635e-05 -1.559898198012181512e-06 -3.426842111503452561e-04 2.218000000000000000e+03
4.365567227659553851e+02 9.440109171393223149e-05 7.928915823019219520e-08 -3.266792247721070895e-04 1.728000000000000000e+03
4.386277159174848634e+02 9.439740459193006548e-05 -1.224855524113802622e-06 -3.265127769075715810e-04 1.816000000000000000e+03
4.409019266196692683e+02 1.144213051410957079e-04 -2.171507898047248708e-06 -3.955552243650721652e-04 1.476000000000000000e+03
4.430735479208619836e+02 1.146594476530424976e-04 -2.735968211560971421e-06 -3.958628188766946145e-04 1.108000000000000000e+03
4.448761117541747012e+02 1.172320559772155031e-04 -1.243521221503989305e-06 -4.063134681254731702e-04 7.560000000000000000e+02
4.469343758523184533e+02 1.010484717389515980e-04 7.122671505543762310e-08 -3.524181871150597876e-04 8.440000000000000000e+02
4.493013102792758104e+02 1.140992176414591690e-04 -2.111314233864763332e-06 -3.959973884114745160e-04 6.280000000000000000e+02
4.515989744176221734e+02 1.036421106095236915e-04 -1.891962388127101518e-06 -3.600444528761161220e-04 4.050000000000000000e+02
4.533101867737696580e+02 8.417504379825264905e-05 -2.517917134671770571e-06 -2.912864512995893087e-04 2.020000000000000000e+02
4.552338387398290820e+02 7.953445521321964560e-05 -1.579097288911589783e-07 -2.779426533669226203e-04 2.280000000000000000e+02
4.576034578613840722e+02 1.484446178094049162e-04 -1.269651017908905713e-06 -5.179623682518347998e-04 1.240000000000000000e+02
4.599517872444100703e+02 1.847128449252912613e-04 -3.884296795956177101e-06 -6.422711056822717757e-04 5.200000000000000000e+01
4.619205689144050666e+02 1.358680196047710748e-04 -1.980201352435758155e-06 -4.734759143616062353e-04 9.000000000000000000e+00
4.634281054380590490e+02 1.016427551124052215e-04 -1.475261277016251296e-06 -3.542369891836978581e-04 4.000000000000000000e+00
