2.966547074898984615e+00 4.645650157145873926e+00 -7.330162656583990355e+00 8.546506746419954226e+00 1.300000000000000000e+01
5.026374055021858744e+00 3.429302815277876615e+00 -5.839474454775186452e-01 3.870418527620375748e+00 3.300000000000000000e+01
7.149300621522788113e+00 2.116078396735848965e+00 -1.274485741847768194e+00 -1.277474145762161895e+00 7.900000000000000000e+01
9.278869254964254409e+00 1.832968435153634168e+00 -8.225640169986186967e-01 -3.361121249798210697e-01 1.170000000000000000e+02
1.145033261934470126e+01 1.725329576188441960e+00 -9.171598266885424566e-01 -7.433837721495120121e-01 2.050000000000000000e+02
1.349295587141915043e+01 1.606721039169182186e+00 3.465453701863384361e-02 5.752314993475473592e-01 2.350000000000000000e+02
1.558905561191892986e+01 1.340891958244265769e+00 -5.983834048355857194e-01 -3.656799728809966288e-01 3.690000000000000000e+02
1.769408367255316961e+01 1.588454859142424569e+00 3.635356943643890393e-01 1.717418718926811416e-01 4.330000000000000000e+02
1.981787480313529670e+01 1.633864035614147836e+00 -7.403407440830223757e-03 -4.720880417689403696e-01 5.850000000000000000e+02
2.192074938196263645e+01 1.677362997313672999e+00 1.313365511326034796e-01 -4.254858175054334057e-01 6.790000000000000000e+02
2.398877635566245203e+01 1.701536200849609770e+00 1.513883141969003254e-01 -2.226889617845281000e-01 8.130000000000000000e+02
2.609286971896115759e+01 1.580420637304424281e+00 -1.072859402640940762e-01 -5.038076151062758495e-02 9.850000000000000000e+02
2.823466315278179550e+01 1.449765897294063688e+00 -3.776176290414693382e-01 4.992269252959744691e-02 1.183000000000000000e+03
3.032284873509123102e+01 1.507279836103529558e+00 -1.035384865179269642e-01 8.347973762949774390e-02 1.269000000000000000e+03
3.240263258943403457e+01 1.430973980609564267e+00 -1.894683198374132460e-01 -1.573692611011598408e-01 1.537000000000000000e+03
3.449210129864554375e+01 1.428506400500825224e+00 -3.007509027415031927e-02 1.320718013786583156e-01 1.653000000000000000e+03
3.658588147515196454e+01 1.388622209851461786e+00 -1.217156300401175117e-01 9.423879406638600853e-03 1.963000000000000000e+03
3.868476949266977272e+01 1.356881416733275447e+00 -1.312352450133888460e-01 -1.481519514343429267e-01 2.121000000000000000e+03
4.078898888458283523e+01 1.375653330499227556e+00 -8.167474039272114295e-02 -1.571026116707082143e-01 2.413000000000000000e+03
4.289390876967645738e+01 1.355588821939773814e+00 -1.100631826345906394e-01 -2.235436089089319067e-01 2.635000000000000000e+03
4.498336005546935468e+01 1.338941003143512498e+00 -1.561917380843101943e-01 -1.185232968688820082e-02 2.877000000000000000e+03
4.706498529473824988e+01 1.292792364986379283e+00 -1.722659764053817710e-01 -1.753599208775293017e-02 3.169000000000000000e+03
4.917111919158227096e+01 1.280589319282121163e+00 -1.111083779333024296e-01 -2.781928954900586906e-02 3.507000000000000000e+03
5.126216914174227668e+01 1.276847910586623724e+00 -6.936796132132126702e-02 -2.660006138054543407e-03 3.685000000000000000e+03
5.335525146837034072e+01 1.262744743111353873e+00 -8.032874159092460997e-02 -4.400515873078501838e-02 4.165000000000000000e+03
5.546637228956934251e+01 1.224134755126806473e+00 -1.315087234621286350e-01 -1.026117314446439027e-01 4.377000000000000000e+03
5.757318819254808773e+01 1.206695162737576377e+00 -1.550876729362309914e-01 -4.236374348881476876e-02 4.855000000000000000e+03
5.965884044590281121e+01 1.174373609842144672e+00 -1.665562084565858358e-01 -6.132689675292279236e-02 4.929000000000000000e+03
6.174512302159506305e+01 1.164862668446806637e+00 -1.125388958271812262e-01 -9.466848580180835249e-02 5.581000000000000000e+03
6.382689291137189969e+01 1.177469770650616976e+00 -1.130851170654990079e-01 -5.866623076302705103e-02 5.679000000000000000e+03
6.592966228838450604e+01 1.153148295666620804e+00 -9.817072386531337791e-02 -6.810765652603098519e-02 6.385000000000000000e+03
6.803125784825746791e+01 1.143705658957531623e+00 -1.076618705398666026e-01 5.621419180010528427e-02 6.553000000000000000e+03
7.013131008699485847e+01 1.122944958866410214e+00 -1.211244710715434353e-01 -2.695573495268982142e-02 7.125000000000000000e+03
7.223032366074338029e+01 1.121816786339073335e+00 -1.361782213767936400e-01 -7.598204377361864048e-02 7.447000000000000000e+03
7.432334270720505742e+01 1.107634177175535806e+00 -8.879194282311524133e-02 -2.988606057550341824e-02 7.929000000000000000e+03
7.642066756954473306e+01 1.069804257330694952e+00 -1.312393242470305810e-01 -2.182961564575538679e-02 8.353000000000000000e+03
7.850471694556040347e+01 1.056817514893175325e+00 -1.817606094983081344e-01 1.603368710730407667e-02 8.775000000000000000e+03
8.059701946059529121e+01 1.076689204971676750e+00 -6.625155215743848414e-02 9.556793979191967325e-02 9.313000000000000000e+03
8.269521798132063850e+01 1.053958297702007885e+00 -1.180233128741479676e-01 -5.101791022170912293e-02 9.841000000000000000e+03
8.478307522909847194e+01 1.045206049343623933e+00 -4.285545478891424065e-02 5.680346181770953157e-02 1.019100000000000000e+04
8.687780839616016237e+01 1.013203547857773890e+00 -1.025222216346541593e-01 1.357243728253318057e-03 1.089700000000000000e+04
8.897524569656535220e+01 9.959070124061181195e-01 -1.118762066103174274e-01 1.937583771500321281e-02 1.130100000000000000e+04
9.108077810470518898e+01 9.925138371848576391e-01 -1.114584095491969185e-01 1.785519685948100052e-02 1.202500000000000000e+04
9.318432266948052245e+01 9.800326326472835747e-01 -7.484402509608488463e-02 7.003295916813252753e-02 1.242300000000000000e+04
9.527887641048309320e+01 9.564652653096976653e-01 -1.059083359448607514e-01 5.435403225169367636e-03 1.302100000000000000e+04
9.736254237981037818e+01 9.647761927574677321e-01 -5.618478616225375949e-02 1.324036099917830500e-01 1.340500000000000000e+04
9.944832814799407572e+01 9.329719178276145719e-01 -1.219783165042708090e-01 5.299421544332541534e-02 1.424700000000000000e+04
1.015460879802399035e+02 9.345728457313996485e-01 -7.589560632030864507e-02 6.653937470368226359e-02 1.471300000000000000e+04
1.036426375667732316e+02 9.181320391363386735e-01 -8.523348671274917632e-02 5.432283322097879869e-02 1.548900000000000000e+04
1.057389390539465950e+02 8.916384804546269027e-01 -1.019446687109852034e-01 7.661691419650919210e-02 1.591300000000000000e+04
1.078395855981474227e+02 8.795244864390512340e-01 -1.180183342623153386e-01 5.975741363363636094e-02 1.687900000000000000e+04
1.099389405850131709e+02 8.687617550635101660e-01 -9.551803908028258516e-02 1.040694522422416363e-01 1.719300000000000000e+04
1.120392143152385387e+02 8.510291343690872257e-01 -1.111125101315305203e-01 3.955875185124738819e-02 1.815700000000000000e+04
1.141233458569757744e+02 8.540716628134470412e-01 -3.838298144580190585e-02 9.425436974301590332e-02 1.833900000000000000e+04
1.162159397555423084e+02 8.379642514265027708e-01 -6.991264038799033242e-02 7.828050675666292646e-02 1.957300000000000000e+04
1.183137204803772420e+02 8.244915317589930348e-01 -7.948930065466051909e-02 6.151864681541990842e-02 1.994100000000000000e+04
1.203972311807013256e+02 8.151736385321128875e-01 -8.437401633148816638e-02 1.001131037215403086e-01 2.062900000000000000e+04
1.224922363187857286e+02 7.984380133618742548e-01 -9.495221581705329261e-02 5.026611661480288179e-02 2.165500000000000000e+04
1.245882598425863534e+02 7.932104515042655013e-01 -8.441170136794139134e-02 8.738138277640734863e-02 2.211300000000000000e+04
1.266884677158377315e+02 7.784611060478541233e-01 -8.211683652048587523e-02 7.880973149239996201e-02 2.318500000000000000e+04
1.287846620419940962e+02 7.594020177171960650e-01 -9.616674719042742070e-02 1.023640255234031793e-01 2.366700000000000000e+04
1.308713393788149801e+02 7.484174554811056090e-01 -7.239365847245905761e-02 1.053161487816024755e-01 2.438500000000000000e+04
1.329754833440644575e+02 7.428872613216397358e-01 -6.972238093908773859e-02 6.523460336720697528e-02 2.574900000000000000e+04
1.350691081525609434e+02 7.338838702292037608e-01 -7.380492907840581485e-02 4.696155902297305396e-02 2.567500000000000000e+04
1.371638825856825576e+02 7.278491099797801400e-01 -6.617318677784506109e-02 3.557347526956498862e-02 2.740900000000000000e+04
1.392604757372163533e+02 7.135446096102665559e-01 -6.773292268833575047e-02 6.470374742686074709e-02 2.740500000000000000e+04
1.413466882908376760e+02 7.010810131247149357e-01 -6.894109928159686262e-02 6.970944112288271488e-02 2.871700000000000000e+04
1.434475230090064031e+02 7.020957763425172971e-01 -6.149630460606199389e-02 8.865530329029029655e-02 2.959500000000000000e+04
1.455452853418541679e+02 6.843164079790504672e-01 -8.580776572782997103e-02 6.743230625879678697e-02 3.030100000000000000e+04
1.476332061073587738e+02 6.769538388003857321e-01 -8.167116129333398811e-02 9.577830018832388104e-02 3.110100000000000000e+04
1.497211472843286231e+02 6.630523037692682697e-01 -7.890367912510787285e-02 7.158318194292774550e-02 3.202300000000000000e+04
1.518138048751577287e+02 6.501376816175825635e-01 -9.629211488507172234e-02 5.685501554551639775e-02 3.297700000000000000e+04
1.539211490100352648e+02 6.509077955547866168e-01 -5.988409271785562205e-02 5.679597967959622989e-02 3.444900000000000000e+04
1.560214747341236716e+02 6.386555380831766549e-01 -8.315672763764497821e-02 3.759658406519196527e-02 3.454900000000000000e+04
1.581161747588121784e+02 6.318829486845907173e-01 -7.084206687436821193e-02 6.063418371180389482e-02 3.611100000000000000e+04
1.602118712271799836e+02 6.198466137723045444e-01 -7.369582441699747133e-02 9.160822997550446822e-02 3.654100000000000000e+04
1.623006419462898862e+02 6.101143082549500551e-01 -7.785066082946461019e-02 6.598240404227387335e-02 3.771700000000000000e+04
1.643899033199985240e+02 6.078015310430185947e-01 -6.973774234764559821e-02 6.542587110211556256e-02 3.861900000000000000e+04
1.664835582381511756e+02 5.973041156469159896e-01 -8.462830806402932282e-02 6.428368875656925718e-02 3.966100000000000000e+04
1.685719683778473552e+02 5.825677055246902825e-01 -1.066131927529456042e-01 5.064658845000900855e-02 4.054500000000000000e+04
1.706641332089364766e+02 5.765151962912536954e-01 -8.657954514580450123e-02 7.213799397285057535e-02 4.181500000000000000e+04
1.727708699256135390e+02 5.725172417979864647e-01 -8.651716227536392079e-02 5.515084705349367761e-02 4.312500000000000000e+04
1.748696546009699659e+02 5.644119385297893254e-01 -8.837963802735875063e-02 4.444914556107854020e-02 4.368100000000000000e+04
1.769585769494445344e+02 5.593451302599830033e-01 -7.367197488776566772e-02 6.732756725348280902e-02 4.462900000000000000e+04
1.790524509315575301e+02 5.444516932514610330e-01 -9.770173787149220856e-02 6.121900374025043834e-02 4.622700000000000000e+04
1.811526521261263554e+02 5.377640127227154565e-01 -9.403904328277593039e-02 7.458745765890385793e-02 4.690900000000000000e+04
1.832476884130738881e+02 5.314563371122776880e-01 -9.492558204599718663e-02 5.865914953144254346e-02 4.823700000000000000e+04
1.853312475833926101e+02 5.258129712275240175e-01 -1.072554751179497223e-01 5.359067406006143286e-02 4.858300000000000000e+04
1.874284892203218931e+02 5.188619347572446250e-01 -1.020614240440777254e-01 5.963375623710222284e-02 5.099700000000000000e+04
1.895337179075755216e+02 5.085344328463951014e-01 -1.054017818686553559e-01 6.884224534690736030e-02 5.139700000000000000e+04
1.916268196474026126e+02 4.987697728108046458e-01 -1.146704886092453773e-01 5.081300301684277265e-02 5.248900000000000000e+04
1.937183403446852878e+02 4.987271027442299887e-01 -9.970439120502465336e-02 7.316634086155283934e-02 5.378700000000000000e+04
1.958131498886989164e+02 4.888836444990747876e-01 -1.116676112545427063e-01 5.154739662021969038e-02 5.491300000000000000e+04
1.979058740098966211e+02 4.822386003719665304e-01 -1.132227354862651997e-01 5.331024252800936614e-02 5.597700000000000000e+04
1.999990651597893816e+02 4.744928799857163759e-01 -1.230977582715525459e-01 5.888773172739129175e-02 5.741500000000000000e+04
2.020893038374759101e+02 4.670591542323533907e-01 -1.197307755629111042e-01 4.892635266497576130e-02 5.810500000000000000e+04
2.041823192148177952e+02 4.643375516433995709e-01 -1.200239529379991676e-01 4.813231621450021758e-02 6.003300000000000000e+04
2.062825911013838152e+02 4.578232310570287678e-01 -1.207406904280267368e-01 6.044453804980864237e-02 6.094900000000000000e+04
2.083770189145966185e+02 4.496702161199045977e-01 -1.267210556159006074e-01 6.152676599633846721e-02 6.223500000000000000e+04
2.104675816794403431e+02 4.427662387155815171e-01 -1.262664154197664368e-01 6.348866988978636716e-02 6.322900000000000000e+04
2.125667854244018145e+02 4.367012455602685694e-01 -1.307122018082371717e-01 5.450612990404373609e-02 6.513300000000000000e+04
2.146619261104851830e+02 4.339771804561187718e-01 -1.348728792451302783e-01 5.211080971250827559e-02 6.570700000000000000e+04
2.167561805722037036e+02 4.274366766311474830e-01 -1.367088075917964329e-01 5.756915299912322703e-02 6.756100000000000000e+04
2.188528705899679210e+02 4.205820638797299060e-01 -1.378090774200325108e-01 4.716471031373940109e-02 6.850500000000000000e+04
2.209456427453084473e+02 4.160893631922141234e-01 -1.393726227577574972e-01 6.134201900844449273e-02 6.994300000000000000e+04
2.230395148320731096e+02 4.122092758442306160e-01 -1.428214165801690305e-01 5.488537386838894527e-02 7.109700000000000000e+04
2.251356732858534997e+02 4.093766354274411823e-01 -1.428621823413528946e-01 5.751950984715830523e-02 7.302100000000000000e+04
2.272278504864401327e+02 4.022223121523694767e-01 -1.424477304373760467e-01 6.759288368155752513e-02 7.331700000000000000e+04
2.293197511287232544e+02 3.967105332386183791e-01 -1.480405953483654447e-01 5.663788430916513739e-02 7.579900000000000000e+04
2.314114772346510165e+02 3.936578361810645355e-01 -1.557504306497837776e-01 6.747123960790517294e-02 7.602100000000000000e+04
2.335058467478245632e+02 3.896451831817856482e-01 -1.551731653273788758e-01 6.107373432740897945e-02 7.875300000000000000e+04
2.356041652202905539e+02 3.850631619752822865e-01 -1.582752744104216625e-01 6.188090389338087027e-02 7.929100000000000000e+04
2.377006336558306998e+02 3.807487727944162126e-01 -1.589428377047243102e-01 7.286532325365975560e-02 8.112900000000000000e+04
2.397972750390475198e+02 3.770549930721155962e-01 -1.605415077879910335e-01 7.459653396199582287e-02 8.244100000000000000e+04
2.418944602532704096e+02 3.737191947035394257e-01 -1.655737037913574961e-01 8.275606676394198225e-02 8.394900000000000000e+04
2.439884227569783093e+02 3.716609129299195402e-01 -1.642211070820002727e-01 7.976562518988634942e-02 8.512300000000000000e+04
2.460835996828307373e+02 3.660416304878220117e-01 -1.701983574671836752e-01 8.678695027240661275e-02 8.692900000000000000e+04
2.481755280705312146e+02 3.624456583893252981e-01 -1.782469053145104010e-01 8.801150557436046573e-02 8.778900000000000000e+04
2.502623700647570217e+02 3.609831557284247094e-01 -1.755468963622202616e-01 1.010994305828677164e-01 8.962300000000000000e+04
2.523586155105348325e+02 3.588471943132849895e-01 -1.804032791496959776e-01 9.415913420463106753e-02 9.134100000000000000e+04
2.544547077866985489e+02 3.568793445466157399e-01 -1.800275677475399183e-01 1.112336136993080093e-01 9.284500000000000000e+04
2.565487653287422063e+02 3.542203502893030431e-01 -1.831751906994893986e-01 1.177472512895125639e-01 9.408700000000000000e+04
2.586464955058470991e+02 3.515660799023880290e-01 -1.904256800265941851e-01 1.198241759934486617e-01 9.633300000000000000e+04
2.607443047329861656e+02 3.507674447236737714e-01 -1.940611848640967363e-01 1.347644656666676377e-01 9.724900000000000000e+04
2.628438312173413465e+02 3.501403429529725830e-01 -1.988858883268272704e-01 1.387775427082529878e-01 9.950100000000000000e+04
2.649298855659840228e+02 3.491851127764166729e-01 -2.035690328594125520e-01 1.443662170750236173e-01 9.928300000000000000e+04
2.670163698864117805e+02 3.497885564279634707e-01 -2.040963010130913968e-01 1.566085092685952362e-01 1.025370000000000000e+05
2.691120556714307668e+02 3.465603322278541509e-01 -2.087869842693110822e-01 1.381463735103369284e-01 1.022830000000000000e+05
2.712074998348403483e+02 3.413644538712510834e-01 -2.005670439277044692e-01 9.599890672588697049e-02 1.021060000000000000e+05
2.733050116933233653e+02 3.360353666984582377e-01 -1.886064283327031355e-01 6.301057072841005635e-02 1.007340000000000000e+05
2.753977295572417461e+02 3.292063295266740575e-01 -1.815655130333590495e-01 1.785881694729824984e-02 9.999400000000000000e+04
2.774958294534935703e+02 3.242515193183953537e-01 -1.738969783176788630e-01 -6.259563860666525134e-03 9.936000000000000000e+04
2.795977707949222122e+02 3.171868117258793141e-01 -1.723800743940469837e-01 -4.334239764837168052e-02 9.860800000000000000e+04
2.816862895118986785e+02 3.122794266647845873e-01 -1.694222776158107457e-01 -7.110362550883786437e-02 9.625200000000000000e+04
2.837743515740906446e+02 3.082242345439357711e-01 -1.610932839103590142e-01 -1.006708764250073967e-01 9.640000000000000000e+04
2.858713251310674650e+02 3.027120386288633669e-01 -1.566076599149486270e-01 -1.247506151734532193e-01 9.539800000000000000e+04
2.879670932628575883e+02 2.989813238896807390e-01 -1.485434312066692686e-01 -1.479728681435582005e-01 9.402000000000000000e+04
2.900590582015512382e+02 2.946882872950192245e-01 -1.459363798011293623e-01 -1.641394694566804813e-01 9.316000000000000000e+04
2.921519201901450060e+02 2.900849102040163330e-01 -1.431348770748269161e-01 -1.802213897113680852e-01 9.177600000000000000e+04
2.942485935102203030e+02 2.849260386266049827e-01 -1.379557302094103488e-01 -1.951246236669572087e-01 9.137800000000000000e+04
2.963426645133968691e+02 2.810881531731774241e-01 -1.347010491346747052e-01 -2.132282476936403215e-01 8.949000000000000000e+04
2.984329904966970162e+02 2.763691367847926905e-01 -1.313859204890439336e-01 -2.279127434754896486e-01 8.845000000000000000e+04
3.005290481640043367e+02 2.717349539315870866e-01 -1.297610302397342597e-01 -2.365967489522509681e-01 8.794600000000000000e+04
3.026245947235937592e+02 2.684271381742564522e-01 -1.254696896910009740e-01 -2.496318548982356667e-01 8.575200000000000000e+04
3.047205651109674704e+02 2.654840264018578644e-01 -1.195381608636969656e-01 -2.666507990867592048e-01 8.574400000000000000e+04
3.068167457111920839e+02 2.615331942651635266e-01 -1.164066159330698208e-01 -2.762067706379834342e-01 8.322000000000000000e+04
3.089118625384018060e+02 2.567921698313727630e-01 -1.163296101366172730e-01 -2.783977330106995884e-01 8.302000000000000000e+04
3.110099981664167785e+02 2.531957506540372105e-01 -1.152558944413178688e-01 -2.868263497544381035e-01 8.106400000000000000e+04
3.131040997612852266e+02 2.486416263005310490e-01 -1.124078961641882535e-01 -2.917834550225485435e-01 7.983000000000000000e+04
3.151936712677708670e+02 2.432023324662557218e-01 -1.063989373937479221e-01 -2.955995489889868266e-01 7.823800000000000000e+04
3.172858841403398173e+02 2.412878047523623615e-01 -1.063780463290006084e-01 -3.013646837212283769e-01 7.715400000000000000e+04
3.193772099476266817e+02 2.392771770885497584e-01 -1.048101497000471505e-01 -3.076051752956087681e-01 7.546600000000000000e+04
3.214753775151562536e+02 2.369145968335856500e-01 -1.009200541232757320e-01 -3.174759546396077048e-01 7.480200000000000000e+04
3.235746879206847666e+02 2.325674826651217275e-01 -9.684930237506028661e-02 -3.198627530633522120e-01 7.258000000000000000e+04
3.256647237020029024e+02 2.282282589877723256e-01 -9.421136250238532073e-02 -3.200297686949444831e-01 7.133800000000000000e+04
3.277571324083919535e+02 2.242093226227217795e-01 -9.517880002589325372e-02 -3.215076264145162455e-01 6.964200000000000000e+04
3.298487111637800240e+02 2.198987944166078679e-01 -9.734414490210620274e-02 -3.171832680097474988e-01 6.832600000000000000e+04
3.319433744068021497e+02 2.161968968424135829e-01 -9.426532611233624792e-02 -3.213683391933312983e-01 6.674400000000000000e+04
3.340422322988853239e+02 2.121202246158306326e-01 -9.096095492468043997e-02 -3.166601842973559289e-01 6.533800000000000000e+04
3.361307892565458246e+02 2.098683449903589737e-01 -8.967209034657572242e-02 -3.187069306909284250e-01 6.315600000000000000e+04
3.382251120895489294e+02 2.087732420727876903e-01 -8.640332141555086276e-02 -3.279259352873583055e-01 6.214000000000000000e+04
3.403264013195363304e+02 2.062098095041461909e-01 -8.498911904229046466e-02 -3.275795180413704211e-01 6.051400000000000000e+04
3.424148842577288860e+02 2.030394941579644064e-01 -8.264674464565804901e-02 -3.292286705480239051e-01 5.799000000000000000e+04
3.445099495577244397e+02 1.984871400558884391e-01 -8.283503820390594741e-02 -3.194139826315567920e-01 5.742400000000000000e+04
3.466144105402300397e+02 1.961010946193994797e-01 -8.209170738588505989e-02 -3.225449744013977882e-01 5.518200000000000000e+04
3.487067496858389859e+02 1.939840790005167015e-01 -8.147989986557931108e-02 -3.256533678182185754e-01 5.306800000000000000e+04
3.507912540595516475e+02 1.921984287181879580e-01 -8.014371487914292991e-02 -3.254634293673280832e-01 5.152800000000000000e+04
3.528807167895711814e+02 1.881849661117397376e-01 -7.738227169419387153e-02 -3.236902694369307998e-01 4.954600000000000000e+04
3.549828487415276754e+02 1.857503075658702429e-01 -7.695510257567707291e-02 -3.160181073742415192e-01 4.846600000000000000e+04
3.570768480370360862e+02 1.832620615930404540e-01 -7.399243964118748518e-02 -3.236854437007557483e-01 4.566600000000000000e+04
3.591652111747225717e+02 1.838570554758011122e-01 -7.534849300347266909e-02 -3.276117648168586638e-01 4.423000000000000000e+04
3.612627896178847777e+02 1.819129780801242158e-01 -7.448685297340151834e-02 -3.291372028279803130e-01 4.254000000000000000e+04
3.633645820428338880e+02 1.797439236171071986e-01 -7.278792037780380808e-02 -3.304729597074617109e-01 4.022200000000000000e+04
3.654527365610065885e+02 1.791740703687813296e-01 -6.844139115189160072e-02 -3.384361941989523226e-01 3.842200000000000000e+04
3.675441472124314259e+02 1.801232983298885482e-01 -6.666789443239733159e-02 -3.558569207277148538e-01 3.624600000000000000e+04
3.696396280380744201e+02 1.816394357551565364e-01 -6.949833079047898488e-02 -3.534187190797000166e-01 3.455200000000000000e+04
3.717297223820279441e+02 1.786877537312520081e-01 -6.460832696312945878e-02 -3.637128881780571366e-01 3.213600000000000000e+04
3.738176974939287902e+02 1.746716625449114269e-01 -6.189148421386201498e-02 -3.650074309469817369e-01 3.029200000000000000e+04
3.759110996783247174e+02 1.710106862828008334e-01 -5.946969263141076156e-02 -3.713426535492104774e-01 2.830200000000000000e+04
3.780081394014102898e+02 1.667979521805985632e-01 -5.313220972804154341e-02 -3.833523250223292433e-01 2.605600000000000000e+04
3.801051557582653118e+02 1.657198933238018812e-01 -4.744511438924721436e-02 -3.985393379958502846e-01 2.421100000000000000e+04
3.821955053587425937e+02 1.650765324383349497e-01 -4.312320539869704539e-02 -4.147485261592241956e-01 2.220600000000000000e+04
3.842862749912937943e+02 1.657441096812188319e-01 -3.801315714077684732e-02 -4.348477703909925940e-01 2.088400000000000000e+04
3.863841918340856409e+02 1.671140009006357174e-01 -3.697464850857273139e-02 -4.473273506033649261e-01 1.939200000000000000e+04
3.884771734501698006e+02 1.636579976774475698e-01 -3.339032139306763458e-02 -4.479244448223055897e-01 1.805800000000000000e+04
3.905623371605522607e+02 1.633371711206945964e-01 -3.147242337197475592e-02 -4.560884423439290902e-01 1.674600000000000000e+04
3.926667500119167471e+02 1.624059325324733183e-01 -2.926555801701626047e-02 -4.633892020334755557e-01 1.589800000000000000e+04
3.947778557744774162e+02 1.616397383906729435e-01 -2.778763364019282839e-02 -4.669626794161531036e-01 1.457800000000000000e+04
3.968631060462392952e+02 1.617964303504275669e-01 -2.435340662552224616e-02 -4.758905293020407323e-01 1.344300000000000000e+04
3.989413219049817485e+02 1.608350524471919007e-01 -2.015493954051498365e-02 -4.847669934373908807e-01 1.251100000000000000e+04
4.010572258526528344e+02 1.617459801208786518e-01 -1.857194529426668683e-02 -4.953308139540525956e-01 1.191900000000000000e+04
4.031656962107319373e+02 1.594554706924724841e-01 -1.609809964098274371e-02 -4.954236724746877707e-01 1.063900000000000000e+04
4.052249146637423678e+02 1.620712965629000635e-01 -1.688756005168581820e-02 -5.069772933818545990e-01 9.775000000000000000e+03
4.073276634718891387e+02 1.609882503694233524e-01 -1.467582083755471049e-02 -5.100138651396193268e-01 9.423000000000000000e+03
4.094593776408451049e+02 1.612740258001124638e-01 -1.248682138830452606e-02 -5.177684865426668281e-01 8.449000000000000000e+03
4.115405539130957777e+02 1.616625446372058350e-01 -1.127235179013912937e-02 -5.245518062731182596e-01 7.596000000000000000e+03
4.135894252671187132e+02 1.670533283927807811e-01 -1.065319748436706349e-02 -5.458249439241962264e-01 6.931000000000000000e+03
4.156930049049321951e+02 1.693023706889332791e-01 -8.878695908309830812e-03 -5.581273365804231279e-01 6.612000000000000000e+03
4.178272827209258367e+02 1.709593543487256673e-01 -6.688385397091385631e-03 -5.683441989034881958e-01 5.899000000000000000e+03
4.199082037741286513e+02 1.741793860850326114e-01 -8.121106857333654921e-03 -5.798551088828283184e-01 5.176000000000000000e+03
4.219826095167229028e+02 1.771178668544739765e-01 -5.730846255887875502e-03 -5.943207822732431422e-01 4.824000000000000000e+03
4.241028763136273483e+02 1.853755452951637850e-01 -3.781116406865835024e-03 -6.275481804462013091e-01 4.312000000000000000e+03
4.262107721966358440e+02 1.887170219368404511e-01 -3.192746521470519756e-03 -6.406910292357269610e-01 3.819000000000000000e+03
4.282460731868927724e+02 1.887269977849270197e-01 -3.660276746368603708e-03 -6.422366355427798768e-01 3.220000000000000000e+03
4.303287648834323136e+02 2.040496688715198181e-01 -6.576022205483110505e-03 -6.942168375707898909e-01 3.132000000000000000e+03
4.325172248853483552e+02 2.140537395845321100e-01 -6.720114573029760049e-03 -7.302392789238336679e-01 2.680000000000000000e+03
4.346325070601815810e+02 2.043215853846560293e-01 -1.933837268038287194e-03 -7.033359459078025733e-01 2.218000000000000000e+03
4.365567227659553851e+02 2.089803889661936975e-01 -3.397773152072842365e-03 -7.186931990261339331e-01 1.728000000000000000e+03
4.386277159174848634e+02 2.175221895037459385e-01 -1.341259006408665293e-03 -7.535441689468354021e-01 1.816000000000000000e+03
4.409019266196692683e+02 2.372903936646093837e-01 -2.101431737413310061e-03 -8.228669376868447127e-01 1.476000000000000000e+03
4.430735479208619836e+02 2.393085757207540076e-01 -2.918808591557393514e-03 -8.296744426095655767e-01 1.108000000000000000e+03
4.448761117541747012e+02 2.314480545263976619e-01 -1.564874130548243609e-03 -8.040121194563774054e-01 7.560000000000000000e+02
4.469343758523184533e+02 2.402745470849613763e-01 -2.612983979545061529e-03 -8.352446030401312616e-01 8.440000000000000000e+02
4.493013102792758104e+02 2.701277829491252058e-01 -4.671121591025301049e-03 -9.378700656837176686e-01 6.280000000000000000e+02
4.515989744176221734e+02 2.500982724683230018e-01 -2.203711632392233756e-03 -8.710552947197522933e-01 4.050000000000000000e+02
4.533101867737696580e+02 2.608928391383559808e-01 -6.683780491819984971e-04 -9.103952227286952192e-01 2.020000000000000000e+02
4.552338387398290820e+02 2.651977261913152639e-01 5.437250029217727439e-03 -9.326502531754586878e-01 2.280000000000000000e+02
4.576034578613840722e+02 3.296350764360001517e-01 8.898716007986388551e-03 -1.161923352940962051e+00 1.240000000000000000e+02
4.599517872444100703e+02 4.129219345626706783e-01 4.903355478844762319e-03 -1.449669893792233211e+00 5.200000000000000000e+01
4.619205689144050666e+02 4.682562191337970581e-01 6.154066690668574986e-03 -1.644816907292368846e+00 9.000000000000000000e+00
4.634281054380590490e+02 7.246302431904888541e-01 5.981465079583263636e-04 -2.536691965155976725e+00 4.000000000000000000e+00
