2.966547074898984615e+00 2.338954644664799076e-01 -7.552970504147267505e-02 -2.076761886259292644e-01 1.300000000000000000e+01
5.026374055021858744e+00 1.334141163321750922e-01 -8.331662775009621158e-02 2.199593299425101900e-01 3.300000000000000000e+01
7.149300621522788113e+00 6.285753088130981159e-02 -4.326084676237816617e-02 7.086883717647568526e-03 7.900000000000000000e+01
9.278869254964254409e+00 4.031397780083014609e-02 -1.746479590279659960e-02 4.319459217369501190e-03 1.170000000000000000e+02
1.145033261934470126e+01 3.251599426928415693e-02 -1.663856139235963053e-02 1.111349894740711747e-02 2.050000000000000000e+02
1.349295587141915043e+01 2.451693460960048879e-02 -8.329069444657515378e-03 1.678865460240177437e-02 2.350000000000000000e+02
1.558905561191892986e+01 2.095646053323540689e-02 -7.368348105152261289e-03 8.860860823241466233e-03 3.690000000000000000e+02
1.769408367255316961e+01 1.749238894691550888e-02 -7.123928161736412315e-03 5.659972083056834941e-03 4.330000000000000000e+02
1.981787480313529670e+01 1.556865497210436003e-02 -4.968622816203398934e-03 4.267004055852365724e-03 5.850000000000000000e+02
2.192074938196263645e+01 1.404002732565285891e-02 -5.216512836736851219e-03 3.446412391191482679e-03 6.790000000000000000e+02
2.398877635566245203e+01 1.198034565066928743e-02 -4.334682129052920552e-03 9.188636548818282512e-04 8.130000000000000000e+02
2.609286971896115759e+01 1.096468494331778558e-02 -3.908199575720128043e-03 -5.469043231737199563e-04 9.850000000000000000e+02
2.823466315278179550e+01 1.006941619029268209e-02 -2.948727184294843220e-03 2.935876992040814537e-03 1.183000000000000000e+03
3.032284873509123102e+01 9.485312587555869493e-03 -1.917041456694367841e-03 1.428638596047742716e-03 1.269000000000000000e+03
3.240263258943403457e+01 8.242086101508888998e-03 -1.750538801327161578e-03 1.395645801746241057e-03 1.537000000000000000e+03
3.449210129864554375e+01 7.629702181447635921e-03 -1.928021441109994049e-03 1.238869702234244360e-03 1.653000000000000000e+03
3.658588147515196454e+01 6.780137559199794425e-03 -1.599219293352973454e-03 1.647901549020661192e-03 1.963000000000000000e+03
3.868476949266977272e+01 6.772168662923168034e-03 -1.637026988473350890e-03 8.387478043701754316e-04 2.121000000000000000e+03
4.078898888458283523e+01 5.976334085864735274e-03 -1.295939107498155635e-03 9.116461433056078376e-04 2.413000000000000000e+03
4.289390876967645738e+01 5.259086876282226958e-03 -7.323998251210699995e-04 1.433873264619246876e-04 2.635000000000000000e+03
4.498336005546935468e+01 5.019724371780043097e-03 -1.210260231163075989e-03 7.793946988664622990e-04 2.877000000000000000e+03
4.706498529473824988e+01 4.731405361300081158e-03 -6.720978539618541105e-04 2.261867035263343223e-04 3.169000000000000000e+03
4.917111919158227096e+01 4.404762559483118255e-03 -7.958975224357365446e-04 3.637566088124686648e-04 3.507000000000000000e+03
5.126216914174227668e+01 4.194029982107991446e-03 -5.357677918243820316e-04 1.385706162006646275e-04 3.685000000000000000e+03
5.335525146837034072e+01 3.782184565863363178e-03 -4.552299540740570370e-04 3.688397254418868836e-04 4.165000000000000000e+03
5.546637228956934251e+01 3.630744947900661160e-03 -4.796060061435399838e-04 2.304313386340154854e-04 4.377000000000000000e+03
5.757318819254808773e+01 3.372877943642878500e-03 -6.783918600359580085e-04 9.023787046547458615e-05 4.855000000000000000e+03
5.965884044590281121e+01 3.252292479951471738e-03 -4.601615118097491510e-04 1.973564129169760146e-04 4.929000000000000000e+03
6.174512302159506305e+01 3.048693009663715030e-03 -1.918046934286259976e-04 -4.097169049897196299e-05 5.581000000000000000e+03
6.382689291137189969e+01 2.880646532280368381e-03 -7.962637131136877727e-05 -1.015341261237525218e-05 5.679000000000000000e+03
6.592966228838450604e+01 2.775151142608385611e-03 -2.018658284206722769e-04 1.274728445681559729e-05 6.385000000000000000e+03
6.803125784825746791e+01 2.597266534619714802e-03 -1.972899284511929225e-04 1.607970745950346498e-05 6.553000000000000000e+03
7.013131008699485847e+01 2.487369914252348865e-03 -1.752147003381570754e-04 1.162274330319006718e-04 7.125000000000000000e+03
7.223032366074338029e+01 2.309691061066382854e-03 -1.767162098558294032e-04 -3.984818022032809033e-05 7.447000000000000000e+03
7.432334270720505742e+01 2.210393441626326821e-03 -2.929700376031907794e-04 -6.606325779172589428e-05 7.929000000000000000e+03
7.642066756954473306e+01 2.117030540437358707e-03 -3.999095469144848874e-04 -1.485318524651644352e-04 8.353000000000000000e+03
7.850471694556040347e+01 1.999723691637606254e-03 -3.391694974376930380e-04 -3.521739962994596847e-05 8.775000000000000000e+03
8.059701946059529121e+01 1.897460524676109535e-03 -2.698909260941005552e-04 -2.240483951261729851e-05 9.313000000000000000e+03
8.269521798132063850e+01 1.797409649035935269e-03 -2.622152090809057421e-04 -8.891172137049605526e-05 9.841000000000000000e+03
8.478307522909847194e+01 1.741158106279505407e-03 -2.998277405652897162e-04 -7.734912427422535825e-05 1.019100000000000000e+04
8.687780839616016237e+01 1.622407441112503484e-03 -2.219140660262827519e-04 -7.872263001471721728e-05 1.089700000000000000e+04
8.897524569656535220e+01 1.566093263260973523e-03 -1.905111632776935093e-04 -1.079541418222213185e-05 1.130100000000000000e+04
9.108077810470518898e+01 1.490574424239650506e-03 -1.590655503523024500e-04 6.655382297491446459e-05 1.202500000000000000e+04
9.318432266948052245e+01 1.410082528910039249e-03 -1.294674361479949704e-04 -3.117854843144436764e-05 1.242300000000000000e+04
9.527887641048309320e+01 1.366412596678805982e-03 -1.679137759484509225e-04 1.453480684811449473e-05 1.302100000000000000e+04
9.736254237981037818e+01 1.316152932083177688e-03 -9.392612682803628144e-05 4.928500580231687207e-05 1.340500000000000000e+04
9.944832814799407572e+01 1.264204828469130430e-03 -1.329750809319345684e-04 -1.659272651915959766e-05 1.424700000000000000e+04
1.015460879802399035e+02 1.219391246944925887e-03 -1.437700074121928899e-04 4.202870963828903735e-06 1.471300000000000000e+04
1.036426375667732316e+02 1.167691742567597904e-03 -1.691926702424762137e-04 -8.176344894621023781e-06 1.548900000000000000e+04
1.057389390539465950e+02 1.120979723513799466e-03 -1.578846162719993961e-04 7.822264550436398823e-05 1.591300000000000000e+04
1.078395855981474227e+02 1.060421276793289437e-03 -1.573136180868209180e-04 1.266493040586625693e-05 1.687900000000000000e+04
1.099389405850131709e+02 1.029488228189243603e-03 -1.254335696382134877e-04 1.626915993407074054e-05 1.719300000000000000e+04
1.120392143152385387e+02 9.965464001742980592e-04 -1.228551960042858018e-04 3.569434430260103145e-05 1.815700000000000000e+04
1.141233458569757744e+02 9.342419405544336421e-04 -1.136662319330941146e-04 3.888749114621791597e-05 1.833900000000000000e+04
1.162159397555423084e+02 9.133709671750986272e-04 -1.101980426119849221e-04 4.197806588452842740e-05 1.957300000000000000e+04
1.183137204803772420e+02 8.714723094538973829e-04 -1.042996944381319700e-04 2.345349091833593441e-05 1.994100000000000000e+04
1.203972311807013256e+02 8.370631501111578570e-04 -1.110217128777856853e-04 3.499152339086021769e-05 2.062900000000000000e+04
1.224922363187857286e+02 8.068319280629521585e-04 -1.036234269371914043e-04 1.192826807890647881e-05 2.165500000000000000e+04
1.245882598425863534e+02 7.807476221486505611e-04 -1.105188799713979151e-04 -4.974942786840581514e-06 2.211300000000000000e+04
1.266884677158377315e+02 7.539883901440650902e-04 -9.801604099826456186e-05 -2.265512416297096014e-05 2.318500000000000000e+04
1.287846620419940962e+02 7.312971844770563539e-04 -8.954889938367779315e-05 4.156955999516383471e-05 2.366700000000000000e+04
1.308713393788149801e+02 7.020098688770607612e-04 -9.010477431092497880e-05 2.437817379593755084e-05 2.438500000000000000e+04
1.329754833440644575e+02 6.779307349599609286e-04 -8.776734543984915826e-05 2.607034292508196975e-05 2.574900000000000000e+04
1.350691081525609434e+02 6.479115833425011864e-04 -9.517793076458224279e-05 4.213094914260123315e-06 2.567500000000000000e+04
1.371638825856825576e+02 6.270210187387741628e-04 -1.018050674401643660e-04 1.173831882509219352e-05 2.740900000000000000e+04
1.392604757372163533e+02 6.011918650445764950e-04 -9.955007575530980170e-05 1.141698836364198104e-05 2.740500000000000000e+04
1.413466882908376760e+02 5.791756180001507524e-04 -8.645944391762484782e-05 1.393000434373899116e-06 2.871700000000000000e+04
1.434475230090064031e+02 5.595492509817166435e-04 -7.848888990534506351e-05 7.504827265449767541e-06 2.959500000000000000e+04
1.455452853418541679e+02 5.372901277294573827e-04 -8.396208575166383328e-05 3.096617485697847333e-05 3.030100000000000000e+04
1.476332061073587738e+02 5.259598326788961003e-04 -7.198627380444408159e-05 3.563986210591586621e-05 3.110100000000000000e+04
1.497211472843286231e+02 5.075479092022575469e-04 -7.204881890863800212e-05 5.040014839535917919e-06 3.202300000000000000e+04
1.518138048751577287e+02 4.955638764839781409e-04 -8.353953937285172172e-05 1.570009816548165920e-05 3.297700000000000000e+04
1.539211490100352648e+02 4.818492631665532880e-04 -7.951939054848546052e-05 -8.541871681912812665e-07 3.444900000000000000e+04
1.560214747341236716e+02 4.699389029611886616e-04 -7.939358043700738107e-05 1.326960810671364765e-06 3.454900000000000000e+04
1.581161747588121784e+02 4.580351260448081371e-04 -7.536322235236495785e-05 4.838447786755178617e-06 3.611100000000000000e+04
1.602118712271799836e+02 4.412656649394347151e-04 -7.518457647633462195e-05 2.222179167228274538e-05 3.654100000000000000e+04
1.623006419462898862e+02 4.314459280332877227e-04 -8.442456693389544930e-05 6.440575217280051114e-06 3.771700000000000000e+04
1.643899033199985240e+02 4.157526726973548238e-04 -7.792659245784676477e-05 -7.500849450455623951e-06 3.861900000000000000e+04
1.664835582381511756e+02 4.058100477629471270e-04 -8.523585711348236798e-05 -7.786357063545562165e-07 3.966100000000000000e+04
1.685719683778473552e+02 3.960098028185577356e-04 -7.525494041090779139e-05 4.686619052672812904e-06 4.054500000000000000e+04
1.706641332089364766e+02 3.842034948753352713e-04 -6.878154812645084835e-05 -1.078868515202554574e-06 4.181500000000000000e+04
1.727708699256135390e+02 3.744856679518670790e-04 -7.511888603013076957e-05 -3.301176182454588651e-06 4.312500000000000000e+04
1.748696546009699659e+02 3.646965324983560846e-04 -7.867526382836605636e-05 2.000694684913375057e-06 4.368100000000000000e+04
1.769585769494445344e+02 3.556132666930461312e-04 -7.847047868846282307e-05 6.505278519330194728e-07 4.462900000000000000e+04
1.790524509315575301e+02 3.467790444743912596e-04 -7.232477370097597493e-05 1.154083095427069305e-05 4.622700000000000000e+04
1.811526521261263554e+02 3.393193421150114317e-04 -7.731680437086634462e-05 3.860419775139099511e-06 4.690900000000000000e+04
1.832476884130738881e+02 3.344291732497735965e-04 -7.430003149860753167e-05 -5.607699203393969716e-06 4.823700000000000000e+04
1.853312475833926101e+02 3.240798355454194320e-04 -7.264602609859260201e-05 1.027632612421092865e-05 4.858300000000000000e+04
1.874284892203218931e+02 3.173746951065154658e-04 -6.027666849976901978e-05 9.518597270792614956e-07 5.099700000000000000e+04
1.895337179075755216e+02 3.080478156048194541e-04 -6.366032665347299863e-05 5.603444960034316733e-06 5.139700000000000000e+04
1.916268196474026126e+02 3.018521213298042995e-04 -6.738191414190842143e-05 1.181518798358563530e-05 5.248900000000000000e+04
1.937183403446852878e+02 2.929857855153203254e-04 -6.390130096550342479e-05 1.649374426806460089e-05 5.378700000000000000e+04
1.958131498886989164e+02 2.861917897954087452e-04 -6.455980150592711530e-05 1.152852226204621867e-05 5.491300000000000000e+04
1.979058740098966211e+02 2.806376994553919655e-04 -6.692602547042537269e-05 1.312028345807667544e-05 5.597700000000000000e+04
1.999990651597893816e+02 2.741727568174702283e-04 -6.656567211080505078e-05 1.618436291848293409e-05 5.741500000000000000e+04
2.020893038374759101e+02 2.679733348360697500e-04 -6.867836260325454654e-05 1.395516626343391289e-05 5.810500000000000000e+04
2.041823192148177952e+02 2.610823052667543033e-04 -7.053317715975432507e-05 1.373558502097361495e-05 6.003300000000000000e+04
2.062825911013838152e+02 2.560734646737557445e-04 -6.463735109423640471e-05 1.511013860308617960e-05 6.094900000000000000e+04
2.083770189145966185e+02 2.479953409747254374e-04 -6.160415198014225870e-05 1.753468629086185607e-05 6.223500000000000000e+04
2.104675816794403431e+02 2.453935566631395746e-04 -6.760959575162405421e-05 2.597579689021134480e-05 6.322900000000000000e+04
2.125667854244018145e+02 2.385968400007482842e-04 -6.146272159886649101e-05 2.526221763129589173e-05 6.513300000000000000e+04
2.146619261104851830e+02 2.347986313309699893e-04 -6.181356147819098046e-05 2.739160808917161612e-05 6.570700000000000000e+04
2.167561805722037036e+02 2.293004433311199059e-04 -6.637990635492959442e-05 3.098767721552872457e-05 6.756100000000000000e+04
2.188528705899679210e+02 2.271892725584562559e-04 -6.437978278110252563e-05 2.343589385146625117e-05 6.850500000000000000e+04
2.209456427453084473e+02 2.214705200972820064e-04 -6.258806684883360207e-05 2.607534233624171470e-05 6.994300000000000000e+04
2.230395148320731096e+02 2.177079751935769405e-04 -5.956393529752227747e-05 3.073226196089173654e-05 7.109700000000000000e+04
2.251356732858534997e+02 2.132378151029206976e-04 -6.188459694739036911e-05 3.319182485188825724e-05 7.302100000000000000e+04
2.272278504864401327e+02 2.101027450578999399e-04 -6.231762922863553816e-05 3.756678160563318774e-05 7.331700000000000000e+04
2.293197511287232544e+02 2.067424334965954928e-04 -6.481774193199671473e-05 3.685593232273308661e-05 7.579900000000000000e+04
2.314114772346510165e+02 2.046475791954110275e-04 -6.379135128040301314e-05 3.576659648508221615e-05 7.602100000000000000e+04
2.335058467478245632e+02 1.986392153403649448e-04 -6.340901937076652193e-05 3.535507251297075558e-05 7.875300000000000000e+04
2.356041652202905539e+02 1.940695603651669760e-04 -6.222653422260335286e-05 3.598661699764419655e-05 7.929100000000000000e+04
2.377006336558306998e+02 1.911016629937780406e-04 -6.409933955731783465e-05 3.680736484665709927e-05 8.112900000000000000e+04
2.397972750390475198e+02 1.895047931429506025e-04 -6.276252206163360811e-05 4.255293201318357111e-05 8.244100000000000000e+04
2.418944602532704096e+02 1.868888398431095977e-04 -5.961768467034413740e-05 4.651123635297413453e-05 8.394900000000000000e+04
2.439884227569783093e+02 1.845774263624994560e-04 -5.864935813561160085e-05 4.440445822198766729e-05 8.512300000000000000e+04
2.460835996828307373e+02 1.836605859564499870e-04 -6.237315976475660750e-05 4.827902981135588130e-05 8.692900000000000000e+04
2.481755280705312146e+02 1.832122837802609887e-04 -6.415619022327854906e-05 5.346691736062392610e-05 8.778900000000000000e+04
2.502623700647570217e+02 1.801165150930664476e-04 -6.134615537591831349e-05 5.684933775110565879e-05 8.962300000000000000e+04
2.523586155105348325e+02 1.778714121063544042e-04 -6.163366378436983394e-05 5.737714313128590643e-05 9.134100000000000000e+04
2.544547077866985489e+02 1.755273470407663517e-04 -6.321686763210368086e-05 6.296085487008403045e-05 9.284500000000000000e+04
2.565487653287422063e+02 1.749505971701940151e-04 -6.381085004793145905e-05 6.820939758759703815e-05 9.408700000000000000e+04
2.586464955058470991e+02 1.738150637211369979e-04 -6.453373945692570464e-05 7.086274423008635814e-05 9.633300000000000000e+04
2.607443047329861656e+02 1.734120976452474506e-04 -6.535516691658562892e-05 7.567620877975160998e-05 9.724900000000000000e+04
2.628438312173413465e+02 1.724960191926711982e-04 -6.624437749426675991e-05 7.555424391087295995e-05 9.950100000000000000e+04
2.649298855659840228e+02 1.727266214108191496e-04 -6.772127715573664523e-05 8.317594772384002771e-05 9.928300000000000000e+04
2.670163698864117805e+02 1.725024577802847041e-04 -6.749212709538168764e-05 8.471034077077391081e-05 1.025370000000000000e+05
2.691120556714307668e+02 1.725452664951212405e-04 -6.828729773619758602e-05 8.093637724431010285e-05 1.022830000000000000e+05
2.712074998348403483e+02 1.678457083691772432e-04 -5.894734507574365837e-05 5.722397190694991696e-05 1.021060000000000000e+05
2.733050116933233653e+02 1.654337231056250332e-04 -5.832566572511452193e-05 3.673885023289353652e-05 1.007340000000000000e+05
2.753977295572417461e+02 1.627005403033237533e-04 -5.531034695922100810e-05 1.137615801165873738e-05 9.999400000000000000e+04
2.774958294534935703e+02 1.605681605671453933e-04 -5.364138915149291428e-05 -2.926070852774670462e-06 9.936000000000000000e+04
2.795977707949222122e+02 1.577347955174861183e-04 -5.293135141851283189e-05 -2.000944386959846690e-05 9.860800000000000000e+04
2.816862895118986785e+02 1.545600642259868445e-04 -5.173716134057354028e-05 -3.278389969964800850e-05 9.625200000000000000e+04
2.837743515740906446e+02 1.538470290784260067e-04 -5.240363576767700194e-05 -4.873466330361151105e-05 9.640000000000000000e+04
2.858713251310674650e+02 1.514669963188688810e-04 -4.981747778926399827e-05 -6.424464860783888243e-05 9.539800000000000000e+04
2.879670932628575883e+02 1.487033514478878571e-04 -4.874127993498081481e-05 -7.518360789488142044e-05 9.402000000000000000e+04
2.900590582015512382e+02 1.476929582739706134e-04 -4.593634131293227840e-05 -9.033804174028068040e-05 9.316000000000000000e+04
2.921519201901450060e+02 1.458489614120279953e-04 -4.339554090839366489e-05 -1.008320646762568356e-04 9.177600000000000000e+04
2.942485935102203030e+02 1.443080067430434622e-04 -4.210064785817545897e-05 -1.098436094019320593e-04 9.137800000000000000e+04
2.963426645133968691e+02 1.431842352553375122e-04 -4.014156411256784303e-05 -1.195990749141519129e-04 8.949000000000000000e+04
2.984329904966970162e+02 1.415414475560091724e-04 -3.884458937663620254e-05 -1.302286446498095813e-04 8.845000000000000000e+04
3.005290481640043367e+02 1.393863902705760795e-04 -3.928152235337612158e-05 -1.332382790768518114e-04 8.794600000000000000e+04
3.026245947235937592e+02 1.385408796812317598e-04 -3.873841385050682303e-05 -1.391375510805487948e-04 8.575200000000000000e+04
3.047205651109674704e+02 1.366280921554516661e-04 -3.810157992368224999e-05 -1.452038057509767624e-04 8.574400000000000000e+04
3.068167457111920839e+02 1.351423438642323778e-04 -3.510633404136928495e-05 -1.558012629871779683e-04 8.322000000000000000e+04
3.089118625384018060e+02 1.334285533082339443e-04 -3.404245941965268127e-05 -1.591444886855423698e-04 8.302000000000000000e+04
3.110099981664167785e+02 1.327782299608185979e-04 -3.431803121313361897e-05 -1.656483585936918874e-04 8.106400000000000000e+04
3.131040997612852266e+02 1.314721896491827149e-04 -3.367773258031673135e-05 -1.681829854316555840e-04 7.983000000000000000e+04
3.151936712677708670e+02 1.302634603850287207e-04 -3.239864139651101407e-05 -1.731321741883794002e-04 7.823800000000000000e+04
3.172858841403398173e+02 1.286711863585028094e-04 -3.136925602014191254e-05 -1.775369659022601142e-04 7.715400000000000000e+04
3.193772099476266817e+02 1.282666815779459190e-04 -2.892214889740778904e-05 -1.830631166146819058e-04 7.546600000000000000e+04
3.214753775151562536e+02 1.266582880740786492e-04 -2.849571270370764923e-05 -1.855055884727301876e-04 7.480200000000000000e+04
3.235746879206847666e+02 1.256217013631202460e-04 -2.843038081300203659e-05 -1.891261882868157363e-04 7.258000000000000000e+04
3.256647237020029024e+02 1.249499555905552383e-04 -2.714297123395383547e-05 -1.933669963417786034e-04 7.133800000000000000e+04
3.277571324083919535e+02 1.239336288147342311e-04 -2.706787171845166144e-05 -1.973564220949611822e-04 6.964200000000000000e+04
3.298487111637800240e+02 1.228637987887400335e-04 -2.493243221705024749e-05 -2.011889881289380877e-04 6.832600000000000000e+04
3.319433744068021497e+02 1.235691538539246317e-04 -2.595531299345405914e-05 -2.065081589591116296e-04 6.674400000000000000e+04
3.340422322988853239e+02 1.245562378941703508e-04 -2.554776575181057110e-05 -2.095091262798624647e-04 6.533800000000000000e+04
3.361307892565458246e+02 1.238952784786365050e-04 -2.690905545888919951e-05 -2.118721899516376103e-04 6.315600000000000000e+04
3.382251120895489294e+02 1.234267350478210519e-04 -2.435951317926617326e-05 -2.184191332821646531e-04 6.214000000000000000e+04
3.403264013195363304e+02 1.237513488071046342e-04 -2.449573577841428882e-05 -2.213496223141106956e-04 6.051400000000000000e+04
3.424148842577288860e+02 1.223218205564840036e-04 -2.352166159633650974e-05 -2.225960286454578129e-04 5.799000000000000000e+04
3.445099495577244397e+02 1.226536408753085979e-04 -2.387058751041456207e-05 -2.256261981294290257e-04 5.742400000000000000e+04
3.466144105402300397e+02 1.228047361457918244e-04 -2.216712384943627737e-05 -2.321935349791941412e-04 5.518200000000000000e+04
3.487067496858389859e+02 1.241776917866675831e-04 -2.449159214676374457e-05 -2.350717941674147185e-04 5.306800000000000000e+04
3.507912540595516475e+02 1.245521894731754808e-04 -2.340647477267481741e-05 -2.402353894023451328e-04 5.152800000000000000e+04
3.528807167895711814e+02 1.236369200783013554e-04 -2.203442927238603250e-05 -2.442244392706959064e-04 4.954600000000000000e+04
3.549828487415276754e+02 1.255554719338527146e-04 -2.344364039491774081e-05 -2.460312348294838914e-04 4.846600000000000000e+04
3.570768480370360862e+02 1.247536862200143411e-04 -2.452988280134239544e-05 -2.470631863371332802e-04 4.566600000000000000e+04
3.591652111747225717e+02 1.256725043674276909e-04 -2.297429269675347918e-05 -2.547672089875270812e-04 4.423000000000000000e+04
3.612627896178847777e+02 1.252594702133899953e-04 -2.308176333192170387e-05 -2.579876933231436834e-04 4.254000000000000000e+04
3.633645820428338880e+02 1.253769988173705958e-04 -2.201230639051944700e-05 -2.648410292761526632e-04 4.022200000000000000e+04
3.654527365610065885e+02 1.270372229673074694e-04 -2.137916040498578219e-05 -2.697871726208856953e-04 3.842200000000000000e+04
3.675441472124314259e+02 1.266922072980442352e-04 -2.210414591696135863e-05 -2.748296667929104177e-04 3.624600000000000000e+04
3.696396280380744201e+02 1.278071204962033655e-04 -1.865405174117594738e-05 -2.846336882284694505e-04 3.455200000000000000e+04
3.717297223820279441e+02 1.269544323641668803e-04 -1.856965586343882653e-05 -2.900487685550379147e-04 3.213600000000000000e+04
3.738176974939287902e+02 1.275329085301881457e-04 -1.901154213542745016e-05 -2.962458337947274285e-04 3.029200000000000000e+04
3.759110996783247174e+02 1.258643235335401818e-04 -1.798536180552694940e-05 -3.027638456757993004e-04 2.830200000000000000e+04
3.780081394014102898e+02 1.248275630344177704e-04 -1.659910257253260546e-05 -3.111652426682699930e-04 2.605600000000000000e+04
3.801051557582653118e+02 1.223769602416327582e-04 -1.345479982890924850e-05 -3.191107384063573797e-04 2.421100000000000000e+04
3.821955053587425937e+02 1.217528426083885082e-04 -1.132677706664987517e-05 -3.292887245331580881e-04 2.220600000000000000e+04
3.842862749912937943e+02 1.194178037715486255e-04 -1.058730492341950875e-05 -3.309164424199274629e-04 2.088400000000000000e+04
3.863841918340856409e+02 1.193941923600164813e-04 -1.051883754544136528e-05 -3.365031812924292975e-04 1.939200000000000000e+04
3.884771734501698006e+02 1.188932760094350220e-04 -9.319424861341230986e-06 -3.434387940193252254e-04 1.805800000000000000e+04
3.905623371605522607e+02 1.201159413165695704e-04 -9.602851565509729556e-06 -3.506703801540951354e-04 1.674600000000000000e+04
3.926667500119167471e+02 1.181215183108295751e-04 -7.286179963938051784e-06 -3.532924385182574642e-04 1.589800000000000000e+04
3.947778557744774162e+02 1.189844531379513404e-04 -7.272443336030819825e-06 -3.593454780577192342e-04 1.457800000000000000e+04
3.968631060462392952e+02 1.189399010165854731e-04 -7.128269869544966465e-06 -3.635980891767492886e-04 1.344300000000000000e+04
3.989413219049817485e+02 1.170513998031255301e-04 -7.163485398022963778e-06 -3.613525664654663907e-04 1.251100000000000000e+04
4.010572258526528344e+02 1.194360234775528279e-04 -6.230762756436211507e-06 -3.745328474263586436e-04 1.191900000000000000e+04
4.031656962107319373e+02 1.186418165625247550e-04 -6.350200256188658664e-06 -3.741508837899469478e-04 1.063900000000000000e+04
4.052249146637423678e+02 1.179128088613548266e-04 -6.058794288932895773e-06 -3.748781721624942060e-04 9.775000000000000000e+03
4.073276634718891387e+02 1.171592725653396503e-04 -4.182795607977705408e-06 -3.784795906947406043e-04 9.423000000000000000e+03
4.094593776408451049e+02 1.183719475815590041e-04 -5.630629083130940782e-06 -3.825387499791309655e-04 8.449000000000000000e+03
4.115405539130957777e+02 1.218671763118266333e-04 -6.263347980513112029e-06 -3.960482694303052963e-04 7.596000000000000000e+03
4.135894252671187132e+02 1.222677623107496403e-04 -5.465758043061861135e-06 -3.997425008124467116e-04 6.931000000000000000e+03
4.156930049049321951e+02 1.242620172446865380e-04 -4.153306779173534003e-06 -4.111504106673912525e-04 6.612000000000000000e+03
4.178272827209258367e+02 1.278348507767402458e-04 -4.319167473708315355e-06 -4.252543559515834393e-04 5.899000000000000000e+03
4.199082037741286513e+02 1.282022712143436301e-04 -5.320681906342939872e-06 -4.266278973262922704e-04 5.176000000000000000e+03
4.219826095167229028e+02 1.299382067126305079e-04 -3.123048632529661366e-06 -4.368817890662816819e-04 4.824000000000000000e+03
4.241028763136273483e+02 1.267947105417270245e-04 -2.845485285903475829e-06 -4.286249858617926546e-04 4.312000000000000000e+03
4.262107721966358440e+02 1.298143903227864221e-04 -1.415760820383581864e-06 -4.417094316709986785e-04 3.819000000000000000e+03
4.282460731868927724e+02 1.281576494024202117e-04 -1.844230112356702965e-06 -4.367834904500310605e-04 3.220000000000000000e+03
4.303287648834323136e+02 1.342563874931116232e-04 -3.566689559319379926e-07 -4.615410694310747588e-04 3.132000000000000000e+03
4.325172248853483552e+02 1.382883103255262095e-04 -1.662324988601363284e-06 -4.750739055848948972e-04 2.680000000000000000e+03
4.346325070601815810e+02 1.352178832999760528e-04 -5.480102543768288810e-07 -4.664936804222857966e-04 2.218000000000000000e+03
4.365567227659553851e+02 1.461129269109294937e-04 -9.890419403424341030e-07 -5.036030938854389565e-04 1.728000000000000000e+03
4.386277159174848634e+02 1.517191534951864255e-04 -9.615618548466836961e-07 -5.258097263074445462e-04 1.816000000000000000e+03
4.409019266196692683e+02 1.527761398022660388e-04 3.641003123519052954e-07 -5.313092296891407454e-04 1.476000000000000000e+03
4.430735479208619836e+02 1.605041701926718386e-04 -4.697359036157785371e-07 -5.578282643826317942e-04 1.108000000000000000e+03
4.448761117541747012e+02 1.664971540770690441e-04 7.234973168000323776e-08 -5.792023742180647545e-04 7.560000000000000000e+02
4.469343758523184533e+02 1.844134156981128115e-04 -2.036187196100449019e-06 -6.408138015374926881e-04 8.440000000000000000e+02
4.493013102792758104e+02 1.897802633163145965e-04 1.030431630683304529e-06 -6.634137677861084124e-04 6.280000000000000000e+02
4.515989744176221734e+02 2.059206447417059405e-04 -2.296831454256912069e-07 -7.192424065756938302e-04 4.050000000000000000e+02
4.533101867737696580e+02 2.080894637106420479e-04 -2.028054184946212395e-06 -7.249281296061695556e-04 2.020000000000000000e+02
4.552338387398290820e+02 2.413520896324998163e-04 -8.324455539078303598e-07 -8.428503287702369690e-04 2.280000000000000000e+02
4.576034578613840722e+02 2.188333492711516703e-04 -3.350700661564741664e-07 -7.650762860558698057e-04 1.240000000000000000e+02
4.599517872444100703e+02 2.602069393199572334e-04 4.221592249364703691e-08 -9.105136688019960451e-04 5.200000000000000000e+01
4.619205689144050666e+02 2.223216952997889235e-04 1.913761170465513811e-06 -7.799327563589375035e-04 9.000000000000000000e+00
4.634281054380590490e+02 5.329766649065191672e-04 -5.897033006444500144e-06 -1.859353864808220048e-03 4.000000000000000000e+00
