2.966547074898984615e+00 3.499343705651911107e-01 -1.067583899188732227e-01 -3.331437639690829622e-01 1.300000000000000000e+01
5.026374055021858744e+00 2.076297957097613112e-01 -1.122943804555894959e-01 3.343721441574173947e-01 3.300000000000000000e+01
7.149300621522788113e+00 1.055359194762840735e-01 -7.468166354161755172e-02 1.916110812751798884e-02 7.900000000000000000e+01
9.278869254964254409e+00 7.202719601829619955e-02 -4.005113526281112168e-02 6.278857418692245472e-03 1.170000000000000000e+02
1.145033261934470126e+01 5.800019724105079377e-02 -3.697782862801757275e-02 1.829796549351877036e-02 2.050000000000000000e+02
1.349295587141915043e+01 4.625491117461238283e-02 -1.679643509535922591e-02 2.663765911974308107e-02 2.350000000000000000e+02
1.558905561191892986e+01 3.887173002169311276e-02 -1.389713028118980641e-02 2.062280024312043714e-02 3.690000000000000000e+02
1.769408367255316961e+01 3.298778354905980426e-02 -9.814229950829173044e-03 1.401962486345496688e-02 4.330000000000000000e+02
1.981787480313529670e+01 2.836498913940068561e-02 -2.663033680490866761e-03 1.095611571624711261e-02 5.850000000000000000e+02
2.192074938196263645e+01 2.615994934477578610e-02 -5.764789876570902000e-03 1.092391725517035186e-02 6.790000000000000000e+02
2.398877635566245203e+01 2.188587842182930857e-02 -5.112729341887612723e-03 2.102979792587157410e-03 8.130000000000000000e+02
2.609286971896115759e+01 1.960291724881330772e-02 -6.596473115558309716e-03 1.521849434591987429e-03 9.850000000000000000e+02
2.823466315278179550e+01 1.759023307581589896e-02 -3.285650665258682112e-03 5.985665586466424291e-03 1.183000000000000000e+03
3.032284873509123102e+01 1.595403044160438946e-02 5.134255563531120968e-04 3.416478260764834341e-03 1.269000000000000000e+03
3.240263258943403457e+01 1.547345745744396935e-02 -1.347574447111502156e-03 3.633628557065039788e-03 1.537000000000000000e+03
3.449210129864554375e+01 1.444875419987896523e-02 2.218567820465985798e-03 4.402234561321355377e-03 1.653000000000000000e+03
3.658588147515196454e+01 1.327873088117120966e-02 1.466442598467456023e-03 2.530560379027333232e-03 1.963000000000000000e+03
3.868476949266977272e+01 1.172462650555194941e-02 -2.229993231033711631e-04 1.724796112040716343e-03 2.121000000000000000e+03
4.078898888458283523e+01 1.046161465546770197e-02 -3.915227685739042229e-04 1.033879895794392791e-03 2.413000000000000000e+03
4.289390876967645738e+01 9.599798243726979236e-03 -7.212821353574867854e-04 -4.814737947748310744e-04 2.635000000000000000e+03
4.498336005546935468e+01 8.395836845522749309e-03 -7.236507165409611668e-04 2.053125470316725660e-04 2.877000000000000000e+03
4.706498529473824988e+01 8.029074819041265992e-03 -7.774727909809496561e-04 9.093493215828836376e-05 3.169000000000000000e+03
4.917111919158227096e+01 7.429023134033466494e-03 -6.171719982785737546e-04 5.559578848583838747e-04 3.507000000000000000e+03
5.126216914174227668e+01 6.807350151212428202e-03 -7.899348580731578324e-04 1.336281956090654057e-04 3.685000000000000000e+03
5.335525146837034072e+01 6.390881926748589494e-03 -6.770414011511588113e-04 7.842768235497772937e-04 4.165000000000000000e+03
5.546637228956934251e+01 5.947253059200116598e-03 -7.983369260508413378e-04 3.423118423231581459e-04 4.377000000000000000e+03
5.757318819254808773e+01 5.467636874506160739e-03 -7.948730394858257190e-04 1.016597266372527115e-04 4.855000000000000000e+03
5.965884044590281121e+01 5.159733741859334928e-03 -6.123340375167323109e-04 1.994835805914514355e-04 4.929000000000000000e+03
6.174512302159506305e+01 4.887359772793448132e-03 -7.356232957861602410e-04 2.180621882170502289e-05 5.581000000000000000e+03
6.382689291137189969e+01 4.762813480596378088e-03 -4.890150873182985128e-04 3.489119080252925235e-04 5.679000000000000000e+03
6.592966228838450604e+01 4.394944208630575076e-03 -5.939878701545457792e-04 6.728689615938040634e-05 6.385000000000000000e+03
6.803125784825746791e+01 4.147706525322291012e-03 -7.106766184715877831e-04 4.341342830850577019e-04 6.553000000000000000e+03
7.013131008699485847e+01 3.995778333109126397e-03 -4.156331315298508636e-04 4.230250285626566847e-04 7.125000000000000000e+03
7.223032366074338029e+01 3.749518164467964716e-03 -5.187248658377797582e-04 2.519262831938896981e-04 7.447000000000000000e+03
7.432334270720505742e+01 3.570213380007766172e-03 -4.693004494609604436e-04 5.466720604229456182e-04 7.929000000000000000e+03
7.642066756954473306e+01 3.322706481483773781e-03 -4.442219453516287530e-04 4.766811400524895831e-04 8.353000000000000000e+03
7.850471694556040347e+01 3.165874793136081930e-03 -6.553617147051318034e-04 1.948903691625575372e-04 8.775000000000000000e+03
8.059701946059529121e+01 3.036214489846790054e-03 -6.707406674525083750e-04 1.767439170306495078e-04 9.313000000000000000e+03
8.269521798132063850e+01 2.853706690550641967e-03 -4.057654479465106563e-04 -2.681789377471861089e-05 9.841000000000000000e+03
8.478307522909847194e+01 2.711940614003013287e-03 -4.875852364775092474e-04 2.121468686869546155e-04 1.019100000000000000e+04
8.687780839616016237e+01 2.575762649097185393e-03 -4.690900089206186075e-04 1.235427312255771629e-04 1.089700000000000000e+04
8.897524569656535220e+01 2.503805185300246074e-03 -3.429223040304994600e-04 2.482033144603844441e-04 1.130100000000000000e+04
9.108077810470518898e+01 2.389309601158921305e-03 -4.048148713368114908e-04 1.345805414800969825e-04 1.202500000000000000e+04
9.318432266948052245e+01 2.291322426191096887e-03 -3.644754387083042860e-04 2.446453110801075214e-05 1.242300000000000000e+04
9.527887641048309320e+01 2.165758231377271342e-03 -3.055865210188514871e-04 1.259220280695837310e-04 1.302100000000000000e+04
9.736254237981037818e+01 2.109266223274845059e-03 -2.084104593031544479e-04 1.916924277885874927e-04 1.340500000000000000e+04
9.944832814799407572e+01 2.068523264546952550e-03 -1.558027534996485233e-04 1.734379569957641011e-04 1.424700000000000000e+04
1.015460879802399035e+02 1.939564377356970282e-03 -1.695627237499390495e-04 1.568422604673090171e-04 1.471300000000000000e+04
1.036426375667732316e+02 1.870248112927550910e-03 -1.492369554859733743e-04 1.912192223613966432e-04 1.548900000000000000e+04
1.057389390539465950e+02 1.815516015031817245e-03 -2.293921035924322417e-04 2.161358876747963831e-04 1.591300000000000000e+04
1.078395855981474227e+02 1.703163810441010034e-03 -1.801507760537741009e-04 1.432837704832885697e-04 1.687900000000000000e+04
1.099389405850131709e+02 1.627174146446354504e-03 -1.225245674462595172e-04 4.561538656287075294e-05 1.719300000000000000e+04
1.120392143152385387e+02 1.551664119004280730e-03 -2.045452174771436214e-04 7.045225636930646258e-05 1.815700000000000000e+04
1.141233458569757744e+02 1.497523016505090000e-03 -1.813779540448425117e-04 3.556898414272232317e-06 1.833900000000000000e+04
1.162159397555423084e+02 1.432061739940447553e-03 -1.729417451450176795e-04 4.263596538396900064e-05 1.957300000000000000e+04
1.183137204803772420e+02 1.375189464235126655e-03 -1.605722675879920139e-04 7.549971277720649639e-05 1.994100000000000000e+04
1.203972311807013256e+02 1.324395662554275896e-03 -1.211861106125039397e-04 7.315035289819263157e-05 2.062900000000000000e+04
1.224922363187857286e+02 1.263532643338562264e-03 -7.324081333581899272e-05 8.269694685707388942e-05 2.165500000000000000e+04
1.245882598425863534e+02 1.248393077414098988e-03 -7.765293129509393379e-05 3.073045451233007445e-05 2.211300000000000000e+04
1.266884677158377315e+02 1.202568173310454092e-03 -7.114627860084240098e-05 1.584666598775892946e-05 2.318500000000000000e+04
1.287846620419940962e+02 1.169027680971939428e-03 -1.066933598261279490e-04 4.141250442315076675e-05 2.366700000000000000e+04
1.308713393788149801e+02 1.119500665781906221e-03 -1.401706219062493256e-04 4.390327593869925452e-05 2.438500000000000000e+04
1.329754833440644575e+02 1.069589961146575653e-03 -9.622275796022428974e-05 4.380274034190060316e-05 2.574900000000000000e+04
1.350691081525609434e+02 1.037465384984361666e-03 -1.063388625024395159e-04 4.278381992687834594e-05 2.567500000000000000e+04
1.371638825856825576e+02 1.001907591493996375e-03 -7.234733965115566106e-05 5.506854890306132493e-05 2.740900000000000000e+04
1.392604757372163533e+02 9.716261549485477643e-04 -1.019994891400429740e-04 5.071947212887157491e-05 2.740500000000000000e+04
1.413466882908376760e+02 9.297574221424808249e-04 -1.098758513432951237e-04 1.966819667112506642e-05 2.871700000000000000e+04
1.434475230090064031e+02 8.991028826774473404e-04 -9.086669138887748542e-05 4.021654375217820784e-05 2.959500000000000000e+04
1.455452853418541679e+02 8.692787628019615909e-04 -1.017546645400062093e-04 3.318519149256559395e-05 3.030100000000000000e+04
1.476332061073587738e+02 8.562214717886871109e-04 -1.098087005204847897e-04 3.974509765544370854e-05 3.110100000000000000e+04
1.497211472843286231e+02 8.136995536752958001e-04 -1.012848991889511366e-04 2.181879514647731426e-05 3.202300000000000000e+04
1.518138048751577287e+02 7.969562659943474564e-04 -9.938594178984330751e-05 7.378842289516871834e-05 3.297700000000000000e+04
1.539211490100352648e+02 7.701679961294129921e-04 -9.752800644576714324e-05 4.909758339373262933e-05 3.444900000000000000e+04
1.560214747341236716e+02 7.394719819863238616e-04 -8.954878466925584451e-05 4.363960283796393510e-05 3.454900000000000000e+04
1.581161747588121784e+02 7.289207130647820058e-04 -9.333824545624439353e-05 5.182421037690291727e-06 3.611100000000000000e+04
1.602118712271799836e+02 6.984652273642409344e-04 -8.521856328411318339e-05 -1.424380995290617914e-06 3.654100000000000000e+04
1.623006419462898862e+02 6.788488987795194673e-04 -8.433213500133307494e-05 1.682767326172728635e-05 3.771700000000000000e+04
1.643899033199985240e+02 6.519569880064332622e-04 -8.923751488096663784e-05 2.088533264311019105e-05 3.861900000000000000e+04
1.664835582381511756e+02 6.355579859070099218e-04 -8.707244424873824217e-05 1.103072331770738505e-05 3.966100000000000000e+04
1.685719683778473552e+02 6.224306725848041373e-04 -8.667161645320007495e-05 9.844835455235101333e-06 4.054500000000000000e+04
1.706641332089364766e+02 6.027285390421334866e-04 -8.078606148902557713e-05 2.406491123605704796e-05 4.181500000000000000e+04
1.727708699256135390e+02 5.897840993081262737e-04 -7.092064358258971942e-05 3.286318025370089534e-05 4.312500000000000000e+04
1.748696546009699659e+02 5.694006995230718087e-04 -7.202065511062708707e-05 2.657554268898935373e-05 4.368100000000000000e+04
1.769585769494445344e+02 5.526974362877091910e-04 -6.646056151371468649e-05 2.235894069524214581e-05 4.462900000000000000e+04
1.790524509315575301e+02 5.425132074196296504e-04 -6.446062352665119888e-05 6.238788454668832415e-09 4.622700000000000000e+04
1.811526521261263554e+02 5.285624559531454641e-04 -6.087405647823547977e-05 1.860805079794840999e-05 4.690900000000000000e+04
1.832476884130738881e+02 5.095088709860214667e-04 -4.575670399195074699e-05 6.045773766842325682e-06 4.823700000000000000e+04
1.853312475833926101e+02 4.975333438416231239e-04 -4.328799090204958936e-05 3.620197124404513105e-05 4.858300000000000000e+04
1.874284892203218931e+02 4.866910016822965338e-04 -5.453856177508111680e-05 1.845716324237267283e-05 5.099700000000000000e+04
1.895337179075755216e+02 4.770076444931104051e-04 -4.367961718660457788e-05 1.971321332128425402e-05 5.139700000000000000e+04
1.916268196474026126e+02 4.647229541554794940e-04 -4.907074931710388540e-05 2.229401181492831528e-05 5.248900000000000000e+04
1.937183403446852878e+02 4.512488286181711079e-04 -5.409255165491590395e-05 1.896269442507402575e-05 5.378700000000000000e+04
1.958131498886989164e+02 4.390490286424674165e-04 -4.639809158310032782e-05 2.375565880231627077e-05 5.491300000000000000e+04
1.979058740098966211e+02 4.268381358315417829e-04 -4.587805252979182635e-05 2.303390424066327079e-05 5.597700000000000000e+04
1.999990651597893816e+02 4.171567347474686117e-04 -4.734935408386557087e-05 9.347103801092267688e-06 5.741500000000000000e+04
2.020893038374759101e+02 4.091357448765514226e-04 -3.868064304082167673e-05 2.739529740791588541e-05 5.810500000000000000e+04
2.041823192148177952e+02 4.033150350063255938e-04 -4.052599427419572030e-05 1.954722656983002701e-05 6.003300000000000000e+04
2.062825911013838152e+02 3.909260674735473020e-04 -3.816495751473698931e-05 3.478068146693395806e-05 6.094900000000000000e+04
2.083770189145966185e+02 3.847820528811082548e-04 -3.705224641376846941e-05 3.664768219265916401e-05 6.223500000000000000e+04
2.104675816794403431e+02 3.749560718287198039e-04 -3.513427419363737865e-05 3.093166285300250686e-05 6.322900000000000000e+04
2.125667854244018145e+02 3.714571120777659095e-04 -3.544094527034301095e-05 3.273584186500900372e-05 6.513300000000000000e+04
2.146619261104851830e+02 3.630990958781125520e-04 -4.282477150323798576e-05 3.281656536068284905e-05 6.570700000000000000e+04
2.167561805722037036e+02 3.570314911098635010e-04 -3.701768316310609055e-05 3.785284634375055802e-05 6.756100000000000000e+04
2.188528705899679210e+02 3.463206192003328307e-04 -3.307730636065478301e-05 3.219101327612393793e-05 6.850500000000000000e+04
2.209456427453084473e+02 3.433814476563568866e-04 -3.077839590887534749e-05 3.696783100370307234e-05 6.994300000000000000e+04
2.230395148320731096e+02 3.342554296636462323e-04 -3.595852461706348550e-05 3.378409149700441791e-05 7.109700000000000000e+04
2.251356732858534997e+02 3.309649409039698608e-04 -3.536250608472404574e-05 4.442690742446334020e-05 7.302100000000000000e+04
2.272278504864401327e+02 3.236138255977693960e-04 -3.769475292979098578e-05 3.586266722545364261e-05 7.331700000000000000e+04
2.293197511287232544e+02 3.193903770310278344e-04 -3.351184723956971166e-05 3.497840799440604426e-05 7.579900000000000000e+04
2.314114772346510165e+02 3.130990904773935947e-04 -3.428348847217671243e-05 4.353545446306805131e-05 7.602100000000000000e+04
2.335058467478245632e+02 3.066562349170595322e-04 -2.815675956088061206e-05 4.932523799527472567e-05 7.875300000000000000e+04
2.356041652202905539e+02 3.013616578526939131e-04 -2.482541644125843078e-05 4.388693013576636792e-05 7.929100000000000000e+04
2.377006336558306998e+02 2.943404682015521041e-04 -2.322559524558708238e-05 4.664444912704505302e-05 8.112900000000000000e+04
2.397972750390475198e+02 2.923374064720719737e-04 -2.196728285542517655e-05 4.943599096016356044e-05 8.244100000000000000e+04
2.418944602532704096e+02 2.874282048342393595e-04 -1.936808538787439523e-05 5.343740933801399549e-05 8.394900000000000000e+04
2.439884227569783093e+02 2.849508905717336687e-04 -1.738901026434264160e-05 5.720213835560937775e-05 8.512300000000000000e+04
2.460835996828307373e+02 2.813399420231150290e-04 -1.694220255574689610e-05 5.982925798469481093e-05 8.692900000000000000e+04
2.481755280705312146e+02 2.780994381215524057e-04 -1.630366583536867883e-05 6.673318165257407229e-05 8.778900000000000000e+04
2.502623700647570217e+02 2.723519131141046139e-04 -1.713153792801952045e-05 7.224180807262213695e-05 8.962300000000000000e+04
2.523586155105348325e+02 2.694430086271642653e-04 -1.935636093813422788e-05 6.624620463224717112e-05 9.134100000000000000e+04
2.544547077866985489e+02 2.667988001822592685e-04 -1.993876977106484390e-05 7.457477720293226872e-05 9.284500000000000000e+04
2.565487653287422063e+02 2.681047785192173204e-04 -1.791196673286919367e-05 8.053981703115121289e-05 9.408700000000000000e+04
2.586464955058470991e+02 2.659685782974803223e-04 -1.491078811987225190e-05 8.829915123554446272e-05 9.633300000000000000e+04
2.607443047329861656e+02 2.646686234069962397e-04 -1.643102590230164118e-05 9.792646301792228588e-05 9.724900000000000000e+04
2.628438312173413465e+02 2.639560603016905395e-04 -1.893811675292252962e-05 1.053296651932909329e-04 9.950100000000000000e+04
2.649298855659840228e+02 2.631659301417285505e-04 -1.581934164351687800e-05 1.170873700226793387e-04 9.928300000000000000e+04
2.670163698864117805e+02 2.623228516500297411e-04 -1.607849191470645892e-05 1.193204121748719541e-04 1.025370000000000000e+05
2.691120556714307668e+02 2.602852310352748067e-04 -9.850662129091820627e-06 1.082665035620009725e-04 1.022830000000000000e+05
2.712074998348403483e+02 2.555239577416871860e-04 -1.367743153078245466e-05 6.891564965709793362e-05 1.021060000000000000e+05
2.733050116933233653e+02 2.503186280062090182e-04 -1.050200324976126475e-05 3.142491919700221467e-05 1.007340000000000000e+05
2.753977295572417461e+02 2.460691675587257021e-04 -9.740197580995962141e-06 -5.522374125470349672e-06 9.999400000000000000e+04
2.774958294534935703e+02 2.418068335031015622e-04 -9.133825599841247621e-06 -3.283626144438996346e-05 9.936000000000000000e+04
2.795977707949222122e+02 2.381310321731703109e-04 -8.914643624288269891e-06 -6.312880121672093559e-05 9.860800000000000000e+04
2.816862895118986785e+02 2.340275127321554943e-04 -9.490775079441125188e-06 -9.273250651641681450e-05 9.625200000000000000e+04
2.837743515740906446e+02 2.303110607969990247e-04 -8.048729926298469044e-06 -1.086599290096334266e-04 9.640000000000000000e+04
2.858713251310674650e+02 2.298421828126901020e-04 -7.639617841639795653e-06 -1.298415635325677025e-04 9.539800000000000000e+04
2.879670932628575883e+02 2.243205189034568449e-04 -4.072975750658231132e-06 -1.530190052155974104e-04 9.402000000000000000e+04
2.900590582015512382e+02 2.223769104364964702e-04 -7.215824360260264291e-06 -1.733830399575330132e-04 9.316000000000000000e+04
2.921519201901450060e+02 2.199572125289993448e-04 -6.339653043790250897e-06 -1.866376019190431410e-04 9.177600000000000000e+04
2.942485935102203030e+02 2.167658422584037574e-04 -5.712361421167097855e-06 -2.036809925689538688e-04 9.137800000000000000e+04
2.963426645133968691e+02 2.145633295835539152e-04 -5.944294883220647170e-06 -2.143850177409552043e-04 8.949000000000000000e+04
2.984329904966970162e+02 2.104697270408035581e-04 -5.047196104658993314e-06 -2.320729641468998741e-04 8.845000000000000000e+04
3.005290481640043367e+02 2.087395304378098816e-04 -6.237791023346394083e-06 -2.431350385726532186e-04 8.794600000000000000e+04
3.026245947235937592e+02 2.068762176005980384e-04 -3.391148255794840310e-06 -2.584700451309760068e-04 8.575200000000000000e+04
3.047205651109674704e+02 2.056601739040005811e-04 -3.149728975496500077e-06 -2.696453760547056020e-04 8.574400000000000000e+04
3.068167457111920839e+02 2.044729857136295384e-04 -3.572114023297994460e-06 -2.794988320384395432e-04 8.322000000000000000e+04
3.089118625384018060e+02 2.017942831567160779e-04 -3.925860043289647126e-06 -2.856061084164460574e-04 8.302000000000000000e+04
3.110099981664167785e+02 1.993753983018685730e-04 -1.500629655105169282e-06 -2.951462084781760029e-04 8.106400000000000000e+04
3.131040997612852266e+02 1.968925768780922228e-04 -2.192403805854317116e-06 -3.014039391536070967e-04 7.983000000000000000e+04
3.151936712677708670e+02 1.964593121616137888e-04 -3.436733802973297255e-06 -3.103231952358824096e-04 7.823800000000000000e+04
3.172858841403398173e+02 1.936953735015485047e-04 -2.526503134017573404e-06 -3.164904752968925017e-04 7.715400000000000000e+04
3.193772099476266817e+02 1.935758868636724278e-04 -3.702785615803444162e-06 -3.223698562210515549e-04 7.546600000000000000e+04
3.214753775151562536e+02 1.919906570712828916e-04 -4.203832523179644482e-06 -3.279587578723041860e-04 7.480200000000000000e+04
3.235746879206847666e+02 1.904595534655578628e-04 -4.021091182999602973e-06 -3.351416951687070044e-04 7.258000000000000000e+04
3.256647237020029024e+02 1.880880059533410296e-04 -4.228789962796238788e-06 -3.358186316427821754e-04 7.133800000000000000e+04
3.277571324083919535e+02 1.871074626901632245e-04 -5.286573543772836862e-06 -3.439195586586686810e-04 6.964200000000000000e+04
3.298487111637800240e+02 1.874242505336564562e-04 -5.686823817491166262e-06 -3.497714175266676139e-04 6.832600000000000000e+04
3.319433744068021497e+02 1.867061958748475351e-04 -6.335406525059145979e-06 -3.543949741371985409e-04 6.674400000000000000e+04
3.340422322988853239e+02 1.870190495035292525e-04 -5.429018900339675013e-06 -3.607707919454957303e-04 6.533800000000000000e+04
3.361307892565458246e+02 1.857421181230646588e-04 -4.480684648192231100e-06 -3.657229699045384851e-04 6.315600000000000000e+04
3.382251120895489294e+02 1.852372738246141218e-04 -4.287057904874212304e-06 -3.722824843203935072e-04 6.214000000000000000e+04
3.403264013195363304e+02 1.843789481962988103e-04 -2.362096962555258049e-06 -3.763423188226631445e-04 6.051400000000000000e+04
3.424148842577288860e+02 1.850634849983360207e-04 -3.917462130682563533e-06 -3.836969711593301397e-04 5.799000000000000000e+04
3.445099495577244397e+02 1.845738856391303880e-04 -2.565395392596131885e-06 -3.869597142664453395e-04 5.742400000000000000e+04
3.466144105402300397e+02 1.834649245544069010e-04 -1.024688591672288273e-06 -3.947585378845134500e-04 5.518200000000000000e+04
3.487067496858389859e+02 1.833239530741680276e-04 -2.251717785734833277e-06 -3.969978088891204602e-04 5.306800000000000000e+04
3.507912540595516475e+02 1.831095825754125374e-04 -1.504155559250647188e-06 -3.993142748258876390e-04 5.152800000000000000e+04
3.528807167895711814e+02 1.849565905451795798e-04 -2.163184551658615408e-06 -4.106838994310108557e-04 4.954600000000000000e+04
3.549828487415276754e+02 1.861899634091289109e-04 -1.078163741919939805e-06 -4.160299497046299850e-04 4.846600000000000000e+04
3.570768480370360862e+02 1.882193701233439149e-04 -3.848621972959796288e-06 -4.236704991877277894e-04 4.566600000000000000e+04
3.591652111747225717e+02 1.893966612013215734e-04 -1.458747325331357324e-06 -4.342803457092952253e-04 4.423000000000000000e+04
3.612627896178847777e+02 1.901989275405500197e-04 -3.402322885299712787e-06 -4.391368892837858970e-04 4.254000000000000000e+04
3.633645820428338880e+02 1.869860429380827650e-04 -4.610987313288825971e-06 -4.368078937643811292e-04 4.022200000000000000e+04
3.654527365610065885e+02 1.910583413648033401e-04 -6.730082745235439724e-07 -4.527405149129629948e-04 3.842200000000000000e+04
3.675441472124314259e+02 1.893676085845730271e-04 -2.766741524885662289e-06 -4.574552315625103269e-04 3.624600000000000000e+04
3.696396280380744201e+02 1.884649090554162327e-04 3.755493170154229432e-07 -4.627480576153322864e-04 3.455200000000000000e+04
3.717297223820279441e+02 1.880048447286793102e-04 -1.899432425468337822e-06 -4.697273366077082024e-04 3.213600000000000000e+04
3.738176974939287902e+02 1.860304460395377491e-04 -2.788999461051211986e-06 -4.709040068915345601e-04 3.029200000000000000e+04
3.759110996783247174e+02 1.857441848262590906e-04 -3.075909372588201031e-06 -4.816608205511133502e-04 2.830200000000000000e+04
3.780081394014102898e+02 1.827135651045218355e-04 -3.525847066966146566e-06 -4.862827572892253506e-04 2.605600000000000000e+04
3.801051557582653118e+02 1.773227904968014204e-04 -3.310612578282467069e-06 -4.842385646429746369e-04 2.421100000000000000e+04
3.821955053587425937e+02 1.753861567121832736e-04 -1.581300205390483678e-06 -4.945883667181328724e-04 2.220600000000000000e+04
3.842862749912937943e+02 1.704628309176126782e-04 -2.672142417706779568e-07 -4.942349370316294517e-04 2.088400000000000000e+04
3.863841918340856409e+02 1.682222996614561204e-04 -2.135163434990143854e-06 -4.907079885669268348e-04 1.939200000000000000e+04
3.884771734501698006e+02 1.654720209144052215e-04 -1.492481146188328362e-06 -4.926706725009818337e-04 1.805800000000000000e+04
3.905623371605522607e+02 1.619938286879988698e-04 -2.814900851828035854e-06 -4.875138154012334784e-04 1.674600000000000000e+04
3.926667500119167471e+02 1.651287672911472943e-04 -1.290229431230243123e-06 -5.055560951404436962e-04 1.589800000000000000e+04
3.947778557744774162e+02 1.631880199939905231e-04 -2.651742118589430806e-06 -5.032451505688502859e-04 1.457800000000000000e+04
3.968631060462392952e+02 1.641069683213245897e-04 -3.948570994739603976e-06 -5.092801534652642353e-04 1.344300000000000000e+04
3.989413219049817485e+02 1.622233689069258898e-04 -3.410686856042202550e-06 -5.091948160285717862e-04 1.251100000000000000e+04
4.010572258526528344e+02 1.653426991300332343e-04 -1.753856151012074160e-06 -5.259080225520759364e-04 1.191900000000000000e+04
4.031656962107319373e+02 1.628443793987890660e-04 -2.740581637107166876e-06 -5.213009217615381229e-04 1.063900000000000000e+04
4.052249146637423678e+02 1.617327041845003591e-04 -1.715010747752240020e-06 -5.231182540531803364e-04 9.775000000000000000e+03
4.073276634718891387e+02 1.618993779891562403e-04 -2.581654312272230100e-06 -5.275833261745464450e-04 9.423000000000000000e+03
4.094593776408451049e+02 1.612357872436300638e-04 1.885049157685240729e-07 -5.320866306197056259e-04 8.449000000000000000e+03
4.115405539130957777e+02 1.618956046394811775e-04 1.014461393577220148e-06 -5.393030687762619037e-04 7.596000000000000000e+03
4.135894252671187132e+02 1.613774852971285566e-04 8.057383048727642491e-08 -5.374754979030454396e-04 6.931000000000000000e+03
4.156930049049321951e+02 1.632016324230687460e-04 6.047615502697202594e-07 -5.481294446943368653e-04 6.612000000000000000e+03
4.178272827209258367e+02 1.633834939514836558e-04 3.682170240619334100e-07 -5.509472710829801554e-04 5.899000000000000000e+03
4.199082037741286513e+02 1.709303480252077109e-04 9.938440430726016416e-07 -5.784023447796688951e-04 5.176000000000000000e+03
4.219826095167229028e+02 1.673828548532672932e-04 -8.649565275038074006e-07 -5.667538230074736132e-04 4.824000000000000000e+03
4.241028763136273483e+02 1.695335247281451354e-04 -8.847194580753070422e-08 -5.780409981938759061e-04 4.312000000000000000e+03
4.262107721966358440e+02 1.695714269568542368e-04 1.615752530679725959e-06 -5.820296934151112126e-04 3.819000000000000000e+03
4.282460731868927724e+02 1.743167740569571381e-04 1.793452373555037173e-06 -5.998032692636557413e-04 3.220000000000000000e+03
4.303287648834323136e+02 1.761871169250869211e-04 -1.111231734927569576e-07 -6.057307727155594691e-04 3.132000000000000000e+03
4.325172248853483552e+02 1.753248985652654387e-04 1.338299636083608203e-06 -6.060175092896685246e-04 2.680000000000000000e+03
4.346325070601815810e+02 1.760877660832869864e-04 5.583686112254868215e-07 -6.085143209943686673e-04 2.218000000000000000e+03
4.365567227659553851e+02 1.898873505095844305e-04 -5.216315140266272806e-08 -6.563456497008050014e-04 1.728000000000000000e+03
4.386277159174848634e+02 1.819293178617421077e-04 1.937993625037032253e-06 -6.334000087470719690e-04 1.816000000000000000e+03
4.409019266196692683e+02 1.906236893076401631e-04 -2.625385554458057152e-08 -6.624162558942306997e-04 1.476000000000000000e+03
4.430735479208619836e+02 2.041501659311248807e-04 2.459032092544923435e-06 -7.130704263826917423e-04 1.108000000000000000e+03
4.448761117541747012e+02 2.120391931903084168e-04 4.498293778584103618e-07 -7.383513119421074994e-04 7.560000000000000000e+02
4.469343758523184533e+02 2.346189023727430654e-04 2.275767615637823254e-06 -8.204716390389024411e-04 8.440000000000000000e+02
4.493013102792758104e+02 2.169347963990687694e-04 -1.633956744493257721e-06 -7.551477197633229025e-04 6.280000000000000000e+02
4.515989744176221734e+02 2.503327825915199908e-04 -2.949035706053366553e-07 -8.742654833755578343e-04 4.050000000000000000e+02
4.533101867737696580e+02 2.419225240728356031e-04 2.126569611459947872e-06 -8.474024905625866756e-04 2.020000000000000000e+02
4.552338387398290820e+02 2.567860264529030234e-04 4.081568450087677785e-06 -9.019829531316797674e-04 2.280000000000000000e+02
4.576034578613840722e+02 3.039321239342802406e-04 2.661668567139487136e-06 -1.065818579315880267e-03 1.240000000000000000e+02
4.599517872444100703e+02 4.156606695703730925e-04 -1.765003494014072828e-06 -1.452513823956837983e-03 5.200000000000000000e+01
4.619205689144050666e+02 7.601191036937961351e-04 -8.372121802472725654e-06 -2.651708247022719570e-03 9.000000000000000000e+00
4.634281054380590490e+02 5.645474997104414161e-04 -2.862282339215114280e-07 -1.975536996157110318e-03 4.000000000000000000e+00
