2.966547074898984615e+00 5.504929914857954465e-01 -1.579861139765694478e-01 -5.635713714367032168e-01 1.300000000000000000e+01
5.026374055021858744e+00 3.342018051862963302e-01 -1.089515544134374986e-01 5.131595803119242127e-01 3.300000000000000000e+01
7.149300621522788113e+00 1.835252481504918154e-01 -1.055152269388238556e-01 4.979763769817002056e-02 7.900000000000000000e+01
9.278869254964254409e+00 1.359146399630089819e-01 -6.159498191601302935e-02 7.405273808250519875e-03 1.170000000000000000e+02
1.145033261934470126e+01 1.077190997308342946e-01 -6.674559454156664406e-02 2.090906860530859432e-02 2.050000000000000000e+02
1.349295587141915043e+01 9.062008467342386187e-02 -3.069725302997013128e-02 2.556304918754551819e-02 2.350000000000000000e+02
1.558905561191892986e+01 7.171242201205615951e-02 -4.203789180297259898e-02 1.937806026134644699e-02 3.690000000000000000e+02
1.769408367255316961e+01 6.316990455801059501e-02 -3.304444801420013123e-02 2.942468276533223223e-02 4.330000000000000000e+02
1.981787480313529670e+01 5.375665956392799982e-02 -1.990723805472799368e-02 1.230759517751860328e-02 5.850000000000000000e+02
2.192074938196263645e+01 4.801624303441857228e-02 -1.846924580763313270e-02 2.766931604296598429e-02 6.790000000000000000e+02
2.398877635566245203e+01 4.435236578558339471e-02 -6.237012212901193314e-03 1.808413527126207301e-02 8.130000000000000000e+02
2.609286971896115759e+01 4.083202529971408090e-02 -2.642928365943436261e-03 1.567076077762977540e-02 9.850000000000000000e+02
2.823466315278179550e+01 3.773163592345007283e-02 2.193062232530300099e-03 1.879809806898762731e-02 1.183000000000000000e+03
3.032284873509123102e+01 3.389761562379706855e-02 4.011320771862416507e-03 1.386045632844476114e-02 1.269000000000000000e+03
3.240263258943403457e+01 3.218013829869853515e-02 6.984786871380271531e-03 5.281119771105188300e-03 1.537000000000000000e+03
3.449210129864554375e+01 2.856271299849783701e-02 9.862835254825954960e-04 7.862538756318836197e-04 1.653000000000000000e+03
3.658588147515196454e+01 2.552849164416623115e-02 1.333783851961343114e-03 5.281639471640236496e-04 1.963000000000000000e+03
3.868476949266977272e+01 2.319677632548432580e-02 -8.230241100722655379e-04 -2.461442104578213594e-03 2.121000000000000000e+03
4.078898888458283523e+01 2.156884287158250882e-02 -1.096028363822822106e-03 -4.490589392810498230e-03 2.413000000000000000e+03
4.289390876967645738e+01 1.937181755638691175e-02 -1.663535204915535118e-03 -4.576630525561368665e-03 2.635000000000000000e+03
4.498336005546935468e+01 1.734403280725159771e-02 -1.320037579236824554e-03 -4.013377384043587993e-03 2.877000000000000000e+03
4.706498529473824988e+01 1.582783911640499655e-02 -2.540869245289536366e-03 -2.402375489980539645e-03 3.169000000000000000e+03
4.917111919158227096e+01 1.434162168877315020e-02 -1.475942189821389128e-03 -2.779823126082254289e-03 3.507000000000000000e+03
5.126216914174227668e+01 1.348099787945906264e-02 -2.151883851511901622e-03 -2.481449731734571527e-03 3.685000000000000000e+03
5.335525146837034072e+01 1.258671198884254126e-02 -1.065875163768757869e-03 -1.195557918222930503e-03 4.165000000000000000e+03
5.546637228956934251e+01 1.163742520019038496e-02 -6.028222105211904691e-04 1.194291632701333729e-04 4.377000000000000000e+03
5.757318819254808773e+01 1.091325522869011216e-02 -4.189278117349261657e-04 7.457066156701770091e-04 4.855000000000000000e+03
5.965884044590281121e+01 1.041720640716067153e-02 -8.344323977187596960e-04 9.773231710847277588e-04 4.929000000000000000e+03
6.174512302159506305e+01 9.631142445855937761e-03 -3.912722740184776849e-04 5.027648402674741437e-04 5.581000000000000000e+03
6.382689291137189969e+01 9.141252005814025361e-03 -5.127765348262339163e-04 1.121442648179726744e-03 5.679000000000000000e+03
6.592966228838450604e+01 8.528398029840657257e-03 -3.463316159529232843e-04 1.471018208942428974e-05 6.385000000000000000e+03
6.803125784825746791e+01 8.161843384211294947e-03 -1.205520318472284071e-04 -1.023458580663026598e-04 6.553000000000000000e+03
7.013131008699485847e+01 7.595559370577272852e-03 -5.941698519917122841e-04 6.495252053271130078e-06 7.125000000000000000e+03
7.223032366074338029e+01 7.129245180591102168e-03 -9.127824386733087271e-04 -6.145831406735946609e-04 7.447000000000000000e+03
7.432334270720505742e+01 6.777254243018220048e-03 -8.480922170681133186e-04 -5.319937569510961237e-04 7.929000000000000000e+03
7.642066756954473306e+01 6.299402285932168520e-03 -1.156781810967657349e-03 -7.831284485903982403e-04 8.353000000000000000e+03
7.850471694556040347e+01 5.921117507606397067e-03 -1.341903355487588777e-03 -5.154334458154310496e-04 8.775000000000000000e+03
8.059701946059529121e+01 5.619175152939579962e-03 -1.288280774697971726e-03 -1.895998718185287312e-04 9.313000000000000000e+03
8.269521798132063850e+01 5.353830322413490397e-03 -1.129841341143519168e-03 1.989366542445334277e-05 9.841000000000000000e+03
8.478307522909847194e+01 5.066235389605042334e-03 -1.091500423757080229e-03 1.800057083326045751e-04 1.019100000000000000e+04
8.687780839616016237e+01 4.896318358260281882e-03 -1.253234911601410666e-03 2.446802356403373160e-04 1.089700000000000000e+04
8.897524569656535220e+01 4.619446247954183370e-03 -9.542000121742770947e-04 3.239852683325242190e-04 1.130100000000000000e+04
9.108077810470518898e+01 4.476378402346617436e-03 -9.147269013733262764e-04 4.949855746728401085e-04 1.202500000000000000e+04
9.318432266948052245e+01 4.306965271933600042e-03 -8.239454967811580665e-04 4.170224895237094028e-04 1.242300000000000000e+04
9.527887641048309320e+01 4.026276735713980696e-03 -8.419684772133114153e-04 5.476814970029931801e-04 1.302100000000000000e+04
9.736254237981037818e+01 3.902307233110099190e-03 -7.466242429088370191e-04 3.024053230448577934e-04 1.340500000000000000e+04
9.944832814799407572e+01 3.804503223125401280e-03 -8.680375251009644433e-04 2.801286179270948942e-04 1.424700000000000000e+04
1.015460879802399035e+02 3.615064916766293820e-03 -8.724389941916624921e-04 1.372805307208251296e-04 1.471300000000000000e+04
1.036426375667732316e+02 3.387737055447234084e-03 -9.330326730142182289e-04 2.566688323452193896e-05 1.548900000000000000e+04
1.057389390539465950e+02 3.261096955816805698e-03 -9.835223814630453081e-04 1.847660979058457834e-04 1.591300000000000000e+04
1.078395855981474227e+02 3.098591852182090451e-03 -9.264631097005077750e-04 1.727143863392172638e-04 1.687900000000000000e+04
1.099389405850131709e+02 2.977775219082488475e-03 -9.412780283208565472e-04 2.495887956658976122e-04 1.719300000000000000e+04
1.120392143152385387e+02 2.852322213913111634e-03 -8.150587845009712529e-04 -2.101342796082600794e-05 1.815700000000000000e+04
1.141233458569757744e+02 2.754929736224079675e-03 -8.308671817690895791e-04 2.049415935323575279e-04 1.833900000000000000e+04
1.162159397555423084e+02 2.636447028605300950e-03 -8.037127403170453432e-04 3.245268518151185524e-04 1.957300000000000000e+04
1.183137204803772420e+02 2.572905367863453571e-03 -7.016826035731747518e-04 3.830088182458211998e-04 1.994100000000000000e+04
1.203972311807013256e+02 2.450649407311892170e-03 -6.339481523770287017e-04 4.869847976425484043e-04 2.062900000000000000e+04
1.224922363187857286e+02 2.334584339672303964e-03 -6.047081661150290922e-04 3.646411136067348262e-04 2.165500000000000000e+04
1.245882598425863534e+02 2.270477395233802629e-03 -5.698837553033412251e-04 3.145336547780364024e-04 2.211300000000000000e+04
1.266884677158377315e+02 2.198281688675213490e-03 -5.673061372877800544e-04 2.743752502676398246e-04 2.318500000000000000e+04
1.287846620419940962e+02 2.112639044848438688e-03 -6.056100869210283419e-04 1.636065624106338302e-04 2.366700000000000000e+04
1.308713393788149801e+02 2.029722005353055102e-03 -5.477376030453025681e-04 1.916529963950786149e-04 2.438500000000000000e+04
1.329754833440644575e+02 1.939578521094967485e-03 -5.758512954161668432e-04 1.534579904630935048e-04 2.574900000000000000e+04
1.350691081525609434e+02 1.868453870109022764e-03 -5.321999448573335595e-04 1.741284455797862405e-04 2.567500000000000000e+04
1.371638825856825576e+02 1.795845664012956071e-03 -5.070146859088185340e-04 8.237878454434493852e-05 2.740900000000000000e+04
1.392604757372163533e+02 1.756427883163003308e-03 -5.098701901024012099e-04 1.623170437891257114e-04 2.740500000000000000e+04
1.413466882908376760e+02 1.687921089352675211e-03 -4.645844839861376619e-04 1.249872663158098059e-04 2.871700000000000000e+04
1.434475230090064031e+02 1.646258340841829856e-03 -4.611852920467490583e-04 1.470988336524715922e-04 2.959500000000000000e+04
1.455452853418541679e+02 1.586897252266974111e-03 -3.936488488496847388e-04 2.216205626966130009e-04 3.030100000000000000e+04
1.476332061073587738e+02 1.535321220614568796e-03 -3.453084616957576968e-04 2.361656334115996056e-04 3.110100000000000000e+04
1.497211472843286231e+02 1.487920674426431583e-03 -2.897841969802986248e-04 1.773898544631824384e-04 3.202300000000000000e+04
1.518138048751577287e+02 1.445784872012604574e-03 -3.151183561660865062e-04 2.624952343372593546e-04 3.297700000000000000e+04
1.539211490100352648e+02 1.394366052637041175e-03 -3.056006690247043442e-04 2.356482686085325292e-04 3.444900000000000000e+04
1.560214747341236716e+02 1.357687842489318109e-03 -3.000755756509536788e-04 2.157152464978129151e-04 3.454900000000000000e+04
1.581161747588121784e+02 1.310354234547109935e-03 -2.396064229797035996e-04 1.781583771308961031e-04 3.611100000000000000e+04
1.602118712271799836e+02 1.274305268056189974e-03 -2.654463972295839354e-04 1.865341294713678986e-04 3.654100000000000000e+04
1.623006419462898862e+02 1.227860641667696297e-03 -2.676808090901433112e-04 1.638664498330919244e-04 3.771700000000000000e+04
1.643899033199985240e+02 1.190758663214432252e-03 -2.838274235241580777e-04 1.584963418269827570e-04 3.861900000000000000e+04
1.664835582381511756e+02 1.160349724948271525e-03 -2.335895177922240305e-04 1.336441455439800355e-04 3.966100000000000000e+04
1.685719683778473552e+02 1.129523822308962791e-03 -2.505833764286196893e-04 1.297408813966556540e-04 4.054500000000000000e+04
1.706641332089364766e+02 1.106752939678271519e-03 -2.039434717226466169e-04 1.615318398378218407e-04 4.181500000000000000e+04
1.727708699256135390e+02 1.072385719796792184e-03 -2.003807503898904455e-04 1.767257756142924638e-04 4.312500000000000000e+04
1.748696546009699659e+02 1.042225762640228235e-03 -1.644917417404717858e-04 1.739205420008463191e-04 4.368100000000000000e+04
1.769585769494445344e+02 1.026541199833045032e-03 -1.485138576808148442e-04 2.179871823734031886e-04 4.462900000000000000e+04
1.790524509315575301e+02 9.981502053210431023e-04 -1.421920917400418022e-04 1.960248494345668668e-04 4.622700000000000000e+04
1.811526521261263554e+02 9.774955782756611800e-04 -1.018619888438919614e-04 2.291723452531670190e-04 4.690900000000000000e+04
1.832476884130738881e+02 9.489190050136452059e-04 -9.644190687139996292e-05 1.913004769096465817e-04 4.823700000000000000e+04
1.853312475833926101e+02 9.239564979300217331e-04 -1.210280937784403022e-04 1.848076095316939925e-04 4.858300000000000000e+04
1.874284892203218931e+02 9.037215462918850089e-04 -1.030394831143747726e-04 1.881971963054762426e-04 5.099700000000000000e+04
1.895337179075755216e+02 8.828518661441106790e-04 -1.005259839367315743e-04 1.491828196723428131e-04 5.139700000000000000e+04
1.916268196474026126e+02 8.508034827939385276e-04 -1.116237056680067065e-04 1.178859066267836850e-04 5.248900000000000000e+04
1.937183403446852878e+02 8.354189412725647641e-04 -1.169265818157841613e-04 1.342651862354653117e-04 5.378700000000000000e+04
1.958131498886989164e+02 8.147399332155262110e-04 -1.113333374826097014e-04 1.089926974782891571e-04 5.491300000000000000e+04
1.979058740098966211e+02 7.982559541488988813e-04 -9.948436270731821193e-05 9.814213600664039466e-05 5.597700000000000000e+04
1.999990651597893816e+02 7.785500732806395095e-04 -9.231080480929275205e-05 1.133946493677117078e-04 5.741500000000000000e+04
2.020893038374759101e+02 7.674256497073972220e-04 -8.518487588639927425e-05 1.184793403708820888e-04 5.810500000000000000e+04
2.041823192148177952e+02 7.526538222829088015e-04 -7.530377392059250886e-05 1.229113743905118001e-04 6.003300000000000000e+04
2.062825911013838152e+02 7.383256330042624674e-04 -6.049972083275641785e-05 1.407008174228311693e-04 6.094900000000000000e+04
2.083770189145966185e+02 7.233753715851784852e-04 -5.630986888197584832e-05 1.568148885608588094e-04 6.223500000000000000e+04
2.104675816794403431e+02 7.070966794820781817e-04 -4.472747079792590674e-05 1.610779326960500620e-04 6.322900000000000000e+04
2.125667854244018145e+02 6.973092832513579304e-04 -3.508085434199506055e-05 1.592042243378690575e-04 6.513300000000000000e+04
2.146619261104851830e+02 6.890228426690270767e-04 -4.169238991396634190e-05 1.465026131909842502e-04 6.570700000000000000e+04
2.167561805722037036e+02 6.718483025131706098e-04 -4.074008490412730745e-05 1.278205485381204499e-04 6.756100000000000000e+04
2.188528705899679210e+02 6.591607822024969990e-04 -5.246393682801403139e-05 1.093848226859047058e-04 6.850500000000000000e+04
2.209456427453084473e+02 6.476108831792441083e-04 -6.414114956050500705e-05 9.735857012560162108e-05 6.994300000000000000e+04
2.230395148320731096e+02 6.293500664670806290e-04 -5.991113433137865152e-05 9.055657596122052163e-05 7.109700000000000000e+04
2.251356732858534997e+02 6.229675289529755912e-04 -6.030737205553039044e-05 9.185912861879504685e-05 7.302100000000000000e+04
2.272278504864401327e+02 6.124440515176783270e-04 -5.058779057161656901e-05 9.361238013575562086e-05 7.331700000000000000e+04
2.293197511287232544e+02 6.045789588469372170e-04 -5.021540708149633262e-05 9.358547169604176995e-05 7.579900000000000000e+04
2.314114772346510165e+02 5.944483786561416232e-04 -4.493672348271655074e-05 1.150895869923342785e-04 7.602100000000000000e+04
2.335058467478245632e+02 5.880012744922199662e-04 -3.364743697030490898e-05 1.376065908431839727e-04 7.875300000000000000e+04
2.356041652202905539e+02 5.840053913862807691e-04 -2.328356302453213813e-05 1.382432906322400329e-04 7.929100000000000000e+04
2.377006336558306998e+02 5.779386613235558759e-04 -1.226973602738784194e-05 1.676528326772502983e-04 8.112900000000000000e+04
2.397972750390475198e+02 5.686721828428287608e-04 -1.499978023008005098e-05 1.575873697453617091e-04 8.244100000000000000e+04
2.418944602532704096e+02 5.611317544892614100e-04 -2.289543276564414860e-05 1.644588761791230733e-04 8.394900000000000000e+04
2.439884227569783093e+02 5.543137971500026540e-04 -3.365957663574950265e-05 1.566647033127289545e-04 8.512300000000000000e+04
2.460835996828307373e+02 5.457310015338762534e-04 -3.927511001541104631e-05 1.483357993223216110e-04 8.692900000000000000e+04
2.481755280705312146e+02 5.403645036331586066e-04 -4.963933486693681603e-05 1.462114302699343870e-04 8.778900000000000000e+04
2.502623700647570217e+02 5.354035358568203385e-04 -4.644632979605210310e-05 1.557451332184779636e-04 8.962300000000000000e+04
2.523586155105348325e+02 5.304812324246684519e-04 -4.847463318154238485e-05 1.547462482756672628e-04 9.134100000000000000e+04
2.544547077866985489e+02 5.274006785813438111e-04 -4.930302677381919694e-05 1.710589298242573314e-04 9.284500000000000000e+04
2.565487653287422063e+02 5.238051619381186392e-04 -5.496625878438872253e-05 1.901468986744707552e-04 9.408700000000000000e+04
2.586464955058470991e+02 5.241960964543425534e-04 -4.436877497898768696e-05 2.137877301170505631e-04 9.633300000000000000e+04
2.607443047329861656e+02 5.219655955067788655e-04 -4.366404548849613570e-05 2.339784890604192796e-04 9.724900000000000000e+04
2.628438312173413465e+02 5.252838265989049705e-04 -3.195989509287213982e-05 2.548489642012097701e-04 9.950100000000000000e+04
2.649298855659840228e+02 5.274217689515680327e-04 -3.465235049354027099e-05 2.753242207621774411e-04 9.928300000000000000e+04
2.670163698864117805e+02 5.284683530465314992e-04 -2.859418192614919516e-05 2.883560497974456556e-04 1.025370000000000000e+05
2.691120556714307668e+02 5.239745997218269629e-04 -3.514665276598988737e-05 2.585773568198459832e-04 1.022830000000000000e+05
2.712074998348403483e+02 5.186444700295548453e-04 -4.469253667956780263e-05 1.788230639926297093e-04 1.021060000000000000e+05
2.733050116933233653e+02 5.110435150816553668e-04 -3.274444493702213224e-05 1.091617945786439774e-04 1.007340000000000000e+05
2.753977295572417461e+02 4.998842866756922181e-04 -5.112737233236693750e-05 1.850628484990002391e-05 9.999400000000000000e+04
2.774958294534935703e+02 4.950264517194183540e-04 -4.593284002609904123e-05 -3.956085851631046553e-05 9.936000000000000000e+04
2.795977707949222122e+02 4.859469379639888803e-04 -5.563154195557114235e-05 -1.010985366291421102e-04 9.860800000000000000e+04
2.816862895118986785e+02 4.805721468208500936e-04 -5.399373638010915511e-05 -1.537724181856148979e-04 9.625200000000000000e+04
2.837743515740906446e+02 4.692394598696186065e-04 -5.830797717931060199e-05 -2.079407581528205440e-04 9.640000000000000000e+04
2.858713251310674650e+02 4.679840760114338657e-04 -5.713695869304792456e-05 -2.558856364000391330e-04 9.539800000000000000e+04
2.879670932628575883e+02 4.611834899820348643e-04 -5.992401007039612040e-05 -2.886126304723771532e-04 9.402000000000000000e+04
2.900590582015512382e+02 4.566934892202964211e-04 -6.382791187931216939e-05 -3.346956107238743382e-04 9.316000000000000000e+04
2.921519201901450060e+02 4.524689957377167051e-04 -5.876980774936467499e-05 -3.752073512181722898e-04 9.177600000000000000e+04
2.942485935102203030e+02 4.465515805546349114e-04 -5.538929139099503372e-05 -4.024937843168348642e-04 9.137800000000000000e+04
2.963426645133968691e+02 4.450175142720398007e-04 -5.252589321191830456e-05 -4.365175915368759959e-04 8.949000000000000000e+04
2.984329904966970162e+02 4.318544135327560688e-04 -5.827058704563467442e-05 -4.492652339808570036e-04 8.845000000000000000e+04
3.005290481640043367e+02 4.298572734283566312e-04 -5.898655655308974121e-05 -4.757929214972957338e-04 8.794600000000000000e+04
3.026245947235937592e+02 4.265876249939970673e-04 -6.346852411746235789e-05 -4.965999948837766190e-04 8.575200000000000000e+04
3.047205651109674704e+02 4.213093126652632829e-04 -5.520632351735451374e-05 -5.271847944931629766e-04 8.574400000000000000e+04
3.068167457111920839e+02 4.178811281594524982e-04 -5.885266297171704670e-05 -5.407069040973357978e-04 8.322000000000000000e+04
3.089118625384018060e+02 4.155489883459031249e-04 -5.642701157563864131e-05 -5.613441565285604831e-04 8.302000000000000000e+04
3.110099981664167785e+02 4.103744210637592970e-04 -5.572747563017173972e-05 -5.752019408917297735e-04 8.106400000000000000e+04
3.131040997612852266e+02 4.079449592508797200e-04 -5.560278678705889870e-05 -5.937589383265654301e-04 7.983000000000000000e+04
3.151936712677708670e+02 4.026287450946437882e-04 -5.231470884976194947e-05 -6.067243121062683474e-04 7.823800000000000000e+04
3.172858841403398173e+02 4.034042504753703731e-04 -5.061112210106808053e-05 -6.328378088640812093e-04 7.715400000000000000e+04
3.193772099476266817e+02 3.962708671044344773e-04 -5.084812354403632766e-05 -6.388634073149178361e-04 7.546600000000000000e+04
3.214753775151562536e+02 3.931552548128223307e-04 -5.527646825764550561e-05 -6.471472551130161505e-04 7.480200000000000000e+04
3.235746879206847666e+02 3.919248180857354226e-04 -5.724745445837986643e-05 -6.554423396873965959e-04 7.258000000000000000e+04
3.256647237020029024e+02 3.904891695130816801e-04 -5.295289903932644184e-05 -6.741791856174834171e-04 7.133800000000000000e+04
3.277571324083919535e+02 3.880642998080752063e-04 -5.105776086141126534e-05 -6.841920923157593371e-04 6.964200000000000000e+04
3.298487111637800240e+02 3.838353067949121884e-04 -5.049929156640186673e-05 -6.908988291103736841e-04 6.832600000000000000e+04
3.319433744068021497e+02 3.811015989113308031e-04 -5.163720430557359873e-05 -6.955872337872223352e-04 6.674400000000000000e+04
3.340422322988853239e+02 3.837266678264055907e-04 -4.841258146300032422e-05 -7.140837610437311949e-04 6.533800000000000000e+04
3.361307892565458246e+02 3.819430561018304689e-04 -4.848496410014480258e-05 -7.194536276444791394e-04 6.315600000000000000e+04
3.382251120895489294e+02 3.810674145349618740e-04 -4.689051117424727889e-05 -7.288143578700354095e-04 6.214000000000000000e+04
3.403264013195363304e+02 3.801015261545994750e-04 -4.788218437267264670e-05 -7.367142356053801161e-04 6.051400000000000000e+04
3.424148842577288860e+02 3.759586857844293738e-04 -4.772470526588135277e-05 -7.403637316412166455e-04 5.799000000000000000e+04
3.445099495577244397e+02 3.738190803060985291e-04 -4.713595984918594086e-05 -7.467009460410272987e-04 5.742400000000000000e+04
3.466144105402300397e+02 3.743270529300717661e-04 -4.637570923672762474e-05 -7.575743127286537447e-04 5.518200000000000000e+04
3.487067496858389859e+02 3.740140366715842676e-04 -4.614305526069296899e-05 -7.672190920454127153e-04 5.306800000000000000e+04
3.507912540595516475e+02 3.716448051301312607e-04 -4.679819234031396550e-05 -7.664625130088557545e-04 5.152800000000000000e+04
3.528807167895711814e+02 3.722644164045408655e-04 -4.817227353701872494e-05 -7.845909558773170181e-04 4.954600000000000000e+04
3.549828487415276754e+02 3.756343729200254961e-04 -4.565837503851320718e-05 -7.939141206880038094e-04 4.846600000000000000e+04
3.570768480370360862e+02 3.782141241574218460e-04 -4.901241005300593191e-05 -8.063204550267676941e-04 4.566600000000000000e+04
3.591652111747225717e+02 3.781626435456902913e-04 -4.962511227544372331e-05 -8.121895506972641020e-04 4.423000000000000000e+04
3.612627896178847777e+02 3.804329820728898537e-04 -4.883677537300960456e-05 -8.306055984781641555e-04 4.254000000000000000e+04
3.633645820428338880e+02 3.756813037318694048e-04 -4.980864244632295535e-05 -8.328240416802204938e-04 4.022200000000000000e+04
3.654527365610065885e+02 3.783229301862024783e-04 -5.511600994898555646e-05 -8.332979159473256773e-04 3.842200000000000000e+04
3.675441472124314259e+02 3.784063575854807794e-04 -5.365001643161507091e-05 -8.527734564850910758e-04 3.624600000000000000e+04
3.696396280380744201e+02 3.790940696565300145e-04 -5.164370474301162875e-05 -8.625768395175868394e-04 3.455200000000000000e+04
3.717297223820279441e+02 3.811965521077850414e-04 -4.746541215509636160e-05 -8.939386427549983602e-04 3.213600000000000000e+04
3.738176974939287902e+02 3.792653154292407731e-04 -4.582879653668982619e-05 -9.115696474735067618e-04 3.029200000000000000e+04
3.759110996783247174e+02 3.786883575912006997e-04 -4.707442679725767502e-05 -9.340045608826665893e-04 2.830200000000000000e+04
3.780081394014102898e+02 3.797526011871894596e-04 -4.454221414345257177e-05 -9.662534844051326845e-04 2.605600000000000000e+04
3.801051557582653118e+02 3.718901929499278370e-04 -4.463236412012891425e-05 -9.716731948299123407e-04 2.421100000000000000e+04
3.821955053587425937e+02 3.741959231480452750e-04 -4.739155807938964749e-05 -1.002543494909697696e-03 2.220600000000000000e+04
3.842862749912937943e+02 3.681906160423191097e-04 -3.967365343737580703e-05 -1.019760635960954885e-03 2.088400000000000000e+04
3.863841918340856409e+02 3.757826716336454698e-04 -3.993831498023224101e-05 -1.057710112113762401e-03 1.939200000000000000e+04
3.884771734501698006e+02 3.708729791190439897e-04 -4.345762631532578188e-05 -1.056006430674480412e-03 1.805800000000000000e+04
3.905623371605522607e+02 3.742712800329613598e-04 -4.308484933005616462e-05 -1.078273580927505571e-03 1.674600000000000000e+04
3.926667500119167471e+02 3.738701635953870710e-04 -3.712085374208364441e-05 -1.100150816158637244e-03 1.589800000000000000e+04
3.947778557744774162e+02 3.774173119700643736e-04 -3.048677777562009547e-05 -1.131992421087757829e-03 1.457800000000000000e+04
3.968631060462392952e+02 3.792808771876170454e-04 -2.835633590904578511e-05 -1.151657960268958258e-03 1.344300000000000000e+04
3.989413219049817485e+02 3.753470633249875025e-04 -2.824570672611502928e-05 -1.151993044374602327e-03 1.251100000000000000e+04
4.010572258526528344e+02 3.779365805954571769e-04 -2.666501107957298871e-05 -1.172008765541860797e-03 1.191900000000000000e+04
4.031656962107319373e+02 3.738927011735250212e-04 -2.456810616507723724e-05 -1.171697911840328043e-03 1.063900000000000000e+04
4.052249146637423678e+02 3.791482793490089272e-04 -2.237808969709982653e-05 -1.200697212058684767e-03 9.775000000000000000e+03
4.073276634718891387e+02 3.822617495361269632e-04 -1.692782816522668586e-05 -1.229385908361018504e-03 9.423000000000000000e+03
4.094593776408451049e+02 3.842716859951560734e-04 -1.884548312452942990e-05 -1.240183015026177088e-03 8.449000000000000000e+03
4.115405539130957777e+02 3.915114604899156076e-04 -1.677871225346412519e-05 -1.275257610181104555e-03 7.596000000000000000e+03
4.135894252671187132e+02 4.077246274299897873e-04 -1.388023580298940284e-05 -1.337780601262027365e-03 6.931000000000000000e+03
4.156930049049321951e+02 3.984236194721828229e-04 -8.222129896384989650e-06 -1.324718884038477091e-03 6.612000000000000000e+03
4.178272827209258367e+02 4.132374145170457976e-04 -6.376999439724857203e-06 -1.380332912693454841e-03 5.899000000000000000e+03
4.199082037741286513e+02 4.064758282827697373e-04 -4.235629774117767601e-06 -1.365671625121285407e-03 5.176000000000000000e+03
4.219826095167229028e+02 4.133957474703934642e-04 -2.039258503395935420e-06 -1.397115578126603870e-03 4.824000000000000000e+03
4.241028763136273483e+02 4.006311859224445746e-04 9.609255412106655517e-07 -1.366554870480587644e-03 4.312000000000000000e+03
4.262107721966358440e+02 4.054090979186568736e-04 6.112212397691173885e-07 -1.386131961682643323e-03 3.819000000000000000e+03
4.282460731868927724e+02 4.023625280724882651e-04 -3.195395168330647974e-06 -1.375919402974624343e-03 3.220000000000000000e+03
4.303287648834323136e+02 3.962194446247333619e-04 -4.463104248212675408e-06 -1.357348244004973102e-03 3.132000000000000000e+03
4.325172248853483552e+02 4.136341270478936533e-04 -6.171346219437006054e-06 -1.418927681832971325e-03 2.680000000000000000e+03
4.346325070601815810e+02 4.366544307409929741e-04 -1.092605920416537060e-05 -1.495462069834695672e-03 2.218000000000000000e+03
4.365567227659553851e+02 4.286481416092106922e-04 -5.822425932698291406e-06 -1.474972161802234980e-03 1.728000000000000000e+03
4.386277159174848634e+02 4.374291326077868686e-04 -7.231469829496284078e-06 -1.511144608850712107e-03 1.816000000000000000e+03
4.409019266196692683e+02 4.528559441278548893e-04 -3.239895997608654032e-06 -1.570594949917774241e-03 1.476000000000000000e+03
4.430735479208619836e+02 4.811457261083617394e-04 -4.872517211830425390e-06 -1.669249298675005554e-03 1.108000000000000000e+03
4.448761117541747012e+02 4.648500747652881408e-04 9.482755070327931707e-07 -1.619195726776355600e-03 7.560000000000000000e+02
4.469343758523184533e+02 4.624802309087549298e-04 -6.990415778112797976e-06 -1.606019567059048352e-03 8.440000000000000000e+02
4.493013102792758104e+02 4.918730029284521703e-04 -1.139758685239003675e-05 -1.705214691467637740e-03 6.280000000000000000e+02
4.515989744176221734e+02 4.833609115608358277e-04 -7.371942801399441499e-06 -1.680950694739781395e-03 4.050000000000000000e+02
4.533101867737696580e+02 4.732466159327314422e-04 -1.049986334674659587e-05 -1.641970889148953658e-03 2.020000000000000000e+02
4.552338387398290820e+02 4.170397581358006823e-04 -4.625799174337953868e-06 -1.453222429027915298e-03 2.280000000000000000e+02
4.576034578613840722e+02 4.044201440133487796e-04 -3.835169758402033944e-06 -1.410574914864429381e-03 1.240000000000000000e+02
4.599517872444100703e+02 3.899654964961553707e-04 -7.268042607409355768e-07 -1.363832045700683841e-03 5.200000000000000000e+01
4.619205689144050666e+02 6.170906955242503244e-04 6.943910900412519301e-07 -2.160205087619997306e-03 9.000000000000000000e+00
4.634281054380590490e+02 2.126566199573012936e-04 -2.230063955744473615e-06 -7.419973407940421740e-04 4.000000000000000000e+00
