2.966547074898984615e+00 1.458026095103705788e-01 -4.856165211929910214e-02 -1.166320572485809587e-01 1.300000000000000000e+01
5.026374055021858744e+00 7.849410759795860670e-02 -5.137105550901239354e-02 1.311814990957485827e-01 3.300000000000000000e+01
7.149300621522788113e+00 3.426150681478194043e-02 -2.069982200969044603e-02 2.220441874675165277e-03 7.900000000000000000e+01
9.278869254964254409e+00 1.972877503675540475e-02 -5.887221713217767605e-03 3.793923907064153649e-03 1.170000000000000000e+02
1.145033261934470126e+01 1.539532326635499777e-02 -7.262137896586440614e-03 6.354058608212751966e-03 2.050000000000000000e+02
1.349295587141915043e+01 1.074337919990704139e-02 -4.299557563230679835e-03 8.082208048177193585e-03 2.350000000000000000e+02
1.558905561191892986e+01 8.675157569459832768e-03 -3.697335665720641318e-03 2.623834125628462296e-03 3.690000000000000000e+02
1.769408367255316961e+01 6.523928960099644771e-03 -2.950916510038924766e-03 2.341284713721909598e-03 4.330000000000000000e+02
1.981787480313529670e+01 5.638353394923686229e-03 -2.148126853731831092e-03 1.826325463972263124e-03 5.850000000000000000e+02
2.192074938196263645e+01 4.646646111891383248e-03 -1.998872307355625821e-03 1.325108538533128436e-03 6.790000000000000000e+02
2.398877635566245203e+01 3.723469875073031048e-03 -1.646315461043028165e-03 1.235637329048943625e-03 8.130000000000000000e+02
2.609286971896115759e+01 3.335687129094206619e-03 -1.315461241876625907e-03 5.060360107493290169e-04 9.850000000000000000e+02
2.823466315278179550e+01 2.925671032190587783e-03 -1.232266512744163191e-03 1.429193541993860860e-03 1.183000000000000000e+03
3.032284873509123102e+01 2.498859819202887793e-03 -1.034963355231551712e-03 9.391736239335147325e-04 1.269000000000000000e+03
3.240263258943403457e+01 2.189660057552602831e-03 -8.899338338291769073e-04 7.372346050348660895e-04 1.537000000000000000e+03
3.449210129864554375e+01 1.988326982153769233e-03 -7.606197327296365445e-04 4.945113448209571567e-04 1.653000000000000000e+03
3.658588147515196454e+01 1.737000636088721021e-03 -5.968395112037238248e-04 4.344186451433650000e-04 1.963000000000000000e+03
3.868476949266977272e+01 1.576212866560750036e-03 -5.818331327894838605e-04 3.880870802975873316e-04 2.121000000000000000e+03
4.078898888458283523e+01 1.373334441700580118e-03 -5.315559844684974609e-04 3.328174086395091751e-04 2.413000000000000000e+03
4.289390876967645738e+01 1.263269515295078983e-03 -4.909310966606938867e-04 2.904738597929371188e-04 2.635000000000000000e+03
4.498336005546935468e+01 1.156849495181506851e-03 -4.820459790398064844e-04 2.269682456908921368e-04 2.877000000000000000e+03
4.706498529473824988e+01 1.049704507430518656e-03 -4.163355870432226716e-04 3.143479100356480526e-04 3.169000000000000000e+03
4.917111919158227096e+01 9.939669240811421086e-04 -4.164475231983986872e-04 2.380432725280288552e-04 3.507000000000000000e+03
5.126216914174227668e+01 9.018276930937808378e-04 -3.045798498383341167e-04 2.424946265703926019e-04 3.685000000000000000e+03
5.335525146837034072e+01 8.141568468297156330e-04 -2.919586803301751562e-04 1.790729621334613173e-04 4.165000000000000000e+03
5.546637228956934251e+01 7.706308427794759941e-04 -2.883000961609746512e-04 2.449836912547151933e-04 4.377000000000000000e+03
5.757318819254808773e+01 6.986420550287817397e-04 -2.282745672820049435e-04 2.120363756360803200e-04 4.855000000000000000e+03
5.965884044590281121e+01 6.723752953085557248e-04 -2.062951029275810388e-04 2.176309352937094124e-04 4.929000000000000000e+03
6.174512302159506305e+01 6.127768473722812730e-04 -2.082980943959336325e-04 1.490658155717446435e-04 5.581000000000000000e+03
6.382689291137189969e+01 5.694156679308441877e-04 -1.948889466692402803e-04 1.429584798244640925e-04 5.679000000000000000e+03
6.592966228838450604e+01 5.368394705650358315e-04 -2.026743258995731341e-04 1.110934928625130106e-04 6.385000000000000000e+03
6.803125784825746791e+01 4.992931697593469250e-04 -1.634328895419448816e-04 1.242949678590845436e-04 6.553000000000000000e+03
7.013131008699485847e+01 4.624714281597909851e-04 -1.663177591052759257e-04 1.143987820016138931e-04 7.125000000000000000e+03
7.223032366074338029e+01 4.452531507319275913e-04 -1.667242497307356414e-04 9.567874656809513328e-05 7.447000000000000000e+03
7.432334270720505742e+01 4.070941095019549641e-04 -1.377569002613479728e-04 9.575063884978001231e-05 7.929000000000000000e+03
7.642066756954473306e+01 3.799863324756362322e-04 -1.245767793379891841e-04 7.901088976282566413e-05 8.353000000000000000e+03
7.850471694556040347e+01 3.610367154569654995e-04 -1.081660636045015018e-04 8.773135314108958997e-05 8.775000000000000000e+03
8.059701946059529121e+01 3.439905899265653525e-04 -9.354758308160009681e-05 7.794065864907682344e-05 9.313000000000000000e+03
8.269521798132063850e+01 3.249877990787597556e-04 -1.020918121795698634e-04 6.809148850818672462e-05 9.841000000000000000e+03
8.478307522909847194e+01 3.062165613191043128e-04 -7.718895340046849759e-05 6.964865936736849318e-05 1.019100000000000000e+04
8.687780839616016237e+01 2.879109069251295050e-04 -8.454115463292307298e-05 5.889527175486377442e-05 1.089700000000000000e+04
8.897524569656535220e+01 2.692722038312052573e-04 -7.709092024141737888e-05 4.767701506435578670e-05 1.130100000000000000e+04
9.108077810470518898e+01 2.597574077166848495e-04 -7.985317047561929407e-05 7.111434165820159172e-05 1.202500000000000000e+04
9.318432266948052245e+01 2.455984524061037653e-04 -6.341471554214100068e-05 3.627909452444656816e-05 1.242300000000000000e+04
9.527887641048309320e+01 2.309638866864469401e-04 -5.927831981086541621e-05 3.983177396717677796e-05 1.302100000000000000e+04
9.736254237981037818e+01 2.207101651369201899e-04 -6.339914134245827984e-05 4.441382966349160480e-05 1.340500000000000000e+04
9.944832814799407572e+01 2.099611036014930438e-04 -5.091914621335705987e-05 3.593969781811615311e-05 1.424700000000000000e+04
1.015460879802399035e+02 1.999145370330629684e-04 -5.598135833270421888e-05 3.787446134834529938e-05 1.471300000000000000e+04
1.036426375667732316e+02 1.878930169332882795e-04 -4.463711730857404823e-05 2.170453192582281031e-05 1.548900000000000000e+04
1.057389390539465950e+02 1.774541230910356134e-04 -4.420339251994380458e-05 1.900312612853629650e-05 1.591300000000000000e+04
1.078395855981474227e+02 1.713424461245388684e-04 -4.566352727662379763e-05 3.047521728196549341e-05 1.687900000000000000e+04
1.099389405850131709e+02 1.634144690462186855e-04 -3.708981246023637987e-05 2.246847071447610406e-05 1.719300000000000000e+04
1.120392143152385387e+02 1.547301580836849813e-04 -2.876348368984185037e-05 2.367543758957011524e-05 1.815700000000000000e+04
1.141233458569757744e+02 1.517596167323529940e-04 -2.845721421850319830e-05 2.660163481451191268e-05 1.833900000000000000e+04
1.162159397555423084e+02 1.445493518566632999e-04 -2.666629328638707411e-05 2.442262230539143646e-05 1.957300000000000000e+04
1.183137204803772420e+02 1.376466264746113125e-04 -2.339374528107168735e-05 2.143126020654404076e-05 1.994100000000000000e+04
1.203972311807013256e+02 1.337001125645386336e-04 -2.164265134208947654e-05 2.443414039044206962e-05 2.062900000000000000e+04
1.224922363187857286e+02 1.271675425189069660e-04 -2.242730260551942898e-05 2.150779271745375797e-05 2.165500000000000000e+04
1.245882598425863534e+02 1.222174185154187038e-04 -2.139106892327179263e-05 1.744302938553771333e-05 2.211300000000000000e+04
1.266884677158377315e+02 1.172097352804165314e-04 -2.305196017442425960e-05 1.369602259833541134e-05 2.318500000000000000e+04
1.287846620419940962e+02 1.103383515528015991e-04 -1.907073751080519896e-05 9.589008660781511221e-06 2.366700000000000000e+04
1.308713393788149801e+02 1.054721637794140581e-04 -1.951634329839458179e-05 8.088490903274913300e-06 2.438500000000000000e+04
1.329754833440644575e+02 1.026724127771603076e-04 -2.274756616436871787e-05 9.280048616578579667e-06 2.574900000000000000e+04
1.350691081525609434e+02 9.716681413792523211e-05 -1.919680358223349080e-05 9.484547801291747437e-06 2.567500000000000000e+04
1.371638825856825576e+02 9.405840312406432160e-05 -2.124702070082516695e-05 7.210658399853919138e-06 2.740900000000000000e+04
1.392604757372163533e+02 9.051483550985832838e-05 -1.621409944738514219e-05 5.529932762087224310e-06 2.740500000000000000e+04
1.413466882908376760e+02 8.786596917740936068e-05 -1.695765309681617085e-05 9.048133183683947358e-06 2.871700000000000000e+04
1.434475230090064031e+02 8.334178858508439931e-05 -1.512417995258327545e-05 7.652074586251307795e-06 2.959500000000000000e+04
1.455452853418541679e+02 8.139834549888714512e-05 -1.501663971193476448e-05 8.359795633854052020e-06 3.030100000000000000e+04
1.476332061073587738e+02 7.889154919000620288e-05 -1.498848252150689772e-05 6.124935445531407447e-06 3.110100000000000000e+04
1.497211472843286231e+02 7.557140154273505543e-05 -1.158340029125125393e-05 4.647665128699811119e-06 3.202300000000000000e+04
1.518138048751577287e+02 7.365500296096458852e-05 -1.168985571779217726e-05 5.930565372630899554e-06 3.297700000000000000e+04
1.539211490100352648e+02 7.070493429995220271e-05 -9.686746268150985803e-06 4.944682839339062596e-06 3.444900000000000000e+04
1.560214747341236716e+02 6.899882928078694981e-05 -1.139938903776996439e-05 6.314492225693618681e-06 3.454900000000000000e+04
1.581161747588121784e+02 6.615014619256702618e-05 -1.063912166231186179e-05 4.859781126065434962e-06 3.611100000000000000e+04
1.602118712271799836e+02 6.392240414221131667e-05 -9.044106322793543033e-06 5.419390995797554994e-06 3.654100000000000000e+04
1.623006419462898862e+02 6.213229746377993390e-05 -9.577946313263954094e-06 5.940192144465906857e-06 3.771700000000000000e+04
1.643899033199985240e+02 5.974533814367278932e-05 -9.438363347168667391e-06 4.507650350499033431e-06 3.861900000000000000e+04
1.664835582381511756e+02 5.830249017710632787e-05 -8.004685759944670754e-06 3.631787318735996302e-06 3.966100000000000000e+04
1.685719683778473552e+02 5.612506557949137700e-05 -9.807939075366018305e-06 4.992337082165385815e-06 4.054500000000000000e+04
1.706641332089364766e+02 5.429441761822482451e-05 -7.913779051115637646e-06 5.006894074653306955e-06 4.181500000000000000e+04
1.727708699256135390e+02 5.258652376590071463e-05 -7.859728974904475090e-06 3.836816814427580172e-06 4.312500000000000000e+04
1.748696546009699659e+02 5.128176905866153380e-05 -6.879498120390431271e-06 4.233987725137256478e-06 4.368100000000000000e+04
1.769585769494445344e+02 4.868480020825297576e-05 -8.538537016086054405e-06 3.493599493943513027e-06 4.462900000000000000e+04
1.790524509315575301e+02 4.771844305723437336e-05 -8.099123397539439867e-06 3.484007156399601062e-06 4.622700000000000000e+04
1.811526521261263554e+02 4.650674068426732908e-05 -8.207424650331603052e-06 3.847367078118857366e-06 4.690900000000000000e+04
1.832476884130738881e+02 4.484403246297232588e-05 -7.901070531447206691e-06 3.096893517683892322e-06 4.823700000000000000e+04
1.853312475833926101e+02 4.336052007148460767e-05 -8.462456235420373594e-06 4.089723494423996621e-06 4.858300000000000000e+04
1.874284892203218931e+02 4.214297819309976051e-05 -8.591471577587954738e-06 2.617402368693770633e-06 5.099700000000000000e+04
1.895337179075755216e+02 4.094118765660904251e-05 -8.228033730908067598e-06 3.047036135889878105e-06 5.139700000000000000e+04
1.916268196474026126e+02 3.981678894690905018e-05 -7.730973973339446442e-06 2.187023019823784591e-06 5.248900000000000000e+04
1.937183403446852878e+02 3.874346908379770928e-05 -7.753744091556896147e-06 3.724321712426024594e-06 5.378700000000000000e+04
1.958131498886989164e+02 3.785407289961433762e-05 -6.763853197790031968e-06 2.771789958809231216e-06 5.491300000000000000e+04
1.979058740098966211e+02 3.704178414033945232e-05 -7.033416263938530811e-06 2.050446663124424335e-06 5.597700000000000000e+04
1.999990651597893816e+02 3.589445719271710795e-05 -7.599238781124980542e-06 1.927424434334677409e-06 5.741500000000000000e+04
2.020893038374759101e+02 3.467877864795424197e-05 -7.604648716723814330e-06 5.283409198986879578e-07 5.810500000000000000e+04
2.041823192148177952e+02 3.380657108841057822e-05 -7.633298302204421471e-06 1.249347348141264835e-06 6.003300000000000000e+04
2.062825911013838152e+02 3.349826396340125029e-05 -6.907403016731684914e-06 1.441433679305807867e-06 6.094900000000000000e+04
2.083770189145966185e+02 3.238945366429766106e-05 -7.042511531734985229e-06 2.158747021002264090e-06 6.223500000000000000e+04
2.104675816794403431e+02 3.173287736870673966e-05 -6.717014316656110945e-06 2.084765798046941458e-06 6.322900000000000000e+04
2.125667854244018145e+02 3.133035697401541760e-05 -7.265401221233511754e-06 1.448181513448513604e-06 6.513300000000000000e+04
2.146619261104851830e+02 3.045112213237724386e-05 -6.955259396428635747e-06 2.187817908149133909e-06 6.570700000000000000e+04
2.167561805722037036e+02 2.984254222347243062e-05 -6.513931408566333020e-06 2.632248765603809709e-06 6.756100000000000000e+04
2.188528705899679210e+02 2.897772568313029365e-05 -6.693941665027007887e-06 2.498305938103119503e-06 6.850500000000000000e+04
2.209456427453084473e+02 2.862630454474240766e-05 -6.859526384332811236e-06 1.752539184699275249e-06 6.994300000000000000e+04
2.230395148320731096e+02 2.786737191785605287e-05 -6.832029222875219977e-06 1.755944561025101359e-06 7.109700000000000000e+04
2.251356732858534997e+02 2.737436635592199795e-05 -6.983697286373566354e-06 2.364816747078754239e-06 7.302100000000000000e+04
2.272278504864401327e+02 2.657305879283733291e-05 -7.316288630273463941e-06 3.069101604596428372e-06 7.331700000000000000e+04
2.293197511287232544e+02 2.627275952340716203e-05 -6.448980473190683424e-06 3.267101565473491932e-06 7.579900000000000000e+04
2.314114772346510165e+02 2.592054940844259157e-05 -6.114280502314555693e-06 4.247937402223517978e-06 7.602100000000000000e+04
2.335058467478245632e+02 2.567276096300900314e-05 -5.536309604361517415e-06 4.832928480103216792e-06 7.875300000000000000e+04
2.356041652202905539e+02 2.509074848936838076e-05 -5.965341756166229094e-06 4.288908235801410950e-06 7.929100000000000000e+04
2.377006336558306998e+02 2.482930488324674710e-05 -5.751409208493432321e-06 4.657555495048539343e-06 8.112900000000000000e+04
2.397972750390475198e+02 2.451657546506614001e-05 -5.911216498511395894e-06 4.462626383794626112e-06 8.244100000000000000e+04
2.418944602532704096e+02 2.423397763614502576e-05 -5.163988921864002369e-06 4.595072580562159158e-06 8.394900000000000000e+04
2.439884227569783093e+02 2.383139185466886349e-05 -5.277980749589449865e-06 4.156980548797105782e-06 8.512300000000000000e+04
2.460835996828307373e+02 2.358827959154162181e-05 -5.358840133735096743e-06 5.058693553027992918e-06 8.692900000000000000e+04
2.481755280705312146e+02 2.341371657852196433e-05 -5.531750889389869957e-06 5.072119814872034169e-06 8.778900000000000000e+04
2.502623700647570217e+02 2.307489113207133918e-05 -5.134741522772315114e-06 5.291799604016484675e-06 8.962300000000000000e+04
2.523586155105348325e+02 2.269195359629561659e-05 -5.341768017719882887e-06 5.215939821180751575e-06 9.134100000000000000e+04
2.544547077866985489e+02 2.257673120299454086e-05 -5.474085560918939220e-06 5.441156740311342080e-06 9.284500000000000000e+04
2.565487653287422063e+02 2.219809679125622664e-05 -5.375175107410767171e-06 6.751657727644577411e-06 9.408700000000000000e+04
2.586464955058470991e+02 2.235904907733183254e-05 -5.025871117842385880e-06 7.032916668730897044e-06 9.633300000000000000e+04
2.607443047329861656e+02 2.212652866443895496e-05 -5.010710717762028916e-06 7.546480791694666085e-06 9.724900000000000000e+04
2.628438312173413465e+02 2.230706942488427984e-05 -5.116595620734400492e-06 7.880970692746555785e-06 9.950100000000000000e+04
2.649298855659840228e+02 2.220264573031194562e-05 -4.798499747711070524e-06 8.172851687342417201e-06 9.928300000000000000e+04
2.670163698864117805e+02 2.215133605462723946e-05 -4.841020443675337297e-06 9.033610485171209099e-06 1.025370000000000000e+05
2.691120556714307668e+02 2.171467371890046757e-05 -4.609263601932193277e-06 7.339677491554757439e-06 1.022830000000000000e+05
2.712074998348403483e+02 2.162704006373571667e-05 -4.592686307552786060e-06 4.297762174059645483e-06 1.021060000000000000e+05
2.733050116933233653e+02 2.143351911629898840e-05 -4.558974828529097916e-06 2.061641494771214019e-06 1.007340000000000000e+05
2.753977295572417461e+02 2.103854843453918430e-05 -4.722056486337445205e-06 -9.373071579516918391e-07 9.999400000000000000e+04
2.774958294534935703e+02 2.089532748099177587e-05 -4.159088916069669036e-06 -3.022574196985908307e-06 9.936000000000000000e+04
2.795977707949222122e+02 2.051244352487676404e-05 -4.058083088804781049e-06 -6.119943581534734507e-06 9.860800000000000000e+04
2.816862895118986785e+02 2.046833856591128315e-05 -3.324826509498659986e-06 -7.644581426478276099e-06 9.625200000000000000e+04
2.837743515740906446e+02 2.022764668081292465e-05 -3.197104467277392768e-06 -1.025103196787529272e-05 9.640000000000000000e+04
2.858713251310674650e+02 2.014584722214004321e-05 -3.123770741931027395e-06 -1.149715149616698411e-05 9.539800000000000000e+04
2.879670932628575883e+02 1.980454840241556273e-05 -2.571892989559188467e-06 -1.351717988447311049e-05 9.402000000000000000e+04
2.900590582015512382e+02 1.953201151752184566e-05 -2.021788039789702986e-06 -1.542861496472872578e-05 9.316000000000000000e+04
2.921519201901450060e+02 1.937443313511803402e-05 -1.582354786612261436e-06 -1.689742059350760381e-05 9.177600000000000000e+04
2.942485935102203030e+02 1.917873127899065165e-05 -1.395635248305325086e-06 -1.846521627166271528e-05 9.137800000000000000e+04
2.963426645133968691e+02 1.899296592101781610e-05 -1.417039609264528336e-06 -1.938225134829252625e-05 8.949000000000000000e+04
2.984329904966970162e+02 1.868224968776473181e-05 -1.063159409796974861e-06 -2.077193681193015900e-05 8.845000000000000000e+04
3.005290481640043367e+02 1.870439225428171138e-05 -1.025665088316427337e-06 -2.226512179121309531e-05 8.794600000000000000e+04
3.026245947235937592e+02 1.862320158606146355e-05 -7.456254178029366091e-07 -2.354496223293741316e-05 8.575200000000000000e+04
3.047205651109674704e+02 1.860535402007667708e-05 -4.290599364785598357e-07 -2.511969380657096967e-05 8.574400000000000000e+04
3.068167457111920839e+02 1.827363177184114013e-05 -1.761540916313399144e-07 -2.650090898335472883e-05 8.322000000000000000e+04
3.089118625384018060e+02 1.832446875338693916e-05 -1.257444162711759481e-07 -2.704038303235853187e-05 8.302000000000000000e+04
3.110099981664167785e+02 1.801395792886333630e-05 -6.497358340235099244e-08 -2.750567126941563461e-05 8.106400000000000000e+04
3.131040997612852266e+02 1.802034424938454276e-05 7.036556880423002077e-08 -2.859310067108815695e-05 7.983000000000000000e+04
3.151936712677708670e+02 1.790749402876951589e-05 1.823633571054185719e-07 -2.934371967923442978e-05 7.823800000000000000e+04
3.172858841403398173e+02 1.772260182608155488e-05 1.408639385565273412e-08 -2.961648371162747015e-05 7.715400000000000000e+04
3.193772099476266817e+02 1.743556983119297181e-05 1.431439020159672226e-07 -3.012026637099058898e-05 7.546600000000000000e+04
3.214753775151562536e+02 1.747710263483816446e-05 3.668718605684798358e-07 -3.100633261129443770e-05 7.480200000000000000e+04
3.235746879206847666e+02 1.759766473095591548e-05 7.254113345735109774e-07 -3.201959843277475589e-05 7.258000000000000000e+04
3.256647237020029024e+02 1.752993576301383025e-05 8.174147604595328114e-07 -3.308700688145150756e-05 7.133800000000000000e+04
3.277571324083919535e+02 1.749020003363722402e-05 8.301738769957904680e-07 -3.388663852799652304e-05 6.964200000000000000e+04
3.298487111637800240e+02 1.729412185276010811e-05 9.031434807669005039e-07 -3.414113304916142742e-05 6.832600000000000000e+04
3.319433744068021497e+02 1.736132869900186700e-05 8.835895099278960645e-07 -3.473969046485291619e-05 6.674400000000000000e+04
3.340422322988853239e+02 1.731912047497075340e-05 1.183065842959591473e-06 -3.545250962543885993e-05 6.533800000000000000e+04
3.361307892565458246e+02 1.732686982114739027e-05 1.004581187995581487e-06 -3.592583441576109468e-05 6.315600000000000000e+04
3.382251120895489294e+02 1.731155235395780013e-05 8.025212805659306112e-07 -3.633539068465833428e-05 6.214000000000000000e+04
3.403264013195363304e+02 1.737266947043118479e-05 8.464303222288150913e-07 -3.682623388019497170e-05 6.051400000000000000e+04
3.424148842577288860e+02 1.746214433710302659e-05 1.441251201910887142e-06 -3.878902554069872411e-05 5.799000000000000000e+04
3.445099495577244397e+02 1.789209743531849486e-05 1.496090121384990676e-06 -3.982821283627856169e-05 5.742400000000000000e+04
3.466144105402300397e+02 1.757318047313177921e-05 1.482249910720963494e-06 -3.992296754120596233e-05 5.518200000000000000e+04
3.487067496858389859e+02 1.760976353338962426e-05 1.423573394655941743e-06 -4.046912474795185863e-05 5.306800000000000000e+04
3.507912540595516475e+02 1.749321685993249765e-05 1.800892259621484978e-06 -4.108127198925099529e-05 5.152800000000000000e+04
3.528807167895711814e+02 1.744955294944890213e-05 1.852115840598852811e-06 -4.161826307191821304e-05 4.954600000000000000e+04
3.549828487415276754e+02 1.787804946828888488e-05 1.996675942956504392e-06 -4.273435591741305602e-05 4.846600000000000000e+04
3.570768480370360862e+02 1.793977238691371408e-05 1.711112193476351095e-06 -4.326754217718983993e-05 4.566600000000000000e+04
3.591652111747225717e+02 1.726276731760199653e-05 1.638851266770930135e-06 -4.202571234557805088e-05 4.423000000000000000e+04
3.612627896178847777e+02 1.778674745339152443e-05 1.985293355684977339e-06 -4.434256608346995201e-05 4.254000000000000000e+04
3.633645820428338880e+02 1.818644819553219978e-05 2.255121298009867705e-06 -4.616976164229685717e-05 4.022200000000000000e+04
3.654527365610065885e+02 1.868184047085736936e-05 2.373505523286024857e-06 -4.785176926629033657e-05 3.842200000000000000e+04
3.675441472124314259e+02 1.820232312358505106e-05 2.037465156564009379e-06 -4.755970815383905891e-05 3.624600000000000000e+04
3.696396280380744201e+02 1.867729135219299292e-05 2.118416802598585564e-06 -4.889041016075817574e-05 3.455200000000000000e+04
3.717297223820279441e+02 1.865540502361337578e-05 2.343353967854644247e-06 -5.031838447813989922e-05 3.213600000000000000e+04
3.738176974939287902e+02 1.862454430537000542e-05 2.528849380224385609e-06 -5.107951696619941208e-05 3.029200000000000000e+04
3.759110996783247174e+02 1.807864532004744155e-05 2.414373601769800032e-06 -5.099774592698620766e-05 2.830200000000000000e+04
3.780081394014102898e+02 1.782366366048288757e-05 2.056198284279871145e-06 -5.109899317078232074e-05 2.605600000000000000e+04
3.801051557582653118e+02 1.786884163563589163e-05 1.870871216076047823e-06 -5.200704470127534047e-05 2.421100000000000000e+04
3.821955053587425937e+02 1.788947504948882526e-05 2.065514739826718301e-06 -5.331548836189783051e-05 2.220600000000000000e+04
3.842862749912937943e+02 1.794282514817952920e-05 1.805543817866289747e-06 -5.414575559697563066e-05 2.088400000000000000e+04
3.863841918340856409e+02 1.772881370819650969e-05 2.136789582820671301e-06 -5.491750844477797554e-05 1.939200000000000000e+04
3.884771734501698006e+02 1.746999937331482751e-05 2.070296350363787519e-06 -5.500394265438944400e-05 1.805800000000000000e+04
3.905623371605522607e+02 1.773155022082009480e-05 2.190924672820765808e-06 -5.668876335228079663e-05 1.674600000000000000e+04
3.926667500119167471e+02 1.722278208472068390e-05 1.867342098848611106e-06 -5.551629093396179905e-05 1.589800000000000000e+04
3.947778557744774162e+02 1.812964721405640857e-05 2.200551915115901113e-06 -5.915215188795126431e-05 1.457800000000000000e+04
3.968631060462392952e+02 1.810346604564141903e-05 2.109067038034859562e-06 -5.967255516973447806e-05 1.344300000000000000e+04
3.989413219049817485e+02 1.819838758115445123e-05 2.069192128720911282e-06 -6.041581287152302584e-05 1.251100000000000000e+04
4.010572258526528344e+02 1.793826818868198949e-05 2.040080391844447674e-06 -6.007041581648530140e-05 1.191900000000000000e+04
4.031656962107319373e+02 1.767373458599921202e-05 1.954073140644105488e-06 -5.944464690971331338e-05 1.063900000000000000e+04
4.052249146637423678e+02 1.859302914742810958e-05 1.717859111005446749e-06 -6.242854829994512564e-05 9.775000000000000000e+03
4.073276634718891387e+02 1.891003039851632899e-05 1.666441981503386993e-06 -6.399473426596664330e-05 9.423000000000000000e+03
4.094593776408451049e+02 1.840043313222495793e-05 1.567088613567298288e-06 -6.259120745471953822e-05 8.449000000000000000e+03
4.115405539130957777e+02 1.801881050502503285e-05 1.201496007096745430e-06 -6.124249233300542634e-05 7.596000000000000000e+03
4.135894252671187132e+02 1.842431258004424417e-05 1.097903059743167315e-06 -6.259780893502074519e-05 6.931000000000000000e+03
4.156930049049321951e+02 1.870134457131220025e-05 9.897461265278883576e-07 -6.382221321677710607e-05 6.612000000000000000e+03
4.178272827209258367e+02 1.804305032242430770e-05 5.268402711873317671e-07 -6.132681478126241305e-05 5.899000000000000000e+03
4.199082037741286513e+02 1.861155462598238359e-05 5.777191666136328663e-07 -6.352997700937317884e-05 5.176000000000000000e+03
4.219826095167229028e+02 1.855498041275021359e-05 6.043167759023308069e-07 -6.363121352521416692e-05 4.824000000000000000e+03
4.241028763136273483e+02 1.858757681530642941e-05 3.818366363722226031e-07 -6.374950961151722661e-05 4.312000000000000000e+03
4.262107721966358440e+02 1.894188495016639338e-05 6.470042705432955495e-07 -6.549964030619655057e-05 3.819000000000000000e+03
4.282460731868927724e+02 1.968667077812022404e-05 5.237947563250764232e-07 -6.811590871214368026e-05 3.220000000000000000e+03
4.303287648834323136e+02 2.095450958639232249e-05 4.095132884651570184e-07 -7.262698236392255429e-05 3.132000000000000000e+03
4.325172248853483552e+02 2.209363488656050311e-05 4.298269273618189127e-07 -7.670374396262413168e-05 2.680000000000000000e+03
4.346325070601815810e+02 2.238254450811224424e-05 5.914879223627977544e-07 -7.806061046523380515e-05 2.218000000000000000e+03
4.365567227659553851e+02 2.131015338683945858e-05 1.689260755651345003e-07 -7.394696573485384805e-05 1.728000000000000000e+03
4.386277159174848634e+02 2.362192367768124675e-05 -3.818091698903152775e-07 -8.161654296971137363e-05 1.816000000000000000e+03
4.409019266196692683e+02 2.367440608147335272e-05 -2.050714462586801037e-07 -8.204285559759201410e-05 1.476000000000000000e+03
4.430735479208619836e+02 2.412839961626831587e-05 8.821458070398964741e-08 -8.404056880159016714e-05 1.108000000000000000e+03
4.448761117541747012e+02 2.930086376676788976e-05 -3.073661430188125655e-07 -1.016063160996775772e-04 7.560000000000000000e+02
4.469343758523184533e+02 2.344958155725503213e-05 -5.578362459136187979e-07 -8.110308793398321426e-05 8.440000000000000000e+02
4.493013102792758104e+02 2.168277997864070605e-05 -6.117571926469674163e-07 -7.497179600721950077e-05 6.280000000000000000e+02
4.515989744176221734e+02 1.865184559467942280e-05 -1.808913553981111686e-07 -6.494542189450709148e-05 4.050000000000000000e+02
4.533101867737696580e+02 2.288457242024408497e-05 -3.760261121999098780e-07 -7.952913019024740752e-05 2.020000000000000000e+02
4.552338387398290820e+02 1.932542586464422053e-05 -1.095420824405460798e-07 -6.745091233210671194e-05 2.280000000000000000e+02
4.576034578613840722e+02 2.070537896643746386e-05 1.487566489918280748e-07 -7.258762384848846730e-05 1.240000000000000000e+02
4.599517872444100703e+02 1.837006408602293177e-05 4.521233964066255500e-08 -6.431868229812039010e-05 5.200000000000000000e+01
4.619205689144050666e+02 -2.222897075156775814e-05 3.332467792964141624e-07 7.745497099870316232e-05 9.000000000000000000e+00
4.634281054380590490e+02 2.377686129203771978e-07 -1.082296344767562029e-08 -8.194843454208840163e-07 4.000000000000000000e+00
