2.966547074898984615e+00 3.254219367535642893e-01 -4.142112563357894239e-01 8.337827207711848709e-01 1.300000000000000000e+01
5.026374055021858744e+00 1.199173920205834631e-01 -1.117780518435307208e-01 1.392171938596725445e-01 3.300000000000000000e+01
7.149300621522788113e+00 4.443053453272057668e-02 -2.266221798322279324e-02 1.538088967379742759e-02 7.900000000000000000e+01
9.278869254964254409e+00 3.182344761172462011e-02 -2.405663154790855639e-03 8.618894608385373537e-03 1.170000000000000000e+02
1.145033261934470126e+01 2.231161915823033984e-02 -3.287902280145329342e-03 -1.781673753120765298e-03 2.050000000000000000e+02
1.349295587141915043e+01 1.739524641406283573e-02 2.865912751233244530e-04 2.151138762207480647e-03 2.350000000000000000e+02
1.558905561191892986e+01 1.510858819832976152e-02 -3.286659690178250857e-04 -3.806418370952747467e-04 3.690000000000000000e+02
1.769408367255316961e+01 1.130863706313196479e-02 -1.132006794577197079e-03 2.795149948694931885e-03 4.330000000000000000e+02
1.981787480313529670e+01 1.065350998584150242e-02 -1.208335437961412413e-03 4.437450664900926753e-03 5.850000000000000000e+02
2.192074938196263645e+01 9.681893321557881460e-03 -8.092472647695334725e-04 1.839327637388147012e-03 6.790000000000000000e+02
2.398877635566245203e+01 7.587305863630002499e-03 -7.219467095688588592e-04 8.105271895319522127e-04 8.130000000000000000e+02
2.609286971896115759e+01 6.952702231894133944e-03 -2.754982788912863100e-04 1.512200959348065183e-03 9.850000000000000000e+02
2.823466315278179550e+01 6.096400810405623767e-03 -5.735484869574764086e-04 2.636458799619128233e-03 1.183000000000000000e+03
3.032284873509123102e+01 5.873156521071934769e-03 -4.928846336684585992e-04 1.004029773861190222e-03 1.269000000000000000e+03
3.240263258943403457e+01 5.339803907064588975e-03 1.360820879326739622e-04 2.366200332935679295e-04 1.537000000000000000e+03
3.449210129864554375e+01 4.921361338147463987e-03 8.087536167649187055e-05 9.267355726891729224e-04 1.653000000000000000e+03
3.658588147515196454e+01 4.466495170724649709e-03 1.053855027565307783e-04 1.273906866943002409e-03 1.963000000000000000e+03
3.868476949266977272e+01 4.094223934836367304e-03 -1.067552806742107918e-04 1.507324446763499233e-03 2.121000000000000000e+03
4.078898888458283523e+01 3.839048750685246023e-03 3.362089894828655472e-04 1.012764014175942086e-03 2.413000000000000000e+03
4.289390876967645738e+01 3.588270447684768771e-03 1.674146239833462009e-04 6.451229034699367025e-04 2.635000000000000000e+03
4.498336005546935468e+01 3.286670557254448097e-03 9.173611073318792253e-06 1.337376023286239619e-03 2.877000000000000000e+03
4.706498529473824988e+01 3.039953049236126647e-03 -1.296582456117698523e-04 7.938625556961709327e-04 3.169000000000000000e+03
4.917111919158227096e+01 2.849721207170080942e-03 -3.680561206706301869e-05 8.689319211297889594e-04 3.507000000000000000e+03
5.126216914174227668e+01 2.725625422272344878e-03 3.737706426833413539e-05 8.053237245225007383e-04 3.685000000000000000e+03
5.335525146837034072e+01 2.531746822369582237e-03 6.426058687574820547e-05 5.957788711091731174e-04 4.165000000000000000e+03
5.546637228956934251e+01 2.365047114647391736e-03 -1.767951506009030630e-05 7.775543573464032982e-04 4.377000000000000000e+03
5.757318819254808773e+01 2.220165974416489409e-03 -2.917438209991697257e-05 2.813603607798359951e-04 4.855000000000000000e+03
5.965884044590281121e+01 2.136377237780673691e-03 9.315922200039887893e-05 4.750988789498562272e-04 4.929000000000000000e+03
6.174512302159506305e+01 2.022435929920123054e-03 7.281947205037052155e-05 3.039369368048168646e-04 5.581000000000000000e+03
6.382689291137189969e+01 1.904861900703099875e-03 1.490219616334752912e-04 5.417477809917664588e-04 5.679000000000000000e+03
6.592966228838450604e+01 1.816903271657758058e-03 1.265590246241818904e-04 4.218148533158748393e-04 6.385000000000000000e+03
6.803125784825746791e+01 1.713548764877734351e-03 1.850264889429983125e-04 3.374787440826219030e-04 6.553000000000000000e+03
7.013131008699485847e+01 1.612078616441270287e-03 1.184105659212991073e-04 3.558681220760493715e-04 7.125000000000000000e+03
7.223032366074338029e+01 1.520364474040731542e-03 7.594779261884841357e-05 2.065462954487757392e-04 7.447000000000000000e+03
7.432334270720505742e+01 1.392613816834322631e-03 -3.972842943339849190e-05 2.257147043492498378e-04 7.929000000000000000e+03
7.642066756954473306e+01 1.337070182101049399e-03 8.345033303527213907e-05 2.950339653085353548e-04 8.353000000000000000e+03
7.850471694556040347e+01 1.284908124975680599e-03 8.081421548202474988e-05 2.296104194251666006e-04 8.775000000000000000e+03
8.059701946059529121e+01 1.211303333485362317e-03 7.004783001746990459e-05 2.248175792107900202e-04 9.313000000000000000e+03
8.269521798132063850e+01 1.159987854349391490e-03 8.959966771507310004e-05 2.764522876057891754e-04 9.841000000000000000e+03
8.478307522909847194e+01 1.102890021995721467e-03 7.221782283388361980e-05 2.156576914096279681e-04 1.019100000000000000e+04
8.687780839616016237e+01 1.050832178171023749e-03 2.159113378735221970e-05 2.232029638841434896e-04 1.089700000000000000e+04
8.897524569656535220e+01 9.934988863922577639e-04 5.153073840440111695e-05 1.672480340210333815e-04 1.130100000000000000e+04
9.108077810470518898e+01 9.518909438474824252e-04 8.805208357812281943e-05 1.536407231348540256e-04 1.202500000000000000e+04
9.318432266948052245e+01 9.012864167044058478e-04 8.792559210536202380e-05 1.088047965030686167e-04 1.242300000000000000e+04
9.527887641048309320e+01 8.490027069633005775e-04 9.959905082486477680e-05 1.478544497292587682e-04 1.302100000000000000e+04
9.736254237981037818e+01 8.317635538998911348e-04 1.286979552228373163e-04 1.295375362218319551e-04 1.340500000000000000e+04
9.944832814799407572e+01 7.901460158749291180e-04 9.684488387846171026e-05 1.148123275228700424e-04 1.424700000000000000e+04
1.015460879802399035e+02 7.548576718403163981e-04 1.235740307296014735e-04 1.096293598269826802e-04 1.471300000000000000e+04
1.036426375667732316e+02 7.236984769139803621e-04 8.359200768807907751e-05 1.119087997973500795e-04 1.548900000000000000e+04
1.057389390539465950e+02 6.955894645477865611e-04 9.489702718177787509e-05 1.238911782318730776e-04 1.591300000000000000e+04
1.078395855981474227e+02 6.761136388604716821e-04 9.931679303828885559e-05 8.372940920913467385e-05 1.687900000000000000e+04
1.099389405850131709e+02 6.593162644653921458e-04 8.473134362323832887e-05 8.788220860077827605e-05 1.719300000000000000e+04
1.120392143152385387e+02 6.340586202141742416e-04 9.224612154900405417e-05 7.532059765210963624e-05 1.815700000000000000e+04
1.141233458569757744e+02 6.214275693862998532e-04 8.262346431320782099e-05 1.255908128952629252e-04 1.833900000000000000e+04
1.162159397555423084e+02 5.946282468784595560e-04 6.541001763561245165e-05 1.030636881134859497e-04 1.957300000000000000e+04
1.183137204803772420e+02 5.714447278434501686e-04 7.502953994025070240e-05 1.099109819896008233e-04 1.994100000000000000e+04
1.203972311807013256e+02 5.538426219329287961e-04 5.557851158222572134e-05 1.603769357386841535e-04 2.062900000000000000e+04
1.224922363187857286e+02 5.384589306110524254e-04 5.498830949982196656e-05 1.415995264490567222e-04 2.165500000000000000e+04
1.245882598425863534e+02 5.273390805617327818e-04 6.368559610623945432e-05 1.545909031288932804e-04 2.211300000000000000e+04
1.266884677158377315e+02 5.028791103820166994e-04 5.139730343583700649e-05 1.283239431093558403e-04 2.318500000000000000e+04
1.287846620419940962e+02 4.971778134731061642e-04 7.619131708515464467e-05 1.647491157926343557e-04 2.366700000000000000e+04
1.308713393788149801e+02 4.903536707369331301e-04 7.281686673422398570e-05 1.720563948936447147e-04 2.438500000000000000e+04
1.329754833440644575e+02 4.902575984220683197e-04 8.174389725024107161e-05 1.996451541505781294e-04 2.574900000000000000e+04
1.350685217411978840e+02 4.792898960314577288e-04 7.853475664844861246e-05 1.659553776293261850e-04 2.506900000000000000e+04
1.371618602824667619e+02 4.624999975542884727e-04 7.823062348531886279e-05 1.608258111874782452e-05 2.554600000000000000e+04
1.392575458676788855e+02 4.486184151113604534e-04 5.206029573490584270e-05 -8.959428411894950080e-05 2.428200000000000000e+04
1.413433880996534810e+02 4.396845009627422369e-04 4.120302238160265953e-05 -1.810266407185458573e-04 2.430400000000000000e+04
1.434445756733687460e+02 4.269285218651967025e-04 4.918191311432789910e-05 -2.765769486013407641e-04 2.375400000000000000e+04
1.455398221916437080e+02 4.146454031308820275e-04 4.932004933903600562e-05 -3.319591148475888476e-04 2.308000000000000000e+04
1.476255108817551900e+02 4.066153075583674821e-04 3.909990614680296424e-05 -4.100146168799999845e-04 2.250000000000000000e+04
1.497176277038332444e+02 3.844225234383901661e-04 2.204206890853362369e-05 -4.460638075650044123e-04 2.207200000000000000e+04
1.518140044970460281e+02 3.742870530857179533e-04 2.585481243265554037e-05 -4.719897671374999239e-04 2.135800000000000000e+04
1.539145542655538748e+02 3.642645067253374113e-04 7.381370292934716509e-06 -5.108427101806849429e-04 2.103000000000000000e+04
1.560122063834993185e+02 3.650745634618766662e-04 1.374620072868800154e-05 -5.476814204268070328e-04 1.994800000000000000e+04
1.581130966381297185e+02 3.550675857051618142e-04 2.429580777184291794e-05 -5.838596871253819241e-04 1.975200000000000000e+04
1.602056672848078449e+02 3.450650513112131219e-04 2.088295057590204410e-05 -5.868849612431742239e-04 1.845400000000000000e+04
1.622857990359369751e+02 3.420176015912048187e-04 7.255546328413705877e-06 -6.077363879536881600e-04 1.802800000000000000e+04
1.643817412475232516e+02 3.339201379802612512e-04 7.075280653369623854e-06 -6.163286080553725173e-04 1.737000000000000000e+04
1.664826536774034764e+02 3.359788974204295413e-04 2.594439880981271325e-05 -6.674090280450859945e-04 1.642600000000000000e+04
1.685658141881879430e+02 3.338919775178208170e-04 2.322075576500318996e-05 -6.832598954116192794e-04 1.563000000000000000e+04
1.706487817438684260e+02 3.283398200634999914e-04 2.239623092927085047e-05 -7.036943148141130804e-04 1.477000000000000000e+04
1.727517828144612793e+02 3.207240722170726414e-04 1.884256052058312772e-05 -7.049324544665312676e-04 1.420200000000000000e+04
1.748530068735680061e+02 3.315511498059874095e-04 1.445847733956633448e-05 -7.356546729717251950e-04 1.307200000000000000e+04
1.769502447625496586e+02 3.315709660310540313e-04 7.478369509951631863e-06 -7.424805345661532850e-04 1.223800000000000000e+04
1.790336981624627128e+02 3.336026054943910172e-04 2.185394962691449522e-06 -7.595504245620294170e-04 1.126200000000000000e+04
1.811155322217383628e+02 3.315675512795387882e-04 5.306231816607145929e-06 -7.887782589387815112e-04 1.018600000000000000e+04
1.832145149667912278e+02 3.229118808733979313e-04 8.962269016924434592e-07 -7.662533053438676462e-04 9.600000000000000000e+03
1.853124901146757395e+02 3.273105725513336911e-04 7.100825764566836696e-06 -8.222645204798424527e-04 8.164000000000000000e+03
1.873878671736386252e+02 3.285954448150461729e-04 -1.873663998839381706e-06 -8.339716940336809776e-04 7.392000000000000000e+03
1.894941385667080169e+02 3.120659415857787353e-04 3.906960273719164242e-06 -8.553140447087455257e-04 6.328000000000000000e+03
1.915927038186372044e+02 2.966614677271945787e-04 1.586159773123751336e-06 -8.518695543727635138e-04 5.383000000000000000e+03
1.936660288714131468e+02 2.929043313147700251e-04 -8.629351900697814038e-06 -8.528979829595149205e-04 4.641000000000000000e+03
1.957542826725436100e+02 2.791449089049209405e-04 -2.148164453820007243e-07 -8.569557503360448808e-04 4.126000000000000000e+03
1.978826628016586255e+02 2.901544977822693842e-04 6.351245824545458365e-06 -9.140784529198728563e-04 3.579000000000000000e+03
2.000001843808004764e+02 2.928625968749408730e-04 6.291043588079652996e-06 -9.394196990753849678e-04 3.043000000000000000e+03
2.020352663438292495e+02 3.046913133192677751e-04 1.748076214639394941e-07 -9.844113002617481140e-04 2.455000000000000000e+03
2.041298218709533785e+02 2.992073284358735060e-04 -3.065947527686728869e-06 -9.779284172377019409e-04 2.343000000000000000e+03
2.062802290775264282e+02 3.080250330303040433e-04 -2.767167606952152668e-06 -1.020086965071898607e-03 1.819000000000000000e+03
2.083405587159622314e+02 3.121374191943162863e-04 4.297309226850569875e-06 -1.052958772933049918e-03 1.524000000000000000e+03
2.103706031034942896e+02 3.550089410306361999e-04 1.396072671151379920e-05 -1.216149941274523305e-03 1.228000000000000000e+03
2.125145326690728211e+02 3.250924493960365754e-04 6.934916853938795755e-06 -1.116202236321629532e-03 1.095000000000000000e+03
2.147589024069300763e+02 3.396048124041044615e-04 5.411653030024004360e-06 -1.172977127125152379e-03 8.320000000000000000e+02
2.168470408205481021e+02 3.582763651809254667e-04 -1.448438241453439279e-06 -1.236420396620340747e-03 5.500000000000000000e+02
2.186512310160383379e+02 3.728730077535726516e-04 -3.682812205570240195e-06 -1.285234148673483796e-03 4.080000000000000000e+02
2.207747627137063660e+02 4.017660838538428302e-04 5.986771792851698579e-06 -1.402630244046993314e-03 3.640000000000000000e+02
2.231192995023301933e+02 3.912847105524869013e-04 4.280208659403495450e-06 -1.367018327375656107e-03 2.280000000000000000e+02
2.253630374066883633e+02 4.237541179004732203e-04 6.099731920024549533e-06 -1.486212942819638760e-03 1.090000000000000000e+02
2.270052659625465026e+02 5.031098418561630791e-04 1.175082149336414724e-05 -1.769361030657213424e-03 4.800000000000000000e+01
2.289458764032855527e+02 4.536997427209275738e-04 -8.899431297300153116e-06 -1.576989708982620871e-03 2.800000000000000000e+01
2.312641670406622438e+02 1.306861514210976190e-03 1.730045004582941302e-07 -4.573817525110502810e-03 4.000000000000000000e+00
