2.966547074898984615e+00 4.899768897787150634e-01 -5.844346615161741809e-01 1.226169751194201130e+00 1.300000000000000000e+01
5.026374055021858744e+00 2.028217374587010235e-01 -2.366579047471791264e-01 2.709204009579380124e-01 3.300000000000000000e+01
7.149300621522788113e+00 8.670829815379431371e-02 -7.167004907849332251e-02 5.372480404445716118e-02 7.900000000000000000e+01
9.278869254964254409e+00 5.735599540177178934e-02 -1.806039589943282675e-02 3.649773748599035444e-02 1.170000000000000000e+02
1.145033261934470126e+01 4.272944106362001893e-02 -1.254987976301589168e-02 3.630906752203893074e-03 2.050000000000000000e+02
1.349295587141915043e+01 3.383639075214030928e-02 -3.647620208847930125e-03 1.479708744238986823e-02 2.350000000000000000e+02
1.558905561191892986e+01 3.005761009006224088e-02 9.543938730435250553e-04 -3.493794185621393409e-03 3.690000000000000000e+02
1.769408367255316961e+01 2.371130724952648025e-02 3.982260759400933032e-04 6.342208511495639467e-03 4.330000000000000000e+02
1.981787480313529670e+01 1.935526305835817001e-02 -3.487370241363288350e-03 1.081519964451192230e-02 5.850000000000000000e+02
2.192074938196263645e+01 2.141565281703570675e-02 -3.404805445959240137e-04 4.450299399713901309e-03 6.790000000000000000e+02
2.398877635566245203e+01 1.783320943229919908e-02 -1.676715500344300993e-03 4.033060498044829106e-03 8.130000000000000000e+02
2.609286971896115759e+01 1.717329627269081893e-02 -1.052492400870965036e-03 1.092218739290699674e-03 9.850000000000000000e+02
2.823466315278179550e+01 1.453215627891505171e-02 1.461130728201337275e-04 2.762725226487169894e-03 1.183000000000000000e+03
3.032284873509123102e+01 1.372151000610037294e-02 -3.103305645344874540e-03 1.854104374957170212e-03 1.269000000000000000e+03
3.240263258943403457e+01 1.225715162192261148e-02 -1.589180843154358331e-03 3.126470523143794027e-03 1.537000000000000000e+03
3.449210129864554375e+01 1.138907398262649535e-02 -3.852364550912413393e-04 3.776439001529996540e-03 1.653000000000000000e+03
3.658588147515196454e+01 1.075753513241132879e-02 4.781618396176187625e-04 4.744365314826369897e-04 1.963000000000000000e+03
3.868476949266977272e+01 9.158167649482342951e-03 9.222163189169003831e-04 6.147796623667703495e-04 2.121000000000000000e+03
4.078898888458283523e+01 8.839289567651601245e-03 8.160301323311210282e-04 -5.377248406200665605e-04 2.413000000000000000e+03
4.289390876967645738e+01 8.023868195667891584e-03 2.675251713717444971e-04 -2.738244798467954219e-04 2.635000000000000000e+03
4.498336005546935468e+01 7.351963938383299438e-03 -3.327223592593187224e-04 7.645324161852179662e-04 2.877000000000000000e+03
4.706498529473824988e+01 6.668415710162894222e-03 4.379605365190150212e-04 1.218199049788344993e-03 3.169000000000000000e+03
4.917111919158227096e+01 6.298140732701708148e-03 5.188654571266232028e-04 4.293624259791053695e-04 3.507000000000000000e+03
5.126216914174227668e+01 5.891036725989121786e-03 3.544928786611538526e-04 1.111365596453536310e-03 3.685000000000000000e+03
5.335525146837034072e+01 5.758644378763785356e-03 3.930970384253202384e-04 4.893308152844439655e-04 4.165000000000000000e+03
5.546637228956934251e+01 5.249861420561423991e-03 2.170415891626846332e-04 1.298892616630992311e-04 4.377000000000000000e+03
5.757318819254808773e+01 4.833853356932656976e-03 1.003391919552985422e-04 1.402748724183470021e-04 4.855000000000000000e+03
5.965884044590281121e+01 4.484316422999263564e-03 3.117964741176297940e-04 5.518388347813821737e-04 4.929000000000000000e+03
6.174512302159506305e+01 4.203977792886626381e-03 4.129114893675227055e-04 2.009732406836999821e-04 5.581000000000000000e+03
6.382689291137189969e+01 3.905616078773172656e-03 4.627293176463248190e-04 3.261194729503108821e-06 5.679000000000000000e+03
6.592966228838450604e+01 3.690619223900092494e-03 3.920925055422849813e-04 1.757586700244612946e-04 6.385000000000000000e+03
6.803125784825746791e+01 3.407636476675211367e-03 3.654325951636039002e-04 4.233643356052899445e-04 6.553000000000000000e+03
7.013131008699485847e+01 3.263214127331297374e-03 2.646086950882248776e-04 3.829613079822170082e-04 7.125000000000000000e+03
7.223032366074338029e+01 3.089368255407950320e-03 3.706171352534314532e-04 2.495759028846579160e-04 7.447000000000000000e+03
7.432334270720505742e+01 2.964437071532566650e-03 4.976061096551798396e-04 2.500175482495242858e-04 7.929000000000000000e+03
7.642066756954473306e+01 2.825195089785344053e-03 3.291510342149536446e-04 5.018579172934315233e-05 8.353000000000000000e+03
7.850471694556040347e+01 2.635773880861819359e-03 3.455050579910646071e-04 2.225830352512273588e-04 8.775000000000000000e+03
8.059701946059529121e+01 2.530070227584375973e-03 3.326736464049319321e-04 7.919488945042519202e-05 9.313000000000000000e+03
8.269521798132063850e+01 2.377658994779680447e-03 3.841594735661423205e-04 -7.983555367297890136e-06 9.841000000000000000e+03
8.478307522909847194e+01 2.272624375130497844e-03 2.525145688465510962e-04 1.500678342615417238e-04 1.019100000000000000e+04
8.687780839616016237e+01 2.170458769277657310e-03 2.437157089932147846e-04 2.098053785920213951e-04 1.089700000000000000e+04
8.897524569656535220e+01 2.043943140635012638e-03 2.629535927676950242e-04 1.850940032284987809e-04 1.130100000000000000e+04
9.108077810470518898e+01 1.942734799775673853e-03 1.296255338761740023e-04 2.435758096567900159e-04 1.202500000000000000e+04
9.318432266948052245e+01 1.787509466045267325e-03 1.133596119080107218e-04 7.834135168606278670e-05 1.242300000000000000e+04
9.527887641048309320e+01 1.739600709721222114e-03 2.296211549161806078e-04 1.026330220072979663e-04 1.302100000000000000e+04
9.736254237981037818e+01 1.662530386524065963e-03 2.437036873163385083e-04 6.390479250956038085e-05 1.340500000000000000e+04
9.944832814799407572e+01 1.586858042969537235e-03 1.612267242048372033e-04 1.787545636329750803e-04 1.424700000000000000e+04
1.015460879802399035e+02 1.522452321147719188e-03 8.318188438459314822e-05 1.524667517355244423e-04 1.471300000000000000e+04
1.036426375667732316e+02 1.455407393598093495e-03 1.098977138603276295e-04 1.473571172915106296e-04 1.548900000000000000e+04
1.057389390539465950e+02 1.420849687805495138e-03 1.482360750360792059e-04 1.342062426044205706e-04 1.591300000000000000e+04
1.078395855981474227e+02 1.383369284718911170e-03 1.705096520353218163e-04 1.486145401406321019e-04 1.687900000000000000e+04
1.099389405850131709e+02 1.304696776521492010e-03 1.359933855007428158e-04 1.366831552428776815e-04 1.719300000000000000e+04
1.120392143152385387e+02 1.251134367328038746e-03 1.766406709823089833e-04 1.019041793631371006e-04 1.815700000000000000e+04
1.141233458569757744e+02 1.209014840424289848e-03 1.583436276718912944e-04 9.243108606437272024e-05 1.833900000000000000e+04
1.162159397555423084e+02 1.178348118760017297e-03 1.662479567615705596e-04 1.356684169454065616e-04 1.957300000000000000e+04
1.183137204803772420e+02 1.124381056075681893e-03 1.354256846185464226e-04 1.383750504050904094e-04 1.994100000000000000e+04
1.203972311807013256e+02 1.091625227657899841e-03 1.577078997211569925e-04 2.061700040839460038e-04 2.062900000000000000e+04
1.224922363187857286e+02 1.066925648349903964e-03 2.008625191541581689e-04 1.685159418810900170e-04 2.165500000000000000e+04
1.245882598425863534e+02 1.035159565842045650e-03 1.505129143996287403e-04 2.055352746140578016e-04 2.211300000000000000e+04
1.266884677158377315e+02 1.001037373203264927e-03 1.569321326173797593e-04 2.077390686095767307e-04 2.318500000000000000e+04
1.287846620419940962e+02 9.955419677764054155e-04 1.674430869435490697e-04 3.023383543622015063e-04 2.366700000000000000e+04
1.308713393788149801e+02 9.785390819645513067e-04 1.582848753264728080e-04 3.564495189592204339e-04 2.438500000000000000e+04
1.329754833440644575e+02 9.822183668963073693e-04 1.350455165710193097e-04 4.088353194996793426e-04 2.574900000000000000e+04
1.350685217411978840e+02 9.695889766633276462e-04 1.375031946230118539e-04 3.362224640365382602e-04 2.506900000000000000e+04
1.371618602824667619e+02 9.497661345043525343e-04 6.535618775421179777e-05 8.007629856843501419e-05 2.554600000000000000e+04
1.392575458676788855e+02 9.133133056976644633e-04 6.003478257915803975e-05 -1.512065210981271886e-04 2.428200000000000000e+04
1.413433880996534810e+02 8.914427479743568163e-04 2.914007029661359462e-05 -3.286999392858052814e-04 2.430400000000000000e+04
1.434445756733687460e+02 8.797562240191897929e-04 7.699892935397390143e-05 -4.843767995514428070e-04 2.375400000000000000e+04
1.455398221916437080e+02 8.421543965020189494e-04 7.519258753746080272e-05 -6.550320670453031735e-04 2.308000000000000000e+04
1.476255108817551900e+02 8.065733551113414730e-04 4.570076809489024866e-05 -8.016015284795470009e-04 2.250000000000000000e+04
1.497176277038332444e+02 7.894244862731306447e-04 3.434134339175764442e-05 -8.966677614249875944e-04 2.207200000000000000e+04
1.518140044970460281e+02 7.746887380278702018e-04 3.143902322573099186e-05 -9.636561866382296285e-04 2.135800000000000000e+04
1.539145542655538748e+02 7.645047578412273240e-04 3.951295221106747264e-05 -1.068058718105405636e-03 2.103000000000000000e+04
1.560122063834993185e+02 7.668641363495010480e-04 2.076371821792250385e-05 -1.162351502184521667e-03 1.994800000000000000e+04
1.581130966381297185e+02 7.451615217555108018e-04 1.910004321369617472e-05 -1.232292329878697775e-03 1.975200000000000000e+04
1.602056672848078449e+02 7.278956160939590485e-04 5.025157269897347207e-06 -1.256305339333162576e-03 1.845400000000000000e+04
1.622857990359369751e+02 6.942111271216145837e-04 -1.517907901527302653e-05 -1.237378792744373316e-03 1.802800000000000000e+04
1.643817412475232516e+02 7.011608781473113120e-04 -7.091229194231055969e-06 -1.326711707345775435e-03 1.737000000000000000e+04
1.664826536774034764e+02 6.861645008712506828e-04 1.421470387179415586e-05 -1.381096290525368796e-03 1.642600000000000000e+04
1.685658141881879430e+02 6.992760791910988599e-04 3.197343562862878518e-05 -1.476721714944509694e-03 1.563000000000000000e+04
1.706487817438684260e+02 6.825114548895737203e-04 3.097134454347941191e-05 -1.475929958349694914e-03 1.477000000000000000e+04
1.727517828144612793e+02 6.731070351671363926e-04 3.142745031644848699e-05 -1.486555035394283505e-03 1.420200000000000000e+04
1.748530068735680061e+02 6.637284494494318128e-04 1.821699145588484561e-05 -1.499438580908004064e-03 1.307200000000000000e+04
1.769502447625496586e+02 6.481935648855973158e-04 1.969634231372167235e-05 -1.489833661335925128e-03 1.223800000000000000e+04
1.790336981624627128e+02 6.765355230466112580e-04 4.298709944427104180e-05 -1.627602528377809082e-03 1.126200000000000000e+04
1.811155322217383628e+02 6.822277061039739958e-04 5.010485343586855867e-05 -1.708372692557725029e-03 1.018600000000000000e+04
1.832145149667912278e+02 6.970497044773642887e-04 3.829229972510148034e-05 -1.749895654572727411e-03 9.600000000000000000e+03
1.853124901146757395e+02 7.043672555652987551e-04 2.939345933802867415e-05 -1.820597865661629806e-03 8.164000000000000000e+03
1.873878671736386252e+02 6.836109020880525543e-04 4.818939827720420459e-06 -1.795392136502456295e-03 7.392000000000000000e+03
1.894941385667080169e+02 6.828695360826876918e-04 1.040992343936725492e-05 -1.907059009029123597e-03 6.328000000000000000e+03
1.915927038186372044e+02 6.765448452974092775e-04 -6.588247790119306086e-06 -1.939361238229835071e-03 5.383000000000000000e+03
1.936660288714131468e+02 6.639826414296542099e-04 6.248227979619863489e-06 -1.972519734298267425e-03 4.641000000000000000e+03
1.957542826725436100e+02 6.744816260110828108e-04 2.274365470087688496e-05 -2.088409664087416840e-03 4.126000000000000000e+03
1.978826628016586255e+02 6.419826365464030788e-04 1.905773573888353787e-05 -2.022259133131435339e-03 3.579000000000000000e+03
2.000001843808004764e+02 6.504680915276740780e-04 1.751310023465211106e-05 -2.091082613534629101e-03 3.043000000000000000e+03
2.020352663438292495e+02 6.287563706171264612e-04 1.724815491330694241e-05 -2.059672753937301717e-03 2.455000000000000000e+03
2.041298218709533785e+02 6.034620966391810630e-04 1.626523306937904823e-06 -1.988719501773774344e-03 2.343000000000000000e+03
2.062802290775264282e+02 6.211493613281188859e-04 -1.222912534426803338e-05 -2.051639657623355144e-03 1.819000000000000000e+03
2.083405587159622314e+02 6.437099903332917311e-04 1.566733919859405894e-05 -2.174499995163639305e-03 1.524000000000000000e+03
2.103706031034942896e+02 6.886969306865794874e-04 1.614485000926621020e-05 -2.342156827005173296e-03 1.228000000000000000e+03
2.125145326690728211e+02 7.177175180963369771e-04 4.441538222372710387e-09 -2.450472258738892271e-03 1.095000000000000000e+03
2.147589024069300763e+02 6.900325996318742473e-04 1.163612899892593853e-06 -2.371464206236727559e-03 8.320000000000000000e+02
2.168470408205481021e+02 7.555953973625355270e-04 -2.869697831273894557e-06 -2.600184714347278988e-03 5.500000000000000000e+02
2.186512310160383379e+02 7.956434129841326352e-04 2.078338034049453275e-05 -2.769180875157512423e-03 4.080000000000000000e+02
2.207747627137063660e+02 8.730291921076867388e-04 3.213387371730954754e-06 -3.034677879337316451e-03 3.640000000000000000e+02
2.231192995023301933e+02 7.122458466762953940e-04 6.876690976413225060e-06 -2.489385468520693371e-03 2.280000000000000000e+02
2.253630374066883633e+02 7.868318298959372245e-04 2.352486362018886931e-06 -2.750583339731776152e-03 1.090000000000000000e+02
2.270052659625465026e+02 9.174143164280785861e-04 -1.467149822444914130e-05 -3.187795033896549841e-03 4.800000000000000000e+01
2.289458764032855527e+02 6.559740592429281949e-04 -4.521720746628669468e-06 -2.289249631408603498e-03 2.800000000000000000e+01
2.312641670406622438e+02 5.250236638725376765e-04 1.060166502846486889e-05 -1.847911395212371334e-03 4.000000000000000000e+00
