2.966547074898984615e+00 6.292042537107208844e+00 -9.497801113524763084e-01 3.597638790978126444e+00 1.300000000000000000e+01
5.026374055021858744e+00 4.246218140101342797e+00 -2.612638805441224399e+00 2.404663496815398815e+00 3.300000000000000000e+01
7.149300621522788113e+00 3.410661517800296139e+00 -2.333307653022121730e+00 6.620737570797258220e-01 7.900000000000000000e+01
9.278869254964254409e+00 2.516631037713324304e+00 -1.466963451270225649e+00 1.072889058492060066e+00 1.170000000000000000e+02
1.145033261934470126e+01 2.158894905130854802e+00 -9.270478829495677475e-01 1.349829133663216663e+00 2.050000000000000000e+02
1.349295587141915043e+01 1.866159391733259287e+00 -4.669681936727060334e-01 1.260360364611707862e+00 2.350000000000000000e+02
1.558905561191892986e+01 1.647945505995448201e+00 6.115906002374550676e-02 8.930884738754568675e-01 3.690000000000000000e+02
1.769408367255316961e+01 1.496651895413946498e+00 2.350474747020014354e-01 7.120001756191889353e-01 4.330000000000000000e+02
1.981787480313529670e+01 1.347280991508446046e+00 2.395079051757979249e-01 2.584830790058948446e-01 5.850000000000000000e+02
2.192074938196263645e+01 1.177695791400756864e+00 9.010265432921263362e-02 9.741308730943042116e-02 6.790000000000000000e+02
2.398877635566245203e+01 1.037322261050399375e+00 -6.288533668124279830e-02 -2.405303822147747683e-01 8.130000000000000000e+02
2.609286971896115759e+01 9.465515575390939240e-01 -8.832135842236593648e-02 -2.573993575304238113e-01 9.850000000000000000e+02
2.823466315278179550e+01 8.371517869738829276e-01 -1.477002332934513329e-01 -4.267947069775827190e-02 1.183000000000000000e+03
3.032284873509123102e+01 7.954487191653705214e-01 -9.890826155349273507e-02 3.131987707280316918e-02 1.269000000000000000e+03
3.240263258943403457e+01 7.520827650864864156e-01 -1.675942567962298430e-02 4.393396910221890328e-02 1.537000000000000000e+03
3.449210129864554375e+01 7.373266295425410233e-01 4.949337288284523517e-02 1.433956006135097827e-01 1.653000000000000000e+03
3.658588147515196454e+01 7.122414285251658095e-01 6.758172759703100219e-02 1.166271960340905939e-01 1.963000000000000000e+03
3.868476949266977272e+01 6.790198914341524228e-01 5.687585446243234588e-02 2.710695522875858701e-02 2.121000000000000000e+03
4.078898888458283523e+01 6.598849276925622398e-01 2.660224416722710081e-02 4.400223742695533527e-03 2.413000000000000000e+03
4.289390876967645738e+01 6.253842957084185805e-01 2.895504517900846474e-03 -5.531585015037256831e-02 2.635000000000000000e+03
4.498336005546935468e+01 6.027930771123339859e-01 -7.808875956037289109e-03 -1.142850878890524710e-02 2.877000000000000000e+03
4.706498529473824988e+01 5.838733710451912140e-01 -8.069010750303428486e-03 -3.282345259814063027e-02 3.169000000000000000e+03
4.917111919158227096e+01 5.712153185692481205e-01 1.006985400844502554e-02 -4.889430377573565460e-03 3.507000000000000000e+03
5.126216914174227668e+01 5.580215693653569620e-01 2.635572907260876757e-02 -2.186439133327133452e-02 3.685000000000000000e+03
5.335525146837034072e+01 5.407889454637030413e-01 2.068841905887089383e-02 -1.940919656525100928e-03 4.165000000000000000e+03
5.546637228956934251e+01 5.258364787149202302e-01 3.084359381241836076e-02 -1.229352227047381119e-02 4.377000000000000000e+03
5.757318819254808773e+01 5.176728643324659540e-01 2.576351741731589678e-02 -3.543973248555853245e-02 4.855000000000000000e+03
5.965884044590281121e+01 5.055022342305645067e-01 2.998845497042175456e-02 -1.140417687303776515e-03 4.929000000000000000e+03
6.174512302159506305e+01 4.905492536032138307e-01 2.365268793469687408e-02 -4.107481439342974827e-02 5.581000000000000000e+03
6.382689291137189969e+01 4.813005394974826379e-01 1.592346448495809280e-02 -2.102774579848096237e-02 5.679000000000000000e+03
6.592966228838450604e+01 4.675981160195262776e-01 1.781499209860567742e-02 -4.372273491104159554e-02 6.385000000000000000e+03
6.803125784825746791e+01 4.576124823640290162e-01 1.244110657006707206e-02 -3.019938389825754452e-02 6.553000000000000000e+03
7.013131008699485847e+01 4.471938533235589874e-01 1.600430009150434832e-02 -2.750763450544850205e-02 7.125000000000000000e+03
7.223032366074338029e+01 4.385075334516503331e-01 2.420411712698052747e-02 -2.856784780382002481e-02 7.447000000000000000e+03
7.432334270720505742e+01 4.335997675655745565e-01 4.441340992070562377e-02 -2.675240243727409952e-03 7.929000000000000000e+03
7.642066756954473306e+01 4.237743961133648707e-01 5.360950376606387485e-02 -4.074388206230864819e-03 8.353000000000000000e+03
7.850471694556040347e+01 4.171170361476485011e-01 5.343730930696601739e-02 7.104472726785496066e-03 8.775000000000000000e+03
8.059701946059529121e+01 4.047010357093188126e-01 5.394909405411273812e-02 4.282937532924232176e-05 9.313000000000000000e+03
8.269521798132063850e+01 3.958024863292538553e-01 4.553526644884225288e-02 -2.241752747635278320e-02 9.841000000000000000e+03
8.478307522909847194e+01 3.872368218846697907e-01 4.305518143568207168e-02 -1.911332580425080530e-02 1.019100000000000000e+04
8.687780839616016237e+01 3.767924989940438785e-01 4.332899878018126733e-02 -3.117681568538064468e-02 1.089700000000000000e+04
8.897524569656535220e+01 3.723801817723924046e-01 5.395612086198357110e-02 -2.011525897575659749e-02 1.130100000000000000e+04
9.108077810470518898e+01 3.660199153200489608e-01 6.868351195420203947e-02 7.569840780291882745e-03 1.202500000000000000e+04
9.318432266948052245e+01 3.616282579348715776e-01 7.970931058161490057e-02 1.694359446536395850e-02 1.242300000000000000e+04
9.527887641048309320e+01 3.554669888851949566e-01 8.599233835688424588e-02 1.259768221787332422e-02 1.302100000000000000e+04
9.736254237981037818e+01 3.476482127126947486e-01 8.285783008110854386e-02 1.124952407760108908e-02 1.340500000000000000e+04
9.944832814799407572e+01 3.395253725553349922e-01 7.829350738453623448e-02 -1.854901675603114251e-04 1.424700000000000000e+04
1.015460879802399035e+02 3.304457948829489511e-01 6.933279457781092725e-02 -1.669478291893786159e-02 1.471300000000000000e+04
1.036426375667732316e+02 3.239557971059183195e-01 7.080469139170010584e-02 -1.495994335057063661e-02 1.548900000000000000e+04
1.057389390539465950e+02 3.186737865498207034e-01 8.022999274157553706e-02 3.378037449862903406e-03 1.591300000000000000e+04
1.078395855981474227e+02 3.167442784135918177e-01 9.384652906034385289e-02 1.853199901218337275e-02 1.687900000000000000e+04
1.099389405850131709e+02 3.128313838821829007e-01 1.094813813282366488e-01 3.775258116619770177e-02 1.719300000000000000e+04
1.120392143152385387e+02 3.092259372195206857e-01 1.183938043362006420e-01 3.184386800548243829e-02 1.815700000000000000e+04
1.141233458569757744e+02 3.064866892883110205e-01 1.229142367006962056e-01 4.306382240180366833e-02 1.833900000000000000e+04
1.162159397555423084e+02 2.996011854903865568e-01 1.228444773965710890e-01 3.591474793203539018e-02 1.957300000000000000e+04
1.183137204803772420e+02 2.964284181505237314e-01 1.239777608041847945e-01 2.664525899755585542e-02 1.994100000000000000e+04
1.203972311807013256e+02 2.935378750005178672e-01 1.300359597748199092e-01 4.730882104454272458e-02 2.062900000000000000e+04
1.224922363187857286e+02 2.920796745022052332e-01 1.443167111858593143e-01 4.508731001843808289e-02 2.165500000000000000e+04
1.245882598425863534e+02 2.936688943668794849e-01 1.612831741180096867e-01 7.811394344653213584e-02 2.211300000000000000e+04
1.266884677158377315e+02 2.943406518017538387e-01 1.795037835509984692e-01 8.981867342369737051e-02 2.318500000000000000e+04
1.287846620419940962e+02 2.960394790934949283e-01 1.964058639719642729e-01 1.131741711817173257e-01 2.366700000000000000e+04
1.308713393788149801e+02 2.971861122333919192e-01 2.041538791526381624e-01 1.219194053705956321e-01 2.438500000000000000e+04
1.329754833440644575e+02 2.981870500561059623e-01 2.136992765716291265e-01 1.315155305490141868e-01 2.574900000000000000e+04
1.350685217411978840e+02 2.972280979274231072e-01 2.164343477527095327e-01 8.890860445973022830e-02 2.506900000000000000e+04
1.371618602824667619e+02 2.938313494322128960e-01 2.158750184809191397e-01 -4.827782005289393136e-03 2.554600000000000000e+04
1.392575458676788855e+02 2.905661300124587343e-01 2.165002550857488828e-01 -8.068064624484566627e-02 2.428200000000000000e+04
1.413433880996534810e+02 2.872058348004445927e-01 2.144341050526181736e-01 -1.571980580168219066e-01 2.430400000000000000e+04
1.434445756733687460e+02 2.826487323199640689e-01 2.086410445346910114e-01 -2.311682707972397832e-01 2.375400000000000000e+04
1.455398221916437080e+02 2.805606813271267486e-01 2.063759535161769632e-01 -2.889073423746898461e-01 2.308000000000000000e+04
1.476255108817551900e+02 2.758190378151366695e-01 2.006515965891162434e-01 -3.510351370220890499e-01 2.250000000000000000e+04
1.497176277038332444e+02 2.725300443400383021e-01 1.955024060703237365e-01 -4.051803523544038055e-01 2.207200000000000000e+04
1.518140044970460281e+02 2.691129398263719108e-01 1.917442570887355480e-01 -4.485192911097116708e-01 2.135800000000000000e+04
1.539145542655538748e+02 2.649389248261571628e-01 1.878058619302562515e-01 -4.910524271995598822e-01 2.103000000000000000e+04
1.560122063834993185e+02 2.616856115034943975e-01 1.835354585431309138e-01 -5.273733211336801840e-01 1.994800000000000000e+04
1.581130966381297185e+02 2.568983316800472205e-01 1.775321781153677281e-01 -5.656923552645647391e-01 1.975200000000000000e+04
1.602056672848078449e+02 2.546989787316460974e-01 1.746366414118660226e-01 -5.934257153663116124e-01 1.845400000000000000e+04
1.622857990359369751e+02 2.502447518997267251e-01 1.713513870179661780e-01 -6.191856914874011020e-01 1.802800000000000000e+04
1.643817412475232516e+02 2.468033059494050274e-01 1.667013795912229701e-01 -6.412091863808061509e-01 1.737000000000000000e+04
1.664826536774034764e+02 2.442529829397961094e-01 1.641926277475663498e-01 -6.653167713047468679e-01 1.642600000000000000e+04
1.685658141881879430e+02 2.413694170469503075e-01 1.616554348383341666e-01 -6.840707888650280344e-01 1.563000000000000000e+04
1.706487817438684260e+02 2.385884606953154186e-01 1.601355044271156880e-01 -6.974825183777815241e-01 1.477000000000000000e+04
1.727517828144612793e+02 2.353250240477755828e-01 1.575714051256950354e-01 -7.153233623881125602e-01 1.420200000000000000e+04
1.748530068735680061e+02 2.334386380520158122e-01 1.568904378394311849e-01 -7.288922182719799192e-01 1.307200000000000000e+04
1.769502447625496586e+02 2.312508782599061175e-01 1.556124901372489266e-01 -7.430913332271509297e-01 1.223800000000000000e+04
1.790336981624627128e+02 2.303823470699720710e-01 1.558727575179593428e-01 -7.572613963328831410e-01 1.126200000000000000e+04
1.811155322217383628e+02 2.251940400400931352e-01 1.492292957479711413e-01 -7.560412781417839012e-01 1.018600000000000000e+04
1.832145149667912278e+02 2.254692559186943779e-01 1.523577600377965524e-01 -7.703354634956479652e-01 9.600000000000000000e+03
1.853124901146757395e+02 2.212039629770641003e-01 1.430227281737734280e-01 -7.665699545687864047e-01 8.164000000000000000e+03
1.873878671736386252e+02 2.177743245625040902e-01 1.366380279976770473e-01 -7.640391581482679495e-01 7.392000000000000000e+03
1.894941385667080169e+02 2.076550488074813405e-01 1.181367163729144243e-01 -7.349695954116621799e-01 6.328000000000000000e+03
1.915927038186372044e+02 1.961076511768985453e-01 1.003310422470297530e-01 -6.993838300939863029e-01 5.383000000000000000e+03
1.936660288714131468e+02 1.880129467377741337e-01 8.890578829491004031e-02 -6.744365279404331837e-01 4.641000000000000000e+03
1.957542826725436100e+02 1.766547231578823596e-01 7.430907957826388133e-02 -6.353783108512910394e-01 4.126000000000000000e+03
1.978826628016586255e+02 1.678989959405876586e-01 6.487184328177890424e-02 -6.061875367769475886e-01 3.579000000000000000e+03
2.000001843808004764e+02 1.600043597580187160e-01 5.627721878132355832e-02 -5.786321334026489627e-01 3.043000000000000000e+03
2.020352663438292495e+02 1.512271288996369645e-01 4.865998100147391620e-02 -5.478411543870369549e-01 2.455000000000000000e+03
2.041298218709533785e+02 1.401297959463884413e-01 3.984592064563992342e-02 -5.076763349242965351e-01 2.343000000000000000e+03
2.062802290775264282e+02 1.308006189310513268e-01 3.386055456794731522e-02 -4.739997277370557871e-01 1.819000000000000000e+03
2.083405587159622314e+02 1.227796097429166844e-01 2.946599605350094103e-02 -4.452294228214104255e-01 1.524000000000000000e+03
2.103706031034942896e+02 1.144967963286845636e-01 2.555425745927760242e-02 -4.151650498785001697e-01 1.228000000000000000e+03
2.125145326690728211e+02 9.767441133472473669e-02 1.784690924799832781e-02 -3.527026428085329735e-01 1.095000000000000000e+03
2.147589024069300763e+02 8.465289378852043634e-02 1.371427751265451821e-02 -3.052839743435768471e-01 8.320000000000000000e+02
2.168470408205481021e+02 7.324644577993230654e-02 1.087399352880486468e-02 -2.639281704313313770e-01 5.500000000000000000e+02
2.186512310160383379e+02 6.520370597036677374e-02 8.447625869928648487e-03 -2.341880339855047788e-01 4.080000000000000000e+02
2.207747627137063660e+02 4.799449512693006875e-02 4.755603708274976603e-03 -1.716136393568582774e-01 3.640000000000000000e+02
2.231192995023301933e+02 3.683851712465530809e-02 2.821429500044664394e-03 -1.312196448662846238e-01 2.280000000000000000e+02
2.253630374066883633e+02 2.786235205483932748e-02 1.493516729119879994e-03 -9.880975216555852592e-02 1.090000000000000000e+02
2.270052659625465026e+02 2.577999558357116708e-02 1.293056936118291500e-03 -9.136320584447513160e-02 4.800000000000000000e+01
2.289458764032855527e+02 2.118702224277701357e-02 1.611982155350502675e-04 -7.426400224772888858e-02 2.800000000000000000e+01
2.312641670406622438e+02 2.645142784270683098e-02 -7.071114375736767146e-06 -9.255638015284281539e-02 4.000000000000000000e+00
