2.966547074898984615e+00 2.421646779098514557e+00 -9.547200988931160426e-01 3.321204652015186554e+00 1.300000000000000000e+01
5.026374055021858744e+00 1.308602867763329902e+00 -1.081356381985628889e+00 1.431144519834663953e+00 3.300000000000000000e+01
7.149300621522788113e+00 9.019512526967842225e-01 -9.444730988131695426e-01 6.677060739841020887e-01 7.900000000000000000e+01
9.278869254964254409e+00 5.309675234981372505e-01 -5.524216198756332075e-01 4.723828132355565868e-01 1.170000000000000000e+02
1.145033261934470126e+01 4.048573512363074500e-01 -3.239228546324706692e-01 4.455765778176822844e-01 2.050000000000000000e+02
1.349295587141915043e+01 3.077886571818868600e-01 -1.823379500737636882e-01 3.360908087203521299e-01 2.350000000000000000e+02
1.558905561191892986e+01 2.501851314801044612e-01 -1.288614056625393342e-02 2.524048132401964795e-01 3.690000000000000000e+02
1.769408367255316961e+01 2.117360471867126281e-01 3.936221173819561686e-02 1.759681626270911403e-01 4.330000000000000000e+02
1.981787480313529670e+01 1.780466997061237178e-01 3.511031385876682565e-02 6.442856835104730784e-02 5.850000000000000000e+02
2.192074938196263645e+01 1.403629763885642090e-01 4.549495728563958917e-03 9.438767463235282415e-03 6.790000000000000000e+02
2.398877635566245203e+01 1.158986254114789116e-01 -1.710493893531625509e-02 -2.936958063459484472e-02 8.130000000000000000e+02
2.609286971896115759e+01 1.008018315279475968e-01 -1.612726345572170622e-02 -3.088249078965337596e-02 9.850000000000000000e+02
2.823466315278179550e+01 8.118547178208776471e-02 -2.653970410889765208e-02 -1.279024387841629432e-02 1.183000000000000000e+03
3.032284873509123102e+01 7.401999736914352535e-02 -2.180221491742582313e-02 1.012275413931936234e-03 1.269000000000000000e+03
3.240263258943403457e+01 6.533195074809053371e-02 -9.945906788629743991e-03 1.341931412306317543e-03 1.537000000000000000e+03
3.449210129864554375e+01 6.320344669291382000e-02 1.997534446838976005e-03 1.834864225880770625e-02 1.653000000000000000e+03
3.658588147515196454e+01 5.867516901501764609e-02 3.954810074854891826e-03 1.523933546979429690e-02 1.963000000000000000e+03
3.868476949266977272e+01 5.235718286416267409e-02 2.403649706237658088e-03 2.108849434427623962e-03 2.121000000000000000e+03
4.078898888458283523e+01 4.897676170838688448e-02 -1.606373017189379609e-04 5.728559701240035261e-04 2.413000000000000000e+03
4.289390876967645738e+01 4.342941449685835953e-02 -2.948057594994206703e-03 -4.756341584455514235e-03 2.635000000000000000e+03
4.498336005546935468e+01 3.953835840953374980e-02 -4.609491319790662116e-03 -3.177578720318915972e-03 2.877000000000000000e+03
4.706498529473824988e+01 3.622365613260310896e-02 -5.099342811001641475e-03 -4.409263620704712526e-03 3.169000000000000000e+03
4.917111919158227096e+01 3.398658655452620886e-02 -2.511647480211506075e-03 -1.503656908157599982e-04 3.507000000000000000e+03
5.126216914174227668e+01 3.214434099167463171e-02 -4.706161291140214305e-04 -7.122366258552891320e-04 3.685000000000000000e+03
5.335525146837034072e+01 2.959712893751018439e-02 -1.882050718075440818e-03 1.585936520138546630e-03 4.165000000000000000e+03
5.546637228956934251e+01 2.742401026639182046e-02 -5.190884221802302429e-04 -2.070060240042525361e-06 4.377000000000000000e+03
5.757318819254808773e+01 2.653305063694580412e-02 -1.158841927999142455e-03 2.142728152251545241e-04 4.855000000000000000e+03
5.965884044590281121e+01 2.486967351390938913e-02 -7.897774733031031962e-05 1.804482418704641102e-03 4.929000000000000000e+03
6.174512302159506305e+01 2.271908607579134140e-02 -8.496171081058553161e-04 -1.128407216722312296e-03 5.581000000000000000e+03
6.382689291137189969e+01 2.148075852392534318e-02 -1.852886625807777113e-03 -8.003127085240040791e-04 5.679000000000000000e+03
6.592966228838450604e+01 1.979953043611159744e-02 -1.491748793256076483e-03 -1.739509441494489815e-03 6.385000000000000000e+03
6.803125784825746791e+01 1.866085910422712532e-02 -1.682204066237112227e-03 -1.025917777491697864e-03 6.553000000000000000e+03
7.013131008699485847e+01 1.748545256897355085e-02 -1.602234076753450941e-03 -8.558798658451055022e-04 7.125000000000000000e+03
7.223032366074338029e+01 1.659678909569616695e-02 -9.958014832662646140e-04 -5.970333107317757739e-04 7.447000000000000000e+03
7.432334270720505742e+01 1.624361795767568714e-02 8.017989896395406142e-04 1.277770202621285539e-03 7.929000000000000000e+03
7.642066756954473306e+01 1.532159456330969144e-02 8.921351598452392133e-04 6.165532844242683618e-04 8.353000000000000000e+03
7.850471694556040347e+01 1.463949042880171962e-02 1.858467487372292629e-04 8.724893674401269642e-05 8.775000000000000000e+03
8.059701946059529121e+01 1.362932786290246660e-02 -3.772215496991444513e-04 -3.727446172254493474e-04 9.313000000000000000e+03
8.269521798132063850e+01 1.305176510396451398e-02 -7.277642856061421368e-04 -1.383970885139508989e-03 9.841000000000000000e+03
8.478307522909847194e+01 1.260116553892403311e-02 -6.655317701625484495e-04 -1.101650796971585322e-03 1.019100000000000000e+04
8.687780839616016237e+01 1.190214786087360685e-02 -6.387346478161940941e-04 -1.037163963894452553e-03 1.089700000000000000e+04
8.897524569656535220e+01 1.161628393040875160e-02 -6.114638942014083504e-06 -6.476752092012358786e-04 1.130100000000000000e+04
9.108077810470518898e+01 1.117241521636013098e-02 5.472739516169197347e-04 3.390067607579768912e-04 1.202500000000000000e+04
9.318432266948052245e+01 1.073892925801054644e-02 5.280974537119041429e-04 6.464197107619973999e-04 1.242300000000000000e+04
9.527887641048309320e+01 1.030988954328546439e-02 5.106448827066011574e-04 -9.188271646436678300e-05 1.302100000000000000e+04
9.736254237981037818e+01 9.794914813675366719e-03 2.758565633152570669e-04 4.400238091011744989e-05 1.340500000000000000e+04
9.944832814799407572e+01 9.384560816944415018e-03 2.799915615532351152e-04 -1.623590565473271999e-04 1.424700000000000000e+04
1.015460879802399035e+02 8.874491798843378576e-03 2.449038911865675789e-05 -6.644747749711686939e-04 1.471300000000000000e+04
1.036426375667732316e+02 8.533961789890740987e-03 2.358825756802159700e-05 -4.263355958641454769e-04 1.548900000000000000e+04
1.057389390539465950e+02 8.145106378014037654e-03 2.461777875973862194e-04 -2.283909250656801992e-04 1.591300000000000000e+04
1.078395855981474227e+02 7.943976918617763616e-03 6.034978588378946129e-04 3.140153361047367153e-04 1.687900000000000000e+04
1.099389405850131709e+02 7.675887779400511306e-03 1.033256464586934219e-03 8.756416903538489843e-04 1.719300000000000000e+04
1.120392143152385387e+02 7.405358126628795896e-03 1.313828797180556984e-03 6.186049571561652279e-04 1.815700000000000000e+04
1.141233458569757744e+02 7.253225048810399596e-03 1.288808502813814901e-03 9.585125492108833830e-04 1.833900000000000000e+04
1.162159397555423084e+02 6.833695928658348011e-03 1.154380030400353231e-03 5.533477137329836709e-04 1.957300000000000000e+04
1.183137204803772420e+02 6.658845925140957807e-03 1.022221445454382172e-03 1.729980681111835221e-04 1.994100000000000000e+04
1.203972311807013256e+02 6.405677003345803047e-03 1.084441023204264906e-03 6.742259726984520338e-04 2.062900000000000000e+04
1.224922363187857286e+02 6.205241895500925378e-03 1.416349813958440920e-03 5.336098651254723383e-04 2.165500000000000000e+04
1.245882598425863534e+02 6.126069107777677887e-03 1.657268745701908578e-03 1.343750820367978520e-03 2.211300000000000000e+04
1.266884677158377315e+02 6.037090038722834132e-03 2.136613929013612880e-03 1.808257264175100378e-03 2.318500000000000000e+04
1.287846620419940962e+02 5.964525624573806771e-03 2.446851017543978310e-03 2.101052332692123804e-03 2.366700000000000000e+04
1.308713393788149801e+02 5.887039597193562124e-03 2.298287201015505876e-03 2.149505796845733400e-03 2.438500000000000000e+04
1.329754833440644575e+02 5.785071557877147393e-03 2.429706266446809721e-03 2.137349260765753368e-03 2.574900000000000000e+04
1.350685217411978840e+02 5.651112439479598348e-03 2.524315555986107480e-03 1.368821357742504340e-03 2.506900000000000000e+04
1.371618602824667619e+02 5.562361210920478173e-03 2.508146118806757561e-03 -1.248509001346178563e-04 2.554600000000000000e+04
1.392575458676788855e+02 5.424893907677749011e-03 2.570004961564505835e-03 -1.375085292035407207e-03 2.428200000000000000e+04
1.413433880996534810e+02 5.284684004334442957e-03 2.616959602105861996e-03 -2.741521391561245469e-03 2.430400000000000000e+04
1.434445756733687460e+02 5.089213214714465375e-03 2.500867375636827566e-03 -3.870734296513754329e-03 2.375400000000000000e+04
1.455398221916437080e+02 5.028530278661473042e-03 2.473467941429790488e-03 -4.873416694492509714e-03 2.308000000000000000e+04
1.476255108817551900e+02 4.871096500852364897e-03 2.396094329116845410e-03 -5.680783290927808767e-03 2.250000000000000000e+04
1.497176277038332444e+02 4.810727959299162561e-03 2.354649237215360527e-03 -6.484108628233645373e-03 2.207200000000000000e+04
1.518140044970460281e+02 4.682294314629590649e-03 2.322408736469962470e-03 -7.096081986506811747e-03 2.135800000000000000e+04
1.539145542655538748e+02 4.560882660680970480e-03 2.409008137354187729e-03 -7.746584371864170468e-03 2.103000000000000000e+04
1.560122063834993185e+02 4.465080470879035160e-03 2.321339455546292917e-03 -8.316780512680999396e-03 1.994800000000000000e+04
1.581130966381297185e+02 4.331680929307440107e-03 2.292428037975419251e-03 -8.903487947508002473e-03 1.975200000000000000e+04
1.602056672848078449e+02 4.236445927115304808e-03 2.233109941439340163e-03 -9.235024269589308873e-03 1.845400000000000000e+04
1.622857990359369751e+02 4.142477155894720188e-03 2.206734407501975866e-03 -9.560888833098777490e-03 1.802800000000000000e+04
1.643817412475232516e+02 4.075561368391135419e-03 2.084925929392732972e-03 -9.837463672048478783e-03 1.737000000000000000e+04
1.664826536774034764e+02 4.018321599914768082e-03 2.064188945552228750e-03 -1.015273755222976040e-02 1.642600000000000000e+04
1.685658141881879430e+02 4.001723877803818781e-03 2.024900708883984116e-03 -1.046931024102848960e-02 1.563000000000000000e+04
1.706487817438684260e+02 3.956143364771021187e-03 1.963263436896083361e-03 -1.062251994637586870e-02 1.477000000000000000e+04
1.727517828144612793e+02 3.869848870133950087e-03 1.847520848844267077e-03 -1.072844084239180790e-02 1.420200000000000000e+04
1.748530068735680061e+02 3.817039301397680620e-03 1.800670749672914983e-03 -1.086322140119004923e-02 1.307200000000000000e+04
1.769502447625496586e+02 3.784982695810765446e-03 1.806960315756890286e-03 -1.112563742763531850e-02 1.223800000000000000e+04
1.790336981624627128e+02 3.787958100198028817e-03 1.876123995139963863e-03 -1.147054794625958739e-02 1.126200000000000000e+04
1.811155322217383628e+02 3.716377226653382135e-03 1.812168642755394334e-03 -1.153405036340349535e-02 1.018600000000000000e+04
1.832145149667912278e+02 3.697170865831110424e-03 1.882725118001108691e-03 -1.170115193778288945e-02 9.600000000000000000e+03
1.853124901146757395e+02 3.705739983441912536e-03 1.830639567092038700e-03 -1.193713812571241088e-02 8.164000000000000000e+03
1.873878671736386252e+02 3.619515795451093681e-03 1.711702525883473762e-03 -1.183759414579466790e-02 7.392000000000000000e+03
1.894941385667080169e+02 3.494930896386131379e-03 1.511863942471512734e-03 -1.159107154080965887e-02 6.328000000000000000e+03
1.915927038186372044e+02 3.308354374389934748e-03 1.303741318704835497e-03 -1.120031164421866031e-02 5.383000000000000000e+03
1.936660288714131468e+02 3.146447829979373122e-03 1.173530371889141546e-03 -1.079903225861207454e-02 4.641000000000000000e+03
1.957542826725436100e+02 2.915849806315188968e-03 9.136808526777072436e-04 -1.004140672479371041e-02 4.126000000000000000e+03
1.978826628016586255e+02 2.760216291288627999e-03 7.583413361633060089e-04 -9.571847882844569666e-03 3.579000000000000000e+03
2.000001843808004764e+02 2.641232014670063643e-03 6.172084784701221960e-04 -9.182112878662860439e-03 3.043000000000000000e+03
2.020352663438292495e+02 2.510860825737174992e-03 5.072081325658810017e-04 -8.762872042885861204e-03 2.455000000000000000e+03
2.041298218709533785e+02 2.411154002705043643e-03 4.260201666128705716e-04 -8.440250665871515748e-03 2.343000000000000000e+03
2.062802290775264282e+02 2.308491961310005745e-03 3.773576264249139337e-04 -8.128715459668593019e-03 1.819000000000000000e+03
2.083405587159622314e+02 2.244688847090713438e-03 3.638356587811179973e-04 -7.947237965538254609e-03 1.524000000000000000e+03
2.103706031034942896e+02 2.101485474729364051e-03 3.082544575807952963e-04 -7.442516385140904994e-03 1.228000000000000000e+03
2.125145326690728211e+02 1.973331452889422188e-03 2.111769619016613353e-04 -6.959534631519968990e-03 1.095000000000000000e+03
2.147589024069300763e+02 1.748718123258743724e-03 1.291054255827630052e-04 -6.134535794969602288e-03 8.320000000000000000e+02
2.168470408205481021e+02 1.575497421299154772e-03 9.188633310303345877e-05 -5.524017942716258345e-03 5.500000000000000000e+02
2.186512310160383379e+02 1.470894188449188046e-03 8.002312661218964813e-05 -5.170266773415633371e-03 4.080000000000000000e+02
2.207747627137063660e+02 1.318373127028407829e-03 5.424794340885328680e-05 -4.637091791093290137e-03 3.640000000000000000e+02
2.231192995023301933e+02 1.466390461970798129e-03 1.541693637661595767e-05 -5.125197325474463959e-03 2.280000000000000000e+02
2.253630374066883633e+02 1.699781323164532062e-03 4.037637963467803105e-05 -5.980329457297292421e-03 1.090000000000000000e+02
2.270052659625465026e+02 1.782414167179801213e-03 3.750031407697549200e-06 -6.233987426019980439e-03 4.800000000000000000e+01
2.289458764032855527e+02 2.151092424310164977e-03 -2.545314647649157548e-05 -7.498341369476716096e-03 2.800000000000000000e+01
2.312641670406622438e+02 1.888395222793700550e-03 -1.379352912207087519e-05 -6.593995340059964627e-03 4.000000000000000000e+00
