2.966547074898984615e+00 3.279274912823300969e+00 -7.268761880158782773e-01 -2.941369057952308630e+00 1.300000000000000000e+01
5.026374055021858744e+00 2.305500817997979013e+00 2.737442207326704936e-03 5.981863089230082808e-01 3.300000000000000000e+01
7.149300621522788113e+00 1.772952114393391065e+00 -3.097807533870727270e-01 -5.157930082516187786e-01 7.900000000000000000e+01
9.278869254964254409e+00 1.472850634707123518e+00 -3.830402765607979765e-01 -1.677729023140795972e-01 1.170000000000000000e+02
1.145033261934470126e+01 1.335903818595104875e+00 -3.064272446308745068e-01 -2.276273378185615648e-01 2.050000000000000000e+02
1.349295587141915043e+01 1.193959904333469435e+00 -3.324782751407880932e-01 1.095370027697796927e-01 2.350000000000000000e+02
1.558905561191892986e+01 1.122618806443115513e+00 -1.949313339928583078e-01 -1.158455356836068512e-01 3.690000000000000000e+02
1.769408367255316961e+01 1.010781575542310629e+00 -2.444296551726360955e-01 1.949606950159876034e-02 4.330000000000000000e+02
1.981787480313529670e+01 9.657373391537332763e-01 -1.992311319931535374e-01 -5.715914940895697183e-03 5.850000000000000000e+02
2.192074938196263645e+01 9.027118357197405629e-01 -1.679039145219668183e-01 1.075995742899978763e-01 6.790000000000000000e+02
2.398877635566245203e+01 8.309875535934696522e-01 -1.597329215783452327e-01 -4.723772076357237587e-02 8.130000000000000000e+02
2.609286971896115759e+01 7.880766809219591496e-01 -1.272579830688929103e-01 -5.031723260621896732e-02 9.850000000000000000e+02
2.823466315278179550e+01 7.402961410699956391e-01 -1.192072416637687260e-01 9.850880891514438020e-02 1.183000000000000000e+03
3.032284873509123102e+01 6.998680277271475125e-01 -9.473513796529263453e-02 3.252236611188254189e-02 1.269000000000000000e+03
3.240263258943403457e+01 6.640938817704256092e-01 -1.048651657119325648e-01 1.086365766415646819e-02 1.537000000000000000e+03
3.449210129864554375e+01 6.240658920498858286e-01 -8.619914537146712574e-02 1.651938810499911647e-02 1.653000000000000000e+03
3.658588147515196454e+01 5.905951406789290425e-01 -7.468429785738686655e-02 1.978602777497392301e-02 1.963000000000000000e+03
3.868476949266977272e+01 5.517088770374239948e-01 -8.154522082080684076e-02 2.035053984404104621e-02 2.121000000000000000e+03
4.078898888458283523e+01 5.277116313718114293e-01 -6.142736068306860892e-02 5.581133417041262909e-03 2.413000000000000000e+03
4.289390876967645738e+01 4.906795062338332736e-01 -7.062518156999635088e-02 5.700921846881765523e-04 2.635000000000000000e+03
4.498336005546935468e+01 4.669574347552953864e-01 -7.089816344031092676e-02 3.366588397859163195e-02 2.877000000000000000e+03
4.706498529473824988e+01 4.409421220964451216e-01 -6.451900979329662500e-02 -4.341935372812956071e-04 3.169000000000000000e+03
4.917111919158227096e+01 4.199704868178207873e-01 -6.296119256064701408e-02 6.954670028115339520e-03 3.507000000000000000e+03
5.126216914174227668e+01 3.951027438556293236e-01 -6.262621914251077782e-02 -2.338333332139998829e-03 3.685000000000000000e+03
5.335525146837034072e+01 3.754037232792484802e-01 -6.181010655549379340e-02 1.863538581138577191e-02 4.165000000000000000e+03
5.546637228956934251e+01 3.578497106703031339e-01 -5.502826100329474140e-02 7.109703523574104414e-03 4.377000000000000000e+03
5.757318819254808773e+01 3.381641518516042000e-01 -5.154461543561646153e-02 -5.984414701642981962e-03 4.855000000000000000e+03
5.965884044590281121e+01 3.228197603005480421e-01 -5.538129787569724682e-02 8.037095675467748751e-03 4.929000000000000000e+03
6.174512302159506305e+01 3.071801388704477609e-01 -4.911026620351780642e-02 -4.114546140876286506e-03 5.581000000000000000e+03
6.382689291137189969e+01 2.924601302878048759e-01 -5.146533713181376812e-02 -7.470436144374298598e-05 5.679000000000000000e+03
6.592966228838450604e+01 2.791686101174554735e-01 -4.677201953068435558e-02 -1.096611409840680951e-02 6.385000000000000000e+03
6.803125784825746791e+01 2.657990128763840221e-01 -4.523138866788119911e-02 -1.150484705423539472e-03 6.553000000000000000e+03
7.013131008699485847e+01 2.535713453394046746e-01 -4.391521233200597341e-02 -5.476528158881315694e-03 7.125000000000000000e+03
7.223032366074338029e+01 2.408829688981731498e-01 -4.492238802677233495e-02 -1.176003400262897944e-02 7.447000000000000000e+03
7.432334270720505742e+01 2.296250938914277673e-01 -4.311526959115433849e-02 -1.237174886821378397e-02 7.929000000000000000e+03
7.642066756954473306e+01 2.186112330227457379e-01 -4.344445093570229594e-02 -1.536513475394927532e-02 8.353000000000000000e+03
7.850471694556040347e+01 2.073843509571002275e-01 -4.348421379380348201e-02 -1.207110798510457536e-02 8.775000000000000000e+03
8.059701946059529121e+01 1.995502980621985112e-01 -4.202465442709749782e-02 -1.614492939241121694e-02 9.313000000000000000e+03
8.269521798132063850e+01 1.890760943093291735e-01 -4.219123960538012641e-02 -1.957753401732410803e-02 9.841000000000000000e+03
8.478307522909847194e+01 1.814150810022582549e-01 -4.181846821867942626e-02 -1.872854043164207810e-02 1.019100000000000000e+04
8.687780839616016237e+01 1.726612015877916628e-01 -3.952518211249214652e-02 -2.410529059898693094e-02 1.089700000000000000e+04
8.897524569656535220e+01 1.649276984589545247e-01 -3.854371697925183804e-02 -2.790598102604239725e-02 1.130100000000000000e+04
9.108077810470518898e+01 1.582562107483752034e-01 -4.074161922782493228e-02 -2.260901914996794188e-02 1.202500000000000000e+04
9.318432266948052245e+01 1.508438611131618090e-01 -3.807693670271285191e-02 -2.715983557031448684e-02 1.242300000000000000e+04
9.527887641048309320e+01 1.453779641732675099e-01 -3.807072200567725856e-02 -3.295789166823773209e-02 1.302100000000000000e+04
9.736254237981037818e+01 1.388162975830530277e-01 -3.778902992960280621e-02 -2.901667407861674430e-02 1.340500000000000000e+04
9.944832814799407572e+01 1.333190178499155665e-01 -3.679829674135315365e-02 -3.119307470215254216e-02 1.424700000000000000e+04
1.015460879802399035e+02 1.272585627663340158e-01 -3.556340087219009988e-02 -3.250238794761333566e-02 1.471300000000000000e+04
1.036426375667732316e+02 1.233147421136287225e-01 -3.500675474108747715e-02 -3.564210604773173502e-02 1.548900000000000000e+04
1.057389390539465950e+02 1.180498413492634541e-01 -3.509020880189411828e-02 -3.264180609474504752e-02 1.591300000000000000e+04
1.078395855981474227e+02 1.135752784583961006e-01 -3.270399197147303566e-02 -3.471009754345834308e-02 1.687900000000000000e+04
1.099389405850131709e+02 1.098586574896585899e-01 -3.344615445564246003e-02 -3.532549547195716622e-02 1.719300000000000000e+04
1.120392143152385387e+02 1.059284056236300536e-01 -3.188832488625753525e-02 -3.887168542108333097e-02 1.815700000000000000e+04
1.141233458569757744e+02 1.027506835662410495e-01 -3.071502150622756541e-02 -3.768366532761603660e-02 1.833900000000000000e+04
1.162159397555423084e+02 9.916249155225365097e-02 -2.940669145322175743e-02 -3.741313071123220785e-02 1.957300000000000000e+04
1.183137204803772420e+02 9.604229719441391422e-02 -2.829437273730582569e-02 -3.961783203082191313e-02 1.994100000000000000e+04
1.203972311807013256e+02 9.357016331551883115e-02 -2.814218081067576538e-02 -3.709106048694153085e-02 2.062900000000000000e+04
1.224922363187857286e+02 9.102820507063209832e-02 -2.649654836246402925e-02 -4.191786733505082491e-02 2.165500000000000000e+04
1.245882598425863534e+02 8.879318081050174838e-02 -2.615388620121093799e-02 -3.976944771718608079e-02 2.211300000000000000e+04
1.266884677158377315e+02 8.634193630706175904e-02 -2.457073128319101421e-02 -4.214603809834804177e-02 2.318500000000000000e+04
1.287846620419940962e+02 8.421896701113665284e-02 -2.445191199029107115e-02 -4.040937000395536383e-02 2.366700000000000000e+04
1.308713393788149801e+02 8.256865120528611435e-02 -2.424196684410485914e-02 -3.983425038628695541e-02 2.438500000000000000e+04
1.329754833440644575e+02 8.039555157519591433e-02 -2.226994092266221595e-02 -4.060975451146510429e-02 2.574900000000000000e+04
1.350691081525609434e+02 7.925313095467591273e-02 -2.250949208685782549e-02 -4.031838591197954569e-02 2.567500000000000000e+04
1.371638825856825576e+02 7.738165539045281649e-02 -2.108007936659015563e-02 -4.091931053411886066e-02 2.740900000000000000e+04
1.392604757372163533e+02 7.628490396942345930e-02 -2.075069074780113570e-02 -3.957572699610390626e-02 2.740500000000000000e+04
1.413466882908376760e+02 7.508642490763617339e-02 -2.035685472743953284e-02 -4.025677854399867250e-02 2.871700000000000000e+04
1.434475230090064031e+02 7.406551994572826980e-02 -1.919270544720152322e-02 -4.077935186046388605e-02 2.959500000000000000e+04
1.455452853418541679e+02 7.293404845470312370e-02 -1.931223310394637738e-02 -3.880439149607080307e-02 3.030100000000000000e+04
1.476332061073587738e+02 7.188736416653894457e-02 -1.823959834162829086e-02 -3.916769739961230290e-02 3.110100000000000000e+04
1.497211472843286231e+02 7.146133402600123030e-02 -1.742363343779879115e-02 -4.139226086929656545e-02 3.202300000000000000e+04
1.518138048751577287e+02 7.040845576256481164e-02 -1.727126246748897712e-02 -3.915472506156834204e-02 3.297700000000000000e+04
1.539211490100352648e+02 6.984984424684920201e-02 -1.642049541428924897e-02 -3.897527201954328196e-02 3.444900000000000000e+04
1.560214747341236716e+02 6.922080524495041742e-02 -1.658888231681105579e-02 -3.803039519313035355e-02 3.454900000000000000e+04
1.581161747588121784e+02 6.866741631091820286e-02 -1.564329150101686702e-02 -3.948225447581749786e-02 3.611100000000000000e+04
1.602118712271799836e+02 6.808894166194742747e-02 -1.560914954653392500e-02 -3.705433080423468917e-02 3.654100000000000000e+04
1.623006419462898862e+02 6.737869568926459218e-02 -1.539338874932598931e-02 -3.724207494076531982e-02 3.771700000000000000e+04
1.643899033199985240e+02 6.708718843542828270e-02 -1.485261815970420791e-02 -3.793982787079300256e-02 3.861900000000000000e+04
1.664835582381511756e+02 6.631549405545003606e-02 -1.473801892627771802e-02 -3.618071141444945821e-02 3.966100000000000000e+04
1.685719683778473552e+02 6.601542029830148595e-02 -1.464304273579211668e-02 -3.571849302380717545e-02 4.054500000000000000e+04
1.706641332089364766e+02 6.530456166677199581e-02 -1.480213522593214551e-02 -3.418175170582567202e-02 4.181500000000000000e+04
1.727708699256135390e+02 6.487054537052079628e-02 -1.443541625412089399e-02 -3.456249613299153950e-02 4.312500000000000000e+04
1.748696546009699659e+02 6.435308090761580890e-02 -1.498569059150301787e-02 -3.319919369460493097e-02 4.368100000000000000e+04
1.769585769494445344e+02 6.388143443721362724e-02 -1.486638433156501314e-02 -3.290929827508819877e-02 4.462900000000000000e+04
1.790524509315575301e+02 6.323380874047418443e-02 -1.478819812377520949e-02 -3.162486142773142384e-02 4.622700000000000000e+04
1.811526521261263554e+02 6.283903049041790478e-02 -1.515086338495595132e-02 -3.035935598378347242e-02 4.690900000000000000e+04
1.832476884130738881e+02 6.227310375123308595e-02 -1.488155860154726819e-02 -3.052904978489474203e-02 4.823700000000000000e+04
1.853312475833926101e+02 6.166023917975486240e-02 -1.539963848008986912e-02 -2.803940716196027041e-02 4.858300000000000000e+04
1.874284892203218931e+02 6.121704640322796209e-02 -1.525364208967447052e-02 -2.814939528422932130e-02 5.099700000000000000e+04
1.895337179075755216e+02 6.081741525258586856e-02 -1.562928509240316469e-02 -2.794688113001443999e-02 5.139700000000000000e+04
1.916268196474026126e+02 6.023169281247107987e-02 -1.587479213693124974e-02 -2.616615063970221047e-02 5.248900000000000000e+04
1.937183403446852878e+02 5.963139570755675994e-02 -1.619827255904134761e-02 -2.456756902183138483e-02 5.378700000000000000e+04
1.958131498886989164e+02 5.913868650831240192e-02 -1.657919340941478928e-02 -2.408760229653010218e-02 5.491300000000000000e+04
1.979058740098966211e+02 5.848084089984546818e-02 -1.645496557925045164e-02 -2.315331181128076760e-02 5.597700000000000000e+04
1.999990651597893816e+02 5.800357391176234195e-02 -1.699756115259758171e-02 -2.156906025110123110e-02 5.741500000000000000e+04
2.020893038374759101e+02 5.747407970310539072e-02 -1.720941665329250858e-02 -2.059971133267516144e-02 5.810500000000000000e+04
2.041823192148177952e+02 5.696373982471691910e-02 -1.741304524057950970e-02 -2.021865285200164994e-02 6.003300000000000000e+04
2.062825911013838152e+02 5.649360038401948086e-02 -1.792296962753173184e-02 -1.827157599447135419e-02 6.094900000000000000e+04
2.083770189145966185e+02 5.585157209590092819e-02 -1.814890839527769431e-02 -1.694422628395405792e-02 6.223500000000000000e+04
2.104675816794403431e+02 5.545189064940489465e-02 -1.847434906938344099e-02 -1.653852926250088881e-02 6.322900000000000000e+04
2.125667854244018145e+02 5.490219821921896864e-02 -1.879397492646743204e-02 -1.560367926577773887e-02 6.513300000000000000e+04
2.146619261104851830e+02 5.448239037228750498e-02 -1.905910959156997472e-02 -1.431208003251482550e-02 6.570700000000000000e+04
2.167561805722037036e+02 5.389328073229194410e-02 -1.953066452509701761e-02 -1.273124949582390454e-02 6.756100000000000000e+04
2.188528705899679210e+02 5.342889597516744388e-02 -1.970529719454284720e-02 -1.251495324548084452e-02 6.850500000000000000e+04
2.209456427453084473e+02 5.313979925513202807e-02 -2.027109746119195796e-02 -1.100590005307640340e-02 6.994300000000000000e+04
2.230395148320731096e+02 5.257453664570480717e-02 -2.069422917699113157e-02 -1.028783568090969359e-02 7.109700000000000000e+04
2.251356732858534997e+02 5.213506042921964984e-02 -2.109030879077139140e-02 -9.099530223316391192e-03 7.302100000000000000e+04
2.272278504864401327e+02 5.175789442207105046e-02 -2.168286473699404179e-02 -8.071362203159185983e-03 7.331700000000000000e+04
2.293197511287232544e+02 5.128090741521878354e-02 -2.202589729082863809e-02 -7.724687254937332576e-03 7.579900000000000000e+04
2.314114772346510165e+02 5.090436751027573731e-02 -2.286757457151510076e-02 -5.975623664682526252e-03 7.602100000000000000e+04
2.335058467478245632e+02 5.050575850770790132e-02 -2.327343512859869970e-02 -4.777242682349431419e-03 7.875300000000000000e+04
2.356041652202905539e+02 5.023084790141135042e-02 -2.399121134084878162e-02 -4.519209609249486524e-03 7.929100000000000000e+04
2.377006336558306998e+02 4.990134179330800446e-02 -2.462341432297582289e-02 -3.495213342123823248e-03 8.112900000000000000e+04
2.397972750390475198e+02 4.964009237450031642e-02 -2.522057722330086141e-02 -2.393463015080653494e-03 8.244100000000000000e+04
2.418944602532704096e+02 4.931764769257528797e-02 -2.616271240539297036e-02 -7.100163359328641541e-04 8.394900000000000000e+04
2.439884227569783093e+02 4.903923076580462420e-02 -2.647179857265457084e-02 -8.863321818102405658e-04 8.512300000000000000e+04
2.460835996828307373e+02 4.894783528954611829e-02 -2.744717975968170506e-02 9.799899545778439740e-04 8.692900000000000000e+04
2.481755280705312146e+02 4.867467666691747963e-02 -2.807675884030006591e-02 1.893414742417178463e-03 8.778900000000000000e+04
2.502623700647570217e+02 4.864968247184955213e-02 -2.893758518002161051e-02 3.277772130622432552e-03 8.962300000000000000e+04
2.523586155105348325e+02 4.852037438834168326e-02 -2.955977913920798672e-02 3.693327092889544302e-03 9.134100000000000000e+04
2.544547077866985489e+02 4.852534323985187997e-02 -3.059205746521270058e-02 5.306531522522070499e-03 9.284500000000000000e+04
2.565487653287422063e+02 4.852225144801848578e-02 -3.142148942716251059e-02 6.627275787312183510e-03 9.408700000000000000e+04
2.586464955058470991e+02 4.850800967806000175e-02 -3.231995910632871200e-02 7.723436276266545421e-03 9.633300000000000000e+04
2.607443047329861656e+02 4.868913065993236283e-02 -3.343761062214016533e-02 9.541203910498447308e-03 9.724900000000000000e+04
2.628438312173413465e+02 4.867939709710161073e-02 -3.410850894773195113e-02 1.061757122299796657e-02 9.950100000000000000e+04
2.649298855659840228e+02 4.894898058129049795e-02 -3.542584999239950516e-02 1.212225341114309823e-02 9.928300000000000000e+04
2.670163698864117805e+02 4.925188741605576737e-02 -3.635118490884736014e-02 1.355812313639436113e-02 1.025370000000000000e+05
2.691120556714307668e+02 4.926325029350702572e-02 -3.602842703727710677e-02 1.247294531566225939e-02 1.022830000000000000e+05
2.712074998348403483e+02 4.890077714952136001e-02 -3.434277878031547632e-02 8.324045205013621065e-03 1.021060000000000000e+05
2.733050116933233653e+02 4.863990895209059639e-02 -3.278142991831273223e-02 4.736741476034056833e-03 1.007340000000000000e+05
2.753977295572417461e+02 4.812294280980534272e-02 -3.070973952899873349e-02 -3.305857329150413675e-04 9.999400000000000000e+04
2.774958294534935703e+02 4.772730958246093613e-02 -2.950323572004399583e-02 -3.440045673247934480e-03 9.936000000000000000e+04
2.795977707949222122e+02 4.726893623640499725e-02 -2.764977117934266232e-02 -8.080510486597939843e-03 9.860800000000000000e+04
2.816862895118986785e+02 4.674418513164881051e-02 -2.642207955158435567e-02 -1.168284351551793741e-02 9.625200000000000000e+04
2.837743515740906446e+02 4.619546105613610287e-02 -2.504922244620055166e-02 -1.555834621919913521e-02 9.640000000000000000e+04
2.858713251310674650e+02 4.572905496323929203e-02 -2.393593653621290188e-02 -1.855690769050021352e-02 9.539800000000000000e+04
2.879670932628575883e+02 4.506353036340839807e-02 -2.288117394240658103e-02 -2.179539138006921298e-02 9.402000000000000000e+04
2.900590582015512382e+02 4.448195247941583857e-02 -2.171884422115932106e-02 -2.527441605398403346e-02 9.316000000000000000e+04
2.921519201901450060e+02 4.394303395621806940e-02 -2.104071335183468547e-02 -2.788748409322843597e-02 9.177600000000000000e+04
2.942485935102203030e+02 4.339845404006748703e-02 -2.022471234702203843e-02 -3.022286761065947833e-02 9.137800000000000000e+04
2.963426645133968691e+02 4.288671050805400314e-02 -1.969451706711732378e-02 -3.254899452094833778e-02 8.949000000000000000e+04
2.984329904966970162e+02 4.238845376838532714e-02 -1.904790304600815706e-02 -3.518414524982515362e-02 8.845000000000000000e+04
3.005290481640043367e+02 4.196901861556780189e-02 -1.865177310632184365e-02 -3.697805113312923470e-02 8.794600000000000000e+04
3.026245947235937592e+02 4.156008545435808943e-02 -1.842820463029954184e-02 -3.845768019418508571e-02 8.575200000000000000e+04
3.047205651109674704e+02 4.101301247996197441e-02 -1.808091337237062446e-02 -3.984392502695309479e-02 8.574400000000000000e+04
3.068167457111920839e+02 4.063274408069546262e-02 -1.792337142476393627e-02 -4.152050659703895169e-02 8.322000000000000000e+04
3.089118625384018060e+02 4.026609269172748418e-02 -1.790996970036948591e-02 -4.230334959058451583e-02 8.302000000000000000e+04
3.110099981664167785e+02 3.985673219279729784e-02 -1.801398031359761204e-02 -4.320547117200904119e-02 8.106400000000000000e+04
3.131040997612852266e+02 3.943710494394515181e-02 -1.801086916461613202e-02 -4.402815724389374380e-02 7.983000000000000000e+04
3.151936712677708670e+02 3.923938304272305000e-02 -1.817014276399181796e-02 -4.444785936484069860e-02 7.823800000000000000e+04
3.172858841403398173e+02 3.889674540441299955e-02 -1.843752914331761583e-02 -4.525358835426255416e-02 7.715400000000000000e+04
3.193772099476266817e+02 3.868207786545804772e-02 -1.873108869157250750e-02 -4.499536319070556595e-02 7.546600000000000000e+04
3.214753775151562536e+02 3.841631298546260842e-02 -1.889901964888249589e-02 -4.559657066762520111e-02 7.480200000000000000e+04
3.235746879206847666e+02 3.817294075347067023e-02 -1.915930255559245010e-02 -4.585501572169183027e-02 7.258000000000000000e+04
3.256647237020029024e+02 3.810174818041787981e-02 -1.946780700218658441e-02 -4.578354343240109009e-02 7.133800000000000000e+04
3.277571324083919535e+02 3.790361012965538789e-02 -1.970272233373092721e-02 -4.625923468967645807e-02 6.964200000000000000e+04
3.298487111637800240e+02 3.789221489576329038e-02 -2.021380159725481157e-02 -4.582160223795772591e-02 6.832600000000000000e+04
3.319433744068021497e+02 3.782824479823207464e-02 -2.041985806845748180e-02 -4.639300833503467308e-02 6.674400000000000000e+04
3.340422322988853239e+02 3.777367121547665213e-02 -2.086452919418652074e-02 -4.606619041847102858e-02 6.533800000000000000e+04
3.361307892565458246e+02 3.779950695712909481e-02 -2.128885084230378727e-02 -4.630756582073546762e-02 6.315600000000000000e+04
3.382251120895489294e+02 3.773211744846753646e-02 -2.162172913552732820e-02 -4.670077796037904599e-02 6.214000000000000000e+04
3.403264013195363304e+02 3.789928796577134162e-02 -2.216318378128113303e-02 -4.632868338079974141e-02 6.051400000000000000e+04
3.424148842577288860e+02 3.777114416961097759e-02 -2.243596052571454960e-02 -4.675619321756171315e-02 5.799000000000000000e+04
3.445099495577244397e+02 3.796899446202468137e-02 -2.292417339798464779e-02 -4.661362207570184796e-02 5.742400000000000000e+04
3.466144105402300397e+02 3.801357434426320958e-02 -2.324330529375367993e-02 -4.731118674761468357e-02 5.518200000000000000e+04
3.487067496858389859e+02 3.820039185827225903e-02 -2.345068489187289440e-02 -4.806696784127240107e-02 5.306800000000000000e+04
3.507912540595516475e+02 3.821204234052162640e-02 -2.408823658029997372e-02 -4.731771386182181960e-02 5.152800000000000000e+04
3.528807167895711814e+02 3.834267744820470114e-02 -2.377690058629038788e-02 -4.979877742680120789e-02 4.954600000000000000e+04
3.549828487415276754e+02 3.871391921146850879e-02 -2.476906888904198065e-02 -4.846549808590884523e-02 4.846600000000000000e+04
3.570768480370360862e+02 3.862501799403947333e-02 -2.443603044810533850e-02 -5.050867885607525365e-02 4.566600000000000000e+04
3.591652111747225717e+02 3.890631615222608919e-02 -2.481554990483009898e-02 -5.082190462082963878e-02 4.423000000000000000e+04
3.612627896178847777e+02 3.905494955578743543e-02 -2.451282600979655044e-02 -5.308581239231890958e-02 4.254000000000000000e+04
3.633645820428338880e+02 3.910973632993703514e-02 -2.391564722944614085e-02 -5.549695179236566189e-02 4.022200000000000000e+04
3.654527365610065885e+02 3.937368929752980279e-02 -2.493779618774703138e-02 -5.448472105191948939e-02 3.842200000000000000e+04
3.675441472124314259e+02 3.914071236396605979e-02 -2.285616024935329185e-02 -6.024879728619356167e-02 3.624600000000000000e+04
3.696396280380744201e+02 3.960863122943430320e-02 -2.343088293528432231e-02 -6.063423343919460001e-02 3.455200000000000000e+04
3.717297223820279441e+02 3.932867478103923425e-02 -2.146808131922316523e-02 -6.597083722379580573e-02 3.213600000000000000e+04
3.738176974939287902e+02 3.922323059464696837e-02 -2.051139095542837271e-02 -6.926538089847056323e-02 3.029200000000000000e+04
3.759110996783247174e+02 3.888363460974039731e-02 -1.806635428577567717e-02 -7.557539293220161269e-02 2.830200000000000000e+04
3.780081394014102898e+02 3.851991616448535716e-02 -1.537496524884135116e-02 -8.249100438834007509e-02 2.605600000000000000e+04
3.801051557582653118e+02 3.790793012884104835e-02 -1.299888007374625648e-02 -8.782362280087122053e-02 2.421100000000000000e+04
3.821955053587425937e+02 3.758482448619861194e-02 -1.046018334925927912e-02 -9.410835728965440128e-02 2.220600000000000000e+04
3.842862749912937943e+02 3.760515838717765069e-02 -8.581232538136316160e-03 -9.956654676771904688e-02 2.088400000000000000e+04
3.863841918340856409e+02 3.768401925826556087e-02 -7.536574742693901048e-03 -1.027982069054261399e-01 1.939200000000000000e+04
3.884771734501698006e+02 3.755858852791992691e-02 -6.366833333725369082e-03 -1.059847207541120689e-01 1.805800000000000000e+04
3.905623371605522607e+02 3.801468254010693937e-02 -5.420637089481100332e-03 -1.100031425486708292e-01 1.674600000000000000e+04
3.926667500119167471e+02 3.826288493200091095e-02 -4.574902336483443153e-03 -1.134142444670366290e-01 1.589800000000000000e+04
3.947778557744774162e+02 3.867169117791975641e-02 -3.987175382096619890e-03 -1.165603191292604868e-01 1.457800000000000000e+04
3.968631060462392952e+02 3.882265871849983896e-02 -3.590848923078527460e-03 -1.186072743341393121e-01 1.344300000000000000e+04
3.989413219049817485e+02 3.935464696919241390e-02 -3.016794768512695048e-03 -1.221452553122148316e-01 1.251100000000000000e+04
4.010572258526528344e+02 3.956804054772339319e-02 -2.519458398155065802e-03 -1.245442638531069762e-01 1.191900000000000000e+04
4.031656962107319373e+02 4.000613795647849774e-02 -2.184247536613758908e-03 -1.271943335710596923e-01 1.063900000000000000e+04
4.052249146637423678e+02 4.020182851703725524e-02 -1.901381178565593900e-03 -1.290370686254163901e-01 9.775000000000000000e+03
4.073276634718891387e+02 4.056539474285460883e-02 -1.604917168934755483e-03 -1.315474618569572873e-01 9.423000000000000000e+03
4.094593776408451049e+02 4.091275904026510368e-02 -1.394129655421083103e-03 -1.335610525040880348e-01 8.449000000000000000e+03
4.115405539130957777e+02 4.131427612866417354e-02 -1.021549677138992949e-03 -1.361158774228632129e-01 7.596000000000000000e+03
4.135894252671187132e+02 4.151809471407615776e-02 -8.976271978192769266e-04 -1.374369522606187222e-01 6.931000000000000000e+03
4.156930049049321951e+02 4.180859160278654896e-02 -5.496806001400784568e-04 -1.397851559236364949e-01 6.612000000000000000e+03
4.178272827209258367e+02 4.221232599036114919e-02 -2.901014985255894818e-04 -1.419761421865723960e-01 5.899000000000000000e+03
4.199082037741286513e+02 4.297962292672528883e-02 -7.787071492211412860e-05 -1.453658855415542461e-01 5.176000000000000000e+03
4.219826095167229028e+02 4.295084904574719004e-02 -1.189076944964069082e-04 -1.457715303327060674e-01 4.824000000000000000e+03
4.241028763136273483e+02 4.332893508378789921e-02 9.765435468465951175e-06 -1.478946529101265450e-01 4.312000000000000000e+03
4.262107721966358440e+02 4.437468005805415838e-02 -2.338742009436905580e-05 -1.516871638962583035e-01 3.819000000000000000e+03
4.282460731868927724e+02 4.535301879617188031e-02 -1.439446225084768031e-04 -1.552633854589837992e-01 3.220000000000000000e+03
4.303287648834323136e+02 4.555812790103661025e-02 -1.056494579933091619e-04 -1.565848967671244207e-01 3.132000000000000000e+03
4.325172248853483552e+02 4.636707700089193196e-02 -2.015478807049504825e-04 -1.596924990875716321e-01 2.680000000000000000e+03
4.346325070601815810e+02 4.727477529735378547e-02 -1.172298288281766084e-04 -1.631581401051779012e-01 2.218000000000000000e+03
4.365567227659553851e+02 4.752969659366262228e-02 -9.906691523003373107e-05 -1.641330268590023567e-01 1.728000000000000000e+03
4.386277159174848634e+02 4.848433618447155202e-02 -1.308537218782730347e-04 -1.680593494763554796e-01 1.816000000000000000e+03
4.409019266196692683e+02 4.974357949126324147e-02 -1.951773980163931644e-04 -1.726050066381623893e-01 1.476000000000000000e+03
4.430735479208619836e+02 5.077846027406525409e-02 -1.375349732315455124e-04 -1.765035036974348659e-01 1.108000000000000000e+03
4.448761117541747012e+02 5.272277254173460964e-02 -3.588513050586194077e-04 -1.829938082699862356e-01 7.560000000000000000e+02
4.469343758523184533e+02 5.325679764399207650e-02 -3.133737993625071048e-04 -1.853299555064716608e-01 8.440000000000000000e+02
4.493013102792758104e+02 5.384061358034196443e-02 -2.355990332687317012e-04 -1.876369068081634728e-01 6.280000000000000000e+02
4.515989744176221734e+02 5.587727295223479662e-02 -2.509811100158185595e-04 -1.949435195313918290e-01 4.050000000000000000e+02
4.533101867737696580e+02 5.683675275686532469e-02 -3.786639982164812651e-04 -1.981106248137178005e-01 2.020000000000000000e+02
4.552338387398290820e+02 5.583184395337844469e-02 -1.221097035092240130e-04 -1.950687728370565921e-01 2.280000000000000000e+02
4.576034578613840722e+02 5.835564922132623067e-02 -7.618244956275741951e-05 -2.040371522471919330e-01 1.240000000000000000e+02
4.599517872444100703e+02 5.807585471736999988e-02 -7.890093521596924873e-05 -2.031199823329048471e-01 5.200000000000000000e+01
4.619205689144050666e+02 6.239993960909469978e-02 2.292980861280403948e-04 -2.185953834054937261e-01 9.000000000000000000e+00
4.634281054380590490e+02 5.627817857106487409e-02 3.091855662965235514e-05 -1.969926355648681515e-01 4.000000000000000000e+00
