2.966547074898984615e+00 2.131739469832354406e+00 -7.219185828169537578e-01 -1.576880347684146422e+00 1.300000000000000000e+01
5.026374055021858744e+00 1.203427274935368052e+00 -3.199679980675236290e-01 4.444657673876843407e-01 3.300000000000000000e+01
7.149300621522788113e+00 7.272081764352377187e-01 -5.425200240205911850e-01 -1.409288859378253767e-01 7.900000000000000000e+01
9.278869254964254409e+00 4.883174950962341776e-01 -4.985599436998506273e-01 -3.957561101241107576e-02 1.170000000000000000e+02
1.145033261934470126e+01 3.546988369601355995e-01 -3.768399262255601734e-01 9.363910744955128429e-03 2.050000000000000000e+02
1.349295587141915043e+01 2.737020719928636159e-01 -2.786584080197483937e-01 7.767826922101428444e-02 2.350000000000000000e+02
1.558905561191892986e+01 2.261690513324883245e-01 -2.191778615643075190e-01 4.152541068975064420e-02 3.690000000000000000e+02
1.769408367255316961e+01 1.935717938705861507e-01 -1.780483804387874569e-01 5.528718907838654772e-02 4.330000000000000000e+02
1.981787480313529670e+01 1.720121088424765021e-01 -1.070514113891590791e-01 5.204773032707426389e-02 5.850000000000000000e+02
2.192074938196263645e+01 1.570671185747075371e-01 -6.918867213100972358e-02 6.060654774323511601e-02 6.790000000000000000e+02
2.398877635566245203e+01 1.578820911435290242e-01 -3.431354408194550037e-02 1.095203695331412735e-02 8.130000000000000000e+02
2.609286971896115759e+01 1.530047449532677961e-01 -9.218164809912172963e-03 -9.782315494863554409e-03 9.850000000000000000e+02
2.823466315278179550e+01 1.436876758282168709e-01 2.356224471657537270e-04 7.266765946823528118e-03 1.183000000000000000e+03
3.032284873509123102e+01 1.332050470557520627e-01 -8.407193408334999798e-03 -1.656082831048829793e-02 1.269000000000000000e+03
3.240263258943403457e+01 1.269876648660779872e-01 -2.365714890581244872e-02 -4.425118135767243388e-02 1.537000000000000000e+03
3.449210129864554375e+01 1.174172822864092136e-01 -4.160394429666645910e-02 -4.405514005685743500e-02 1.653000000000000000e+03
3.658588147515196454e+01 1.054093951912758453e-01 -5.352471078302245555e-02 -3.451300008458430685e-02 1.963000000000000000e+03
3.868476949266977272e+01 9.848958776466296139e-02 -5.525321779997326849e-02 -2.920805240538744060e-02 2.121000000000000000e+03
4.078898888458283523e+01 8.988338227180762974e-02 -4.845253457986840179e-02 -5.592021267251096224e-03 2.413000000000000000e+03
4.289390876967645738e+01 8.694746222120658397e-02 -3.825096991438177441e-02 9.400230798428608689e-03 2.635000000000000000e+03
4.498336005546935468e+01 8.395613415208336150e-02 -2.977248197698459387e-02 2.115189370539311692e-02 2.877000000000000000e+03
4.706498529473824988e+01 7.869171631492533070e-02 -2.516415280476359123e-02 2.143737026613824759e-02 3.169000000000000000e+03
4.917111919158227096e+01 7.682332454836485192e-02 -2.015390161279614553e-02 2.563103230856153200e-02 3.507000000000000000e+03
5.126216914174227668e+01 7.262323478287627254e-02 -2.223656628304614136e-02 2.508935795268231114e-02 3.685000000000000000e+03
5.335525146837034072e+01 6.913873782832290205e-02 -2.017315683979075541e-02 2.417772756569791862e-02 4.165000000000000000e+03
5.546637228956934251e+01 6.707406274347514630e-02 -1.905105721820388176e-02 1.766853954275858854e-02 4.377000000000000000e+03
5.757318819254808773e+01 6.373399908644739043e-02 -2.310167511314172722e-02 1.003618947567794586e-02 4.855000000000000000e+03
5.965884044590281121e+01 6.017065404244448246e-02 -2.565474989716390319e-02 4.281762540156856464e-03 4.929000000000000000e+03
6.174512302159506305e+01 5.607568132356868795e-02 -2.777548758551716748e-02 2.071836611365251470e-03 5.581000000000000000e+03
6.382689291137189969e+01 5.343793192674497344e-02 -3.001313908013228393e-02 4.363046810913075819e-04 5.679000000000000000e+03
6.592966228838450604e+01 5.072640042603933364e-02 -2.987714190981075393e-02 -2.803675538304432110e-04 6.385000000000000000e+03
6.803125784825746791e+01 4.936236292104453222e-02 -2.878637470533794082e-02 5.926160876849273507e-03 6.553000000000000000e+03
7.013131008699485847e+01 4.825592005256365558e-02 -2.585488638999532823e-02 7.825908705836541468e-03 7.125000000000000000e+03
7.223032366074338029e+01 4.656943072558800134e-02 -2.307806235996867975e-02 1.129772802491905807e-02 7.447000000000000000e+03
7.432334270720505742e+01 4.537239702088691207e-02 -2.086723820150396605e-02 1.181398207491824934e-02 7.929000000000000000e+03
7.642066756954473306e+01 4.301481288811495607e-02 -2.058919628150606557e-02 1.300100922654363021e-02 8.353000000000000000e+03
7.850471694556040347e+01 4.057945209331688396e-02 -2.126973003906113338e-02 1.296990617617531545e-02 8.775000000000000000e+03
8.059701946059529121e+01 3.904666216608090878e-02 -2.155982767670225342e-02 1.238642882956061432e-02 9.313000000000000000e+03
8.269521798132063850e+01 3.665485157918058762e-02 -2.293657771060273950e-02 1.040284442235231074e-02 9.841000000000000000e+03
8.478307522909847194e+01 3.501151995082130847e-02 -2.318235668850726280e-02 9.338270567836979771e-03 1.019100000000000000e+04
8.687780839616016237e+01 3.392138168873922582e-02 -2.289049772081408127e-02 9.061822506350401471e-03 1.089700000000000000e+04
8.897524569656535220e+01 3.204668857028624557e-02 -2.170596240910753136e-02 8.501116602634200756e-03 1.130100000000000000e+04
9.108077810470518898e+01 3.125963798028236901e-02 -2.141267758429611992e-02 1.131145359909407205e-02 1.202500000000000000e+04
9.318432266948052245e+01 3.042542039901755327e-02 -1.968994814904617696e-02 1.080747083018151339e-02 1.242300000000000000e+04
9.527887641048309320e+01 2.963552408388563791e-02 -1.692305956102468575e-02 1.194171407568757164e-02 1.302100000000000000e+04
9.736254237981037818e+01 2.880083063718973102e-02 -1.510013505615610818e-02 1.383908370645216615e-02 1.340500000000000000e+04
9.944832814799407572e+01 2.782563125215664623e-02 -1.429409535730372452e-02 1.422712885276748891e-02 1.424700000000000000e+04
1.015460879802399035e+02 2.666158983098827415e-02 -1.485224010505235837e-02 1.386196527714073957e-02 1.471300000000000000e+04
1.036426375667732316e+02 2.589703449365685431e-02 -1.439549226198959253e-02 1.199374495654867423e-02 1.548900000000000000e+04
1.057389390539465950e+02 2.454374845529004243e-02 -1.584897384110398044e-02 1.099935930144954610e-02 1.591300000000000000e+04
1.078395855981474227e+02 2.379114377205893138e-02 -1.583544388031886407e-02 9.677277166670343947e-03 1.687900000000000000e+04
1.099389405850131709e+02 2.302276174984772134e-02 -1.596641622435172533e-02 8.896811720956843833e-03 1.719300000000000000e+04
1.120392143152385387e+02 2.223142437482755057e-02 -1.540842903470286511e-02 7.367652780296642112e-03 1.815700000000000000e+04
1.141233458569757744e+02 2.176487984641062648e-02 -1.457292362784599199e-02 8.041106686839487316e-03 1.833900000000000000e+04
1.162159397555423084e+02 2.116393259402891622e-02 -1.369232760961833044e-02 7.941289232427725317e-03 1.957300000000000000e+04
1.183137204803772420e+02 2.082073385486699763e-02 -1.316586455643233879e-02 6.964479227833351993e-03 1.994100000000000000e+04
1.203972311807013256e+02 2.044343071558145028e-02 -1.294262096938673251e-02 7.478983022993285039e-03 2.062900000000000000e+04
1.224922363187857286e+02 1.994552011288048404e-02 -1.239131248580556573e-02 6.721644206556193733e-03 2.165500000000000000e+04
1.245882598425863534e+02 1.947690839567825516e-02 -1.219897716801180559e-02 6.664711957503940964e-03 2.211300000000000000e+04
1.266884677158377315e+02 1.887675886012413207e-02 -1.181212433273409745e-02 6.751070828534200957e-03 2.318500000000000000e+04
1.287846620419940962e+02 1.844936143036782217e-02 -1.140510782417198180e-02 6.488492814678581758e-03 2.366700000000000000e+04
1.308713393788149801e+02 1.787940664735414298e-02 -1.133602204602390633e-02 6.252520739076702742e-03 2.438500000000000000e+04
1.329754833440644575e+02 1.726466765779708853e-02 -1.149801999356545902e-02 6.215927027008537331e-03 2.574900000000000000e+04
1.350691081525609434e+02 1.662187820744195910e-02 -1.130452999329951101e-02 6.322855881773486314e-03 2.567500000000000000e+04
1.371638825856825576e+02 1.612490426146784978e-02 -1.113912969471931615e-02 5.802671678089564231e-03 2.740900000000000000e+04
1.392604757372163533e+02 1.581965290601398608e-02 -1.101397356979071790e-02 6.241076291338453277e-03 2.740500000000000000e+04
1.413466882908376760e+02 1.563732940604436322e-02 -1.045532923735883850e-02 5.319498669899272100e-03 2.871700000000000000e+04
1.434475230090064031e+02 1.535200847042205059e-02 -1.004306998275322077e-02 5.574654423403882335e-03 2.959500000000000000e+04
1.455452853418541679e+02 1.495362559805337235e-02 -9.528601413798704761e-03 5.097432239174635657e-03 3.030100000000000000e+04
1.476332061073587738e+02 1.477770502626364439e-02 -9.424835917158213422e-03 5.236778842251547245e-03 3.110100000000000000e+04
1.497211472843286231e+02 1.449980823698839884e-02 -8.628588307014350978e-03 4.298045372938410526e-03 3.202300000000000000e+04
1.518138048751577287e+02 1.418742856405307007e-02 -8.618949344826458067e-03 4.498739670157460638e-03 3.297700000000000000e+04
1.539211490100352648e+02 1.402753739886121800e-02 -8.263462735470374770e-03 4.251648232418015622e-03 3.444900000000000000e+04
1.560214747341236716e+02 1.374419614926997157e-02 -7.910533395992899036e-03 3.951992931851435083e-03 3.454900000000000000e+04
1.581161747588121784e+02 1.347849320398062864e-02 -8.178344747528695780e-03 3.514670446464699966e-03 3.611100000000000000e+04
1.602118712271799836e+02 1.318820503494201254e-02 -7.967327327238342069e-03 3.321196953526279420e-03 3.654100000000000000e+04
1.623006419462898862e+02 1.292009580507618403e-02 -8.146275747468581518e-03 3.416781908882360677e-03 3.771700000000000000e+04
1.643899033199985240e+02 1.250571220895451557e-02 -8.129687299125745031e-03 2.884467319844640724e-03 3.861900000000000000e+04
1.664835582381511756e+02 1.234566683444867502e-02 -8.006855774394984124e-03 3.082723881967996352e-03 3.966100000000000000e+04
1.685719683778473552e+02 1.217020316337167479e-02 -7.506611284595313301e-03 3.381828771188513140e-03 4.054500000000000000e+04
1.706641332089364766e+02 1.201420426686742975e-02 -7.078071406688468507e-03 3.574162089335738111e-03 4.181500000000000000e+04
1.727708699256135390e+02 1.198073798392103317e-02 -6.772813087348422689e-03 3.488249264922660756e-03 4.312500000000000000e+04
1.748696546009699659e+02 1.194098930205870872e-02 -6.446455061626591224e-03 3.434108699583130093e-03 4.368100000000000000e+04
1.769585769494445344e+02 1.178373897484180990e-02 -6.475934687272755230e-03 3.188418624076474681e-03 4.462900000000000000e+04
1.790524509315575301e+02 1.153589791329483888e-02 -6.471491625622876644e-03 2.903226426170373801e-03 4.622700000000000000e+04
1.811526521261263554e+02 1.139638529951203169e-02 -6.341760062309444168e-03 2.777389817060869816e-03 4.690900000000000000e+04
1.832476884130738881e+02 1.126653741668618390e-02 -6.261345066075064449e-03 2.681129522862505873e-03 4.823700000000000000e+04
1.853312475833926101e+02 1.107605533040266141e-02 -6.181074756926001855e-03 2.636034318529406617e-03 4.858300000000000000e+04
1.874284892203218931e+02 1.096193165192932244e-02 -5.884313302896241465e-03 2.572513782039356246e-03 5.099700000000000000e+04
1.895337179075755216e+02 1.085898602131937785e-02 -5.919977269129475528e-03 2.664809723871325916e-03 5.139700000000000000e+04
1.916268196474026126e+02 1.066954596432559757e-02 -5.888435414334830358e-03 2.879986473056044601e-03 5.248900000000000000e+04
1.937183403446852878e+02 1.063903157467971372e-02 -5.703283949753478084e-03 3.088143255865284480e-03 5.378700000000000000e+04
1.958131498886989164e+02 1.050197322150669098e-02 -5.545999780097496390e-03 3.085649583351298027e-03 5.491300000000000000e+04
1.979058740098966211e+02 1.044198986916244909e-02 -5.379136133238068655e-03 3.063070367586236825e-03 5.597700000000000000e+04
1.999990651597893816e+02 1.035478004374670857e-02 -5.250174335159484180e-03 3.185199666372866712e-03 5.741500000000000000e+04
2.020893038374759101e+02 1.017836889848935597e-02 -5.201793883563751372e-03 2.935675404174751830e-03 5.810500000000000000e+04
2.041823192148177952e+02 1.006537292399869478e-02 -5.259125740622672476e-03 2.685699851871182695e-03 6.003300000000000000e+04
2.062825911013838152e+02 9.958444327387671116e-03 -5.267610720638536519e-03 2.592400516986459631e-03 6.094900000000000000e+04
2.083770189145966185e+02 9.882763585963004818e-03 -5.323592740424784239e-03 2.661497781971285115e-03 6.223500000000000000e+04
2.104675816794403431e+02 9.829282643140705572e-03 -5.059666422625901279e-03 2.383509264690045291e-03 6.322900000000000000e+04
2.125667854244018145e+02 9.777412568633868373e-03 -5.170244895938324453e-03 2.383310290822361881e-03 6.513300000000000000e+04
2.146619261104851830e+02 9.707157198663609113e-03 -4.976951689472080415e-03 2.181620942773433974e-03 6.570700000000000000e+04
2.167561805722037036e+02 9.620639534086561709e-03 -5.108721915668999053e-03 2.401530883360465315e-03 6.756100000000000000e+04
2.188528705899679210e+02 9.527373205103889173e-03 -5.217062190934297627e-03 2.190922603934605979e-03 6.850500000000000000e+04
2.209456427453084473e+02 9.433203080766063356e-03 -5.036289810545695883e-03 2.468934590605434236e-03 6.994300000000000000e+04
2.230395148320731096e+02 9.444306806680603794e-03 -4.944058056357252505e-03 2.563073522724028039e-03 7.109700000000000000e+04
2.251356732858534997e+02 9.421671320286324758e-03 -4.771015721526708150e-03 2.615621010108955605e-03 7.302100000000000000e+04
2.272278504864401327e+02 9.427493200263028714e-03 -4.705961142263623449e-03 2.629873914636012781e-03 7.331700000000000000e+04
2.293197511287232544e+02 9.377756196971245850e-03 -4.703462833855266353e-03 2.581001170821373841e-03 7.579900000000000000e+04
2.314114772346510165e+02 9.371419015503586886e-03 -4.971510966817700716e-03 2.504809554619316821e-03 7.602100000000000000e+04
2.335058467478245632e+02 9.342143116168377670e-03 -5.075932566893997903e-03 2.557107459703364220e-03 7.875300000000000000e+04
2.356041652202905539e+02 9.299428179771140890e-03 -5.070116012557871789e-03 2.494089809079824954e-03 7.929100000000000000e+04
2.377006336558306998e+02 9.279929132158035512e-03 -5.220488171687014990e-03 2.455559206726359509e-03 8.112900000000000000e+04
2.397972750390475198e+02 9.244112266913887335e-03 -5.199911360386541559e-03 2.450678676268747136e-03 8.244100000000000000e+04
2.418944602532704096e+02 9.231669514576190325e-03 -5.330225554321735282e-03 2.835654504814375584e-03 8.394900000000000000e+04
2.439884227569783093e+02 9.214290928468527736e-03 -5.376065053342395789e-03 2.768219869287721381e-03 8.512300000000000000e+04
2.460835996828307373e+02 9.201151592516342709e-03 -5.363387991467337759e-03 3.098793271644597301e-03 8.692900000000000000e+04
2.481755280705312146e+02 9.279988937007668803e-03 -5.368050076233272377e-03 3.332348924930934528e-03 8.778900000000000000e+04
2.502623700647570217e+02 9.280041040618601522e-03 -5.335977274816654237e-03 3.741415429940313057e-03 8.962300000000000000e+04
2.523586155105348325e+02 9.374124078331573170e-03 -5.274176796549481100e-03 3.752812077981657925e-03 9.134100000000000000e+04
2.544547077866985489e+02 9.408562079841217493e-03 -5.430684290298608795e-03 4.098296078231404398e-03 9.284500000000000000e+04
2.565487653287422063e+02 9.475771829075767261e-03 -5.460850652257978263e-03 4.148911574071455222e-03 9.408700000000000000e+04
2.586464955058470991e+02 9.492716293388532220e-03 -5.682926317625219999e-03 4.097822842108283375e-03 9.633300000000000000e+04
2.607443047329861656e+02 9.529046671599934737e-03 -5.869404977752124865e-03 4.157756896418160486e-03 9.724900000000000000e+04
2.628438312173413465e+02 9.608443564468235540e-03 -5.987079965296107989e-03 4.200291475311961759e-03 9.950100000000000000e+04
2.649298855659840228e+02 9.671851992903251344e-03 -6.131438698284100153e-03 4.468077501716050635e-03 9.928300000000000000e+04
2.670163698864117805e+02 9.769826437211347539e-03 -6.142525901285848279e-03 4.660225236569003580e-03 1.025370000000000000e+05
2.691120556714307668e+02 9.759485940687359640e-03 -5.974283474909269399e-03 4.380054066392657409e-03 1.022830000000000000e+05
2.712074998348403483e+02 9.690741200530020652e-03 -5.626961566606036164e-03 3.303177714102460780e-03 1.021060000000000000e+05
2.733050116933233653e+02 9.632202974492643996e-03 -5.267288572129541838e-03 2.606831735386620080e-03 1.007340000000000000e+05
2.753977295572417461e+02 9.597428791916624152e-03 -5.074320620908392629e-03 1.435170226604122554e-03 9.999400000000000000e+04
2.774958294534935703e+02 9.579649138978119788e-03 -4.871813216246981271e-03 8.364221370334496601e-04 9.936000000000000000e+04
2.795977707949222122e+02 9.548868348352158170e-03 -4.795164374627619054e-03 -9.697050463946936018e-05 9.860800000000000000e+04
2.816862895118986785e+02 9.502990244775876005e-03 -4.738567315628250919e-03 -1.120476488333285508e-03 9.625200000000000000e+04
2.837743515740906446e+02 9.542025242989889480e-03 -4.846636165349537534e-03 -2.030075351987479203e-03 9.640000000000000000e+04
2.858713251310674650e+02 9.567419223436878992e-03 -5.003601713524472895e-03 -2.833890623111187581e-03 9.539800000000000000e+04
2.879670932628575883e+02 9.513522877200860511e-03 -4.982795084094864685e-03 -3.676807277342835582e-03 9.402000000000000000e+04
2.900590582015512382e+02 9.488530914200364944e-03 -4.723461824865612425e-03 -4.507875245943657530e-03 9.316000000000000000e+04
2.921519201901450060e+02 9.481884167954495249e-03 -4.521645481600382321e-03 -5.079936047567397243e-03 9.177600000000000000e+04
2.942485935102203030e+02 9.492145877416801117e-03 -4.439442203051017014e-03 -5.534776150444459773e-03 9.137800000000000000e+04
2.963426645133968691e+02 9.519611113046591924e-03 -4.308072360753693007e-03 -6.157691504604915003e-03 8.949000000000000000e+04
2.984329904966970162e+02 9.424586938641052458e-03 -4.334129686550408471e-03 -6.572516028302007041e-03 8.845000000000000000e+04
3.005290481640043367e+02 9.403465287428013422e-03 -4.338269466856993668e-03 -6.902910723538520713e-03 8.794600000000000000e+04
3.026245947235937592e+02 9.388638243872550124e-03 -4.438607106806796709e-03 -7.219681632491578571e-03 8.575200000000000000e+04
3.047205651109674704e+02 9.352777075091751879e-03 -4.388505770001321395e-03 -7.735022502807636056e-03 8.574400000000000000e+04
3.068167457111920839e+02 9.343255158382716627e-03 -4.379110199411373125e-03 -8.082276258222090629e-03 8.322000000000000000e+04
3.089118625384018060e+02 9.380551010629695902e-03 -4.286694444093639214e-03 -8.557107222212688782e-03 8.302000000000000000e+04
3.110099981664167785e+02 9.346225426095386077e-03 -4.248924439578341018e-03 -8.926939567073213094e-03 8.106400000000000000e+04
3.131040997612852266e+02 9.409666573448584315e-03 -4.075091673635689200e-03 -9.514377614817682086e-03 7.983000000000000000e+04
3.151936712677708670e+02 9.505048765039639594e-03 -4.008466744804972497e-03 -1.003853432941772400e-02 7.823800000000000000e+04
3.172858841403398173e+02 9.536147531332585595e-03 -3.879449694219757726e-03 -1.065429664605244305e-02 7.715400000000000000e+04
3.193772099476266817e+02 9.529643902540553546e-03 -3.918274687230123739e-03 -1.084976457133590873e-02 7.546600000000000000e+04
3.214753775151562536e+02 9.453321084242809549e-03 -3.884062776071000190e-03 -1.106761135150794578e-02 7.480200000000000000e+04
3.235746879206847666e+02 9.394906890422603449e-03 -3.894220088066257298e-03 -1.127792657284997987e-02 7.258000000000000000e+04
3.256647237020029024e+02 9.311727282459568433e-03 -4.052849566657927040e-03 -1.120397154029767819e-02 7.133800000000000000e+04
3.277571324083919535e+02 9.318358573769730188e-03 -4.031386968780152104e-03 -1.156924184672610510e-02 6.964200000000000000e+04
3.298487111637800240e+02 9.357247839497406447e-03 -4.144744578260412329e-03 -1.157218118098875259e-02 6.832600000000000000e+04
3.319433744068021497e+02 9.437095688865243873e-03 -4.028094855895370495e-03 -1.213942315671966837e-02 6.674400000000000000e+04
3.340422322988853239e+02 9.515633016970148281e-03 -4.051933105471138517e-03 -1.240508111181767500e-02 6.533800000000000000e+04
3.361307892565458246e+02 9.613825232005273821e-03 -4.023650826411175746e-03 -1.280956762205546703e-02 6.315600000000000000e+04
3.382251120895489294e+02 9.627589606648164627e-03 -3.898721818018937267e-03 -1.327411759064619015e-02 6.214000000000000000e+04
3.403264013195363304e+02 9.652090197546347658e-03 -4.027582399742628792e-03 -1.324309187796405413e-02 6.051400000000000000e+04
3.424148842577288860e+02 9.686584611867467970e-03 -3.922529596528761403e-03 -1.377220165032814678e-02 5.799000000000000000e+04
3.445099495577244397e+02 9.779371711218044771e-03 -4.015117811281307229e-03 -1.397502037429063614e-02 5.742400000000000000e+04
3.466144105402300397e+02 9.881502805828433836e-03 -3.932759817782579582e-03 -1.453973651923779961e-02 5.518200000000000000e+04
3.487067496858389859e+02 9.931878349336639364e-03 -3.986864165189723565e-03 -1.478975963335388104e-02 5.306800000000000000e+04
3.507912540595516475e+02 1.007189827666364959e-02 -4.109418012513539782e-03 -1.497928937805380854e-02 5.152800000000000000e+04
3.528807167895711814e+02 1.002184512681409539e-02 -4.015222565226047972e-03 -1.535821274473796010e-02 4.954600000000000000e+04
3.549828487415276754e+02 1.021643997044721121e-02 -4.263473050317757168e-03 -1.529836941633908737e-02 4.846600000000000000e+04
3.570768480370360862e+02 1.011202995155356665e-02 -4.183005465626885196e-03 -1.547245219963696954e-02 4.566600000000000000e+04
3.591652111747225717e+02 1.020778334732473994e-02 -4.139370490455229236e-03 -1.586292271093073594e-02 4.423000000000000000e+04
3.612627896178847777e+02 1.020578989291895562e-02 -4.072885494752979084e-03 -1.620134255219230282e-02 4.254000000000000000e+04
3.633645820428338880e+02 1.029590674447180762e-02 -3.885298079478156832e-03 -1.702071464894904310e-02 4.022200000000000000e+04
3.654527365610065885e+02 1.044222549098636384e-02 -3.794956489454629541e-03 -1.763499359569615371e-02 3.842200000000000000e+04
3.675441472124314259e+02 1.045536220371255653e-02 -3.575065445770649660e-03 -1.865982495654386689e-02 3.624600000000000000e+04
3.696396280380744201e+02 1.054719929995529167e-02 -3.497753512337263473e-03 -1.915062893273903125e-02 3.455200000000000000e+04
3.717297223820279441e+02 1.044023160627785378e-02 -3.423789485695573603e-03 -1.964168784006056073e-02 3.213600000000000000e+04
3.738176974939287902e+02 1.032346203952209593e-02 -3.312031891949499506e-03 -2.000427751552079705e-02 3.029200000000000000e+04
3.759110996783247174e+02 9.981636563966358316e-03 -2.952186720947806535e-03 -2.052520910890042252e-02 2.830200000000000000e+04
3.780081394014102898e+02 9.621166332196598794e-03 -2.704542066884879463e-03 -2.076203964584353440e-02 2.605600000000000000e+04
3.801051557582653118e+02 9.286673479995165639e-03 -2.267150043715406189e-03 -2.140652081173163510e-02 2.421100000000000000e+04
3.821955053587425937e+02 9.025240700510504116e-03 -1.950538088209341015e-03 -2.198502976416919982e-02 2.220600000000000000e+04
3.842862749912937943e+02 8.755654516470007254e-03 -1.655803800729485934e-03 -2.228802946334529703e-02 2.088400000000000000e+04
3.863841918340856409e+02 8.628865236461086274e-03 -1.543944372182872197e-03 -2.255907835919467377e-02 1.939200000000000000e+04
3.884771734501698006e+02 8.596002149931097208e-03 -1.275763807262933220e-03 -2.342008222046841961e-02 1.805800000000000000e+04
3.905623371605522607e+02 8.615006972602819169e-03 -1.184065021901241658e-03 -2.405164219564838446e-02 1.674600000000000000e+04
3.926667500119167471e+02 8.475969649878825965e-03 -9.628124413186046632e-04 -2.435838793770269892e-02 1.589800000000000000e+04
3.947778557744774162e+02 8.327972495597290095e-03 -9.343094696052479465e-04 -2.422519805541850646e-02 1.457800000000000000e+04
3.968631060462392952e+02 8.264673664024890787e-03 -8.531853771728381119e-04 -2.442723086173465008e-02 1.344300000000000000e+04
3.989413219049817485e+02 7.969873040498766381e-03 -7.778630995732895579e-04 -2.394608459747776807e-02 1.251100000000000000e+04
4.010572258526528344e+02 7.744986822954231381e-03 -6.020802341127252542e-04 -2.374981993503764988e-02 1.191900000000000000e+04
4.031656962107319373e+02 7.588234097503744786e-03 -6.198120924903773032e-04 -2.345077757010985073e-02 1.063900000000000000e+04
4.052249146637423678e+02 7.517163857888056917e-03 -4.958848087339278463e-04 -2.359585463272940997e-02 9.775000000000000000e+03
4.073276634718891387e+02 7.427481626866272099e-03 -2.790788448530006965e-04 -2.388897001580749316e-02 9.423000000000000000e+03
4.094593776408451049e+02 7.345246957306911413e-03 -9.248204815993273380e-05 -2.406085133027580439e-02 8.449000000000000000e+03
4.115405539130957777e+02 7.521151807838546283e-03 -3.284738276443145710e-05 -2.492602574069726490e-02 7.596000000000000000e+03
4.135894252671187132e+02 7.769241004352365337e-03 -8.230825340274649810e-05 -2.579245035892651153e-02 6.931000000000000000e+03
4.156930049049321951e+02 7.593512374468292490e-03 -2.170261421244227911e-04 -2.522951740910176627e-02 6.612000000000000000e+03
4.178272827209258367e+02 7.521814661198721573e-03 -2.533658221006141169e-04 -2.503167902395794786e-02 5.899000000000000000e+03
4.199082037741286513e+02 7.427099548424831096e-03 -2.735291256990457390e-04 -2.475682860408874933e-02 5.176000000000000000e+03
4.219826095167229028e+02 7.660423999121345959e-03 -2.027487473334609481e-04 -2.571349477462825384e-02 4.824000000000000000e+03
4.241028763136273483e+02 7.355296537901699627e-03 -2.150957223670431351e-04 -2.477637772998272578e-02 4.312000000000000000e+03
4.262107721966358440e+02 7.493220103323840892e-03 -2.161670650517612247e-04 -2.527591624318830180e-02 3.819000000000000000e+03
4.282460731868927724e+02 7.275351168846549803e-03 -7.515014685248859482e-05 -2.480738802238664428e-02 3.220000000000000000e+03
4.303287648834323136e+02 7.437671572291335714e-03 -1.088541302310285419e-04 -2.546666693937766832e-02 3.132000000000000000e+03
4.325172248853483552e+02 7.790404114701326467e-03 -6.260716363882028667e-05 -2.685062216206580282e-02 2.680000000000000000e+03
4.346325070601815810e+02 8.032690003708087972e-03 -2.662189569258288578e-05 -2.778341746534487497e-02 2.218000000000000000e+03
4.365567227659553851e+02 8.168721394373424857e-03 -2.198111849472788595e-04 -2.806390719982981147e-02 1.728000000000000000e+03
4.386277159174848634e+02 8.445475710775102868e-03 -2.648004027753357473e-04 -2.904634506246555822e-02 1.816000000000000000e+03
4.409019266196692683e+02 8.059405722952845547e-03 -2.551715349844121310e-04 -2.772679037650212924e-02 1.476000000000000000e+03
4.430735479208619836e+02 7.543358832517551432e-03 -1.978546963570168018e-04 -2.601049778316185182e-02 1.108000000000000000e+03
4.448761117541747012e+02 8.543701787731000988e-03 -3.010703718950600107e-04 -2.936803965064991445e-02 7.560000000000000000e+02
4.469343758523184533e+02 7.307242480256685366e-03 -1.231577952523428868e-04 -2.532618855715220579e-02 8.440000000000000000e+02
4.493013102792758104e+02 7.014755898829990594e-03 5.850476104482165232e-05 -2.453266419238813584e-02 6.280000000000000000e+02
4.515989744176221734e+02 9.074821927688924220e-03 3.489073318813309282e-04 -3.207182898802812127e-02 4.050000000000000000e+02
4.533101867737696580e+02 1.040999946224427722e-02 3.841821551824752164e-04 -3.677521932948717848e-02 2.020000000000000000e+02
4.552338387398290820e+02 1.576376327800407470e-02 4.757119638786921120e-04 -5.561396878377131148e-02 2.280000000000000000e+02
4.576034578613840722e+02 2.281666913228336258e-02 3.692147684487312757e-04 -8.019391901050403060e-02 1.240000000000000000e+02
4.599517872444100703e+02 3.462269379800419350e-02 2.671157247508258205e-04 -1.214146007963832347e-01 5.200000000000000000e+01
4.619205689144050666e+02 3.714937481588519858e-02 1.584718158902189125e-05 -1.300211467293602985e-01 9.000000000000000000e+00
4.634281054380590490e+02 3.802707531565988064e-02 9.747881214061763231e-05 -1.331880764258414340e-01 4.000000000000000000e+00
