2.966547074898984615e+00 9.768418536982045319e-01 -2.022258633355251134e-01 -5.965535689050450729e-01 1.300000000000000000e+01
5.026374055021858744e+00 5.532682495422934776e-01 -6.796817717917107149e-02 2.299384300654971069e-01 3.300000000000000000e+01
7.149300621522788113e+00 3.492626408698022433e-01 -9.992627354010408247e-02 -7.163055858514208452e-02 7.900000000000000000e+01
9.278869254964254409e+00 2.578536609405855939e-01 -1.081979037642965963e-01 -1.671120561804973967e-02 1.170000000000000000e+02
1.145033261934470126e+01 2.172441526776734966e-01 -8.104762654032784952e-02 -3.466185519852120478e-02 2.050000000000000000e+02
1.349295587141915043e+01 1.794851387926763853e-01 -7.916992564531036281e-02 2.434192138543238640e-02 2.350000000000000000e+02
1.558905561191892986e+01 1.551000530512944842e-01 -5.365513767184154625e-02 -1.443335507749209101e-02 3.690000000000000000e+02
1.769408367255316961e+01 1.299107671977127454e-01 -6.154878584132483094e-02 -1.992032794192321633e-03 4.330000000000000000e+02
1.981787480313529670e+01 1.164653289389582513e-01 -5.230802800116268053e-02 -3.884284486841794309e-03 5.850000000000000000e+02
2.192074938196263645e+01 1.013661089605484844e-01 -4.672297631279586499e-02 1.227909377307432985e-02 6.790000000000000000e+02
2.398877635566245203e+01 8.628090193465183522e-02 -4.150517897671314460e-02 -8.683401617325194749e-03 8.130000000000000000e+02
2.609286971896115759e+01 7.645496563362846887e-02 -3.483444265954670216e-02 -5.939166469377651393e-03 9.850000000000000000e+02
2.823466315278179550e+01 6.747933157118099490e-02 -3.319125229807991934e-02 6.808426270178525620e-03 1.183000000000000000e+03
3.032284873509123102e+01 5.996337711139065191e-02 -2.861069476408949208e-02 4.605944639639343580e-05 1.269000000000000000e+03
3.240263258943403457e+01 5.412663684097251265e-02 -2.846994442015406829e-02 1.089801332890471316e-03 1.537000000000000000e+03
3.449210129864554375e+01 4.759562158466589671e-02 -2.415881590030263468e-02 1.355950300272105872e-03 1.653000000000000000e+03
3.658588147515196454e+01 4.280013448744209026e-02 -2.133798211073616516e-02 3.351546822540803217e-03 1.963000000000000000e+03
3.868476949266977272e+01 3.787201231613886859e-02 -1.969314712591867939e-02 9.093109954874213164e-04 2.121000000000000000e+03
4.078898888458283523e+01 3.464023468606117206e-02 -1.651198007471556262e-02 1.272328312243954087e-03 2.413000000000000000e+03
4.289390876967645738e+01 3.069143552132063898e-02 -1.562424501834756146e-02 -1.772849936022328929e-06 2.635000000000000000e+03
4.498336005546935468e+01 2.809042940866893906e-02 -1.497274440680063448e-02 2.135066542877299672e-03 2.877000000000000000e+03
4.706498529473824988e+01 2.564067201791057904e-02 -1.306458731081301845e-02 -2.539420828533857756e-04 3.169000000000000000e+03
4.917111919158227096e+01 2.391670218172881404e-02 -1.197338619162648110e-02 -2.275218032979146020e-04 3.507000000000000000e+03
5.126216914174227668e+01 2.160267908755666988e-02 -1.111721391956264383e-02 5.626739025855638228e-05 3.685000000000000000e+03
5.335525146837034072e+01 1.994589895358649459e-02 -1.052191845053916490e-02 1.580519235775753803e-03 4.165000000000000000e+03
5.546637228956934251e+01 1.835096974429577255e-02 -9.113295773489373669e-03 3.033902298432798327e-04 4.377000000000000000e+03
5.757318819254808773e+01 1.690010494093293486e-02 -8.405132587848621398e-03 -5.343512106577450122e-04 4.855000000000000000e+03
5.965884044590281121e+01 1.560177721900979884e-02 -8.228588294388201538e-03 -2.849839950798804659e-04 4.929000000000000000e+03
6.174512302159506305e+01 1.449364762198844178e-02 -7.406254000590327402e-03 -6.676688736246727714e-04 5.581000000000000000e+03
6.382689291137189969e+01 1.357670402776005314e-02 -7.281177468263613436e-03 -6.743084998887300015e-04 5.679000000000000000e+03
6.592966228838450604e+01 1.261917378066771366e-02 -6.502044137977330308e-03 -1.251451571499819036e-03 6.385000000000000000e+03
6.803125784825746791e+01 1.181184198741180684e-02 -5.914681662190311891e-03 -8.335026162762096055e-04 6.553000000000000000e+03
7.013131008699485847e+01 1.100031457339624083e-02 -5.806617495247089894e-03 -1.128715882652086807e-03 7.125000000000000000e+03
7.223032366074338029e+01 1.017776259005519213e-02 -5.571322968210832768e-03 -1.498027266150371789e-03 7.447000000000000000e+03
7.432334270720505742e+01 9.471727350675196444e-03 -5.264509663945891003e-03 -1.388657285721865827e-03 7.929000000000000000e+03
7.642066756954473306e+01 8.838106558948687769e-03 -5.071932715277174646e-03 -1.382835042128056479e-03 8.353000000000000000e+03
7.850471694556040347e+01 8.181540339466455980e-03 -4.873075923511567716e-03 -1.185177028913396782e-03 8.775000000000000000e+03
8.059701946059529121e+01 7.793616231643043027e-03 -4.673831627895393484e-03 -1.170576911937862893e-03 9.313000000000000000e+03
8.269521798132063850e+01 7.220526271390225077e-03 -4.323775208819558187e-03 -1.150507137649909098e-03 9.841000000000000000e+03
8.478307522909847194e+01 6.769551691155944496e-03 -4.114446939590161653e-03 -9.863853910380112125e-04 1.019100000000000000e+04
8.687780839616016237e+01 6.338409727728475281e-03 -3.680041958790339005e-03 -1.165163792039042951e-03 1.089700000000000000e+04
8.897524569656535220e+01 5.944009220078898779e-03 -3.444747104583866047e-03 -1.458330423920840575e-03 1.130100000000000000e+04
9.108077810470518898e+01 5.666226236554964754e-03 -3.413449705598350838e-03 -1.166217146175296251e-03 1.202500000000000000e+04
9.318432266948052245e+01 5.313109165813218078e-03 -3.199938371262050010e-03 -1.314526848223837628e-03 1.242300000000000000e+04
9.527887641048309320e+01 5.044414638009231920e-03 -2.977807069458875133e-03 -1.495935229392008963e-03 1.302100000000000000e+04
9.736254237981037818e+01 4.749904311513558977e-03 -2.851292152443910856e-03 -1.291751797769672859e-03 1.340500000000000000e+04
9.944832814799407572e+01 4.476389150438634529e-03 -2.675222889543377863e-03 -1.183858144055410918e-03 1.424700000000000000e+04
1.015460879802399035e+02 4.191763987538506958e-03 -2.473049959922194851e-03 -1.193946407862589822e-03 1.471300000000000000e+04
1.036426375667732316e+02 4.032844115656993370e-03 -2.333234677299695931e-03 -1.226430566882259808e-03 1.548900000000000000e+04
1.057389390539465950e+02 3.764090534547317752e-03 -2.254363305265625391e-03 -1.118505624655613583e-03 1.591300000000000000e+04
1.078395855981474227e+02 3.548868855030032181e-03 -2.067892531814326511e-03 -1.170504598271259952e-03 1.687900000000000000e+04
1.099389405850131709e+02 3.385601350791398768e-03 -2.023055045324747593e-03 -1.132027944104212853e-03 1.719300000000000000e+04
1.120392143152385387e+02 3.202216375924793815e-03 -1.893041760101526463e-03 -1.199970169638804162e-03 1.815700000000000000e+04
1.141233458569757744e+02 3.078405128462445746e-03 -1.792112766029895984e-03 -1.155083423465817207e-03 1.833900000000000000e+04
1.162159397555423084e+02 2.918119074912698275e-03 -1.654336168692929808e-03 -1.078139949174602508e-03 1.957300000000000000e+04
1.183137204803772420e+02 2.768130711578090878e-03 -1.550966700841067449e-03 -1.132673018061070708e-03 1.994100000000000000e+04
1.203972311807013256e+02 2.657553297789384730e-03 -1.463346180300543510e-03 -1.055909115249167472e-03 2.062900000000000000e+04
1.224922363187857286e+02 2.546875836006472042e-03 -1.359346189983251128e-03 -1.162879646358889064e-03 2.165500000000000000e+04
1.245882598425863534e+02 2.448306252209397817e-03 -1.307766844520075102e-03 -1.078286610999039039e-03 2.211300000000000000e+04
1.266884677158377315e+02 2.322634311279859597e-03 -1.228201014486575079e-03 -1.114318770782351349e-03 2.318500000000000000e+04
1.287846620419940962e+02 2.209982949907278796e-03 -1.204905425592270232e-03 -1.012605089483332825e-03 2.366700000000000000e+04
1.308713393788149801e+02 2.126157982441189646e-03 -1.158569084723509593e-03 -9.578092547449693723e-04 2.438500000000000000e+04
1.329754833440644575e+02 2.031046342244608848e-03 -1.046320376888060797e-03 -9.850045382844496104e-04 2.574900000000000000e+04
1.350691081525609434e+02 1.964659131967438823e-03 -1.026746842659063009e-03 -9.351179698000152080e-04 2.567500000000000000e+04
1.371638825856825576e+02 1.875786928371367575e-03 -9.383903900193694405e-04 -9.279946540144299802e-04 2.740900000000000000e+04
1.392604757372163533e+02 1.811610136173049789e-03 -8.934216573433106804e-04 -9.140500432377091132e-04 2.740500000000000000e+04
1.413466882908376760e+02 1.755633448903696266e-03 -8.668356286319965458e-04 -9.201693910197776246e-04 2.871700000000000000e+04
1.434475230090064031e+02 1.690562646369786525e-03 -8.203858599324239612e-04 -8.919628779709033858e-04 2.959500000000000000e+04
1.455452853418541679e+02 1.622921349909312505e-03 -7.962345343170498541e-04 -8.220016799867378623e-04 3.030100000000000000e+04
1.476332061073587738e+02 1.564140863195271009e-03 -7.282254659555613407e-04 -8.221860844742440383e-04 3.110100000000000000e+04
1.497211472843286231e+02 1.533366538914295767e-03 -6.729029789797086759e-04 -8.708966635427714195e-04 3.202300000000000000e+04
1.518138048751577287e+02 1.482081044746895535e-03 -6.374204496852223061e-04 -7.993717776656957289e-04 3.297700000000000000e+04
1.539211490100352648e+02 1.446782137645911785e-03 -5.913308544830182421e-04 -7.969700081436733793e-04 3.444900000000000000e+04
1.560214747341236716e+02 1.392830906844158209e-03 -5.642050056078865743e-04 -7.438063495744494250e-04 3.454900000000000000e+04
1.581161747588121784e+02 1.359612364436141481e-03 -5.370293275454494876e-04 -7.788146910894728266e-04 3.611100000000000000e+04
1.602118712271799836e+02 1.324029282538417580e-03 -4.989813644094233305e-04 -7.457214960691914462e-04 3.654100000000000000e+04
1.623006419462898862e+02 1.284344899743933852e-03 -4.736715961963639237e-04 -7.364104225993851243e-04 3.771700000000000000e+04
1.643899033199985240e+02 1.254762761958210264e-03 -4.431028854617049487e-04 -7.322254081867225718e-04 3.861900000000000000e+04
1.664835582381511756e+02 1.218066399160023681e-03 -4.321867469648191392e-04 -6.819398345773441950e-04 3.966100000000000000e+04
1.685719683778473552e+02 1.191749700148600965e-03 -4.120777681470413683e-04 -6.684714842855831157e-04 4.054500000000000000e+04
1.706641332089364766e+02 1.159639488718018380e-03 -4.015869592574370468e-04 -6.516710082387011053e-04 4.181500000000000000e+04
1.727708699256135390e+02 1.126702020909660113e-03 -3.752350309464153738e-04 -6.294134117708129758e-04 4.312500000000000000e+04
1.748696546009699659e+02 1.096686144545159841e-03 -3.973962237457597142e-04 -5.913425363855745378e-04 4.368100000000000000e+04
1.769585769494445344e+02 1.071077714144812220e-03 -3.876863926358300322e-04 -5.706441659119108716e-04 4.462900000000000000e+04
1.790524509315575301e+02 1.030459582455947251e-03 -3.638016795776046071e-04 -5.444572222939602930e-04 4.622700000000000000e+04
1.811526521261263554e+02 1.011815296127270385e-03 -3.592917634963184404e-04 -5.095009446058778625e-04 4.690900000000000000e+04
1.832476884130738881e+02 9.905302342233383069e-04 -3.404608199188348698e-04 -5.119311013046343607e-04 4.823700000000000000e+04
1.853312475833926101e+02 9.633783810566039999e-04 -3.393231399685475930e-04 -4.499913427623733974e-04 4.858300000000000000e+04
1.874284892203218931e+02 9.445896725204024503e-04 -3.337164028984786462e-04 -4.613803279827342375e-04 5.099700000000000000e+04
1.895337179075755216e+02 9.226970202407558950e-04 -3.235769660025574661e-04 -4.602895823914431874e-04 5.139700000000000000e+04
1.916268196474026126e+02 9.003450547012427623e-04 -3.212174416619534810e-04 -4.314620494379346185e-04 5.248900000000000000e+04
1.937183403446852878e+02 8.742393323779334069e-04 -3.186529766229047778e-04 -3.940509832193730077e-04 5.378700000000000000e+04
1.958131498886989164e+02 8.566881466271624324e-04 -3.253772588547671147e-04 -3.885965334187377329e-04 5.491300000000000000e+04
1.979058740098966211e+02 8.345779330274228757e-04 -3.081885143795700093e-04 -3.672487386148078027e-04 5.597700000000000000e+04
1.999990651597893816e+02 8.181165499364003715e-04 -3.145492068449580588e-04 -3.372539042660770885e-04 5.741500000000000000e+04
2.020893038374759101e+02 8.006867157359116166e-04 -3.014406255257428440e-04 -3.141281481389367170e-04 5.810500000000000000e+04
2.041823192148177952e+02 7.827318853177051569e-04 -2.936480816749608802e-04 -2.984172669127681862e-04 6.003300000000000000e+04
2.062825911013838152e+02 7.694824164851928397e-04 -2.885936179931508140e-04 -2.654122929674060578e-04 6.094900000000000000e+04
2.083770189145966185e+02 7.497468666862001571e-04 -2.866637228615589029e-04 -2.568968536054751510e-04 6.223500000000000000e+04
2.104675816794403431e+02 7.353694145664617116e-04 -2.802928252657924091e-04 -2.586790982635300113e-04 6.322900000000000000e+04
2.125667854244018145e+02 7.185108862627919996e-04 -2.772006946006816213e-04 -2.512900992146828438e-04 6.513300000000000000e+04
2.146619261104851830e+02 7.069122817614961578e-04 -2.744814434849404249e-04 -2.283887592995948476e-04 6.570700000000000000e+04
2.167561805722037036e+02 6.874862929482938347e-04 -2.636669740669668623e-04 -1.993205167289588929e-04 6.756100000000000000e+04
2.188528705899679210e+02 6.777754083678741654e-04 -2.555187696515713591e-04 -2.059978943451621367e-04 6.850500000000000000e+04
2.209456427453084473e+02 6.709163349073160977e-04 -2.573002101495947946e-04 -1.892010604146172447e-04 6.994300000000000000e+04
2.230395148320731096e+02 6.538221528708974481e-04 -2.539003187776057036e-04 -1.836841749639844747e-04 7.109700000000000000e+04
2.251356732858534997e+02 6.375136702232905286e-04 -2.474390013840870864e-04 -1.668963067597526730e-04 7.302100000000000000e+04
2.272278504864401327e+02 6.267852420592502855e-04 -2.515849171934681026e-04 -1.487444785761665679e-04 7.331700000000000000e+04
2.293197511287232544e+02 6.133019465614041434e-04 -2.588274361947229675e-04 -1.453907403287453993e-04 7.579900000000000000e+04
2.314114772346510165e+02 6.039537657122395547e-04 -2.672654706062989761e-04 -1.273883644781874120e-04 7.602100000000000000e+04
2.335058467478245632e+02 5.881454893794747568e-04 -2.586246237199924794e-04 -1.120588118542187973e-04 7.875300000000000000e+04
2.356041652202905539e+02 5.820441013831616174e-04 -2.622428077889573479e-04 -1.127453466868044870e-04 7.929100000000000000e+04
2.377006336558306998e+02 5.720389230675334072e-04 -2.581303797149686391e-04 -1.122728233315111075e-04 8.112900000000000000e+04
2.397972750390475198e+02 5.627547991799893836e-04 -2.624785623785331362e-04 -9.340568111757273405e-05 8.244100000000000000e+04
2.418944602532704096e+02 5.478652290920027739e-04 -2.629989262163171491e-04 -8.529977832144396794e-05 8.394900000000000000e+04
2.439884227569783093e+02 5.390211393394603138e-04 -2.646293249222192879e-04 -8.485197456036782163e-05 8.512300000000000000e+04
2.460835996828307373e+02 5.303051423408470209e-04 -2.684726288659606760e-04 -6.912749488338560441e-05 8.692900000000000000e+04
2.481755280705312146e+02 5.239648962132587972e-04 -2.817398670487459319e-04 -5.406407199690085522e-05 8.778900000000000000e+04
2.502623700647570217e+02 5.206839067989314914e-04 -2.875642896396702936e-04 -4.297958050109083032e-05 8.962300000000000000e+04
2.523586155105348325e+02 5.119353452608917457e-04 -2.895653093364954750e-04 -4.104311592097756268e-05 9.134100000000000000e+04
2.544547077866985489e+02 5.075560616768731801e-04 -2.975797321733405294e-04 -2.181112369921528438e-05 9.284500000000000000e+04
2.565487653287422063e+02 5.020580164964700935e-04 -2.993835566951457815e-04 -1.625516337382348865e-05 9.408700000000000000e+04
2.586464955058470991e+02 4.970180585543249128e-04 -3.044380488547299688e-04 -9.309792614679427884e-06 9.633300000000000000e+04
2.607443047329861656e+02 4.924356297746760366e-04 -3.120235547211194934e-04 6.182575361948729190e-06 9.724900000000000000e+04
2.628438312173413465e+02 4.908325161313458525e-04 -3.140546341832145408e-04 1.233575721589700623e-05 9.950100000000000000e+04
2.649298855659840228e+02 4.907557920547861788e-04 -3.280409995462930483e-04 2.483646958905603275e-05 9.928300000000000000e+04
2.670163698864117805e+02 4.892865899654974798e-04 -3.306463612961605563e-04 5.124709040108170688e-05 1.025370000000000000e+05
2.691120556714307668e+02 4.910208445600507988e-04 -3.257444662378033463e-04 4.337553883995302808e-05 1.022830000000000000e+05
2.712074998348403483e+02 4.879114552579094937e-04 -3.160309504222684148e-04 1.629331046750605845e-05 1.021060000000000000e+05
2.733050116933233653e+02 4.818396239038806182e-04 -2.978325888156752987e-04 -1.370192737615197914e-05 1.007340000000000000e+05
2.753977295572417461e+02 4.733740434621594201e-04 -2.747683622000715261e-04 -6.521242671855977764e-05 9.999400000000000000e+04
2.774958294534935703e+02 4.708168981166613765e-04 -2.608385459665570104e-04 -9.446724968236605243e-05 9.936000000000000000e+04
2.795977707949222122e+02 4.655828342287487726e-04 -2.351300449698556457e-04 -1.422946648156104708e-04 9.860800000000000000e+04
2.816862895118986785e+02 4.590390768162796900e-04 -2.205138120066079028e-04 -1.700741983009742045e-04 9.625200000000000000e+04
2.837743515740906446e+02 4.522737649561856866e-04 -2.023355893159373240e-04 -2.084793278007916317e-04 9.640000000000000000e+04
2.858713251310674650e+02 4.439689882061133904e-04 -1.821446193951205034e-04 -2.333376612958511058e-04 9.539800000000000000e+04
2.879670932628575883e+02 4.330212448426915450e-04 -1.651005086105895186e-04 -2.629370921455216614e-04 9.402000000000000000e+04
2.900590582015512382e+02 4.276175586171755564e-04 -1.544688964403513924e-04 -2.963910292855166271e-04 9.316000000000000000e+04
2.921519201901450060e+02 4.192850995837371251e-04 -1.434683164286839306e-04 -3.170140855239692653e-04 9.177600000000000000e+04
2.942485935102203030e+02 4.109714315652701665e-04 -1.345024997594969904e-04 -3.359250752424611805e-04 9.137800000000000000e+04
2.963426645133968691e+02 4.062241632334870627e-04 -1.278131844633099198e-04 -3.600227938352752277e-04 8.949000000000000000e+04
2.984329904966970162e+02 4.013011320303352990e-04 -1.205861615227267535e-04 -3.892657001745370229e-04 8.845000000000000000e+04
3.005290481640043367e+02 3.992308297251816662e-04 -1.125064030810274689e-04 -4.158848258424946410e-04 8.794600000000000000e+04
3.026245947235937592e+02 3.950379756962764236e-04 -1.107659226252627298e-04 -4.267196242317480436e-04 8.575200000000000000e+04
3.047205651109674704e+02 3.879669371695088857e-04 -1.058020131460840217e-04 -4.393113945205761022e-04 8.574400000000000000e+04
3.068167457111920839e+02 3.847429098807549790e-04 -1.030864443749066994e-04 -4.625582782575648425e-04 8.322000000000000000e+04
3.089118625384018060e+02 3.830165916165830008e-04 -9.824673019640535584e-05 -4.818198939684572874e-04 8.302000000000000000e+04
3.110099981664167785e+02 3.766092983603825414e-04 -9.872012878827103968e-05 -4.864892510008051525e-04 8.106400000000000000e+04
3.131040997612852266e+02 3.695174585972563945e-04 -9.836578935823240796e-05 -4.926164391623908886e-04 7.983000000000000000e+04
3.151936712677708670e+02 3.665513868898864552e-04 -1.008493046184830220e-04 -4.989663706972938175e-04 7.823800000000000000e+04
3.172858841403398173e+02 3.622653245955877828e-04 -1.086664317763845093e-04 -5.002347350843156914e-04 7.715400000000000000e+04
3.193772099476266817e+02 3.604100278785284518e-04 -1.021925759351843095e-04 -5.068601191495415064e-04 7.546600000000000000e+04
3.214753775151562536e+02 3.542650242890946991e-04 -1.059084541908226503e-04 -5.081404102506819741e-04 7.480200000000000000e+04
3.235746879206847666e+02 3.517820548654990533e-04 -1.038439529318136600e-04 -5.179037315493514827e-04 7.258000000000000000e+04
3.256647237020029024e+02 3.520100821552916157e-04 -1.042316629882986183e-04 -5.261324187043583045e-04 7.133800000000000000e+04
3.277571324083919535e+02 3.488460817854022221e-04 -1.063366102825725578e-04 -5.289444660170292698e-04 6.964200000000000000e+04
3.298487111637800240e+02 3.495987823830136909e-04 -1.075732868229016466e-04 -5.302153872908191030e-04 6.832600000000000000e+04
3.319433744068021497e+02 3.483278957183708947e-04 -1.114796637559285108e-04 -5.351276432910521963e-04 6.674400000000000000e+04
3.340422322988853239e+02 3.443813476390157678e-04 -1.097982773006056089e-04 -5.336997317032096330e-04 6.533800000000000000e+04
3.361307892565458246e+02 3.437473013769591287e-04 -1.120369823306138074e-04 -5.379985674214284551e-04 6.315600000000000000e+04
3.382251120895489294e+02 3.435459414828925741e-04 -1.146213149149286737e-04 -5.469481954146419422e-04 6.214000000000000000e+04
3.403264013195363304e+02 3.460616327410642886e-04 -1.145906635795696557e-04 -5.563209373638029103e-04 6.051400000000000000e+04
3.424148842577288860e+02 3.414566395647291577e-04 -1.156833998879357633e-04 -5.542520504253081130e-04 5.799000000000000000e+04
3.445099495577244397e+02 3.433863599615366471e-04 -1.151485515117457259e-04 -5.641023433093786746e-04 5.742400000000000000e+04
3.466144105402300397e+02 3.449377889374285913e-04 -1.138465900557174694e-04 -5.818675859268418937e-04 5.518200000000000000e+04
3.487067496858389859e+02 3.494049897392922498e-04 -1.154550031702797109e-04 -5.960708847721538474e-04 5.306800000000000000e+04
3.507912540595516475e+02 3.472643976728419907e-04 -1.189098529703370717e-04 -5.868739963439110379e-04 5.152800000000000000e+04
3.528807167895711814e+02 3.518655619860573333e-04 -1.125504346533681867e-04 -6.260898473428499946e-04 4.954600000000000000e+04
3.549828487415276754e+02 3.551519872043070185e-04 -1.202242560540300496e-04 -6.154523080678762784e-04 4.846600000000000000e+04
3.570768480370360862e+02 3.529985960283627162e-04 -1.144344506289835732e-04 -6.364478770582349034e-04 4.566600000000000000e+04
3.591652111747225717e+02 3.577080288579552892e-04 -1.178326148909446182e-04 -6.467336279524373661e-04 4.423000000000000000e+04
3.612627896178847777e+02 3.591418154687085599e-04 -1.139086739822206003e-04 -6.719784871586730437e-04 4.254000000000000000e+04
3.633645820428338880e+02 3.626642451864289492e-04 -1.077627634165179247e-04 -7.012063180940076310e-04 4.022200000000000000e+04
3.654527365610065885e+02 3.629727006710869943e-04 -1.206861957904583119e-04 -6.807063431492710402e-04 3.842200000000000000e+04
3.675441472124314259e+02 3.653708834613576795e-04 -9.914045999764292531e-05 -7.524227513895218782e-04 3.624600000000000000e+04
3.696396280380744201e+02 3.732897012840559556e-04 -1.032768375576789520e-04 -7.668999274665943330e-04 3.455200000000000000e+04
3.717297223820279441e+02 3.675760793717764503e-04 -8.999903131184666010e-05 -7.986219564751220962e-04 3.213600000000000000e+04
3.738176974939287902e+02 3.666875917968168814e-04 -8.908542896761864724e-05 -8.179375867226260218e-04 3.029200000000000000e+04
3.759110996783247174e+02 3.641809088047529962e-04 -7.295752902349284506e-05 -8.652684405005952933e-04 2.830200000000000000e+04
3.780081394014102898e+02 3.580871798340933519e-04 -5.736846679240962719e-05 -9.053961442293666662e-04 2.605600000000000000e+04
3.801051557582653118e+02 3.488055060986887195e-04 -4.630530578186732024e-05 -9.240612303985283821e-04 2.421100000000000000e+04
3.821955053587425937e+02 3.490512748292303531e-04 -3.329609288305329374e-05 -9.699859671746643899e-04 2.220600000000000000e+04
3.842862749912937943e+02 3.525780284094017685e-04 -2.485198929065239509e-05 -1.011371952217313521e-03 2.088400000000000000e+04
3.863841918340856409e+02 3.535453450689834010e-04 -1.566211728075809654e-05 -1.039483683575667759e-03 1.939200000000000000e+04
3.884771734501698006e+02 3.482663645190718442e-04 -1.133980934069206641e-05 -1.048037590177229063e-03 1.805800000000000000e+04
3.905623371605522607e+02 3.567958631868347013e-04 -1.700314717785693119e-06 -1.100782092743661511e-03 1.674600000000000000e+04
3.926667500119167471e+02 3.590385781663151172e-04 -1.892552876813700341e-06 -1.118977536263568873e-03 1.589800000000000000e+04
3.947778557744774162e+02 3.576694436991291080e-04 -5.160193518829167695e-07 -1.130627694355392128e-03 1.457800000000000000e+04
3.968631060462392952e+02 3.593079653440069956e-04 1.167948422761316567e-06 -1.146932272251144184e-03 1.344300000000000000e+04
3.989413219049817485e+02 3.601034258015619965e-04 2.754410402583335161e-06 -1.160622789302714159e-03 1.251100000000000000e+04
4.010572258526528344e+02 3.671928275681548095e-04 7.689916032481649595e-06 -1.198464160121196029e-03 1.191900000000000000e+04
4.031656962107319373e+02 3.735273624817670585e-04 1.043085947195177068e-05 -1.230503030195198967e-03 1.063900000000000000e+04
4.052249146637423678e+02 3.721914416858764733e-04 9.236507347519350700e-06 -1.232517351256276050e-03 9.775000000000000000e+03
4.073276634718891387e+02 3.817376033736420054e-04 6.365671863512443068e-06 -1.269239412276172317e-03 9.423000000000000000e+03
4.094593776408451049e+02 3.909208101785274607e-04 7.360445043769636894e-06 -1.304671719292643545e-03 8.449000000000000000e+03
4.115405539130957777e+02 3.911002824873241338e-04 5.576102218174498172e-06 -1.310138546347974862e-03 7.596000000000000000e+03
4.135894252671187132e+02 3.946362848611324249e-04 3.566228564534821802e-06 -1.324651242899674156e-03 6.931000000000000000e+03
4.156930049049321951e+02 4.072060526598447641e-04 7.764927178837501381e-06 -1.380007654224320052e-03 6.612000000000000000e+03
4.178272827209258367e+02 4.106676633948414781e-04 1.027449283979056932e-05 -1.399140159779044268e-03 5.899000000000000000e+03
4.199082037741286513e+02 4.358629794828748757e-04 1.161051568623099562e-05 -1.491357882877962591e-03 5.176000000000000000e+03
4.219826095167229028e+02 4.232942095515798133e-04 8.107604470159209591e-06 -1.450194149415843115e-03 4.824000000000000000e+03
4.241028763136273483e+02 4.165141814667557832e-04 6.386099232373452071e-06 -1.431609533870558792e-03 4.312000000000000000e+03
4.262107721966358440e+02 4.484906283646596320e-04 3.506081774385413903e-06 -1.540273989015764023e-03 3.819000000000000000e+03
4.282460731868927724e+02 4.511271527192048012e-04 6.273519038183657893e-07 -1.547354039762472095e-03 3.220000000000000000e+03
4.303287648834323136e+02 4.687580903397619301e-04 -7.145056982566657221e-07 -1.612396991648181637e-03 3.132000000000000000e+03
4.325172248853483552e+02 4.862795058715819801e-04 -1.939345206796545216e-06 -1.675550681880680001e-03 2.680000000000000000e+03
4.346325070601815810e+02 4.966101930346633175e-04 -6.110906533954773945e-07 -1.715001387197447134e-03 2.218000000000000000e+03
4.365567227659553851e+02 4.867350774148877270e-04 4.847536352944493733e-06 -1.687464129680657119e-03 1.728000000000000000e+03
4.386277159174848634e+02 5.199088861409900371e-04 1.037280876482719295e-06 -1.805043038442898920e-03 1.816000000000000000e+03
4.409019266196692683e+02 5.489539978833157200e-04 -4.519574518987814900e-06 -1.902453893299852188e-03 1.476000000000000000e+03
4.430735479208619836e+02 5.844400593328215147e-04 -2.913141316749893152e-06 -2.031322506789382497e-03 1.108000000000000000e+03
4.448761117541747012e+02 5.982317879436007324e-04 -1.117717246909599454e-05 -2.069821913290263195e-03 7.560000000000000000e+02
4.469343758523184533e+02 6.047566445334405299e-04 -1.007954097618041654e-05 -2.098130845471033595e-03 8.440000000000000000e+02
4.493013102792758104e+02 5.948205635498860378e-04 -5.581231309585406486e-06 -2.069902697908501156e-03 6.280000000000000000e+02
4.515989744176221734e+02 7.019260839190135173e-04 -3.339587145126802978e-06 -2.448354754059127881e-03 4.050000000000000000e+02
4.533101867737696580e+02 6.897542869340267738e-04 -1.489491282262974658e-05 -2.393436929308750700e-03 2.020000000000000000e+02
4.552338387398290820e+02 6.189948709816484474e-04 -3.015790276350031577e-06 -2.160542541420932064e-03 2.280000000000000000e+02
4.576034578613840722e+02 6.289093446742231690e-04 -2.067803622345014450e-06 -2.197469332050529939e-03 1.240000000000000000e+02
4.599517872444100703e+02 4.495057300893410884e-04 2.352850735576610553e-06 -1.575118540388914089e-03 5.200000000000000000e+01
4.619205689144050666e+02 6.514615056563714725e-04 7.219391562409091883e-06 -2.286990297781878612e-03 9.000000000000000000e+00
4.634281054380590490e+02 2.545372853466215950e-04 -2.982940327441395350e-06 -8.878423253879272293e-04 4.000000000000000000e+00
