2.966547074898984615e+00 5.793833841579344593e-04 -2.255948214183894657e-04 -3.707441115501882486e-04 1.300000000000000000e+01
5.026374055021858744e+00 2.541190240410212599e-04 -5.060609842508329931e-05 3.540649128954601434e-04 3.300000000000000000e+01
7.149300621522788113e+00 1.057522249251904113e-04 -3.165104123125500862e-05 -3.035126716297135657e-05 7.900000000000000000e+01
9.278869254964254409e+00 4.551346047066949789e-05 1.062260073675372366e-05 2.991786263970316778e-05 1.170000000000000000e+02
1.145033261934470126e+01 2.831921160728042563e-05 2.510639686251391663e-06 -1.791683171915244486e-06 2.050000000000000000e+02
1.349295587141915043e+01 1.701989388371321130e-05 -2.203586259233628028e-07 2.551927347076106618e-06 2.350000000000000000e+02
1.558905561191892986e+01 1.131661215222357459e-05 9.623779982321034482e-07 -4.016855850682391095e-07 3.690000000000000000e+02
1.769408367255316961e+01 7.820544512878166091e-06 3.466461476540672446e-07 -6.570208663892567515e-07 4.330000000000000000e+02
1.981787480313529670e+01 6.003397554540564785e-06 -8.073613614643778840e-08 7.020514099813631007e-07 5.850000000000000000e+02
2.192074938196263645e+01 4.651998420508087928e-06 -1.575566155420743441e-07 -1.586759694836767865e-06 6.790000000000000000e+02
2.398877635566245203e+01 3.819574428833387053e-06 -9.197469918050280846e-08 -1.051932892232386380e-06 8.130000000000000000e+02
2.609286971896115759e+01 3.072208758280707778e-06 1.475630532308609370e-07 -4.320930595344102577e-08 9.850000000000000000e+02
2.823466315278179550e+01 2.375537673705011917e-06 -5.901768761410855050e-08 5.041502819517840675e-07 1.183000000000000000e+03
3.032284873509123102e+01 2.059905262251202224e-06 9.774871773000750040e-08 2.481606491245067941e-07 1.269000000000000000e+03
3.240263258943403457e+01 1.623603915188600906e-06 -1.346349616757960834e-07 2.110224668020881531e-07 1.537000000000000000e+03
3.449210129864554375e+01 1.347993485542187515e-06 3.578036452962012558e-08 5.079619624890648466e-08 1.653000000000000000e+03
3.658588147515196454e+01 1.167672399819190968e-06 -6.384725177101940308e-08 8.250408980952802313e-09 1.963000000000000000e+03
3.868476949266977272e+01 1.006863875523401542e-06 1.065255291612425244e-08 4.915771168250872160e-08 2.121000000000000000e+03
4.078898888458283523e+01 8.984830043902451524e-07 -1.367430886937527209e-08 -7.445303743252104292e-08 2.413000000000000000e+03
4.289390876967645738e+01 7.718691843331757449e-07 3.889635587242320688e-08 5.828036208121766746e-08 2.635000000000000000e+03
4.498336005546935468e+01 6.753021504010746358e-07 -1.627062290805207831e-08 3.809927560766179457e-08 2.877000000000000000e+03
4.706498529473824988e+01 5.967648814980479901e-07 -3.473954655799286157e-09 3.633142489797554592e-08 3.169000000000000000e+03
4.917111919158227096e+01 5.165590768671119141e-07 1.679884191516506412e-08 7.130165198210124792e-08 3.507000000000000000e+03
5.126216914174227668e+01 4.651263117370939423e-07 4.303867778931045643e-09 -2.396733918707942666e-08 3.685000000000000000e+03
5.335525146837034072e+01 4.193776226476715573e-07 9.745594796576919343e-10 1.311995378882465544e-08 4.165000000000000000e+03
5.546637228956934251e+01 3.805599819630204493e-07 1.305952613049815609e-08 1.167808945092854164e-08 4.377000000000000000e+03
5.757318819254808773e+01 3.348968609962479714e-07 -4.804952547148874303e-09 2.174584961027346741e-08 4.855000000000000000e+03
5.965884044590281121e+01 2.963464058544569914e-07 6.878438360395229600e-09 1.382151334808581060e-08 4.929000000000000000e+03
6.174512302159506305e+01 2.738403480755037368e-07 -3.811527726887753614e-09 7.310184376032009794e-09 5.581000000000000000e+03
6.382689291137189969e+01 2.505534174307528193e-07 -2.471924448981738238e-09 1.779931563172386289e-08 5.679000000000000000e+03
6.592966228838450604e+01 2.251867096802100133e-07 -2.034425402402747669e-09 1.132739398984787931e-08 6.385000000000000000e+03
6.803125784825746791e+01 2.052894355849204505e-07 -5.427347023963902838e-11 2.142666108150654443e-08 6.553000000000000000e+03
7.013131008699485847e+01 1.898513356687890990e-07 3.904225296112033180e-09 1.728088320309203109e-08 7.125000000000000000e+03
7.223032366074338029e+01 1.749404578966498810e-07 -2.591537764723627995e-09 9.291190301243735264e-09 7.447000000000000000e+03
7.432334270720505742e+01 1.620653070226780011e-07 -1.836239732049888281e-09 1.020714808987455581e-08 7.929000000000000000e+03
7.642066756954473306e+01 1.482759391685360124e-07 -2.069374478226311314e-09 1.187760962935478392e-08 8.353000000000000000e+03
7.850471694556040347e+01 1.380480331904074548e-07 3.918398897619179959e-11 8.073466753994747623e-09 8.775000000000000000e+03
8.059701946059529121e+01 1.284272276728245466e-07 -4.763111942439599297e-09 4.557053052297508457e-09 9.313000000000000000e+03
8.269521798132063850e+01 1.178819881197561973e-07 -2.346595085445481084e-09 1.135225428801896845e-08 9.841000000000000000e+03
8.478307522909847194e+01 1.084074766442847244e-07 -4.176325293303702910e-10 8.666439256593516092e-09 1.019100000000000000e+04
8.687780839616016237e+01 1.010301770724838177e-07 -5.318235764703092292e-10 6.691402347716288535e-09 1.089700000000000000e+04
8.897524569656535220e+01 9.496713532434811204e-08 7.706661741095503151e-10 1.243080802256101433e-08 1.130100000000000000e+04
9.108077810470518898e+01 8.901403669370324540e-08 -1.905716421298189338e-09 1.309048089644984456e-08 1.202500000000000000e+04
9.318432266948052245e+01 8.075759671884898090e-08 -7.199833996686093998e-10 1.267124250254229923e-08 1.242300000000000000e+04
9.527887641048309320e+01 7.795370993313779131e-08 -1.984413515055984638e-09 1.019007087396071830e-08 1.302100000000000000e+04
9.736254237981037818e+01 7.247608130670197057e-08 -6.441138513737532808e-10 7.679845694374996866e-09 1.340500000000000000e+04
9.944832814799407572e+01 6.686642478007034816e-08 -2.008332185255942860e-09 8.160894138860356634e-09 1.424700000000000000e+04
1.015460879802399035e+02 6.368221088926863864e-08 1.258270247123652627e-09 6.889262419936661411e-09 1.471300000000000000e+04
1.036426375667732316e+02 5.962327084448813335e-08 -1.156955227630702594e-09 6.846680932974478187e-09 1.548900000000000000e+04
1.057389390539465950e+02 5.594493870338126387e-08 -1.113813718642979941e-09 9.962595048373468834e-09 1.591300000000000000e+04
1.078395855981474227e+02 5.239684750752371586e-08 2.815588260512268711e-10 7.714837976442923089e-09 1.687900000000000000e+04
1.099389405850131709e+02 4.951442513571037045e-08 -2.104333769702200869e-09 6.959194342267632655e-09 1.719300000000000000e+04
1.120392143152385387e+02 4.639291351629427467e-08 -3.326373582301376224e-11 7.594183913357205757e-09 1.815700000000000000e+04
1.141233458569757744e+02 4.322988892847488854e-08 -3.622252982998394390e-10 9.481788277018861731e-09 1.833900000000000000e+04
1.162159397555423084e+02 4.145896857804264362e-08 -6.232591831278040333e-10 6.741280667850816433e-09 1.957300000000000000e+04
1.183137204803772420e+02 3.886498710943282207e-08 6.124038523403344160e-10 5.772173799750919689e-09 1.994100000000000000e+04
1.203972311807013256e+02 3.668735861430083582e-08 -2.953098712046635304e-10 8.461216804831691082e-09 2.062900000000000000e+04
1.224922363187857286e+02 3.473640566643500204e-08 -2.270704973656697108e-10 6.850777952523081982e-09 2.165500000000000000e+04
1.245882598425863534e+02 3.304554931066766579e-08 4.357200283782396172e-11 5.716729433920440826e-09 2.211300000000000000e+04
1.266884677158377315e+02 3.053941555708861589e-08 2.218019637751513412e-10 6.309028557487251403e-09 2.318500000000000000e+04
1.287846620419940962e+02 2.936181236174753374e-08 3.991664469866359154e-10 5.961235887475624761e-09 2.366700000000000000e+04
1.308713393788149801e+02 2.822640471724446822e-08 -5.243277092154067005e-10 6.159075746661703448e-09 2.438500000000000000e+04
1.329754833440644575e+02 2.644342816625321952e-08 1.789585968147269421e-11 5.549008179206971410e-09 2.574900000000000000e+04
1.350691081525609434e+02 2.502277482272600596e-08 4.702713527165504533e-10 5.264980037314941046e-09 2.567500000000000000e+04
1.371638825856825576e+02 2.406791603910986422e-08 1.627835390126312417e-10 6.077175648675803115e-09 2.740900000000000000e+04
1.392604757372163533e+02 2.274187669595617686e-08 -2.536289870751470298e-10 5.742824339259099417e-09 2.740500000000000000e+04
1.413466882908376760e+02 2.160119198463745045e-08 -6.728651232396181784e-10 5.250916473189112641e-09 2.871700000000000000e+04
1.434475230090064031e+02 2.049508005391336411e-08 -7.040096360649626331e-10 4.035586243011075072e-09 2.959500000000000000e+04
1.455452853418541679e+02 1.947938652902804844e-08 -3.636081339450552199e-10 5.442460461690839294e-09 3.030100000000000000e+04
1.476332061073587738e+02 1.847406991910622901e-08 -6.519027449478815407e-10 5.309022261142650002e-09 3.110100000000000000e+04
1.497211472843286231e+02 1.738625237244320783e-08 1.553231315626198855e-12 4.061644347906884175e-09 3.202300000000000000e+04
1.518138048751577287e+02 1.666137338545071956e-08 3.623497347537182720e-11 4.893503279266781975e-09 3.297700000000000000e+04
1.539211490100352648e+02 1.591771887641087562e-08 -3.650770326929639409e-11 4.893483107792993969e-09 3.444900000000000000e+04
1.560214747341236716e+02 1.515875171747318678e-08 -3.492216803625276691e-10 4.174090021229819143e-09 3.454900000000000000e+04
1.581161747588121784e+02 1.482855968934843023e-08 -2.819994395716490647e-10 4.639464494252074342e-09 3.611100000000000000e+04
1.602118712271799836e+02 1.378596167459803897e-08 3.226676446408582628e-11 4.382679809940525495e-09 3.654100000000000000e+04
1.623006419462898862e+02 1.320482803041594850e-08 -2.234006219445423569e-10 4.290264247104409329e-09 3.771700000000000000e+04
1.643899033199985240e+02 1.253451577594828994e-08 -3.746369787131474435e-11 4.185885714771353161e-09 3.861900000000000000e+04
1.664835582381511756e+02 1.207366036786004493e-08 5.626252054426577475e-11 4.396408233751541074e-09 3.966100000000000000e+04
1.685719683778473552e+02 1.149736044480528283e-08 -2.555925263119999292e-10 3.931185622158368863e-09 4.054500000000000000e+04
1.706641332089364766e+02 1.107540116736306326e-08 -4.422704683643065625e-11 4.106680029311366410e-09 4.181500000000000000e+04
1.727708699256135390e+02 1.048576282958275064e-08 -1.603964768236427527e-10 4.200308843144085950e-09 4.312500000000000000e+04
1.748696546009699659e+02 9.979816029360772474e-09 -3.190840429412917212e-10 3.999634905555065078e-09 4.368100000000000000e+04
1.769585769494445344e+02 9.584844334482489067e-09 -1.842616304588816399e-10 3.730216475517604216e-09 4.462900000000000000e+04
1.790524509315575301e+02 9.197696252049155336e-09 -1.971093766188110052e-10 3.871193116000341432e-09 4.622700000000000000e+04
1.811526521261263554e+02 8.790866314865189501e-09 -2.941131049731376798e-10 3.610502583623639423e-09 4.690900000000000000e+04
1.832476884130738881e+02 8.336027841924075978e-09 -4.713454892606057915e-11 3.473336747789985699e-09 4.823700000000000000e+04
1.853312475833926101e+02 8.149178585758308708e-09 -2.211772832840506632e-10 3.681821364400471269e-09 4.858300000000000000e+04
1.874284892203218931e+02 7.734646976965153485e-09 -1.428672839970482344e-10 3.603482802990724561e-09 5.099700000000000000e+04
1.895337179075755216e+02 7.401608116631543884e-09 -4.221814970954523657e-11 3.486840261162232029e-09 5.139700000000000000e+04
1.916268196474026126e+02 7.081239888410000425e-09 -6.294919432705276416e-11 3.647362130272322213e-09 5.248900000000000000e+04
1.937183403446852878e+02 6.779864668331853515e-09 3.378338819632090629e-12 3.394587170065350957e-09 5.378700000000000000e+04
1.958131498886989164e+02 6.534521138964483201e-09 -1.726054586589850034e-10 3.338475377486569037e-09 5.491300000000000000e+04
1.979058740098966211e+02 6.311918753646993278e-09 -1.007617169081660194e-10 3.340155801336362886e-09 5.597700000000000000e+04
1.999990651597893816e+02 6.047730471218473010e-09 -4.965699782976449016e-11 3.285928499974245713e-09 5.741500000000000000e+04
2.020893038374759101e+02 5.769505760132114803e-09 -1.328534421620550946e-10 3.229661918126797456e-09 5.810500000000000000e+04
2.041823192148177952e+02 5.583695599156846018e-09 -2.241758162614817533e-10 3.146907103612079100e-09 6.003300000000000000e+04
2.062825911013838152e+02 5.394556405964613821e-09 -1.598707019223665058e-10 3.098574254935944803e-09 6.094900000000000000e+04
2.083770189145966185e+02 5.194346678497332174e-09 -6.698742821894888668e-11 3.125482927567249275e-09 6.223500000000000000e+04
2.104675816794403431e+02 4.979151251824379619e-09 -8.022060924322067628e-11 3.056742866639851005e-09 6.322900000000000000e+04
2.125667854244018145e+02 4.819242907563066704e-09 -1.664064002334544991e-10 2.946151419065567070e-09 6.513300000000000000e+04
2.146619261104851830e+02 4.648539682995843015e-09 -1.408710009206088624e-10 3.141677489976494461e-09 6.570700000000000000e+04
2.167561805722037036e+02 4.473638029614155796e-09 2.344503803104290789e-11 3.097655593405717890e-09 6.756100000000000000e+04
2.188528705899679210e+02 4.294312260029217227e-09 -8.567459521799971159e-11 3.013557363446261813e-09 6.850500000000000000e+04
2.209456427453084473e+02 4.156107596891874321e-09 -1.281313457925616261e-10 2.963533908828727397e-09 6.994300000000000000e+04
2.230395148320731096e+02 4.028806575566868540e-09 -7.937619630814556381e-11 2.961169706802747760e-09 7.109700000000000000e+04
2.251356732858534997e+02 3.856945694811535538e-09 -8.497454420883078426e-11 2.942753868132220873e-09 7.302100000000000000e+04
2.272278504864401327e+02 3.735460120825057198e-09 -5.903116420987455446e-11 2.946867534676598911e-09 7.331700000000000000e+04
2.293197511287232544e+02 3.585084115194942502e-09 -1.078042199558202431e-10 2.713551514401797280e-09 7.579900000000000000e+04
2.314114772346510165e+02 3.494810395975778701e-09 -2.661031691345083027e-11 2.929322951592377358e-09 7.602100000000000000e+04
2.335058467478245632e+02 3.421817287982984806e-09 -6.153174686165210395e-11 2.929659347611397481e-09 7.875300000000000000e+04
2.356041652202905539e+02 3.273772701224824107e-09 -9.756291089704080705e-11 2.888676665869949085e-09 7.929100000000000000e+04
2.377006336558306998e+02 3.170257753611231371e-09 -7.375198504605412656e-11 2.885233121380626290e-09 8.112900000000000000e+04
2.397972750390475198e+02 3.093802657862155085e-09 -1.123065960035117539e-10 2.884485422210666348e-09 8.244100000000000000e+04
2.418944602532704096e+02 3.005353822063484989e-09 -6.830485344731190340e-11 2.911944569528115035e-09 8.394900000000000000e+04
2.439884227569783093e+02 2.929295301140481016e-09 -1.095355932410951273e-10 2.839862352560542216e-09 8.512300000000000000e+04
2.460835996828307373e+02 2.838892497792852042e-09 -1.123394292487479410e-10 2.947839983822039658e-09 8.692900000000000000e+04
2.481755280705312146e+02 2.756168939151820828e-09 -1.440358726137431177e-10 2.877891631243406211e-09 8.778900000000000000e+04
2.502623700647570217e+02 2.690559991255452981e-09 -1.194115671230195521e-10 2.924768079354094520e-09 8.962300000000000000e+04
2.523586155105348325e+02 2.597742094077998942e-09 -8.571896926160500168e-11 2.878675267712188878e-09 9.134100000000000000e+04
2.544547077866985489e+02 2.522083564901982096e-09 -6.849004608138371702e-11 2.964973056180342491e-09 9.284500000000000000e+04
2.565487653287422063e+02 2.464174851213543107e-09 -9.781300401986819171e-11 2.952828474674619776e-09 9.408700000000000000e+04
2.586464955058470991e+02 2.372818395448595831e-09 -6.490567540073141177e-11 2.977764764979651245e-09 9.633300000000000000e+04
2.607443047329861656e+02 2.294881310559979854e-09 -1.295343898425193954e-10 2.990472685733936452e-09 9.724900000000000000e+04
2.628438312173413465e+02 2.177274955013416577e-09 -8.338311943248560398e-11 3.015367860223341744e-09 9.950100000000000000e+04
2.649298855659840228e+02 2.068875055106452344e-09 -1.203974957011390966e-10 3.038805650850451305e-09 9.928300000000000000e+04
2.670163698864117805e+02 1.901749587869513208e-09 -6.191897745628374913e-11 2.994909307291390444e-09 1.025370000000000000e+05
2.691120556714307668e+02 1.692709405918491815e-09 -1.272391672453692561e-10 2.647695324986903690e-09 1.022830000000000000e+05
2.712074998348403483e+02 1.447419793585184871e-09 -1.017515627832065871e-10 2.008880141711844899e-09 1.021060000000000000e+05
2.733050116933233653e+02 1.240266030054138345e-09 -1.003641178058240060e-10 1.512711006918359920e-09 1.007340000000000000e+05
2.753977295572417461e+02 1.090944276791496683e-09 -9.283698497605426890e-11 1.124404773193323223e-09 9.999400000000000000e+04
2.774958294534935703e+02 9.673290769104943136e-10 -5.530197523913128001e-11 8.087038097122589412e-10 9.936000000000000000e+04
2.795977707949222122e+02 8.614148539506937268e-10 -7.680861494866221089e-11 5.507620429944101103e-10 9.860800000000000000e+04
2.816862895118986785e+02 7.841275363889480629e-10 -4.674171207218467660e-11 3.612444691797392120e-10 9.625200000000000000e+04
2.837743515740906446e+02 7.235652748216148383e-10 -5.154223834505919059e-11 2.155171952968052886e-10 9.640000000000000000e+04
2.858713251310674650e+02 6.706963406048036531e-10 -3.227370680010742643e-11 1.072879720950441421e-10 9.539800000000000000e+04
2.879670932628575883e+02 6.199801390072473660e-10 -1.707090684762253813e-11 -1.175930006237340201e-11 9.402000000000000000e+04
2.900590582015512382e+02 5.837488814344790925e-10 -2.137137106078755423e-11 -8.885201021650114097e-11 9.316000000000000000e+04
2.921519201901450060e+02 5.470858438487832927e-10 -1.872449510808927834e-11 -1.525725682388654937e-10 9.177600000000000000e+04
2.942485935102203030e+02 5.129247752188891490e-10 -1.086121439460549159e-11 -2.172029984638897333e-10 9.137800000000000000e+04
2.963426645133968691e+02 4.883855440849771619e-10 -1.913590341130858812e-11 -2.650280262291048339e-10 8.949000000000000000e+04
2.984329904966970162e+02 4.641589581815193659e-10 -8.588417525263206262e-12 -3.138977262256507503e-10 8.845000000000000000e+04
3.005290481640043367e+02 4.379211360668234835e-10 -1.149843801539494483e-11 -3.405815652928983156e-10 8.794600000000000000e+04
3.026245947235937592e+02 4.176276955161846425e-10 -1.057809410532296435e-11 -3.658218482206556148e-10 8.575200000000000000e+04
3.047205651109674704e+02 3.985479944791281379e-10 -8.750334698383822997e-12 -3.881437436805180382e-10 8.574400000000000000e+04
3.068167457111920839e+02 3.863582932759986997e-10 -9.126161150068378734e-12 -4.127925109834841878e-10 8.322000000000000000e+04
3.089118625384018060e+02 3.702333103472690668e-10 -8.103614512513514609e-12 -4.273908074839950256e-10 8.302000000000000000e+04
3.110099981664167785e+02 3.543493435553445694e-10 -5.245052427905218999e-12 -4.379150046562593098e-10 8.106400000000000000e+04
3.131040997612852266e+02 3.461929818236095744e-10 -9.700902935698281953e-12 -4.532612095347778112e-10 7.983000000000000000e+04
3.151936712677708670e+02 3.326025392214419037e-10 -6.331088515481285131e-12 -4.586527829839790348e-10 7.823800000000000000e+04
3.172858841403398173e+02 3.253254296368312775e-10 -4.153640305755245055e-12 -4.706463525188800445e-10 7.715400000000000000e+04
3.193772099476266817e+02 3.181735065590476319e-10 -3.642926685649626671e-12 -4.790253411541672516e-10 7.546600000000000000e+04
3.214753775151562536e+02 3.097213136562239057e-10 -1.851417767921587831e-12 -4.866047070907764693e-10 7.480200000000000000e+04
3.235746879206847666e+02 3.009455447031773901e-10 1.667760158954806936e-12 -4.949462306230234311e-10 7.258000000000000000e+04
3.256647237020029024e+02 2.955011809038295947e-10 7.765225274184877444e-13 -4.955188513081840776e-10 7.133800000000000000e+04
3.277571324083919535e+02 2.898456386870533880e-10 -1.460005909119822170e-12 -4.985380834749984144e-10 6.964200000000000000e+04
3.298487111637800240e+02 2.852759234648208858e-10 2.716894809785303998e-12 -5.083906707292234294e-10 6.832600000000000000e+04
3.319433744068021497e+02 2.818045929009965690e-10 1.445172201487097114e-12 -5.099064428784962106e-10 6.674400000000000000e+04
3.340422322988853239e+02 2.777134224871937042e-10 -1.961434698592518201e-12 -5.123821208475142385e-10 6.533800000000000000e+04
3.361307892565458246e+02 2.762827888422717813e-10 2.939293904603793171e-12 -5.189177476424803597e-10 6.315600000000000000e+04
3.382251120895489294e+02 2.713556696487671455e-10 2.020767497025237033e-12 -5.243878985693033856e-10 6.214000000000000000e+04
3.403264013195363304e+02 2.704345644070446078e-10 4.229296607552128921e-12 -5.298770064678738016e-10 6.051400000000000000e+04
3.424148842577288860e+02 2.696663255971442457e-10 2.831502014215105435e-12 -5.358435021273891748e-10 5.799000000000000000e+04
3.445099495577244397e+02 2.714159184272895681e-10 5.514287790808844688e-12 -5.519696708638742265e-10 5.742400000000000000e+04
3.466144105402300397e+02 2.655328546758838171e-10 1.834197592499384525e-12 -5.405522550212401110e-10 5.518200000000000000e+04
3.487067496858389859e+02 2.694824377702246917e-10 4.480820040890478335e-12 -5.624819044126634178e-10 5.306800000000000000e+04
3.507912540595516475e+02 2.670005141483642342e-10 1.728899586264134810e-12 -5.578059598486436853e-10 5.152800000000000000e+04
3.528807167895711814e+02 2.657526624575638854e-10 2.890620522781455912e-12 -5.665736252390555655e-10 4.954600000000000000e+04
3.549828487415276754e+02 2.723556335723584060e-10 1.521162714712333629e-12 -5.771755212694844932e-10 4.846600000000000000e+04
3.570768480370360862e+02 2.719257741184096266e-10 4.037409948293602158e-12 -5.950052611317438348e-10 4.566600000000000000e+04
3.591652111747225717e+02 2.711378512801760389e-10 3.550624685225910002e-12 -5.950160804111282965e-10 4.423000000000000000e+04
3.612627896178847777e+02 2.710163361449645038e-10 5.957441592629370218e-12 -6.092698750330076783e-10 4.254000000000000000e+04
3.633645820428338880e+02 2.688353355489970076e-10 8.885349588154702614e-13 -6.077523987675659607e-10 4.022200000000000000e+04
3.654527365610065885e+02 2.739249882859463919e-10 4.527147637421029394e-13 -6.192518877408250417e-10 3.842200000000000000e+04
3.675441472124314259e+02 2.703399417899379480e-10 1.256578694157741413e-12 -6.315924957195085149e-10 3.624600000000000000e+04
3.696396280380744201e+02 2.732919092559944382e-10 6.453306109021363294e-12 -6.482987736963205968e-10 3.455200000000000000e+04
3.717297223820279441e+02 2.699610739863045810e-10 2.361728343538242498e-12 -6.538558035451901843e-10 3.213600000000000000e+04
3.738176974939287902e+02 2.663241634543015738e-10 -1.063919079061367189e-12 -6.511601942635443434e-10 3.029200000000000000e+04
3.759110996783247174e+02 2.617859877194370016e-10 2.271898498407144970e-12 -6.667381248019653484e-10 2.830200000000000000e+04
3.780081394014102898e+02 2.554217150705366601e-10 -7.245342753256304347e-14 -6.707274945817297402e-10 2.605600000000000000e+04
3.801051557582653118e+02 2.497649025057329255e-10 -5.585033393782254614e-13 -6.754417656730286815e-10 2.421100000000000000e+04
3.821955053587425937e+02 2.445666939311513598e-10 -3.947259170676392585e-12 -6.778533855284059477e-10 2.220600000000000000e+04
3.842862749912937943e+02 2.381056635746389105e-10 -5.181197609871168325e-13 -6.839947640030585183e-10 2.088400000000000000e+04
3.863841918340856409e+02 2.398235383572713191e-10 -7.380003436201084930e-13 -7.001502118590297087e-10 1.939200000000000000e+04
3.884771734501698006e+02 2.393400675319760247e-10 -4.318980545543203926e-12 -7.057266035955035427e-10 1.805800000000000000e+04
3.905623371605522607e+02 2.373385180958583572e-10 -1.059010775794514441e-12 -7.149764951728219619e-10 1.674600000000000000e+04
3.926667500119167471e+02 2.376116940624358798e-10 -3.137055873274475802e-12 -7.236308594983895261e-10 1.589800000000000000e+04
3.947778557744774162e+02 2.388839469592491964e-10 3.209145669557979497e-13 -7.405755419314292235e-10 1.457800000000000000e+04
3.968631060462392952e+02 2.412833515942074112e-10 1.570200931370813653e-12 -7.581433432902726206e-10 1.344300000000000000e+04
3.989413219049817485e+02 2.436731576632131270e-10 -1.488937103191785099e-12 -7.695172565837882636e-10 1.251100000000000000e+04
4.010572258526528344e+02 2.446345378083394428e-10 3.465139937404324405e-12 -7.863451247548478365e-10 1.191900000000000000e+04
4.031656962107319373e+02 2.470181361383444585e-10 6.366752244296117515e-13 -7.980141393967301009e-10 1.063900000000000000e+04
4.052249146637423678e+02 2.552958368466060059e-10 -6.374687514179874931e-13 -8.279741098962635822e-10 9.775000000000000000e+03
4.073276634718891387e+02 2.553380419765403447e-10 1.068306518197545869e-12 -8.390646417210976257e-10 9.423000000000000000e+03
4.094593776408451049e+02 2.663836069168938198e-10 -1.043203849708796517e-12 -8.770551229921467238e-10 8.449000000000000000e+03
4.115405539130957777e+02 2.610825241673993077e-10 2.508759327582750212e-12 -8.687845040598252557e-10 7.596000000000000000e+03
4.135894252671187132e+02 2.698990717342684355e-10 2.491336781428685678e-12 -9.020809584033867218e-10 6.931000000000000000e+03
4.156930049049321951e+02 2.820770676850973659e-10 2.889447557630280073e-12 -9.499675762412211436e-10 6.612000000000000000e+03
4.178272827209258367e+02 2.769297736208154239e-10 1.855743856514004236e-12 -9.357836405809694046e-10 5.899000000000000000e+03
4.199082037741286513e+02 3.019228712367122460e-10 1.322157833560317927e-12 -1.022483148693067805e-09 5.176000000000000000e+03
4.219826095167229028e+02 3.022100742159209845e-10 2.782520754525311837e-12 -1.028658231861756102e-09 4.824000000000000000e+03
4.241028763136273483e+02 3.167513515019133202e-10 -3.466624697407757437e-13 -1.080594354087403426e-09 4.312000000000000000e+03
4.262107721966358440e+02 3.274855642778128704e-10 4.142552702399332179e-13 -1.119658395932149236e-09 3.819000000000000000e+03
4.282460731868927724e+02 3.320442005163863860e-10 -4.467486426582213887e-12 -1.132175122323560358e-09 3.220000000000000000e+03
4.303287648834323136e+02 3.453624342021577005e-10 -4.549508648914797472e-15 -1.188357058876605961e-09 3.132000000000000000e+03
4.325172248853483552e+02 3.591576363939731325e-10 1.828854452205285295e-12 -1.240481260536566286e-09 2.680000000000000000e+03
4.346325070601815810e+02 3.713423409419722538e-10 1.756776723516382748e-12 -1.284511668941198619e-09 2.218000000000000000e+03
4.365567227659553851e+02 3.720857233997153831e-10 -3.853083307581829516e-12 -1.281487294101835228e-09 1.728000000000000000e+03
4.386277159174848634e+02 4.055653281556753066e-10 -2.736869895871280820e-12 -1.404366192489459162e-09 1.816000000000000000e+03
4.409019266196692683e+02 4.280600303243886458e-10 -1.718974182576080973e-13 -1.487752990946445621e-09 1.476000000000000000e+03
4.430735479208619836e+02 4.247106184187816991e-10 3.283848689481279762e-12 -1.481163156614057443e-09 1.108000000000000000e+03
4.448761117541747012e+02 4.514848234098481671e-10 4.130939733677853264e-12 -1.574684154897703179e-09 7.560000000000000000e+02
4.469343758523184533e+02 4.740696284311436114e-10 4.167920399937831505e-12 -1.657142992244159209e-09 8.440000000000000000e+02
4.493013102792758104e+02 5.070388767864526546e-10 2.076464537162828191e-12 -1.772087931866779459e-09 6.280000000000000000e+02
4.515989744176221734e+02 5.414065260737847875e-10 -2.268937927232414906e-12 -1.889224187467351292e-09 4.050000000000000000e+02
4.533101867737696580e+02 6.202547741502209947e-10 2.660555076592542509e-12 -2.169549139695292009e-09 2.020000000000000000e+02
4.552338387398290820e+02 5.815807382801658369e-10 3.847168878946163472e-12 -2.037349298263010447e-09 2.280000000000000000e+02
4.576034578613840722e+02 6.652689403026808465e-10 9.605384967804755615e-14 -2.327151505376867372e-09 1.240000000000000000e+02
4.599517872444100703e+02 7.130633906121127451e-10 3.028648339127085544e-12 -2.498120711534362663e-09 5.200000000000000000e+01
4.619205689144050666e+02 8.856731393179139301e-10 -3.465169160548626194e-12 -3.096031442533165676e-09 9.000000000000000000e+00
4.634281054380590490e+02 9.577796512836822235e-10 -8.999191233793384343e-12 -3.342922745004034985e-09 4.000000000000000000e+00
