2.966547074898984615e+00 6.144590177057299152e-02 -2.222208176814773756e-02 -4.644382238537430457e-02 1.300000000000000000e+01
5.026374055021858744e+00 3.110853566970788950e-02 -1.785923443495040369e-02 5.011309755648589437e-02 3.300000000000000000e+01
7.149300621522788113e+00 1.287302269658631079e-02 -6.004543493661197197e-03 -1.074337402429928002e-03 7.900000000000000000e+01
9.278869254964254409e+00 6.766612990248407553e-03 -6.888689071051342034e-04 1.846305241636942134e-03 1.170000000000000000e+02
1.145033261934470126e+01 4.939823799815711361e-03 -1.797378781764846518e-03 1.676905359079455858e-03 2.050000000000000000e+02
1.349295587141915043e+01 3.307127019038550667e-03 -9.565661075226130489e-04 1.812513004213243007e-03 2.350000000000000000e+02
1.558905561191892986e+01 2.471952012802934411e-03 -4.552867164371744019e-04 -4.271442675387487117e-04 3.690000000000000000e+02
1.769408367255316961e+01 1.800329152755141037e-03 -5.754773799530732556e-04 2.837961373361363375e-04 4.330000000000000000e+02
1.981787480313529670e+01 1.608905627223694524e-03 -4.460258825397175344e-04 1.747985796044940275e-04 5.850000000000000000e+02
2.192074938196263645e+01 1.295665247393662078e-03 -4.512941501772927810e-04 3.222050902588351781e-04 6.790000000000000000e+02
2.398877635566245203e+01 1.103905564781285185e-03 -3.192499273371918102e-04 3.165091630632338969e-04 8.130000000000000000e+02
2.609286971896115759e+01 9.394756796803821258e-04 -2.659141948601343374e-04 1.772758484183308556e-04 9.850000000000000000e+02
2.823466315278179550e+01 8.621948428367788228e-04 -1.186231457052821554e-04 3.882904611341382638e-04 1.183000000000000000e+03
3.032284873509123102e+01 7.314036139419046291e-04 -1.173916684252369690e-04 3.519434718645672372e-04 1.269000000000000000e+03
3.240263258943403457e+01 6.872401905265607689e-04 -4.826839444926199648e-05 3.361684654237584772e-04 1.537000000000000000e+03
3.449210129864554375e+01 5.823997089460809231e-04 -6.233083598861457589e-06 2.104138946282134762e-04 1.653000000000000000e+03
3.658588147515196454e+01 5.424407342084242457e-04 -6.826130665840978188e-05 2.577088114868760068e-04 1.963000000000000000e+03
3.868476949266977272e+01 5.083617285023088591e-04 -5.022008909381015971e-05 1.755198643936270269e-04 2.121000000000000000e+03
4.078898888458283523e+01 4.640473886549555333e-04 5.094020527397104592e-06 2.270563997735221230e-04 2.413000000000000000e+03
4.289390876967645738e+01 4.244043089758118658e-04 -2.741371902781041941e-05 1.495924093299991632e-04 2.635000000000000000e+03
4.498336005546935468e+01 4.003733537029147594e-04 -4.860273744526723879e-05 1.697062106346830263e-04 2.877000000000000000e+03
4.706498529473824988e+01 3.611371241144924280e-04 -3.905347259905076856e-05 1.159737138926149541e-04 3.169000000000000000e+03
4.917111919158227096e+01 3.530810134816440133e-04 -4.916408239605389336e-05 1.186547135680904048e-04 3.507000000000000000e+03
5.126216914174227668e+01 3.176915602294881169e-04 -5.178591739653781170e-05 1.076021897121915306e-04 3.685000000000000000e+03
5.335525146837034072e+01 3.122445056414327371e-04 -2.720147389569075813e-05 1.456343047226024386e-04 4.165000000000000000e+03
5.546637228956934251e+01 2.933714399467897806e-04 -2.947032029844694570e-05 1.497488054235611280e-04 4.377000000000000000e+03
5.757318819254808773e+01 2.740439457216989425e-04 -2.333047958991193773e-05 1.112849091583680157e-04 4.855000000000000000e+03
5.965884044590281121e+01 2.639036842095210281e-04 -3.227643462047744585e-05 1.201029374902415207e-04 4.929000000000000000e+03
6.174512302159506305e+01 2.530558141050315117e-04 -2.285654932562667619e-05 9.278343547875668863e-05 5.581000000000000000e+03
6.382689291137189969e+01 2.365966181750793452e-04 -2.117037882961461892e-05 9.804825890107140586e-05 5.679000000000000000e+03
6.592966228838450604e+01 2.253224249148486633e-04 -1.645474013106889869e-05 9.174491839700749910e-05 6.385000000000000000e+03
6.803125784825746791e+01 2.205982789598052789e-04 -1.590791026505580608e-07 9.646590565457111824e-05 6.553000000000000000e+03
7.013131008699485847e+01 2.107781296232620551e-04 -5.767337553942161514e-06 9.493108319258261368e-05 7.125000000000000000e+03
7.223032366074338029e+01 2.031717231703550981e-04 -2.205846524546937128e-06 7.677638419022086752e-05 7.447000000000000000e+03
7.432334270720505742e+01 1.921243700629025550e-04 2.810443049030432207e-06 6.991700784521483582e-05 7.929000000000000000e+03
7.642066756954473306e+01 1.884096750274045563e-04 -1.002566431193051252e-05 5.607412692155465199e-05 8.353000000000000000e+03
7.850471694556040347e+01 1.793238222863406661e-04 -8.459388781157688438e-06 6.909490089384375021e-05 8.775000000000000000e+03
8.059701946059529121e+01 1.741902517530323588e-04 -5.151871491909187156e-07 6.537759911352503367e-05 9.313000000000000000e+03
8.269521798132063850e+01 1.669577692472107105e-04 4.888548827971941782e-07 5.601835023624191602e-05 9.841000000000000000e+03
8.478307522909847194e+01 1.621682208720020267e-04 2.827677683261818822e-06 6.221204597885522430e-05 1.019100000000000000e+04
8.687780839616016237e+01 1.562974935438229550e-04 6.044149718331415627e-06 5.557130903259145508e-05 1.089700000000000000e+04
8.897524569656535220e+01 1.544119157216293525e-04 1.343816731022828442e-05 5.073732361220854213e-05 1.130100000000000000e+04
9.108077810470518898e+01 1.481440427101739221e-04 9.336095640626342458e-06 4.558620829208645991e-05 1.202500000000000000e+04
9.318432266948052245e+01 1.427236935252053991e-04 4.635067955628620214e-06 3.812354371643918903e-05 1.242300000000000000e+04
9.527887641048309320e+01 1.349049030826424752e-04 4.084368724308689155e-06 3.580599263836695042e-05 1.302100000000000000e+04
9.736254237981037818e+01 1.312214469169944021e-04 2.558396834227378890e-06 3.070240535874515131e-05 1.340500000000000000e+04
9.944832814799407572e+01 1.265822139869345921e-04 -3.970931581310918333e-06 3.109385614157964982e-05 1.424700000000000000e+04
1.015460879802399035e+02 1.208536760682141643e-04 -5.159773460134391939e-06 2.801080839681845399e-05 1.471300000000000000e+04
1.036426375667732316e+02 1.152798326609742063e-04 -2.282268546071688403e-06 1.835877869405346164e-05 1.548900000000000000e+04
1.057389390539465950e+02 1.119389367205186951e-04 -4.229922943886142837e-06 2.228104752729766848e-05 1.591300000000000000e+04
1.078395855981474227e+02 1.069840420777546421e-04 -3.677913093667613085e-06 1.635149546045451714e-05 1.687900000000000000e+04
1.099389405850131709e+02 1.035257550330306810e-04 -2.549456086293105643e-06 1.700614920450280033e-05 1.719300000000000000e+04
1.120392143152385387e+02 1.017858675652670244e-04 -1.470100699731579190e-06 1.727415885967078707e-05 1.815700000000000000e+04
1.141233458569757744e+02 9.707375589129017726e-05 -2.853322882566751500e-06 1.336578263472678254e-05 1.833900000000000000e+04
1.162159397555423084e+02 9.544431308772008643e-05 -1.976581959729621205e-06 1.802601515327584400e-05 1.957300000000000000e+04
1.183137204803772420e+02 9.194125050957141271e-05 7.079141690011168920e-07 1.544437152589686965e-05 1.994100000000000000e+04
1.203972311807013256e+02 8.947141925384284914e-05 1.956584854560325364e-06 2.040580541847084137e-05 2.062900000000000000e+04
1.224922363187857286e+02 8.612000869962692460e-05 1.562960316333885508e-06 1.828342352338128683e-05 2.165500000000000000e+04
1.245882598425863534e+02 8.417405703397174040e-05 2.753435546778785975e-06 1.582310950200452413e-05 2.211300000000000000e+04
1.266884677158377315e+02 8.153315764308621393e-05 1.242699133893549147e-06 1.088549775560070879e-05 2.318500000000000000e+04
1.287846620419940962e+02 7.893617537091295933e-05 8.938141829094074054e-07 9.271190646435510896e-06 2.366700000000000000e+04
1.308713393788149801e+02 7.597338056727962038e-05 1.750614524638297536e-06 9.272642118634682272e-06 2.438500000000000000e+04
1.329754833440644575e+02 7.451575386073790012e-05 3.504642790687744567e-07 1.115388858411999592e-05 2.574900000000000000e+04
1.350691081525609434e+02 7.238868978342303303e-05 2.698957758715148000e-06 1.309947662178091303e-05 2.567500000000000000e+04
1.371638825856825576e+02 6.997549722895024049e-05 3.013223582344521760e-06 1.220703977136418746e-05 2.740900000000000000e+04
1.392604757372163533e+02 6.781324675864252726e-05 1.873933715309418146e-06 1.190252536550467279e-05 2.740500000000000000e+04
1.413466882908376760e+02 6.629944524682389036e-05 1.319173383534799784e-06 1.299181448437859608e-05 2.871700000000000000e+04
1.434475230090064031e+02 6.463366626343501002e-05 1.192715894680908700e-06 1.158690875707736998e-05 2.959500000000000000e+04
1.455452853418541679e+02 6.209683581300971464e-05 4.461781297940784110e-08 1.117301142234044598e-05 3.030100000000000000e+04
1.476332061073587738e+02 6.200011402258400698e-05 5.468334837254612884e-07 1.012332534958358079e-05 3.110100000000000000e+04
1.497211472843286231e+02 6.034256578931324722e-05 4.915369736453618645e-07 7.848148324737393681e-06 3.202300000000000000e+04
1.518138048751577287e+02 5.878620354054402071e-05 7.925793501072652797e-07 1.075607672455217578e-05 3.297700000000000000e+04
1.539211490100352648e+02 5.703888987625049860e-05 9.085360403543684522e-07 9.952581664937473820e-06 3.444900000000000000e+04
1.560214747341236716e+02 5.569516436093781823e-05 1.687437067666751754e-06 8.608657536984128157e-06 3.454900000000000000e+04
1.581161747588121784e+02 5.476178983565610010e-05 9.049947641543885655e-07 7.393439543260694075e-06 3.611100000000000000e+04
1.602118712271799836e+02 5.315144041717122459e-05 1.517704078718514399e-06 8.657042579197788817e-06 3.654100000000000000e+04
1.623006419462898862e+02 5.214629640474298600e-05 1.167202194919316768e-06 9.017168465628561228e-06 3.771700000000000000e+04
1.643899033199985240e+02 5.016873664274932026e-05 9.107600686595258122e-07 7.205928385628831183e-06 3.861900000000000000e+04
1.664835582381511756e+02 4.960171916714327855e-05 7.217698655125029729e-07 7.151958525780958967e-06 3.966100000000000000e+04
1.685719683778473552e+02 4.828935474409004451e-05 -4.511302617830925319e-07 5.989602093998550282e-06 4.054500000000000000e+04
1.706641332089364766e+02 4.682957739779723309e-05 -1.929380744480248498e-07 6.755789642047699057e-06 4.181500000000000000e+04
1.727708699256135390e+02 4.572166186259303701e-05 -1.099873336313870751e-07 6.301313454682468016e-06 4.312500000000000000e+04
1.748696546009699659e+02 4.457367793198670648e-05 -7.043633890619618899e-07 6.354604184183915459e-06 4.368100000000000000e+04
1.769585769494445344e+02 4.331259234897878800e-05 -1.689837455425078113e-06 5.466943049564350847e-06 4.462900000000000000e+04
1.790524509315575301e+02 4.185567829125052343e-05 -1.352787670318095756e-06 5.330553938272005820e-06 4.622700000000000000e+04
1.811526521261263554e+02 4.125841011198579762e-05 -9.369981515621293414e-07 5.714898644891466462e-06 4.690900000000000000e+04
1.832476884130738881e+02 4.032931791452037197e-05 -6.908969688012811366e-07 4.486709197469892346e-06 4.823700000000000000e+04
1.853312475833926101e+02 3.984434174618451286e-05 -3.811394659365055687e-07 6.326170593114358807e-06 4.858300000000000000e+04
1.874284892203218931e+02 3.856838784881619489e-05 3.982414169353200906e-07 5.585551555849802812e-06 5.099700000000000000e+04
1.895337179075755216e+02 3.811419108566826562e-05 -4.690270845371178015e-07 5.449875335178702041e-06 5.139700000000000000e+04
1.916268196474026126e+02 3.715409373416317591e-05 -6.369890709082894730e-07 4.224919330724474494e-06 5.248900000000000000e+04
1.937183403446852878e+02 3.629822603616792939e-05 -6.308022456062270405e-07 5.094311736122493549e-06 5.378700000000000000e+04
1.958131498886989164e+02 3.556620468359580829e-05 -8.413073309688853700e-08 5.027364681551820392e-06 5.491300000000000000e+04
1.979058740098966211e+02 3.514160540223806693e-05 -1.150228063411581844e-06 4.319654393587280512e-06 5.597700000000000000e+04
1.999990651597893816e+02 3.429387476068818666e-05 -1.040608946068807332e-06 4.157728309001690792e-06 5.741500000000000000e+04
2.020893038374759101e+02 3.387238606883449788e-05 -7.544793744410160379e-07 4.249652571774172181e-06 5.810500000000000000e+04
2.041823192148177952e+02 3.332010800074488915e-05 -8.368704574437511036e-07 3.924099041117193422e-06 6.003300000000000000e+04
2.062825911013838152e+02 3.265045842647806704e-05 -8.615634319659514484e-07 4.928908393545001958e-06 6.094900000000000000e+04
2.083770189145966185e+02 3.198002133478273140e-05 -7.132078181173204072e-07 5.032737431797826313e-06 6.223500000000000000e+04
2.104675816794403431e+02 3.163653155479808222e-05 -1.017084921930176176e-07 5.216359339291206257e-06 6.322900000000000000e+04
2.125667854244018145e+02 3.105785760537331096e-05 -1.901312346531348489e-07 3.685184594756487359e-06 6.513300000000000000e+04
2.146619261104851830e+02 3.024001487996459225e-05 -1.907153289233025164e-07 4.483691259858649690e-06 6.570700000000000000e+04
2.167561805722037036e+02 3.001005748084560989e-05 -2.256458520485088624e-07 5.152508824383394258e-06 6.756100000000000000e+04
2.188528705899679210e+02 2.931007636603049233e-05 3.798231846104958649e-08 5.489678378176294932e-06 6.850500000000000000e+04
2.209456427453084473e+02 2.893605881985720712e-05 -4.284285533067981104e-07 4.782502167285163253e-06 6.994300000000000000e+04
2.230395148320731096e+02 2.829722029328108081e-05 -3.478244429661362817e-07 5.630808839990663402e-06 7.109700000000000000e+04
2.251356732858534997e+02 2.788593191631933254e-05 -1.133459348519056235e-06 5.122075524165460468e-06 7.302100000000000000e+04
2.272278504864401327e+02 2.744881510631691065e-05 -8.555501796879732049e-07 4.718714142459706885e-06 7.331700000000000000e+04
2.293197511287232544e+02 2.688881428241039751e-05 -8.235162897045597191e-07 4.760490787339121634e-06 7.579900000000000000e+04
2.314114772346510165e+02 2.660864332968332141e-05 -6.390776075381642135e-07 5.288290629179164025e-06 7.602100000000000000e+04
2.335058467478245632e+02 2.635329193944755806e-05 -8.461327348791422573e-07 5.609777666852587089e-06 7.875300000000000000e+04
2.356041652202905539e+02 2.602342054302322758e-05 -8.019330745665459431e-07 5.428461658690466773e-06 7.929100000000000000e+04
2.377006336558306998e+02 2.554440509467276334e-05 -5.478500993314501471e-07 5.403466449325053732e-06 8.112900000000000000e+04
2.397972750390475198e+02 2.526018516032164419e-05 -9.411941679128921949e-07 5.588173451138835968e-06 8.244100000000000000e+04
2.418944602532704096e+02 2.513027965384178258e-05 -6.409170780237379786e-07 6.297868810658917541e-06 8.394900000000000000e+04
2.439884227569783093e+02 2.487754466242851381e-05 -8.409558158451053058e-07 6.329769927604145205e-06 8.512300000000000000e+04
2.460835996828307373e+02 2.470391895760988825e-05 -3.979808573422578562e-07 7.543669810209384689e-06 8.692900000000000000e+04
2.481755280705312146e+02 2.450582611997365807e-05 -4.993398841676671802e-07 7.861062545163511218e-06 8.778900000000000000e+04
2.502623700647570217e+02 2.427809395650994793e-05 -1.087243080740515102e-06 8.823203495462991750e-06 8.962300000000000000e+04
2.523586155105348325e+02 2.404286922443514367e-05 -7.217296613331728188e-07 7.886696361756724043e-06 9.134100000000000000e+04
2.544547077866985489e+02 2.383106242246234684e-05 -6.292037608524512353e-07 8.710697479329938974e-06 9.284500000000000000e+04
2.565487653287422063e+02 2.366255465305782183e-05 -9.573978451009756990e-07 9.161804404832382226e-06 9.408700000000000000e+04
2.586464955058470991e+02 2.369253085402400075e-05 -9.994337878606316074e-07 9.799650302108697082e-06 9.633300000000000000e+04
2.607443047329861656e+02 2.351979115978622309e-05 -1.153043254809813901e-06 1.053478148917494153e-05 9.724900000000000000e+04
2.628438312173413465e+02 2.330126865371671407e-05 -1.481054625096532043e-06 1.048486257940906024e-05 9.950100000000000000e+04
2.649298855659840228e+02 2.339061852436653572e-05 -1.021335454139245161e-06 1.222404958827055257e-05 9.928300000000000000e+04
2.670163698864117805e+02 2.333098597567503905e-05 -1.339893328216238635e-06 1.293572694247923196e-05 1.025370000000000000e+05
2.691120556714307668e+02 2.325444323917478558e-05 -7.202307526659096284e-07 1.148193229057387684e-05 1.022830000000000000e+05
2.712074998348403483e+02 2.298198477951541308e-05 -1.273415561703517159e-06 7.699496453857192560e-06 1.021060000000000000e+05
2.733050116933233653e+02 2.257507730874175811e-05 -9.182133837758933013e-07 3.861668045072602408e-06 1.007340000000000000e+05
2.753977295572417461e+02 2.219345212413142030e-05 -7.467089525535945335e-07 -4.424880142789071800e-08 9.999400000000000000e+04
2.774958294534935703e+02 2.190143263816453031e-05 -8.908612693154890898e-07 -1.914465975968022261e-06 9.936000000000000000e+04
2.795977707949222122e+02 2.142926218206646350e-05 -9.735499470122441777e-07 -5.408079246428899621e-06 9.860800000000000000e+04
2.816862895118986785e+02 2.122504832219531968e-05 -7.757210476863405799e-07 -7.644803788990248253e-06 9.625200000000000000e+04
2.837743515740906446e+02 2.073728571558843085e-05 -1.208174840215366735e-06 -9.986466977402444809e-06 9.640000000000000000e+04
2.858713251310674650e+02 2.059318703803360458e-05 -1.209202728646544217e-06 -1.154935030400774278e-05 9.539800000000000000e+04
2.879670932628575883e+02 2.031714855298593427e-05 -9.440347027525841945e-07 -1.352910217025317118e-05 9.402000000000000000e+04
2.900590582015512382e+02 2.010363008860625026e-05 -1.178243091774973456e-06 -1.523799895553485066e-05 9.316000000000000000e+04
2.921519201901450060e+02 1.989192702825488013e-05 -8.977690790117735122e-07 -1.680016033042759958e-05 9.177600000000000000e+04
2.942485935102203030e+02 1.972664893088630180e-05 -9.455725309316264274e-07 -1.821978709290433791e-05 9.137800000000000000e+04
2.963426645133968691e+02 1.933265708084840149e-05 -9.214000012942171943e-07 -1.901977529757991863e-05 8.949000000000000000e+04
2.984329904966970162e+02 1.916095517673664512e-05 -4.761604195502024085e-07 -2.110859665238376176e-05 8.845000000000000000e+04
3.005290481640043367e+02 1.908542152060463623e-05 -4.110058052858848977e-07 -2.229433464618893053e-05 8.794600000000000000e+04
3.026245947235937592e+02 1.900700555433371564e-05 -6.891155659510798523e-07 -2.325755477172295981e-05 8.575200000000000000e+04
3.047205651109674704e+02 1.869730962864799831e-05 -3.327742700527159550e-07 -2.457051122287520008e-05 8.574400000000000000e+04
3.068167457111920839e+02 1.859305367643554943e-05 -5.860720554122310794e-07 -2.540836961885885691e-05 8.322000000000000000e+04
3.089118625384018060e+02 1.829715475677752681e-05 -6.982890976032621537e-07 -2.587507587966812105e-05 8.302000000000000000e+04
3.110099981664167785e+02 1.812662325311993624e-05 -5.698977312538920535e-07 -2.684633608909405187e-05 8.106400000000000000e+04
3.131040997612852266e+02 1.801473978762621240e-05 -4.248939964441861735e-07 -2.756021777239980430e-05 7.983000000000000000e+04
3.151936712677708670e+02 1.787250229475139323e-05 -2.961723254232663353e-07 -2.870982863740575460e-05 7.823800000000000000e+04
3.172858841403398173e+02 1.792194702892663987e-05 -2.200253741223668198e-07 -2.961700259041082772e-05 7.715400000000000000e+04
3.193772099476266817e+02 1.766506670582389994e-05 -3.330613072139492155e-07 -2.959624516698090334e-05 7.546600000000000000e+04
3.214753775151562536e+02 1.773104053014280340e-05 -2.901922410215366162e-07 -3.059990986562179967e-05 7.480200000000000000e+04
3.235746879206847666e+02 1.755499453420326708e-05 -3.134706856626559079e-07 -3.111424841824256087e-05 7.258000000000000000e+04
3.256647237020029024e+02 1.764210697607638197e-05 -3.197483980732535269e-07 -3.185287951228832896e-05 7.133800000000000000e+04
3.277571324083919535e+02 1.745929997092106486e-05 -1.100025698811775541e-07 -3.251308095301095582e-05 6.964200000000000000e+04
3.298487111637800240e+02 1.737236341304053142e-05 -1.620676451219010660e-07 -3.290147146850587375e-05 6.832600000000000000e+04
3.319433744068021497e+02 1.742224185528711339e-05 -4.111505542798294807e-07 -3.314980163076014177e-05 6.674400000000000000e+04
3.340422322988853239e+02 1.736498130009262825e-05 -1.526156840456165756e-07 -3.407531976993321063e-05 6.533800000000000000e+04
3.361307892565458246e+02 1.742041072605030725e-05 -3.724829364221019488e-07 -3.433606435254680134e-05 6.315600000000000000e+04
3.382251120895489294e+02 1.743402739842926861e-05 -4.086245059517166894e-07 -3.497117910479704135e-05 6.214000000000000000e+04
3.403264013195363304e+02 1.737558802300491066e-05 -3.100210922895046482e-07 -3.551071505883822183e-05 6.051400000000000000e+04
3.424148842577288860e+02 1.737719951856191275e-05 -4.923231296460317894e-07 -3.578843033718255898e-05 5.799000000000000000e+04
3.445099495577244397e+02 1.750571045864418845e-05 -5.408784339403591334e-07 -3.627211179280569940e-05 5.742400000000000000e+04
3.466144105402300397e+02 1.742869417080359913e-05 -6.359298930186376230e-07 -3.656503308345130212e-05 5.518200000000000000e+04
3.487067496858389859e+02 1.739698057077319039e-05 -4.183473741896934395e-07 -3.714947855105529562e-05 5.306800000000000000e+04
3.507912540595516475e+02 1.757967073418140094e-05 -2.203777566376652010e-07 -3.810973153613071371e-05 5.152800000000000000e+04
3.528807167895711814e+02 1.751491774344782833e-05 8.760575633332554897e-09 -3.907762103046430989e-05 4.954600000000000000e+04
3.549828487415276754e+02 1.761527778926773731e-05 -5.215265154038358976e-08 -3.926181482268748804e-05 4.846600000000000000e+04
3.570768480370360862e+02 1.760428330419528826e-05 1.350088637110457987e-07 -4.019138599129218060e-05 4.566600000000000000e+04
3.591652111747225717e+02 1.786876566580918941e-05 -1.761935563671647217e-07 -4.073441219625497956e-05 4.423000000000000000e+04
3.612627896178847777e+02 1.780067466372402236e-05 6.299908909625220426e-08 -4.158972855497349594e-05 4.254000000000000000e+04
3.633645820428338880e+02 1.774644938611743883e-05 -2.399876622185022696e-07 -4.157845193940737323e-05 4.022200000000000000e+04
3.654527365610065885e+02 1.816602646968789366e-05 -2.854236178694821947e-07 -4.248571336740765702e-05 3.842200000000000000e+04
3.675441472124314259e+02 1.774741673082677872e-05 -5.078763012325892596e-07 -4.246385183319640428e-05 3.624600000000000000e+04
3.696396280380744201e+02 1.808383289658351621e-05 -7.093245354003226878e-07 -4.321977623501398392e-05 3.455200000000000000e+04
3.717297223820279441e+02 1.787410117617749123e-05 -5.150888167144320918e-07 -4.411965737294282599e-05 3.213600000000000000e+04
3.738176974939287902e+02 1.801121229244330289e-05 -6.249006794786043916e-07 -4.481169136539778089e-05 3.029200000000000000e+04
3.759110996783247174e+02 1.779534286113663240e-05 -2.199387617990469177e-07 -4.628900325896832796e-05 2.830200000000000000e+04
3.780081394014102898e+02 1.748281439261002999e-05 -3.952619867996021841e-07 -4.669110330483071760e-05 2.605600000000000000e+04
3.801051557582653118e+02 1.744628985365001867e-05 2.464862311203317275e-09 -4.839933307486287881e-05 2.421100000000000000e+04
3.821955053587425937e+02 1.715995596805261893e-05 -5.081465478354114188e-08 -4.871029241616831875e-05 2.220600000000000000e+04
3.842862749912937943e+02 1.700991573349273662e-05 -1.381004926344010858e-07 -4.919356555520910441e-05 2.088400000000000000e+04
3.863841918340856409e+02 1.707022753567209109e-05 1.182498730241265615e-07 -5.051538387156830117e-05 1.939200000000000000e+04
3.884771734501698006e+02 1.709399505867387634e-05 -1.612798381751231025e-07 -5.116206522909216999e-05 1.805800000000000000e+04
3.905623371605522607e+02 1.690881531878736930e-05 1.812810330869817416e-07 -5.172188396984922509e-05 1.674600000000000000e+04
3.926667500119167471e+02 1.658278756226849108e-05 -6.061802450365795490e-08 -5.109295658980842793e-05 1.589800000000000000e+04
3.947778557744774162e+02 1.672321864438950864e-05 -1.672488685503052243e-07 -5.187985521533725731e-05 1.457800000000000000e+04
3.968631060462392952e+02 1.660084245585824841e-05 -2.611624383440320601e-07 -5.187065025361820643e-05 1.344300000000000000e+04
3.989413219049817485e+02 1.665355776040794989e-05 -2.544253660836435384e-08 -5.307744468993585540e-05 1.251100000000000000e+04
4.010572258526528344e+02 1.697182494706660796e-05 -6.728126956201032118e-09 -5.462289248780309613e-05 1.191900000000000000e+04
4.031656962107319373e+02 1.718641427518079464e-05 1.532891929833519139e-07 -5.584201013437994649e-05 1.063900000000000000e+04
4.052249146637423678e+02 1.722488732700349942e-05 8.223222543609079719e-08 -5.624486192526529732e-05 9.775000000000000000e+03
4.073276634718891387e+02 1.775039595312079659e-05 3.297583434416161721e-07 -5.869752751354018444e-05 9.423000000000000000e+03
4.094593776408451049e+02 1.826316919111295741e-05 2.048579259764969434e-07 -6.060935440446810224e-05 8.449000000000000000e+03
4.115405539130957777e+02 1.790747573281058059e-05 -5.082628021265158317e-08 -5.943151091817889262e-05 7.596000000000000000e+03
4.135894252671187132e+02 1.807561060227346747e-05 -1.493705036231519269e-08 -6.025398526234358151e-05 6.931000000000000000e+03
4.156930049049321951e+02 1.839800746248984004e-05 -2.260481292849802167e-07 -6.145682571329660849e-05 6.612000000000000000e+03
4.178272827209258367e+02 1.914932706389189203e-05 -1.441943843551248272e-07 -6.432762771942352831e-05 5.899000000000000000e+03
4.199082037741286513e+02 1.976974781208192504e-05 1.291677940242127175e-08 -6.684587177780958330e-05 5.176000000000000000e+03
4.219826095167229028e+02 2.045138550042548402e-05 -1.761766941242493357e-07 -6.917935537695152240e-05 4.824000000000000000e+03
4.241028763136273483e+02 2.015251075187253404e-05 -1.287842908230450967e-07 -6.850199677126272437e-05 4.312000000000000000e+03
4.262107721966358440e+02 2.008011024719105658e-05 -2.867607168539412535e-07 -6.822762066598374612e-05 3.819000000000000000e+03
4.282460731868927724e+02 2.127031126409206451e-05 7.831154608186127511e-08 -7.300243241866080483e-05 3.220000000000000000e+03
4.303287648834323136e+02 2.084177054257740219e-05 -9.485380629457456175e-08 -7.156574244293418196e-05 3.132000000000000000e+03
4.325172248853483552e+02 2.132150592699362261e-05 -2.147553625795741242e-07 -7.331308078399010079e-05 2.680000000000000000e+03
4.346325070601815810e+02 2.192761375485153625e-05 -1.076244817745844417e-07 -7.561324960750165586e-05 2.218000000000000000e+03
4.365567227659553851e+02 2.257825216880192889e-05 -1.776586129432237937e-07 -7.781179687318738158e-05 1.728000000000000000e+03
4.386277159174848634e+02 2.315995981140667341e-05 -1.805253910206101636e-07 -8.015564581628556169e-05 1.816000000000000000e+03
4.409019266196692683e+02 2.465455207976957998e-05 1.348492245841554356e-07 -8.579705731168831885e-05 1.476000000000000000e+03
4.430735479208619836e+02 2.657921590780799721e-05 -6.757986500136802467e-08 -9.234899468862026596e-05 1.108000000000000000e+03
4.448761117541747012e+02 2.548262398489793237e-05 3.886101173063074140e-08 -8.869234625122186474e-05 7.560000000000000000e+02
4.469343758523184533e+02 2.637193815288202493e-05 1.172456297034555099e-07 -9.203626192468500951e-05 8.440000000000000000e+02
4.493013102792758104e+02 2.780234684612177589e-05 -7.111717550104575036e-09 -9.697209238315043843e-05 6.280000000000000000e+02
4.515989744176221734e+02 2.928663066902834709e-05 -3.010994712065082717e-09 -1.022927066633062023e-04 4.050000000000000000e+02
4.533101867737696580e+02 3.280483577592570749e-05 1.802607269934295829e-07 -1.147633029835167602e-04 2.020000000000000000e+02
4.552338387398290820e+02 3.362306047541485714e-05 1.408115703705168338e-07 -1.176878743398238763e-04 2.280000000000000000e+02
4.576034578613840722e+02 3.965377890183500607e-05 -2.159176745496945813e-08 -1.386762904094915240e-04 1.240000000000000000e+02
4.599517872444100703e+02 3.550660483754731746e-05 1.082960637824439414e-07 -1.243527687524253154e-04 5.200000000000000000e+01
4.619205689144050666e+02 3.440767542357886695e-05 -2.229368877597902412e-07 -1.201803996302186381e-04 9.000000000000000000e+00
4.634281054380590490e+02 2.510725658956809326e-05 1.090447675204857152e-07 -8.798155892852090813e-05 4.000000000000000000e+00
