2.966547074898984615e+00 1.048427705219938666e+00 -2.805194905888658830e-01 -1.229920429660353864e+00 1.300000000000000000e+01
5.026374055021858744e+00 6.842614208727096914e-01 6.998641830653623552e-02 9.355221897082001137e-01 3.300000000000000000e+01
7.149300621522788113e+00 4.396634386559024055e-01 -1.051835326385767433e-01 1.721656620193943166e-01 7.900000000000000000e+01
9.278869254964254409e+00 3.399551718597606520e-01 -5.951193106353526441e-02 9.186494826212382447e-02 1.170000000000000000e+02
1.145033261934470126e+01 2.858689381959846898e-01 -8.879326876586729478e-02 2.447462964690137396e-02 2.050000000000000000e+02
1.349295587141915043e+01 2.554143331912946957e-01 -3.330246343406161047e-02 3.589249115768304577e-02 2.350000000000000000e+02
1.558905561191892986e+01 2.044843602868219312e-01 -3.954879751412535005e-02 -3.436352399158028315e-02 3.690000000000000000e+02
1.769408367255316961e+01 1.767061798830567299e-01 -2.454398090088143886e-02 4.883819468668802732e-02 4.330000000000000000e+02
1.981787480313529670e+01 1.468754318562462413e-01 -3.088734171326921324e-02 3.524459378468439066e-03 5.850000000000000000e+02
2.192074938196263645e+01 1.329941690895996009e-01 -2.846312766719308676e-02 1.903047980405658812e-02 6.790000000000000000e+02
2.398877635566245203e+01 1.135029052085454182e-01 -2.392373658685418431e-02 3.961641087024121537e-03 8.130000000000000000e+02
2.609286971896115759e+01 1.032856927168275540e-01 -4.417188492885488343e-03 -1.458936654206386720e-02 9.850000000000000000e+02
2.823466315278179550e+01 9.009517616166079490e-02 -2.596808645177741022e-03 2.571698959443067829e-03 1.183000000000000000e+03
3.032284873509123102e+01 8.314425204224881738e-02 -1.077831349055250257e-02 9.963922696831031302e-04 1.269000000000000000e+03
3.240263258943403457e+01 7.573658859210644079e-02 -2.479085477514082758e-03 -5.808496417116098404e-03 1.537000000000000000e+03
3.449210129864554375e+01 6.915051335209942973e-02 -7.486424830206879141e-03 7.659180784421771269e-03 1.653000000000000000e+03
3.658588147515196454e+01 6.480536069843613467e-02 -7.465127047939407873e-03 -4.632859014923453554e-03 1.963000000000000000e+03
3.868476949266977272e+01 5.972903546052103774e-02 -4.244035566451653980e-03 -1.485309157388423019e-04 2.121000000000000000e+03
4.078898888458283523e+01 5.441053100775621043e-02 -5.060265817651412522e-05 -2.272227491151858694e-03 2.413000000000000000e+03
4.289390876967645738e+01 5.063457451078254290e-02 -1.949377788110359926e-03 -3.567249406992257371e-03 2.635000000000000000e+03
4.498336005546935468e+01 4.649758216320588888e-02 1.047609974654814232e-03 1.601319948829816285e-03 2.877000000000000000e+03
4.706498529473824988e+01 4.271849684894547805e-02 -5.516616148270606090e-03 2.761937058354878120e-03 3.169000000000000000e+03
4.917111919158227096e+01 3.959580748557079560e-02 -1.438300359328149262e-03 5.448110101927004095e-03 3.507000000000000000e+03
5.126216914174227668e+01 3.638414229653832987e-02 -4.209224733052695927e-03 2.042499935442405531e-03 3.685000000000000000e+03
5.335525146837034072e+01 3.469438251873177559e-02 -3.741249528858359760e-03 2.186914170741537100e-03 4.165000000000000000e+03
5.546637228956934251e+01 3.209250425605570528e-02 -5.663785702271787771e-03 2.907787477575193586e-03 4.377000000000000000e+03
5.757318819254808773e+01 2.999598721139266552e-02 -6.082903651013605618e-03 1.145834591229709593e-03 4.855000000000000000e+03
5.965884044590281121e+01 2.812654261893189275e-02 -6.233318404836328368e-03 1.507101477141993291e-03 4.929000000000000000e+03
6.174512302159506305e+01 2.588162319052133772e-02 -6.054775325344989752e-03 5.836048104322277743e-04 5.581000000000000000e+03
6.382689291137189969e+01 2.491472703857354476e-02 -4.593091780632318002e-03 2.522172810946658283e-04 5.679000000000000000e+03
6.592966228838450604e+01 2.347129440891842014e-02 -4.188255030988484451e-03 -8.863676187000254765e-05 6.385000000000000000e+03
6.803125784825746791e+01 2.238682296980215244e-02 -4.693310214476129581e-03 2.989722857764750717e-04 6.553000000000000000e+03
7.013131008699485847e+01 2.076496357670193707e-02 -4.422798230536277922e-03 1.501756251056955314e-03 7.125000000000000000e+03
7.223032366074338029e+01 1.907210456464021944e-02 -3.986096900783250678e-03 8.156245759828413197e-04 7.447000000000000000e+03
7.432334270720505742e+01 1.818882825106107881e-02 -3.469509230923967409e-03 1.536295718295462628e-03 7.929000000000000000e+03
7.642066756954473306e+01 1.751575890893914897e-02 -2.813101535815246915e-03 8.470795744533426812e-04 8.353000000000000000e+03
7.850471694556040347e+01 1.658971869727436307e-02 -2.879196749807897294e-03 1.581899685398580448e-03 8.775000000000000000e+03
8.059701946059529121e+01 1.594801944828844534e-02 -2.403627293139698473e-03 2.016277977730364466e-03 9.313000000000000000e+03
8.269521798132063850e+01 1.484980961373480457e-02 -2.464887705234954009e-03 1.603810053124721203e-03 9.841000000000000000e+03
8.478307522909847194e+01 1.379735017216613714e-02 -2.153838183610740260e-03 1.899571608320896115e-03 1.019100000000000000e+04
8.687780839616016237e+01 1.308706927686174512e-02 -2.694105504477252531e-03 1.754467869986878767e-03 1.089700000000000000e+04
8.897524569656535220e+01 1.233793634355626750e-02 -1.999469969228510630e-03 1.259373814525707996e-03 1.130100000000000000e+04
9.108077810470518898e+01 1.172072270377519723e-02 -2.082123626771559526e-03 1.230234401175139087e-03 1.202500000000000000e+04
9.318432266948052245e+01 1.117000993526737901e-02 -1.983241260466809316e-03 1.537292296908404111e-03 1.242300000000000000e+04
9.527887641048309320e+01 1.081288743685874208e-02 -1.663267225047691377e-03 9.908851329122005027e-04 1.302100000000000000e+04
9.736254237981037818e+01 1.018223176384286388e-02 -1.862129065660895035e-03 1.038903483064134792e-03 1.340500000000000000e+04
9.944832814799407572e+01 9.766907484463340991e-03 -1.675316130948501653e-03 1.121387104497900298e-03 1.424700000000000000e+04
1.015460879802399035e+02 9.343572159656277423e-03 -1.563632949664999329e-03 5.630651776545636577e-04 1.471300000000000000e+04
1.036426375667732316e+02 9.016928069639404061e-03 -1.304019459283318420e-03 8.018088446104451594e-04 1.548900000000000000e+04
1.057389390539465950e+02 8.636826312829809157e-03 -1.339142785462450269e-03 7.861007442700692661e-04 1.591300000000000000e+04
1.078395855981474227e+02 8.239237298253218947e-03 -1.303511497548971243e-03 7.084695234071938710e-04 1.687900000000000000e+04
1.099389405850131709e+02 7.847568074181500430e-03 -1.205961938387132074e-03 9.123296542402992235e-04 1.719300000000000000e+04
1.120392143152385387e+02 7.584063930555651027e-03 -1.284222683062483756e-03 6.195850921173399854e-04 1.815700000000000000e+04
1.141233458569757744e+02 7.307162886968813359e-03 -1.283652390850821903e-03 9.321833674876937609e-04 1.833900000000000000e+04
1.162159397555423084e+02 7.039801067054698644e-03 -1.205420625237578307e-03 8.991823787393991071e-04 1.957300000000000000e+04
1.183137204803772420e+02 6.758709512116933826e-03 -1.064282052470017642e-03 5.919782402972465678e-04 1.994100000000000000e+04
1.203972311807013256e+02 6.513184008342353705e-03 -1.050783759690469181e-03 1.006614599255940086e-03 2.062900000000000000e+04
1.224922363187857286e+02 6.346097837770424410e-03 -1.055396701623273481e-03 6.293714024188120206e-04 2.165500000000000000e+04
1.245882598425863534e+02 6.085093049305705971e-03 -1.003607895358634783e-03 7.870634097299815607e-04 2.211300000000000000e+04
1.266884677158377315e+02 5.848578585905031199e-03 -7.628971721844791422e-04 5.140311438800976946e-04 2.318500000000000000e+04
1.287846620419940962e+02 5.740763160190062893e-03 -7.654191063843646808e-04 5.077302661898265481e-04 2.366700000000000000e+04
1.308713393788149801e+02 5.587743127058343931e-03 -6.520633018674272486e-04 6.262598048449005738e-04 2.438500000000000000e+04
1.329754833440644575e+02 5.413001781452964588e-03 -8.096334297338699405e-04 4.529758220041349990e-04 2.574900000000000000e+04
1.350691081525609434e+02 5.218290727166146302e-03 -7.925586674995833405e-04 6.099817390238340990e-04 2.567500000000000000e+04
1.371638825856825576e+02 5.045939598289451121e-03 -7.615576838302263313e-04 3.089456773671983873e-04 2.740900000000000000e+04
1.392604757372163533e+02 4.835454591518852444e-03 -5.354452402419721023e-04 2.489831476527563253e-04 2.740500000000000000e+04
1.413466882908376760e+02 4.706678762151382533e-03 -5.782264558094651940e-04 3.619985526705734626e-04 2.871700000000000000e+04
1.434475230090064031e+02 4.574981933795472903e-03 -5.942840307268618550e-04 3.454540157554706887e-04 2.959500000000000000e+04
1.455452853418541679e+02 4.422002034301650460e-03 -6.979174377122257782e-04 3.888037767597494684e-04 3.030100000000000000e+04
1.476332061073587738e+02 4.277577953238110263e-03 -6.410778458745957243e-04 3.035114980059212385e-04 3.110100000000000000e+04
1.497211472843286231e+02 4.106539675097755672e-03 -6.556081304845311816e-04 2.553954627242788190e-04 3.202300000000000000e+04
1.518138048751577287e+02 3.984147221834194626e-03 -6.501043432803890135e-04 3.761730232178930400e-04 3.297700000000000000e+04
1.539211490100352648e+02 3.927538970590393162e-03 -5.668292142709040020e-04 4.193324486653318998e-04 3.444900000000000000e+04
1.560214747341236716e+02 3.799979436797922688e-03 -6.086484631300887946e-04 3.545569034855543407e-04 3.454900000000000000e+04
1.581161747588121784e+02 3.686679007322960378e-03 -5.685387990752704132e-04 3.214451210446431771e-04 3.611100000000000000e+04
1.602118712271799836e+02 3.520552892259091408e-03 -5.079171038079906145e-04 1.739447773766099293e-04 3.654100000000000000e+04
1.623006419462898862e+02 3.444220623723079269e-03 -5.122256409353106261e-04 2.881505073793634965e-04 3.771700000000000000e+04
1.643899033199985240e+02 3.344075009646139095e-03 -5.231326438761323616e-04 2.922232856764121430e-04 3.861900000000000000e+04
1.664835582381511756e+02 3.288511034518012618e-03 -4.657738656593691661e-04 3.111476321005809237e-04 3.966100000000000000e+04
1.685719683778473552e+02 3.200060123278144000e-03 -5.150600437081083319e-04 1.587656216129802755e-04 4.054500000000000000e+04
1.706641332089364766e+02 3.097565740456019890e-03 -4.433616556458571853e-04 1.579270207507570503e-04 4.181500000000000000e+04
1.727708699256135390e+02 3.003316836981434913e-03 -4.551070050991386728e-04 9.295539384212638553e-05 4.312500000000000000e+04
1.748696546009699659e+02 2.910302634857541999e-03 -5.075934400249785617e-04 1.714909089270075790e-04 4.368100000000000000e+04
1.769585769494445344e+02 2.807670581120121599e-03 -5.156174257986545885e-04 1.189204448301929508e-04 4.462900000000000000e+04
1.790524509315575301e+02 2.741997821772083031e-03 -4.479157546910192151e-04 9.614999700204441679e-05 4.622700000000000000e+04
1.811526521261263554e+02 2.663761844598536675e-03 -4.781254049914348452e-04 1.257873413498953783e-04 4.690900000000000000e+04
1.832476884130738881e+02 2.564927586179992398e-03 -4.745495648566121129e-04 7.924908134233178214e-05 4.823700000000000000e+04
1.853312475833926101e+02 2.495427086581783992e-03 -5.188417735491805769e-04 1.337694898982817987e-04 4.858300000000000000e+04
1.874284892203218931e+02 2.416778186720869304e-03 -4.821975463792407520e-04 1.186261796919814947e-04 5.099700000000000000e+04
1.895337179075755216e+02 2.371645764023219607e-03 -4.466967926810708547e-04 1.005188322258210824e-04 5.139700000000000000e+04
1.916268196474026126e+02 2.297811818599730400e-03 -4.596771727626623272e-04 8.981741535242698316e-05 5.248900000000000000e+04
1.937183403446852878e+02 2.241793423854759187e-03 -4.212467428865517114e-04 1.145094235452922198e-04 5.378700000000000000e+04
1.958131498886989164e+02 2.182365747724615210e-03 -4.036787634159294102e-04 8.306540167747717362e-05 5.491300000000000000e+04
1.979058740098966211e+02 2.126119092010485701e-03 -3.987681078249916936e-04 5.891881314668113387e-05 5.597700000000000000e+04
1.999990651597893816e+02 2.072660759726187817e-03 -3.390474977736175535e-04 8.446293279462792163e-05 5.741500000000000000e+04
2.020893038374759101e+02 2.016661200512627223e-03 -3.761057264981505972e-04 7.585755086023253965e-05 5.810500000000000000e+04
2.041823192148177952e+02 1.966004451012039710e-03 -3.033551717281636429e-04 4.493079592790179819e-05 6.003300000000000000e+04
2.062825911013838152e+02 1.924727250025019560e-03 -3.193410466279564914e-04 1.213503377605150814e-04 6.094900000000000000e+04
2.083770189145966185e+02 1.863710699559606833e-03 -2.825865853992315119e-04 1.237542437618385489e-04 6.223500000000000000e+04
2.104675816794403431e+02 1.833210069278748584e-03 -2.721873756221285766e-04 1.086204999538208289e-04 6.322900000000000000e+04
2.125667854244018145e+02 1.791105665398842013e-03 -2.597509968005770825e-04 1.129175688284474828e-04 6.513300000000000000e+04
2.146619261104851830e+02 1.739087847234383833e-03 -2.372000571347076018e-04 9.707957113385758433e-05 6.570700000000000000e+04
2.167561805722037036e+02 1.697936213247649073e-03 -2.431191798573371682e-04 1.385923248251135203e-04 6.756100000000000000e+04
2.188528705899679210e+02 1.653956494689894563e-03 -2.693082799534829799e-04 9.936958175985008163e-05 6.850500000000000000e+04
2.209456427453084473e+02 1.613563181940944015e-03 -2.436562010504646062e-04 1.112524409971095012e-04 6.994300000000000000e+04
2.230395148320731096e+02 1.592815450596520846e-03 -2.699308657813622239e-04 8.572930578584864680e-05 7.109700000000000000e+04
2.251356732858534997e+02 1.546825743181791434e-03 -2.864867744930800963e-04 1.111956734384230230e-04 7.302100000000000000e+04
2.272278504864401327e+02 1.514833433923854682e-03 -2.593565138038991412e-04 8.144573114790112423e-05 7.331700000000000000e+04
2.293197511287232544e+02 1.480598049645912235e-03 -2.510305657914863216e-04 6.313964213857560927e-05 7.579900000000000000e+04
2.314114772346510165e+02 1.456661514562707484e-03 -2.284405494808864658e-04 6.769142759670673988e-05 7.602100000000000000e+04
2.335058467478245632e+02 1.438796023805701766e-03 -2.168985993099264292e-04 7.146712344061809097e-05 7.875300000000000000e+04
2.356041652202905539e+02 1.406444139740184451e-03 -2.163143558628094379e-04 5.035694003689160695e-05 7.929100000000000000e+04
2.377006336558306998e+02 1.373184072663079713e-03 -2.095727381784051396e-04 7.342168249640693796e-05 8.112900000000000000e+04
2.397972750390475198e+02 1.340146405016638892e-03 -2.194892572109814483e-04 7.083097837809681173e-05 8.244100000000000000e+04
2.418944602532704096e+02 1.323471928542883751e-03 -2.026384018523654234e-04 1.012404756316681245e-04 8.394900000000000000e+04
2.439884227569783093e+02 1.294619098519127426e-03 -2.179952820248956405e-04 8.334951146934290313e-05 8.512300000000000000e+04
2.460835996828307373e+02 1.273306938420533429e-03 -1.990918999478304315e-04 1.146724863575026546e-04 8.692900000000000000e+04
2.481755280705312146e+02 1.256644569479905410e-03 -2.120930000323708925e-04 1.091597198798491752e-04 8.778900000000000000e+04
2.502623700647570217e+02 1.227534213967307157e-03 -2.050503129123410547e-04 1.381725736859777014e-04 8.962300000000000000e+04
2.523586155105348325e+02 1.211963613062114675e-03 -2.069360723599918985e-04 1.285443539818379225e-04 9.134100000000000000e+04
2.544547077866985489e+02 1.194900541020802636e-03 -2.019874466880638053e-04 1.561458919953563520e-04 9.284500000000000000e+04
2.565487653287422063e+02 1.176976570679029140e-03 -2.131859730400617863e-04 1.841990086962883347e-04 9.408700000000000000e+04
2.586464955058470991e+02 1.162219319692531054e-03 -1.885893242908010469e-04 2.018124619644178354e-04 9.633300000000000000e+04
2.607443047329861656e+02 1.149053935870611616e-03 -1.851870992862324347e-04 2.260697198877927353e-04 9.724900000000000000e+04
2.628438312173413465e+02 1.145473765364013203e-03 -2.108951232367235393e-04 2.425518682626445646e-04 9.950100000000000000e+04
2.649298855659840228e+02 1.135057752253966230e-03 -2.150952302698381634e-04 2.929177205152601543e-04 9.928300000000000000e+04
2.670163698864117805e+02 1.136086530430030104e-03 -2.239396254583858061e-04 3.045219661348212681e-04 1.025370000000000000e+05
2.691120556714307668e+02 1.113623557051640275e-03 -2.165511885559980390e-04 2.544166118718047269e-04 1.022830000000000000e+05
2.712074998348403483e+02 1.089961837963520155e-03 -2.032687792853127859e-04 1.177015204184844602e-04 1.021060000000000000e+05
2.733050116933233653e+02 1.073308873052479517e-03 -2.021839511567993038e-04 5.663807139976908982e-06 1.007340000000000000e+05
2.753977295572417461e+02 1.057609082611875610e-03 -1.924549895212565706e-04 -1.418560466499400332e-04 9.999400000000000000e+04
2.774958294534935703e+02 1.039573194068087571e-03 -1.696796481073705864e-04 -2.396481291686447133e-04 9.936000000000000000e+04
2.795977707949222122e+02 1.019579915738082210e-03 -1.382222045820220239e-04 -3.600942507772854242e-04 9.860800000000000000e+04
2.816862895118986785e+02 1.004200679067445302e-03 -1.245875581099790540e-04 -4.475365150794391217e-04 9.625200000000000000e+04
2.837743515740906446e+02 9.901745952296369790e-04 -1.266354376782817699e-04 -5.539207280089467013e-04 9.640000000000000000e+04
2.858713251310674650e+02 9.758835952979644408e-04 -1.219456923138960024e-04 -6.143188498804674161e-04 9.539800000000000000e+04
2.879670932628575883e+02 9.555053291118718092e-04 -9.870335921105457145e-05 -6.912319070849734818e-04 9.402000000000000000e+04
2.900590582015512382e+02 9.428700107441297107e-04 -8.771139226554533713e-05 -7.826955734803074313e-04 9.316000000000000000e+04
2.921519201901450060e+02 9.235570610502731072e-04 -7.912245331175955462e-05 -8.291300841004969370e-04 9.177600000000000000e+04
2.942485935102203030e+02 9.146350633024051069e-04 -6.834768472211273736e-05 -8.942079191200494369e-04 9.137800000000000000e+04
2.963426645133968691e+02 9.071099118143079957e-04 -7.645745564880743867e-05 -9.349444995244669820e-04 8.949000000000000000e+04
2.984329904966970162e+02 8.865248481014333451e-04 -6.938859967635537364e-05 -9.915489736004544623e-04 8.845000000000000000e+04
3.005290481640043367e+02 8.764747986631792357e-04 -6.184521197785376951e-05 -1.042283520675416379e-03 8.794600000000000000e+04
3.026245947235937592e+02 8.610234820634445410e-04 -5.853092274629104213e-05 -1.073361449366141192e-03 8.575200000000000000e+04
3.047205651109674704e+02 8.462631034110458788e-04 -5.496599183700644610e-05 -1.110894226452045991e-03 8.574400000000000000e+04
3.068167457111920839e+02 8.357136840529737426e-04 -6.451894329426426794e-05 -1.143852741313424381e-03 8.322000000000000000e+04
3.089118625384018060e+02 8.253741435139858810e-04 -4.860004818705022494e-05 -1.187056600596681681e-03 8.302000000000000000e+04
3.110099981664167785e+02 8.090283815719655864e-04 -5.805634093928498389e-05 -1.199509650622145648e-03 8.106400000000000000e+04
3.131040997612852266e+02 7.987050872747780391e-04 -5.144405541207463861e-05 -1.231583639322334075e-03 7.983000000000000000e+04
3.151936712677708670e+02 7.961672754077104945e-04 -4.572317479210857822e-05 -1.265030666624114737e-03 7.823800000000000000e+04
3.172858841403398173e+02 7.863612834357040131e-04 -4.784653631120756390e-05 -1.284015556777322060e-03 7.715400000000000000e+04
3.193772099476266817e+02 7.736479872095245510e-04 -2.624971072534305877e-05 -1.317468434862821341e-03 7.546600000000000000e+04
3.214753775151562536e+02 7.635374486576181150e-04 -2.396621922138958045e-05 -1.340397393267397930e-03 7.480200000000000000e+04
3.235746879206847666e+02 7.492335403588374016e-04 -3.528979218720059710e-05 -1.333355448179360421e-03 7.258000000000000000e+04
3.256647237020029024e+02 7.417799014715880518e-04 -2.661302821983782058e-05 -1.351732554158396708e-03 7.133800000000000000e+04
3.277571324083919535e+02 7.391475807891786888e-04 -3.718464649085750608e-05 -1.369922003099181699e-03 6.964200000000000000e+04
3.298487111637800240e+02 7.303470243726805288e-04 -3.555201673869691649e-05 -1.390507566625287733e-03 6.832600000000000000e+04
3.319433744068021497e+02 7.271409227792823829e-04 -2.049527604151641641e-05 -1.428720300213654577e-03 6.674400000000000000e+04
3.340422322988853239e+02 7.203041267420986484e-04 -1.639632905692062781e-05 -1.437336791697672259e-03 6.533800000000000000e+04
3.361307892565458246e+02 7.023009191261953953e-04 -1.816957239776031561e-05 -1.428051391981803413e-03 6.315600000000000000e+04
3.382251120895489294e+02 7.004466832526408480e-04 -1.884298291587800959e-05 -1.451367487231682582e-03 6.214000000000000000e+04
3.403264013195363304e+02 6.929131298165102683e-04 -2.196347731478688720e-05 -1.451507631160395967e-03 6.051400000000000000e+04
3.424148842577288860e+02 6.835052924308560561e-04 -1.437836142408475929e-05 -1.468961180703882811e-03 5.799000000000000000e+04
3.445099495577244397e+02 6.826644296910726892e-04 -7.224121349979033128e-06 -1.482721666349717370e-03 5.742400000000000000e+04
3.466144105402300397e+02 6.738649098392785006e-04 -4.574992216593326209e-06 -1.492827299460145439e-03 5.518200000000000000e+04
3.487067496858389859e+02 6.740440317468097704e-04 4.560962474687283983e-07 -1.517211344389013915e-03 5.306800000000000000e+04
3.507912540595516475e+02 6.763576333164245200e-04 -7.889456182760434092e-06 -1.517178805173772594e-03 5.152800000000000000e+04
3.528807167895711814e+02 6.726944899472821204e-04 -5.160210842552024394e-06 -1.543404351930445246e-03 4.954600000000000000e+04
3.549828487415276754e+02 6.691579416181791303e-04 4.289041204469936318e-06 -1.560610335232866892e-03 4.846600000000000000e+04
3.570768480370360862e+02 6.642509913210155282e-04 1.051441817514424976e-05 -1.582301954918374125e-03 4.566600000000000000e+04
3.591652111747225717e+02 6.584504712157109680e-04 1.149191151455213343e-05 -1.583700007911247130e-03 4.423000000000000000e+04
3.612627896178847777e+02 6.609872525938997141e-04 1.592632741832914305e-05 -1.615820566618738274e-03 4.254000000000000000e+04
3.633645820428338880e+02 6.522439476512957015e-04 1.959287226628614895e-05 -1.623290999599405742e-03 4.022200000000000000e+04
3.654527365610065885e+02 6.598873979466288349e-04 1.765287570596646403e-05 -1.640117091311215931e-03 3.842200000000000000e+04
3.675441472124314259e+02 6.542564686942439842e-04 1.760261248655729983e-05 -1.658290705999990872e-03 3.624600000000000000e+04
3.696396280380744201e+02 6.579580661927680006e-04 1.777772132568945202e-05 -1.677861558737190522e-03 3.455200000000000000e+04
3.717297223820279441e+02 6.503002385424680367e-04 1.467241610737708509e-05 -1.691918080632069101e-03 3.213600000000000000e+04
3.738176974939287902e+02 6.372490337539552484e-04 1.175882026670297509e-05 -1.684859347792755238e-03 3.029200000000000000e+04
3.759110996783247174e+02 6.337213575994139064e-04 2.370950688610766504e-05 -1.732440158379837261e-03 2.830200000000000000e+04
3.780081394014102898e+02 6.163697000179663025e-04 1.490452303451230384e-05 -1.719031753096441750e-03 2.605600000000000000e+04
3.801051557582653118e+02 6.187221543326294022e-04 2.058295209035769161e-05 -1.768766638355975243e-03 2.421100000000000000e+04
3.821955053587425937e+02 6.096543324675618913e-04 1.169500372147036597e-05 -1.772819623987606074e-03 2.220600000000000000e+04
3.842862749912937943e+02 6.053784631123391166e-04 1.253342387198911512e-05 -1.794843997888344181e-03 2.088400000000000000e+04
3.863841918340856409e+02 6.008201624415589670e-04 1.143069988615944495e-05 -1.799678855877931112e-03 1.939200000000000000e+04
3.884771734501698006e+02 5.954015385078709590e-04 4.104581200961034308e-06 -1.800220941485111822e-03 1.805800000000000000e+04
3.905623371605522607e+02 5.942604488913584299e-04 6.393504742950178173e-06 -1.823409245878321837e-03 1.674600000000000000e+04
3.926667500119167471e+02 5.945990081528032111e-04 5.931930359425825087e-06 -1.841886644894981861e-03 1.589800000000000000e+04
3.947778557744774162e+02 5.916552960631941017e-04 3.689505958410905222e-06 -1.853829437640360997e-03 1.457800000000000000e+04
3.968631060462392952e+02 5.766585263119200109e-04 1.651845370179156201e-06 -1.817882574734139235e-03 1.344300000000000000e+04
3.989413219049817485e+02 5.844740954299231612e-04 9.536369905463932089e-06 -1.873869951300782084e-03 1.251100000000000000e+04
4.010572258526528344e+02 5.780174837612347440e-04 3.574201900187674681e-06 -1.861895033609013489e-03 1.191900000000000000e+04
4.031656962107319373e+02 5.822551357987227998e-04 4.964687511026447114e-06 -1.890815610402726745e-03 1.063900000000000000e+04
4.052249146637423678e+02 5.845720207652632065e-04 1.134838430688026298e-05 -1.916105780136836620e-03 9.775000000000000000e+03
4.073276634718891387e+02 5.815195424074011800e-04 3.937283486905026754e-06 -1.910136653499792470e-03 9.423000000000000000e+03
4.094593776408451049e+02 5.737179775139205663e-04 4.447684928505058810e-06 -1.895654652815026084e-03 8.449000000000000000e+03
4.115405539130957777e+02 5.703955235486861917e-04 4.695364359073756732e-07 -1.892525249632507093e-03 7.596000000000000000e+03
4.135894252671187132e+02 5.803748964576375437e-04 9.193304682891126912e-07 -1.932568427738217852e-03 6.931000000000000000e+03
4.156930049049321951e+02 5.767291048414226531e-04 -3.342082849673539515e-06 -1.930665691152309675e-03 6.612000000000000000e+03
4.178272827209258367e+02 6.092665884235121902e-04 -3.634498217667246271e-06 -2.046665360289516133e-03 5.899000000000000000e+03
4.199082037741286513e+02 6.063114540852407655e-04 -1.288957492460842281e-06 -2.046578767768370867e-03 5.176000000000000000e+03
4.219826095167229028e+02 6.245869282122068575e-04 4.293349579015790814e-06 -2.123566884528265211e-03 4.824000000000000000e+03
4.241028763136273483e+02 6.318132942984625022e-04 -4.534476432470274821e-06 -2.148099760075656596e-03 4.312000000000000000e+03
4.262107721966358440e+02 6.562326470113368426e-04 -1.705679875665702656e-06 -2.241171190602632771e-03 3.819000000000000000e+03
4.282460731868927724e+02 6.796309565419397011e-04 -1.063304598832382244e-06 -2.327039051753002855e-03 3.220000000000000000e+03
4.303287648834323136e+02 6.917453875208774867e-04 -2.125528462233804315e-06 -2.376684277479086151e-03 3.132000000000000000e+03
4.325172248853483552e+02 6.927007831325872941e-04 3.133713137706391879e-06 -2.393753108503843697e-03 2.680000000000000000e+03
4.346325070601815810e+02 7.265555827380898099e-04 5.285405845020926968e-06 -2.516522565227252359e-03 2.218000000000000000e+03
4.365567227659553851e+02 7.579124936419370231e-04 3.154939153563230857e-06 -2.623001545405730366e-03 1.728000000000000000e+03
4.386277159174848634e+02 7.802457649967637927e-04 1.052701353709120136e-05 -2.718468976526720957e-03 1.816000000000000000e+03
4.409019266196692683e+02 7.981357205661576866e-04 1.351972273538368677e-05 -2.786907063900099547e-03 1.476000000000000000e+03
4.430735479208619836e+02 7.490519587754334305e-04 5.550405863330148909e-06 -2.610646946649271879e-03 1.108000000000000000e+03
4.448761117541747012e+02 7.581574796935010383e-04 7.316832046654517999e-06 -2.644767394806709585e-03 7.560000000000000000e+02
4.469343758523184533e+02 7.254427876888481456e-04 -1.119629748918239791e-06 -2.528766030846678510e-03 8.440000000000000000e+02
4.493013102792758104e+02 7.988686471165673585e-04 -2.383302713832932080e-06 -2.786215585328418853e-03 6.280000000000000000e+02
4.515989744176221734e+02 8.579554549997728654e-04 -1.736760698257954341e-06 -2.996227578148214811e-03 4.050000000000000000e+02
4.533101867737696580e+02 9.430661816401725208e-04 2.083886201130634897e-05 -3.315960584761965153e-03 2.020000000000000000e+02
4.552338387398290820e+02 8.569965408316536099e-04 6.524022196911061195e-06 -3.003258806826078139e-03 2.280000000000000000e+02
4.576034578613840722e+02 1.000975755515097834e-03 9.085925292384605011e-06 -3.510329784252226928e-03 1.240000000000000000e+02
4.599517872444100703e+02 1.054621347223477779e-03 -7.327314454800070313e-06 -3.682813493791682515e-03 5.200000000000000000e+01
4.619205689144050666e+02 5.668867026037302482e-04 4.891913218722244667e-06 -1.988707349447190516e-03 9.000000000000000000e+00
4.634281054380590490e+02 5.152188069126203930e-04 3.647289586739449517e-06 -1.806842281889142364e-03 4.000000000000000000e+00
