2.966547074898984615e+00 3.501405409986860229e-01 -1.066604200438186906e-01 -3.337965567730067917e-01 1.300000000000000000e+01
5.026374055021858744e+00 2.078814506679001473e-01 -1.125102226931770505e-01 3.349758938847983702e-01 3.300000000000000000e+01
7.149300621522788113e+00 1.056976188724725041e-01 -7.476081262331396582e-02 1.907390408272835111e-02 7.900000000000000000e+01
9.278869254964254409e+00 7.217983767341638879e-02 -4.007038965733649566e-02 6.384840102034551081e-03 1.170000000000000000e+02
1.145033261934470126e+01 5.824057495596405426e-02 -3.707685973100954130e-02 1.839698743114980689e-02 2.050000000000000000e+02
1.349295587141915043e+01 4.652352905386891724e-02 -1.680611829577857361e-02 2.667972144289107797e-02 2.350000000000000000e+02
1.558905561191892986e+01 3.915664296463376021e-02 -1.395856771779626151e-02 2.073412194928147753e-02 3.690000000000000000e+02
1.769408367255316961e+01 3.323394635958421689e-02 -9.900009532629913678e-03 1.409141319392659235e-02 4.330000000000000000e+02
1.981787480313529670e+01 2.851970836279163132e-02 -2.561904508793758257e-03 1.093124215061251799e-02 5.850000000000000000e+02
2.192074938196263645e+01 2.625899729613684341e-02 -5.836176557997489571e-03 1.104784627418363765e-02 6.790000000000000000e+02
2.398877635566245203e+01 2.189357981349574281e-02 -5.121343317433079377e-03 2.096224197071886418e-03 8.130000000000000000e+02
2.609286971896115759e+01 1.961269658316502906e-02 -6.761773368086945041e-03 1.496578170540271936e-03 9.850000000000000000e+02
2.823466315278179550e+01 1.756803832846693531e-02 -3.521588454796593590e-03 6.351559141331928476e-03 1.183000000000000000e+03
3.032284873509123102e+01 1.586494302473119913e-02 2.296084401054212241e-04 3.330019080964034556e-03 1.269000000000000000e+03
3.240263258943403457e+01 1.532978424950944864e-02 -1.914076732938714944e-03 3.745195872602097124e-03 1.537000000000000000e+03
3.449210129864554375e+01 1.423597995981753551e-02 1.568353548763587501e-03 4.476915816667122530e-03 1.653000000000000000e+03
3.658588147515196454e+01 1.304899474307446954e-02 7.492048009903862736e-04 2.668813177115752534e-03 1.963000000000000000e+03
3.868476949266977272e+01 1.163727692576911957e-02 -8.577534903010660761e-04 1.917150148610228134e-03 2.121000000000000000e+03
4.078898888458283523e+01 1.040931767869896982e-02 -8.872689884224494415e-04 1.295630120827528410e-03 2.413000000000000000e+03
4.289390876967645738e+01 9.568594600405253003e-03 -1.069563615326941464e-03 -5.570867573931318801e-05 2.635000000000000000e+03
4.498336005546935468e+01 8.419018300060747417e-03 -1.204617597713013690e-03 4.997402625721575212e-04 2.877000000000000000e+03
4.706498529473824988e+01 8.048674009619670097e-03 -1.143290261213174069e-03 4.759665612529682846e-04 3.169000000000000000e+03
4.917111919158227096e+01 7.439891054195808123e-03 -1.001272576288464965e-03 8.242910327845051448e-04 3.507000000000000000e+03
5.126216914174227668e+01 6.838226059176021054e-03 -1.132507585111108264e-03 3.608518373089486075e-04 3.685000000000000000e+03
5.335525146837034072e+01 6.438261236641724256e-03 -9.609288982997767938e-04 9.333243758219724167e-04 4.165000000000000000e+03
5.546637228956934251e+01 6.038517593057344743e-03 -1.055987337823372559e-03 3.851478941136151951e-04 4.377000000000000000e+03
5.757318819254808773e+01 5.576591001595243569e-03 -9.466930979483759428e-04 1.593955584928353130e-04 4.855000000000000000e+03
5.965884044590281121e+01 5.261131507743174382e-03 -7.829822328538482831e-04 2.761882479282659901e-04 4.929000000000000000e+03
6.174512302159506305e+01 4.985080287040837520e-03 -8.329388932591944494e-04 1.195727020933393174e-04 5.581000000000000000e+03
6.382689291137189969e+01 4.864653788051983077e-03 -5.983913475982608138e-04 3.900148069515962522e-04 5.679000000000000000e+03
6.592966228838450604e+01 4.474771449256570097e-03 -6.453472801554950480e-04 8.742137020355304983e-05 6.385000000000000000e+03
6.803125784825746791e+01 4.240720763970732068e-03 -7.696959269489383245e-04 3.969269173806344846e-04 6.553000000000000000e+03
7.013131008699485847e+01 4.088205683019640116e-03 -4.569298257855996387e-04 3.711326435116100303e-04 7.125000000000000000e+03
7.223032366074338029e+01 3.837998455504453184e-03 -6.149036039926976307e-04 2.663270040424589808e-04 7.447000000000000000e+03
7.432334270720505742e+01 3.677569662220959382e-03 -5.205827734730502677e-04 4.871443447981472379e-04 7.929000000000000000e+03
7.642066756954473306e+01 3.413577700692294655e-03 -4.511302243784069124e-04 4.468387218290622545e-04 8.353000000000000000e+03
7.850471694556040347e+01 3.261290239901551771e-03 -7.333402114278829821e-04 2.023339536611429366e-04 8.775000000000000000e+03
8.059701946059529121e+01 3.109448734388358185e-03 -7.594326600444390157e-04 1.736645258287692218e-04 9.313000000000000000e+03
8.269521798132063850e+01 2.915055350428664982e-03 -4.929553992634510759e-04 -8.231973255523227699e-05 9.841000000000000000e+03
8.478307522909847194e+01 2.766923500783284324e-03 -5.605260724625837779e-04 1.330677712074953580e-04 1.019100000000000000e+04
8.687780839616016237e+01 2.627248298087574152e-03 -5.136105387356539173e-04 3.147554928265387922e-05 1.089700000000000000e+04
8.897524569656535220e+01 2.559056868644665403e-03 -3.751876817878205608e-04 1.272025502095547084e-04 1.130100000000000000e+04
9.108077810470518898e+01 2.450635298439911292e-03 -3.964286278608315697e-04 7.544151254030225808e-05 1.202500000000000000e+04
9.318432266948052245e+01 2.340786072826560836e-03 -3.339661299637640282e-04 -4.355173050352053173e-05 1.242300000000000000e+04
9.527887641048309320e+01 2.212960030309878666e-03 -2.948026371756040957e-04 8.758442301844097532e-05 1.302100000000000000e+04
9.736254237981037818e+01 2.144880921222500677e-03 -1.960945132741046253e-04 1.951932530134548049e-04 1.340500000000000000e+04
9.944832814799407572e+01 2.097601996149973860e-03 -1.386153635043892141e-04 2.053947884116605479e-04 1.424700000000000000e+04
1.015460879802399035e+02 1.962143566240827190e-03 -1.920046500039581424e-04 1.964264085044321103e-04 1.471300000000000000e+04
1.036426375667732316e+02 1.882744357352606488e-03 -1.595599865790617810e-04 1.764946734622770694e-04 1.548900000000000000e+04
1.057389390539465950e+02 1.840156636858003309e-03 -2.718134506379278332e-04 2.165068410371440253e-04 1.591300000000000000e+04
1.078395855981474227e+02 1.736305157791071061e-03 -2.139502290442303828e-04 1.387604525515739125e-04 1.687900000000000000e+04
1.099389405850131709e+02 1.657188727662159237e-03 -1.365237601407453725e-04 5.314311065255735740e-05 1.719300000000000000e+04
1.120392143152385387e+02 1.594641259281235528e-03 -2.299447988902367256e-04 7.500201097563587106e-05 1.815700000000000000e+04
1.141233458569757744e+02 1.529572052865567269e-03 -2.182470240699293444e-04 1.172173941253359875e-05 1.833900000000000000e+04
1.162159397555423084e+02 1.457497906394571250e-03 -2.216708292412609006e-04 2.035360378095189138e-05 1.957300000000000000e+04
1.183137204803772420e+02 1.399198729255591396e-03 -2.277659861151864139e-04 3.940605340209986910e-05 1.994100000000000000e+04
1.203972311807013256e+02 1.346389254230358906e-03 -1.761950064501993185e-04 5.032485550765555647e-05 2.062900000000000000e+04
1.224922363187857286e+02 1.279028524860673782e-03 -1.109860183596917890e-04 3.876860743804984386e-05 2.165500000000000000e+04
1.245882598425863534e+02 1.261920260193973497e-03 -1.255896161204359809e-04 -1.232101273603163996e-05 2.211300000000000000e+04
1.266884677158377315e+02 1.216301441792176988e-03 -1.053993906329848333e-04 8.963738012450921030e-06 2.318500000000000000e+04
1.287846620419940962e+02 1.185453334054236037e-03 -1.352829048567315317e-04 9.809281016447039426e-06 2.366700000000000000e+04
1.308713393788149801e+02 1.134883493228513529e-03 -1.681946246136847584e-04 3.173249544764578719e-05 2.438500000000000000e+04
1.329754833440644575e+02 1.090998459951668690e-03 -1.346523307537036388e-04 4.571920920301472116e-05 2.574900000000000000e+04
1.350691081525609434e+02 1.053071509091708284e-03 -1.393729049898742383e-04 1.143892197863067339e-05 2.567500000000000000e+04
1.371638825856825576e+02 1.017476286526928717e-03 -1.188503731100642633e-04 2.615008275496266105e-05 2.740900000000000000e+04
1.392604757372163533e+02 9.941020251331479131e-04 -1.418262357632578820e-04 2.531491877555329685e-05 2.740500000000000000e+04
1.413466882908376760e+02 9.542797378544485903e-04 -1.449799425305865871e-04 6.891529121639941939e-06 2.871700000000000000e+04
1.434475230090064031e+02 9.192903702364340832e-04 -1.178352279450153471e-04 2.471136117484561018e-05 2.959500000000000000e+04
1.455452853418541679e+02 8.934035764784699655e-04 -1.336511614629434775e-04 1.915015812235286923e-05 3.030100000000000000e+04
1.476332061073587738e+02 8.784501013910617998e-04 -1.371402118850088652e-04 2.675031591673909136e-05 3.110100000000000000e+04
1.497211472843286231e+02 8.320711170567289842e-04 -1.159325987305827050e-04 -7.042598746464307492e-06 3.202300000000000000e+04
1.518138048751577287e+02 8.185897448608108265e-04 -1.240103608691632466e-04 4.599044879203853081e-05 3.297700000000000000e+04
1.539211490100352648e+02 7.872284447174170315e-04 -1.223603641786517133e-04 1.751044570101882336e-05 3.444900000000000000e+04
1.560214747341236716e+02 7.576109754913288056e-04 -1.168719798670528125e-04 4.654190765862338525e-06 3.454900000000000000e+04
1.581161747588121784e+02 7.474738420923086619e-04 -1.145414526379999709e-04 -2.125824357766178941e-05 3.611100000000000000e+04
1.602118712271799836e+02 7.150981487892167903e-04 -9.430488681944269283e-05 -1.448917268065459735e-05 3.654100000000000000e+04
1.623006419462898862e+02 6.922603083862148825e-04 -1.004639652299842682e-04 4.631318149817907406e-06 3.771700000000000000e+04
1.643899033199985240e+02 6.709515844017494663e-04 -1.054818709222304538e-04 1.394767151468300851e-05 3.861900000000000000e+04
1.664835582381511756e+02 6.563310189797599446e-04 -1.077785058276747464e-04 8.148022664457383189e-06 3.966100000000000000e+04
1.685719683778473552e+02 6.411710953741280332e-04 -1.001648397697128053e-04 5.489712626291618188e-06 4.054500000000000000e+04
1.706641332089364766e+02 6.185157183445606300e-04 -1.043939064062228932e-04 3.417126073183986881e-06 4.181500000000000000e+04
1.727708699256135390e+02 6.057729315225979629e-04 -9.538471531215631622e-05 1.645756461998796596e-05 4.312500000000000000e+04
1.748696546009699659e+02 5.856914577559902855e-04 -8.930682803592159674e-05 2.828326083022672902e-06 4.368100000000000000e+04
1.769585769494445344e+02 5.701431454257820455e-04 -8.409060308594637901e-05 4.725988720440228326e-06 4.462900000000000000e+04
1.790524509315575301e+02 5.608659580282972278e-04 -7.845244844438991250e-05 -6.779885678571543120e-06 4.622700000000000000e+04
1.811526521261263554e+02 5.467612204157561683e-04 -7.469691499833773583e-05 6.000101636029528369e-06 4.690900000000000000e+04
1.832476884130738881e+02 5.307220610502862103e-04 -6.200578678429992895e-05 -1.156189696220780089e-05 4.823700000000000000e+04
1.853312475833926101e+02 5.194058168869322483e-04 -5.853183734553971362e-05 2.588190288117522833e-05 4.858300000000000000e+04
1.874284892203218931e+02 5.051281076644245551e-04 -6.189690726261053003e-05 2.011325948845702858e-07 5.099700000000000000e+04
1.895337179075755216e+02 4.955373757064800285e-04 -5.849410929164706151e-05 -1.381269731446658906e-06 5.139700000000000000e+04
1.916268196474026126e+02 4.827047101402246517e-04 -6.205298286996527443e-05 4.176297790504671513e-06 5.248900000000000000e+04
1.937183403446852878e+02 4.701079744917415230e-04 -6.973967387917876773e-05 5.573297774427662954e-06 5.378700000000000000e+04
1.958131498886989164e+02 4.571095060254463482e-04 -5.938101077771795099e-05 1.371226031706244997e-05 5.491300000000000000e+04
1.979058740098966211e+02 4.455405750301855432e-04 -5.893895845752115112e-05 1.445514931294921481e-05 5.597700000000000000e+04
1.999990651597893816e+02 4.363647481677044508e-04 -5.089709895357981103e-05 7.932737959906274890e-06 5.741500000000000000e+04
2.020893038374759101e+02 4.255002280737660248e-04 -4.996142023473220349e-05 2.077223494735698687e-05 5.810500000000000000e+04
2.041823192148177952e+02 4.170012340634281049e-04 -5.477420087407515323e-05 1.060995876713447250e-05 6.003300000000000000e+04
2.062825911013838152e+02 4.068950382290355511e-04 -5.808002974359800568e-05 2.475455302673645257e-05 6.094900000000000000e+04
2.083770189145966185e+02 3.968782684949532439e-04 -5.664709204462394529e-05 2.565461106001084443e-05 6.223500000000000000e+04
2.104675816794403431e+02 3.879481929024267725e-04 -5.691775379804839887e-05 1.189592555822751354e-05 6.322900000000000000e+04
2.125667854244018145e+02 3.846884256134602744e-04 -4.995152034552563627e-05 1.802380820482284320e-05 6.513300000000000000e+04
2.146619261104851830e+02 3.782579245381120911e-04 -5.247135944941652019e-05 2.333272428537279966e-05 6.570700000000000000e+04
2.167561805722037036e+02 3.719409744674374266e-04 -4.963396620707380560e-05 2.296373019057822585e-05 6.756100000000000000e+04
2.188528705899679210e+02 3.620558065525681843e-04 -4.683022977381270572e-05 2.139610181457529125e-05 6.850500000000000000e+04
2.209456427453084473e+02 3.568655076818848053e-04 -4.387621442394285318e-05 2.327842593922653297e-05 6.994300000000000000e+04
2.230395148320731096e+02 3.475529640514371456e-04 -4.781910513213778144e-05 1.838686100150955000e-05 7.109700000000000000e+04
2.251356732858534997e+02 3.437826172956907965e-04 -4.915186557279747594e-05 2.817984097569847527e-05 7.302100000000000000e+04
2.272278504864401327e+02 3.348663400929395573e-04 -4.863277928895479575e-05 2.378992667656993677e-05 7.331700000000000000e+04
2.293197511287232544e+02 3.279030024443292386e-04 -4.234870115104458145e-05 2.071915774171176146e-05 7.579900000000000000e+04
2.314114772346510165e+02 3.230495391360493928e-04 -4.498041566291610758e-05 3.661862633687783719e-05 7.602100000000000000e+04
2.335058467478245632e+02 3.176129793690297162e-04 -4.104476051891876452e-05 3.453659533465538246e-05 7.875300000000000000e+04
2.356041652202905539e+02 3.097573294756962602e-04 -4.058252189159855300e-05 3.289835800231735518e-05 7.929100000000000000e+04
2.377006336558306998e+02 3.047044157480466005e-04 -3.796937515042342337e-05 3.085768453654804387e-05 8.112900000000000000e+04
2.397972750390475198e+02 3.031412307629107773e-04 -3.691655130797749759e-05 3.561435033495893398e-05 8.244100000000000000e+04
2.418944602532704096e+02 2.981332314359986342e-04 -3.359029252943039563e-05 3.928766535100570068e-05 8.394900000000000000e+04
2.439884227569783093e+02 2.957976725065292927e-04 -3.283385394750153321e-05 4.190211207763008106e-05 8.512300000000000000e+04
2.460835996828307373e+02 2.943866109613681365e-04 -3.103911672107043655e-05 5.077099527878690694e-05 8.692900000000000000e+04
2.481755280705312146e+02 2.899983541865915927e-04 -2.722967552916787516e-05 5.591269443747150518e-05 8.778900000000000000e+04
2.502623700647570217e+02 2.875252861432340081e-04 -2.859780639050793740e-05 6.769664957545199109e-05 8.962300000000000000e+04
2.523586155105348325e+02 2.856807554421843557e-04 -2.669360610042893347e-05 6.301335930813829745e-05 9.134100000000000000e+04
2.544547077866985489e+02 2.819688766220331097e-04 -2.820435791430826082e-05 7.256662066716800690e-05 9.284500000000000000e+04
2.565487653287422063e+02 2.804837458507869388e-04 -2.788281778893470999e-05 7.347561944424701921e-05 9.408700000000000000e+04
2.586464955058470991e+02 2.794308208722542843e-04 -3.083198626157578905e-05 8.032994450563252838e-05 9.633300000000000000e+04
2.607443047329861656e+02 2.786559117254978272e-04 -3.204525155338751796e-05 8.983777358468951165e-05 9.724900000000000000e+04
2.628438312173413465e+02 2.783785436368140290e-04 -3.544996875010330813e-05 9.267764176825314432e-05 9.950100000000000000e+04
2.649298855659840228e+02 2.780132654010161286e-04 -3.337578476481333211e-05 1.081964956672480015e-04 9.928300000000000000e+04
2.670163698864117805e+02 2.767855953013281301e-04 -3.442960905842530823e-05 1.116251556834318607e-04 1.025370000000000000e+05
2.691120556714307668e+02 2.748344510615582806e-04 -2.906410151559822274e-05 1.028329314200705276e-04 1.022830000000000000e+05
2.712074998348403483e+02 2.704044499067684922e-04 -2.409016454006252192e-05 6.114481696133893375e-05 1.021060000000000000e+05
2.733050116933233653e+02 2.668204945875362060e-04 -2.046058666208948006e-05 2.330851321361635716e-05 1.007340000000000000e+05
2.753977295572417461e+02 2.628028285035699171e-04 -2.087799540924551209e-05 -1.277551342822731052e-05 9.999400000000000000e+04
2.774958294534935703e+02 2.602371245775590117e-04 -1.732820967682630045e-05 -3.708237920503799104e-05 9.936000000000000000e+04
2.795977707949222122e+02 2.558684841862281364e-04 -1.566644451029640514e-05 -6.820270904859381401e-05 9.860800000000000000e+04
2.816862895118986785e+02 2.514600514460672495e-04 -1.594784588219886831e-05 -1.000065062929376595e-04 9.625200000000000000e+04
2.837743515740906446e+02 2.472345656469531437e-04 -1.500287928762090215e-05 -1.210756937001750773e-04 9.640000000000000000e+04
2.858713251310674650e+02 2.463975396761322123e-04 -1.318263747187428865e-05 -1.425755739978374975e-04 9.539800000000000000e+04
2.879670932628575883e+02 2.396119590450894443e-04 -1.162971580810414902e-05 -1.660299251032214230e-04 9.402000000000000000e+04
2.900590582015512382e+02 2.388674000074090067e-04 -1.328603708769596960e-05 -1.898572990928458222e-04 9.316000000000000000e+04
2.921519201901450060e+02 2.356139867653640491e-04 -1.041236804480468824e-05 -2.043090945094887072e-04 9.177600000000000000e+04
2.942485935102203030e+02 2.315590961398488184e-04 -1.064944392596470281e-05 -2.232027218930461901e-04 9.137800000000000000e+04
2.963426645133968691e+02 2.296447356364608033e-04 -1.161329454646443892e-05 -2.365162369446292649e-04 8.949000000000000000e+04
2.984329904966970162e+02 2.278684815316236784e-04 -8.981388324182262530e-06 -2.557857593004657826e-04 8.845000000000000000e+04
3.005290481640043367e+02 2.245304120816586386e-04 -7.791001234843858750e-06 -2.679959654477540617e-04 8.794600000000000000e+04
3.026245947235937592e+02 2.229060970292840588e-04 -6.451267139588938496e-06 -2.806480303883457437e-04 8.575200000000000000e+04
3.047205651109674704e+02 2.198459360537269682e-04 -5.920199242101766016e-06 -2.916103479218318966e-04 8.574400000000000000e+04
3.068167457111920839e+02 2.183152239848157880e-04 -5.482771529479860047e-06 -3.041784213921167848e-04 8.322000000000000000e+04
3.089118625384018060e+02 2.160696315284056006e-04 -3.757314260166307363e-06 -3.112261930811893880e-04 8.302000000000000000e+04
3.110099981664167785e+02 2.148622556397151702e-04 -4.944151063811183194e-06 -3.231851212710070472e-04 8.106400000000000000e+04
3.131040997612852266e+02 2.113768817631338530e-04 -3.865034281465448415e-06 -3.285366212644814693e-04 7.983000000000000000e+04
3.151936712677708670e+02 2.105698457423797710e-04 -6.606975794406959185e-06 -3.375413415454355556e-04 7.823800000000000000e+04
3.172858841403398173e+02 2.072678144268172114e-04 -4.606739057960271925e-06 -3.443921592522374876e-04 7.715400000000000000e+04
3.193772099476266817e+02 2.074939256954812336e-04 -6.343484667682157863e-06 -3.484894180530426536e-04 7.546600000000000000e+04
3.214753775151562536e+02 2.059346345308776674e-04 -4.240572571196925237e-06 -3.582463026858655739e-04 7.480200000000000000e+04
3.235746879206847666e+02 2.043686335604733364e-04 -5.013921340775873164e-06 -3.658911961238163219e-04 7.258000000000000000e+04
3.256647237020029024e+02 2.029392884770371151e-04 -3.510204281151303421e-06 -3.685596476179794456e-04 7.133800000000000000e+04
3.277571324083919535e+02 2.020006753390312835e-04 -6.259579716852922229e-06 -3.733515366353651701e-04 6.964200000000000000e+04
3.298487111637800240e+02 2.014518230083599281e-04 -4.379585571336145692e-06 -3.801758494849963007e-04 6.832600000000000000e+04
3.319433744068021497e+02 2.010297448739676034e-04 -4.554916424328432444e-06 -3.875961487178994662e-04 6.674400000000000000e+04
3.340422322988853239e+02 2.009905732502706964e-04 -5.444785060896463633e-06 -3.895753732232753877e-04 6.533800000000000000e+04
3.361307892565458246e+02 1.991542286610556911e-04 -4.260471952278496830e-06 -3.929751338725958405e-04 6.315600000000000000e+04
3.382251120895489294e+02 1.982320096575639556e-04 -5.124355790510908618e-06 -3.964571595434286688e-04 6.214000000000000000e+04
3.403264013195363304e+02 1.982380779607834131e-04 -4.299395038434822535e-06 -4.017058463550635919e-04 6.051400000000000000e+04
3.424148842577288860e+02 1.987241913846315891e-04 -4.774108376427434482e-06 -4.097788645213987701e-04 5.799000000000000000e+04
3.445099495577244397e+02 1.981999468537243639e-04 -5.984003988149698961e-06 -4.123849968967779238e-04 5.742400000000000000e+04
3.466144105402300397e+02 1.977001655843143614e-04 -6.655724396580590743e-06 -4.164426524420773018e-04 5.518200000000000000e+04
3.487067496858389859e+02 1.985782594267552874e-04 -1.053322667371763330e-05 -4.171276042965628146e-04 5.306800000000000000e+04
3.507912540595516475e+02 1.995159931927982576e-04 -9.921572115433768721e-06 -4.212987457523658026e-04 5.152800000000000000e+04
3.528807167895711814e+02 2.000975804589462815e-04 -9.385080122903595941e-06 -4.323432963593459356e-04 4.954600000000000000e+04
3.549828487415276754e+02 2.020420841754211241e-04 -1.098617847492672985e-05 -4.330558793850827174e-04 4.846600000000000000e+04
3.570768480370360862e+02 2.024174777165600595e-04 -1.121771152371218674e-05 -4.421500898561252398e-04 4.566600000000000000e+04
3.591652111747225717e+02 2.043306188383045921e-04 -1.101080347467619085e-05 -4.515456973419034337e-04 4.423000000000000000e+04
3.612627896178847777e+02 2.033980648080889692e-04 -1.188664944831551432e-05 -4.546070178477229669e-04 4.254000000000000000e+04
3.633645820428338880e+02 2.016332344338264628e-04 -1.271680586798463615e-05 -4.568654582119527937e-04 4.022200000000000000e+04
3.654527365610065885e+02 2.046150019840244137e-04 -9.147592874909137058e-06 -4.705963574586977246e-04 3.842200000000000000e+04
3.675441472124314259e+02 2.040401803368783291e-04 -1.233444097871840783e-05 -4.768491004067863478e-04 3.624600000000000000e+04
3.696396280380744201e+02 2.015289244685086615e-04 -9.089774886968269985e-06 -4.811207024989841972e-04 3.455200000000000000e+04
3.717297223820279441e+02 2.006363604720320471e-04 -9.990878820747535547e-06 -4.897911880923860135e-04 3.213600000000000000e+04
3.738176974939287902e+02 1.998804796348263937e-04 -1.107385314430676256e-05 -4.948061621404272565e-04 3.029200000000000000e+04
3.759110996783247174e+02 1.999318307526470743e-04 -1.032348068331879085e-05 -5.071579201203944235e-04 2.830200000000000000e+04
3.780081394014102898e+02 1.958435580392361736e-04 -7.395231754571984128e-06 -5.164096080651317837e-04 2.605600000000000000e+04
3.801051557582653118e+02 1.923536123680383368e-04 -7.939517109005878495e-06 -5.207065450178794720e-04 2.421100000000000000e+04
3.821955053587425937e+02 1.889008521464564363e-04 -8.310668195357924612e-06 -5.231510119275437163e-04 2.220600000000000000e+04
3.842862749912937943e+02 1.851929458886557973e-04 -5.778986906208178465e-06 -5.298951466989567554e-04 2.088400000000000000e+04
3.863841918340856409e+02 1.838668812286592760e-04 -5.187651699758770973e-06 -5.341308930079137745e-04 1.939200000000000000e+04
3.884771734501698006e+02 1.814219995541960012e-04 -4.459791197997364562e-06 -5.385707664480711768e-04 1.805800000000000000e+04
3.905623371605522607e+02 1.789364095401607994e-04 -3.532467263191007197e-06 -5.375208835059209741e-04 1.674600000000000000e+04
3.926667500119167471e+02 1.805733503800913489e-04 -3.472227278624066383e-06 -5.514981400237573298e-04 1.589800000000000000e+04
3.947778557744774162e+02 1.821459509756829782e-04 -2.561464827831574121e-06 -5.631807111858018033e-04 1.457800000000000000e+04
3.968631060462392952e+02 1.804267040495796193e-04 -3.345703547074852570e-06 -5.631575323494091316e-04 1.344300000000000000e+04
3.989413219049817485e+02 1.801373963751059419e-04 -7.155555128724667611e-07 -5.713784498048352957e-04 1.251100000000000000e+04
4.010572258526528344e+02 1.824722598775275757e-04 -1.225031720211972745e-07 -5.849258854774937655e-04 1.191900000000000000e+04
4.031656962107319373e+02 1.827396118749315948e-04 -1.050972887343953303e-07 -5.897398681964814357e-04 1.063900000000000000e+04
4.052249146637423678e+02 1.790664492594925053e-04 3.192789146791004752e-07 -5.816490915791120786e-04 9.775000000000000000e+03
4.073276634718891387e+02 1.822205299221163065e-04 -4.440764246657209276e-07 -5.965914600221404376e-04 9.423000000000000000e+03
4.094593776408451049e+02 1.822801324272548408e-04 2.112973992288784901e-06 -6.038556244233380527e-04 8.449000000000000000e+03
4.115405539130957777e+02 1.836579345549128070e-04 1.856692463266641974e-06 -6.116941371081803611e-04 7.596000000000000000e+03
4.135894252671187132e+02 1.849154334181461951e-04 1.154665034865358652e-06 -6.168822023182561360e-04 6.931000000000000000e+03
4.156930049049321951e+02 1.892897739131296363e-04 1.322712283220464928e-07 -6.344263120206581176e-04 6.612000000000000000e+03
4.178272827209258367e+02 1.837364250461165393e-04 -1.134846885851477598e-06 -6.174749923952663503e-04 5.899000000000000000e+03
4.199082037741286513e+02 1.997337665911656345e-04 3.035762519705098918e-07 -6.749640276389304349e-04 5.176000000000000000e+03
4.219826095167229028e+02 2.019621814300095813e-04 -2.147678938316676222e-06 -6.824722785258677824e-04 4.824000000000000000e+03
4.241028763136273483e+02 2.003338180095234477e-04 -9.514717950804236433e-07 -6.822334500767370273e-04 4.312000000000000000e+03
4.262107721966358440e+02 2.039429105277024232e-04 -1.152235054004313659e-08 -6.976375516415386302e-04 3.819000000000000000e+03
4.282460731868927724e+02 2.135648845709047687e-04 -1.003755249318264379e-06 -7.314838085456244450e-04 3.220000000000000000e+03
4.303287648834323136e+02 2.134680984664585890e-04 -1.884650395857061905e-06 -7.319748517349135373e-04 3.132000000000000000e+03
4.325172248853483552e+02 2.174115636784494665e-04 -1.673733522950486809e-06 -7.478071269611057635e-04 2.680000000000000000e+03
4.346325070601815810e+02 2.092854449858525814e-04 -5.035392263933646821e-06 -7.174731342316715069e-04 2.218000000000000000e+03
4.365567227659553851e+02 2.313177879653187613e-04 -3.209102972499447145e-06 -7.960071629118467161e-04 1.728000000000000000e+03
4.386277159174848634e+02 2.287040457815939134e-04 -4.120388859382217691e-07 -7.933295594411052644e-04 1.816000000000000000e+03
4.409019266196692683e+02 2.339295814672889395e-04 -2.221697100523959239e-06 -8.101607659126148879e-04 1.476000000000000000e+03
4.430735479208619836e+02 2.483116722315692124e-04 -8.493000639238745902e-07 -8.627353544473672893e-04 1.108000000000000000e+03
4.448761117541747012e+02 2.539034383056435005e-04 1.171099813637934561e-06 -8.843966801685941570e-04 7.560000000000000000e+02
4.469343758523184533e+02 2.773621303325166077e-04 -1.846273193764940066e-06 -9.650199818013714421e-04 8.440000000000000000e+02
4.493013102792758104e+02 2.872290296781777321e-04 -6.342721862648325965e-07 -1.001530516529250837e-03 6.280000000000000000e+02
4.515989744176221734e+02 3.163564045511842778e-04 -2.282757000075810571e-06 -1.102762976397512074e-03 4.050000000000000000e+02
4.533101867737696580e+02 2.863361027272642943e-04 -5.103970971352163700e-06 -9.949222042875589551e-04 2.020000000000000000e+02
4.552338387398290820e+02 3.151740843625978959e-04 -2.561481098699790454e-06 -1.099121580022765707e-03 2.280000000000000000e+02
4.576034578613840722e+02 4.058327815257766705e-04 -9.110950451062770894e-07 -1.418697060165363157e-03 1.240000000000000000e+02
4.599517872444100703e+02 5.387153624704753415e-04 2.493398079114984768e-06 -1.887482442271170647e-03 5.200000000000000000e+01
4.619205689144050666e+02 6.042473704812966048e-04 -5.427673366892180528e-06 -2.109265224239284617e-03 9.000000000000000000e+00
4.634281054380590490e+02 4.649731609143690505e-04 1.525106340121786543e-06 -1.628871074029256301e-03 4.000000000000000000e+00
