2.966547074898984615e+00 4.693868415172809949e-01 1.305701132447481261e-01 1.203426575628264272e+00 1.300000000000000000e+01
5.026374055021858744e+00 2.735893808219522216e-01 -5.843904348752067962e-02 2.980080762271006822e-01 3.300000000000000000e+01
7.149300621522788113e+00 1.222490015962966747e-01 -8.393116633617921096e-03 9.947206823360495165e-02 7.900000000000000000e+01
9.278869254964254409e+00 1.013908451809847205e-01 1.042316062732287496e-02 5.531436668547445867e-02 1.170000000000000000e+02
1.145033261934470126e+01 7.517653023997898643e-02 2.650331031241684714e-03 9.377880137927596324e-03 2.050000000000000000e+02
1.349295587141915043e+01 6.478168584467057511e-02 1.410306573532045266e-03 2.964942078699239758e-02 2.350000000000000000e+02
1.558905561191892986e+01 5.585604910603478301e-02 -1.448882426226893809e-04 1.506726767086081012e-02 3.690000000000000000e+02
1.769408367255316961e+01 4.767050019849199127e-02 4.962268429667566864e-03 2.034800176873509045e-02 4.330000000000000000e+02
1.981787480313529670e+01 3.952561599894716809e-02 3.492583352157968644e-03 7.072325452236074075e-03 5.850000000000000000e+02
2.192074938196263645e+01 3.550920508544277293e-02 4.015485804240418247e-03 6.674571823858266133e-03 6.790000000000000000e+02
2.398877635566245203e+01 3.051806311827876331e-02 5.819871108979392249e-03 1.007538820228851863e-02 8.130000000000000000e+02
2.609286971896115759e+01 2.676356255350214458e-02 1.588625672784933860e-03 6.481310630157125809e-04 9.850000000000000000e+02
2.823466315278179550e+01 2.365633101791077275e-02 2.304491943483525773e-03 3.753302998413223651e-03 1.183000000000000000e+03
3.032284873509123102e+01 2.327419814418809491e-02 6.082508105893043825e-03 9.723277176840751032e-03 1.269000000000000000e+03
3.240263258943403457e+01 2.016546690148917839e-02 7.579319948808086078e-03 7.309836569013900345e-03 1.537000000000000000e+03
3.449210129864554375e+01 1.762050538804356067e-02 1.683313967817300777e-03 2.101218242835406914e-03 1.653000000000000000e+03
3.658588147515196454e+01 1.616225139766862620e-02 2.956311120146500916e-03 2.323764062426687382e-03 1.963000000000000000e+03
3.868476949266977272e+01 1.539631222744223052e-02 2.662015521353814501e-03 3.523219229203178315e-03 2.121000000000000000e+03
4.078898888458283523e+01 1.349625157765852596e-02 2.275172340289517703e-03 2.211351300434718625e-03 2.413000000000000000e+03
4.289390876967645738e+01 1.242338920829803156e-02 1.377532199906418130e-03 1.215474832966858057e-03 2.635000000000000000e+03
4.498336005546935468e+01 1.119897907029253348e-02 -1.018078068916907479e-04 2.012950272820246758e-03 2.877000000000000000e+03
4.706498529473824988e+01 1.058080626822394121e-02 5.830687357497545869e-04 1.239107595148158762e-03 3.169000000000000000e+03
4.917111919158227096e+01 9.554824903925021595e-03 2.354919372094396658e-04 3.171704735343637126e-04 3.507000000000000000e+03
5.126216914174227668e+01 9.047695471685128152e-03 -2.903220104687785435e-04 -1.073079291251466307e-03 3.685000000000000000e+03
5.335525146837034072e+01 8.201892923008626685e-03 -3.948529747891803168e-04 1.850341712851550496e-04 4.165000000000000000e+03
5.546637228956934251e+01 7.713475001863888403e-03 -3.222969489589450802e-04 4.854130995976619007e-04 4.377000000000000000e+03
5.757318819254808773e+01 7.245980389662773358e-03 -1.572577773771873097e-04 -3.135083665121866426e-04 4.855000000000000000e+03
5.965884044590281121e+01 6.872013136004519011e-03 4.757846576354986669e-04 5.926227450402627795e-04 4.929000000000000000e+03
6.174512302159506305e+01 6.471131260270844565e-03 3.035643219782769220e-04 2.919967585947498838e-04 5.581000000000000000e+03
6.382689291137189969e+01 5.750566476500519955e-03 -4.029102943748851619e-05 2.423348657736669587e-05 5.679000000000000000e+03
6.592966228838450604e+01 5.444689497200503811e-03 -7.965635164695398265e-07 -1.171590587741991790e-04 6.385000000000000000e+03
6.803125784825746791e+01 5.219888583878539920e-03 4.351059155186988182e-05 -4.660462725053381763e-05 6.553000000000000000e+03
7.013131008699485847e+01 4.918741178096317987e-03 3.645002200154104279e-05 1.731968713265263113e-04 7.125000000000000000e+03
7.223032366074338029e+01 4.574585720286740778e-03 1.698385435940710786e-04 -4.985997721752297781e-05 7.447000000000000000e+03
7.432334270720505742e+01 4.410934984290519785e-03 1.268834336571433994e-05 4.697623528460398001e-05 7.929000000000000000e+03
7.642066756954473306e+01 4.098229660597028576e-03 3.578352461809457784e-05 -2.549028234499998036e-04 8.353000000000000000e+03
7.850471694556040347e+01 3.852192097531220456e-03 1.172514992416004046e-04 -2.991477285139828438e-05 8.775000000000000000e+03
8.059701946059529121e+01 3.673178848633241837e-03 6.884358891079841406e-05 -1.280295813274524202e-04 9.313000000000000000e+03
8.269521798132063850e+01 3.409529555939662913e-03 -1.230696057616025919e-04 -1.619624321786546583e-04 9.841000000000000000e+03
8.478307522909847194e+01 3.335119178350708005e-03 -3.680408733218428548e-05 1.394780601036401725e-04 1.019100000000000000e+04
8.687780839616016237e+01 3.153481012926551402e-03 6.677461644754423666e-05 2.143585435987501299e-04 1.089700000000000000e+04
8.897524569656535220e+01 2.930837400413191258e-03 5.305961554850231450e-05 2.309333441062071139e-06 1.130100000000000000e+04
9.108077810470518898e+01 2.738970470446519707e-03 4.202086408746715407e-05 8.961423519353917718e-05 1.202500000000000000e+04
9.318432266948052245e+01 2.640396858293937807e-03 -2.662284510828027899e-05 1.413862255811309144e-04 1.242300000000000000e+04
9.527887641048309320e+01 2.501933494532694330e-03 -6.445072457619247007e-05 2.118863125191352149e-05 1.302100000000000000e+04
9.736254237981037818e+01 2.427347869805994863e-03 -4.860125613600246755e-05 1.243517502237261897e-04 1.340500000000000000e+04
9.944832814799407572e+01 2.312866432882631877e-03 -1.596004108765200393e-04 7.710966213856780787e-05 1.424700000000000000e+04
1.015460879802399035e+02 2.237594751600382927e-03 -1.683878574308534629e-04 1.346376504518065508e-05 1.471300000000000000e+04
1.036426375667732316e+02 2.148807587206413242e-03 -9.806729548555291772e-05 1.524250776414782331e-05 1.548900000000000000e+04
1.057389390539465950e+02 2.042677630554763472e-03 -7.875815750981796700e-05 -6.174164726965155009e-05 1.591300000000000000e+04
1.078395855981474227e+02 1.965151267700408332e-03 -1.036553448720123186e-04 -9.483148782541165819e-05 1.687900000000000000e+04
1.099389405850131709e+02 1.872760196074954673e-03 -4.140030648882623117e-05 5.739181702751195688e-05 1.719300000000000000e+04
1.120392143152385387e+02 1.753505396394529001e-03 -9.391861246812205377e-05 -8.481730198105630195e-05 1.815700000000000000e+04
1.141233458569757744e+02 1.696470062911657490e-03 -2.405492429635813729e-05 2.140495859957467151e-05 1.833900000000000000e+04
1.162159397555423084e+02 1.628178349294708265e-03 -3.206307816787838567e-06 1.111469245012936040e-04 1.957300000000000000e+04
1.183137204803772420e+02 1.578376508154236179e-03 2.124277223082029846e-06 2.515804395819551463e-05 1.994100000000000000e+04
1.203972311807013256e+02 1.484001326889474674e-03 -3.835349195430766428e-05 4.669086752970305165e-05 2.062900000000000000e+04
1.224922363187857286e+02 1.439499838858773577e-03 -1.814658115852171605e-05 4.448906174057824011e-05 2.165500000000000000e+04
1.245882598425863534e+02 1.371487047811686261e-03 -3.846933796538393023e-05 1.732432928933707182e-05 2.211300000000000000e+04
1.266884677158377315e+02 1.339879615723779021e-03 -3.837752148741193698e-05 -4.100838472672465121e-05 2.318500000000000000e+04
1.287846620419940962e+02 1.296894205275693187e-03 -2.002780121796032486e-05 -3.781111533978232241e-05 2.366700000000000000e+04
1.308713393788149801e+02 1.261157808210107943e-03 1.415688854784298243e-05 -4.459417927346629796e-05 2.438500000000000000e+04
1.329754833440644575e+02 1.217418498295698166e-03 -2.379669480538568422e-07 -4.144346022119920619e-05 2.574900000000000000e+04
1.350691081525609434e+02 1.176761625321566139e-03 1.749289368469673310e-06 -2.861146382483045614e-05 2.567500000000000000e+04
1.371638825856825576e+02 1.122002642822281498e-03 -2.040648850747045831e-05 -5.461577372358224479e-05 2.740900000000000000e+04
1.392604757372163533e+02 1.081863623237993731e-03 -1.512850739836905821e-05 -5.016569425529694671e-05 2.740500000000000000e+04
1.413466882908376760e+02 1.048298692730034168e-03 -4.198274521226373607e-05 -8.812543550888491013e-05 2.871700000000000000e+04
1.434475230090064031e+02 1.018871952115646493e-03 -1.711039225493861390e-05 -7.156030663334211634e-05 2.959500000000000000e+04
1.455452853418541679e+02 9.982455745394221494e-04 -6.064791476628291705e-06 -9.669771347944398194e-06 3.030100000000000000e+04
1.476332061073587738e+02 9.539265452151778155e-04 -2.359714507811381669e-05 -5.323632818066113023e-05 3.110100000000000000e+04
1.497211472843286231e+02 9.252483467017593582e-04 -2.618442108624806293e-05 -4.831929584677272822e-05 3.202300000000000000e+04
1.518138048751577287e+02 9.028551017863765699e-04 1.505476944489908223e-05 9.424611318238512747e-06 3.297700000000000000e+04
1.539211490100352648e+02 8.718660489908346134e-04 -5.640912400162928001e-07 -1.147730265399722500e-05 3.444900000000000000e+04
1.560214747341236716e+02 8.484532539786173149e-04 -1.257952216385951698e-05 -2.335077433066307429e-05 3.454900000000000000e+04
1.581161747588121784e+02 8.203397309977768573e-04 1.725603138236186662e-06 -2.493695645813451866e-05 3.611100000000000000e+04
1.602118712271799836e+02 7.906111442297248260e-04 2.513557681797147863e-06 -2.435411826177911400e-05 3.654100000000000000e+04
1.623006419462898862e+02 7.623690954824052313e-04 1.053941330042981990e-05 -2.174520017212035827e-06 3.771700000000000000e+04
1.643899033199985240e+02 7.374547451289910783e-04 2.242079078441669039e-05 -1.766281623180274309e-05 3.861900000000000000e+04
1.664835582381511756e+02 7.114369171927035921e-04 1.292962848081158528e-05 -5.227908613589900178e-06 3.966100000000000000e+04
1.685719683778473552e+02 6.990001250859374533e-04 -4.520605432087914163e-06 -6.562397112504884741e-06 4.054500000000000000e+04
1.706641332089364766e+02 6.779191304187667409e-04 -1.451680142909586514e-05 -7.204949190984701390e-06 4.181500000000000000e+04
1.727708699256135390e+02 6.570686905168194149e-04 1.328375334275961589e-06 -1.016367321768724222e-05 4.312500000000000000e+04
1.748696546009699659e+02 6.427348982160899964e-04 -4.396056652956528920e-06 1.517458280388075664e-05 4.368100000000000000e+04
1.769585769494445344e+02 6.203046736354792283e-04 -3.145934351741964454e-06 -2.353919506960102544e-05 4.462900000000000000e+04
1.790524509315575301e+02 6.027041503232200394e-04 -8.858055426707244382e-06 -1.207450741947566585e-05 4.622700000000000000e+04
1.811526521261263554e+02 5.897478114605144003e-04 1.135075183986498255e-05 1.707429743133053750e-05 4.690900000000000000e+04
1.832476884130738881e+02 5.791787279890321920e-04 1.244391894494392726e-05 2.242071421413321415e-05 4.823700000000000000e+04
1.853312475833926101e+02 5.580216935676557974e-04 5.124352082498283270e-06 2.118782637580261824e-05 4.858300000000000000e+04
1.874284892203218931e+02 5.483235883835995209e-04 1.296319107454388182e-05 1.657912947283486657e-05 5.099700000000000000e+04
1.895337179075755216e+02 5.318910701383332317e-04 1.769387004068768643e-05 2.289856354329450490e-05 5.139700000000000000e+04
1.916268196474026126e+02 5.173684879787857809e-04 8.187216885739116175e-06 1.817970206279824030e-05 5.248900000000000000e+04
1.937183403446852878e+02 5.044888111845849833e-04 1.147562611099752014e-05 3.016613628196523100e-05 5.378700000000000000e+04
1.958131498886989164e+02 4.959293687107792356e-04 1.881795823073390954e-05 3.463825291957889878e-05 5.491300000000000000e+04
1.979058740098966211e+02 4.805334316184958830e-04 1.179440276680493136e-05 1.127733155746837409e-05 5.597700000000000000e+04
1.999990651597893816e+02 4.714631256951128829e-04 1.930368596487130875e-05 3.248321525584141128e-05 5.741500000000000000e+04
2.020893038374759101e+02 4.528337417766403077e-04 1.789667712324275649e-05 2.949230270568053386e-05 5.810500000000000000e+04
2.041823192148177952e+02 4.462728093488085119e-04 2.160403160737285898e-05 2.750259013821413281e-05 6.003300000000000000e+04
2.062825911013838152e+02 4.390520667688405077e-04 1.565487769834164483e-05 1.777306115585584881e-05 6.094900000000000000e+04
2.083770189145966185e+02 4.296090490464119643e-04 1.818716873016178751e-05 2.768899229965795958e-05 6.223500000000000000e+04
2.104675816794403431e+02 4.194112556987849671e-04 1.988775126060470465e-05 3.802331611629750449e-05 6.322900000000000000e+04
2.125667854244018145e+02 4.103638193749945180e-04 1.464403405719788053e-05 3.746047575311737285e-05 6.513300000000000000e+04
2.146619261104851830e+02 4.001204776586831258e-04 1.242095610753720553e-05 4.094264129930330891e-05 6.570700000000000000e+04
2.167561805722037036e+02 3.928592919823869047e-04 2.040664413144178241e-05 4.370799161455588239e-05 6.756100000000000000e+04
2.188528705899679210e+02 3.851065640020191012e-04 1.769684377588174329e-05 3.913395139595183381e-05 6.850500000000000000e+04
2.209456427453084473e+02 3.742211306487223032e-04 2.410341000279160139e-05 3.952840896489483180e-05 6.994300000000000000e+04
2.230395148320731096e+02 3.680584980505097886e-04 1.647383925364183214e-05 3.567333175336244092e-05 7.109700000000000000e+04
2.251356732858534997e+02 3.622951143836620471e-04 1.026522127686487748e-05 3.398623124475294983e-05 7.302100000000000000e+04
2.272278504864401327e+02 3.559901618457025690e-04 1.678386800980671993e-05 2.923449040172593308e-05 7.331700000000000000e+04
2.293197511287232544e+02 3.498012321633049725e-04 1.347664677437185203e-05 3.381332589984969213e-05 7.579900000000000000e+04
2.314114772346510165e+02 3.421034698504822657e-04 1.043231472009914953e-05 4.406240544474814100e-05 7.602100000000000000e+04
2.335058467478245632e+02 3.352457763748890938e-04 1.620939114767290282e-05 4.014647432657394055e-05 7.875300000000000000e+04
2.356041652202905539e+02 3.311008014305883676e-04 1.092728868555059842e-05 3.710653890043627242e-05 7.929100000000000000e+04
2.377006336558306998e+02 3.233212421738084624e-04 1.492888352038756654e-05 3.968945560092993369e-05 8.112900000000000000e+04
2.397972750390475198e+02 3.202613100718458734e-04 2.634982158750392972e-05 4.680804568075697076e-05 8.244100000000000000e+04
2.418944602532704096e+02 3.146012420988701587e-04 2.274512957673349142e-05 5.520188830251253635e-05 8.394900000000000000e+04
2.439884227569783093e+02 3.096561039175329492e-04 2.114911389510256445e-05 4.278961480397454852e-05 8.512300000000000000e+04
2.460835996828307373e+02 3.070921405219767249e-04 2.373640415164449106e-05 6.456975139083995403e-05 8.692900000000000000e+04
2.481755280705312146e+02 3.035823192038040086e-04 2.538274281194863758e-05 5.665469364634154051e-05 8.778900000000000000e+04
2.502623700647570217e+02 3.001132122476579981e-04 1.997523523848439687e-05 6.253228639835380748e-05 8.962300000000000000e+04
2.523586155105348325e+02 2.969599078796484812e-04 2.248741210418394158e-05 6.754258396187979956e-05 9.134100000000000000e+04
2.544547077866985489e+02 2.908839410537776278e-04 1.983663577048860746e-05 6.926584915550365238e-05 9.284500000000000000e+04
2.565487653287422063e+02 2.896435659081004555e-04 2.184034995364491413e-05 7.574638163933752606e-05 9.408700000000000000e+04
2.586464955058470991e+02 2.881434904789372323e-04 2.328002612480460442e-05 8.394894687174896651e-05 9.633300000000000000e+04
2.607443047329861656e+02 2.845617658043345121e-04 2.649074468137869412e-05 9.407896134547211653e-05 9.724900000000000000e+04
2.628438312173413465e+02 2.836718649815647155e-04 2.666378046666868472e-05 9.776459275981633690e-05 9.950100000000000000e+04
2.649298855659840228e+02 2.816722451826269235e-04 2.639212384984632368e-05 1.050449591814082425e-04 9.928300000000000000e+04
2.670163698864117805e+02 2.818979324623586578e-04 3.241310825470416075e-05 1.139899045857739851e-04 1.025370000000000000e+05
2.691120556714307668e+02 2.784884214944132862e-04 3.154560472919154432e-05 1.005067012076051670e-04 1.022830000000000000e+05
2.712074998348403483e+02 2.750847890388094259e-04 2.596855682401354314e-05 5.239134767820857053e-05 1.021060000000000000e+05
2.733050116933233653e+02 2.726417214325339996e-04 2.900820656561994631e-05 1.874879233238721147e-05 1.007340000000000000e+05
2.753977295572417461e+02 2.668319165480021338e-04 2.659691398948951143e-05 -2.610740246980289286e-05 9.999400000000000000e+04
2.774958294534935703e+02 2.632549687421951697e-04 2.635379014901546824e-05 -5.156392486625630076e-05 9.936000000000000000e+04
2.795977707949222122e+02 2.595731163687759737e-04 2.537095799109439042e-05 -8.313874193256745528e-05 9.860800000000000000e+04
2.816862895118986785e+02 2.560968055451116627e-04 2.690664368314422026e-05 -1.091435232648699867e-04 9.625200000000000000e+04
2.837743515740906446e+02 2.524489471416011032e-04 3.084862653774779007e-05 -1.365386821009076433e-04 9.640000000000000000e+04
2.858713251310674650e+02 2.478045432805569496e-04 2.397171281322141035e-05 -1.568226569235157855e-04 9.539800000000000000e+04
2.879670932628575883e+02 2.442645320268009286e-04 2.501421738189781637e-05 -1.832849928256196519e-04 9.402000000000000000e+04
2.900590582015512382e+02 2.410120269267917179e-04 2.690637049753198288e-05 -2.062006195335392138e-04 9.316000000000000000e+04
2.921519201901450060e+02 2.392516511418027794e-04 2.441578121898969482e-05 -2.199284394679200210e-04 9.177600000000000000e+04
2.942485935102203030e+02 2.358162569913824322e-04 2.233987920073131312e-05 -2.340909408226096819e-04 9.137800000000000000e+04
2.963426645133968691e+02 2.341074801682620579e-04 2.141630430182391877e-05 -2.486014370314489400e-04 8.949000000000000000e+04
2.984329904966970162e+02 2.312035808192437498e-04 1.882113211818657079e-05 -2.644584227651008892e-04 8.845000000000000000e+04
3.005290481640043367e+02 2.276930378690591289e-04 1.690042948448898600e-05 -2.747827220069161674e-04 8.794600000000000000e+04
3.026245947235937592e+02 2.262318162600629012e-04 1.517899659006274013e-05 -2.867764966470476859e-04 8.575200000000000000e+04
3.047205651109674704e+02 2.222509388696971644e-04 1.309217184093841182e-05 -2.979320158279993858e-04 8.574400000000000000e+04
3.068167457111920839e+02 2.206200515242984304e-04 9.369726758640401084e-06 -3.106638649779928539e-04 8.322000000000000000e+04
3.089118625384018060e+02 2.176371978105790233e-04 1.119641264819439004e-05 -3.196639279140141049e-04 8.302000000000000000e+04
3.110099981664167785e+02 2.146207077520527126e-04 9.087606471459233631e-06 -3.267686656843829009e-04 8.106400000000000000e+04
3.131040997612852266e+02 2.124672544006283139e-04 1.170086237786652684e-05 -3.368130384272622832e-04 7.983000000000000000e+04
3.151936712677708670e+02 2.101209592378536998e-04 9.185968292174786498e-06 -3.402779654202196737e-04 7.823800000000000000e+04
3.172858841403398173e+02 2.094734058591867583e-04 1.055303749458597683e-05 -3.530368352407113239e-04 7.715400000000000000e+04
3.193772099476266817e+02 2.062179412994635808e-04 7.599026910308828212e-06 -3.527738465695852313e-04 7.546600000000000000e+04
3.214753775151562536e+02 2.059033532867262999e-04 8.620480742097665978e-06 -3.672737169521946531e-04 7.480200000000000000e+04
3.235746879206847666e+02 2.050146127844791643e-04 7.318038497144212715e-06 -3.709773609509751458e-04 7.258000000000000000e+04
3.256647237020029024e+02 2.036638126897195075e-04 5.588451515104325164e-06 -3.766868796557158272e-04 7.133800000000000000e+04
3.277571324083919535e+02 2.025342432123226866e-04 1.826064174041382888e-06 -3.801806555034463182e-04 6.964200000000000000e+04
3.298487111637800240e+02 2.009952101683596943e-04 2.775205118406799278e-06 -3.838030197298848787e-04 6.832600000000000000e+04
3.319433744068021497e+02 2.008814470563077478e-04 2.693315932695778584e-06 -3.911648839962030585e-04 6.674400000000000000e+04
3.340422322988853239e+02 2.003882041938449582e-04 3.569556580143323617e-06 -3.983360192685383191e-04 6.533800000000000000e+04
3.361307892565458246e+02 2.008971706744681950e-04 -5.196033205411576440e-07 -4.008807793753449661e-04 6.315600000000000000e+04
3.382251120895489294e+02 1.999582697094473744e-04 -7.002740750868425511e-07 -4.057566605241344753e-04 6.214000000000000000e+04
3.403264013195363304e+02 2.003714353236276736e-04 -1.788297101821713714e-06 -4.103922476050071190e-04 6.051400000000000000e+04
3.424148842577288860e+02 2.009539938769248771e-04 -9.573038538243612137e-08 -4.223993484240549674e-04 5.799000000000000000e+04
3.445099495577244397e+02 2.003945600230135375e-04 -5.865937314566136989e-07 -4.239440641824585476e-04 5.742400000000000000e+04
3.466144105402300397e+02 1.998579476008783065e-04 -1.803624388722743921e-06 -4.293149765812795783e-04 5.518200000000000000e+04
3.487067496858389859e+02 1.987409698719667126e-04 -1.039770146114246639e-06 -4.330043466835467960e-04 5.306800000000000000e+04
3.507912540595516475e+02 2.017752041711035386e-04 -4.328622824793241424e-06 -4.397339258208487903e-04 5.152800000000000000e+04
3.528807167895711814e+02 1.995176338957688775e-04 -3.234491675640539115e-06 -4.430059119024469506e-04 4.954600000000000000e+04
3.549828487415276754e+02 2.020909167187030482e-04 -2.000329067859484566e-06 -4.507896253259916137e-04 4.846600000000000000e+04
3.570768480370360862e+02 2.032421081271142398e-04 -3.236821324824411590e-06 -4.595631976530081819e-04 4.566600000000000000e+04
3.591652111747225717e+02 2.062132355726119671e-04 -5.013211654771609587e-06 -4.695722149057600945e-04 4.423000000000000000e+04
3.612627896178847777e+02 2.063612464221123823e-04 9.555885114610761588e-08 -4.841665866891910024e-04 4.254000000000000000e+04
3.633645820428338880e+02 2.070971993709112184e-04 1.950321650882322206e-06 -4.963062799169683627e-04 4.022200000000000000e+04
3.654527365610065885e+02 2.077763170051313845e-04 4.099974798430922910e-06 -5.040547009405897325e-04 3.842200000000000000e+04
3.675441472124314259e+02 2.053608050180622468e-04 2.229412396805997019e-06 -5.083707558694745008e-04 3.624600000000000000e+04
3.696396280380744201e+02 2.076219594986077196e-04 -9.863639857241491155e-07 -5.119563983332565049e-04 3.455200000000000000e+04
3.717297223820279441e+02 2.063190632503592156e-04 4.723414281898208229e-07 -5.241654996339679268e-04 3.213600000000000000e+04
3.738176974939287902e+02 2.086254787301490175e-04 -9.415581333174156169e-07 -5.365463070813292733e-04 3.029200000000000000e+04
3.759110996783247174e+02 2.067799623504927857e-04 -2.630415474161221563e-06 -5.428980597242039812e-04 2.830200000000000000e+04
3.780081394014102898e+02 2.071418588669327206e-04 -1.679241225232728540e-06 -5.591798347864604781e-04 2.605600000000000000e+04
3.801051557582653118e+02 2.051471885848868350e-04 -3.357319121850340859e-06 -5.662212723606458624e-04 2.421100000000000000e+04
3.821955053587425937e+02 2.044417986603487146e-04 -9.621909063271651189e-07 -5.827767115657131632e-04 2.220600000000000000e+04
3.842862749912937943e+02 2.022689198380329945e-04 -8.945859435855310257e-07 -5.876754846606479458e-04 2.088400000000000000e+04
3.863841918340856409e+02 2.018076397967721218e-04 -3.225141878638514528e-06 -5.915259606397731042e-04 1.939200000000000000e+04
3.884771734501698006e+02 2.043490025006941687e-04 -6.135547452925588193e-06 -6.044470129296631265e-04 1.805800000000000000e+04
3.905623371605522607e+02 2.078622012447552451e-04 -4.819484757377552077e-06 -6.273421071918254283e-04 1.674600000000000000e+04
3.926667500119167471e+02 2.087429481035824475e-04 -5.768149820791952698e-06 -6.362095389571279435e-04 1.589800000000000000e+04
3.947778557744774162e+02 2.075362772966658537e-04 -4.786425681484192742e-06 -6.386587033654905895e-04 1.457800000000000000e+04
3.968631060462392952e+02 2.041290024398728176e-04 -5.081953148463204717e-06 -6.358143450497655150e-04 1.344300000000000000e+04
3.989413219049817485e+02 2.002063935373665944e-04 2.235389630441496960e-06 -6.408880359196854597e-04 1.251100000000000000e+04
4.010572258526528344e+02 2.012602591200943940e-04 7.411811027408882286e-07 -6.485982621532486664e-04 1.191900000000000000e+04
4.031656962107319373e+02 2.018060764332735410e-04 -2.002460709441307531e-06 -6.509591062607234186e-04 1.063900000000000000e+04
4.052249146637423678e+02 2.065895545402175347e-04 1.604937924698872707e-06 -6.747147830065766553e-04 9.775000000000000000e+03
4.073276634718891387e+02 2.092436305216389036e-04 1.756059967590972190e-07 -6.869622639157215794e-04 9.423000000000000000e+03
4.094593776408451049e+02 2.077483261836114562e-04 1.542782073320501548e-06 -6.875919857836862176e-04 8.449000000000000000e+03
4.115405539130957777e+02 2.146535044209110527e-04 9.320867607890202728e-07 -7.136876313962259516e-04 7.596000000000000000e+03
4.135894252671187132e+02 2.139271575204947898e-04 2.217134462927601650e-06 -7.159434304497068295e-04 6.931000000000000000e+03
4.156930049049321951e+02 2.179420935684086311e-04 1.002347568403869642e-06 -7.336400750225947204e-04 6.612000000000000000e+03
4.178272827209258367e+02 2.291489362553619303e-04 8.137179548818175724e-07 -7.732538903701827518e-04 5.899000000000000000e+03
4.199082037741286513e+02 2.326038971819497812e-04 -6.087520339229722678e-07 -7.854766512642896888e-04 5.176000000000000000e+03
4.219826095167229028e+02 2.286988311643336732e-04 1.848817631454362122e-06 -7.783520808353082323e-04 4.824000000000000000e+03
4.241028763136273483e+02 2.339285505047624357e-04 1.334150226719932204e-06 -7.982830720988453406e-04 4.312000000000000000e+03
4.262107721966358440e+02 2.360343594153498147e-04 1.443574680366330406e-06 -8.076404596007822224e-04 3.819000000000000000e+03
4.282460731868927724e+02 2.478830524157448791e-04 2.395765383545881711e-06 -8.511714618133421921e-04 3.220000000000000000e+03
4.303287648834323136e+02 2.495148554643927341e-04 1.702953394511910677e-06 -8.591317735955717816e-04 3.132000000000000000e+03
4.325172248853483552e+02 2.553684329737490968e-04 -9.203256416822504693e-07 -8.783716576228565304e-04 2.680000000000000000e+03
4.346325070601815810e+02 2.610951499378392506e-04 -2.265165102878609244e-06 -8.992506601287909157e-04 2.218000000000000000e+03
4.365567227659553851e+02 2.865403874870003898e-04 3.322898346921908243e-06 -9.940024939100783243e-04 1.728000000000000000e+03
4.386277159174848634e+02 2.835149050519884958e-04 2.210030492342790087e-06 -9.854283811444655965e-04 1.816000000000000000e+03
4.409019266196692683e+02 2.730359974540268490e-04 5.458438220378134203e-07 -9.489577382557147544e-04 1.476000000000000000e+03
4.430735479208619836e+02 2.933715147714860785e-04 8.584838980874816689e-08 -1.020509269971971384e-03 1.108000000000000000e+03
4.448761117541747012e+02 3.164142732737609300e-04 -2.953514665649092693e-06 -1.097827117618031204e-03 7.560000000000000000e+02
4.469343758523184533e+02 3.293026593925164587e-04 2.992398890415907502e-06 -1.150957879271550946e-03 8.440000000000000000e+02
4.493013102792758104e+02 3.552070442020617319e-04 5.151662029706169207e-07 -1.240369040094949776e-03 6.280000000000000000e+02
4.515989744176221734e+02 3.636298517833086788e-04 -3.313458072497246847e-07 -1.270280241614653999e-03 4.050000000000000000e+02
4.533101867737696580e+02 3.998209186173953713e-04 -1.702592796409383443e-06 -1.394873041164362100e-03 2.020000000000000000e+02
4.552338387398290820e+02 3.914745120057923095e-04 1.350944058581187635e-06 -1.370171327369035632e-03 2.280000000000000000e+02
4.576034578613840722e+02 3.285959336410716747e-04 1.203865009418865250e-06 -1.150542827379062672e-03 1.240000000000000000e+02
4.599517872444100703e+02 5.134738973510225577e-04 3.724512044684630626e-06 -1.800459823356509621e-03 5.200000000000000000e+01
4.619205689144050666e+02 3.960835005302241292e-04 1.106013066022487924e-06 -1.387272932013555249e-03 9.000000000000000000e+00
4.634281054380590490e+02 1.445277342578720403e-03 2.498316775608925469e-06 -5.060768234912922658e-03 4.000000000000000000e+00
