2.966547074898984615e+00 1.175822578491690695e+00 4.105445931319924857e-01 3.258409107913565528e+00 1.300000000000000000e+01
5.026374055021858744e+00 9.065210326505683813e-01 -1.147246765672256807e-01 1.090660973776082399e+00 3.300000000000000000e+01
7.149300621522788113e+00 4.163740181297587717e-01 4.018185916874367908e-02 8.978088297274409990e-02 7.900000000000000000e+01
9.278869254964254409e+00 3.583833162711973497e-01 -1.764797791076574626e-02 3.735188257071410667e-01 1.170000000000000000e+02
1.145033261934470126e+01 2.673858563982102754e-01 4.824959617114567278e-02 2.294746543167174579e-01 2.050000000000000000e+02
1.349295587141915043e+01 2.248941053636523413e-01 6.246192609670074558e-02 1.773090692351002307e-01 2.350000000000000000e+02
1.558905561191892986e+01 1.878604823746074237e-01 8.272672360989415108e-02 5.248245811515815651e-02 3.690000000000000000e+02
1.769408367255316961e+01 1.368661713534372326e-01 1.480366687826793239e-02 -4.443425166112133576e-03 4.330000000000000000e+02
1.981787480313529670e+01 1.136342069758724538e-01 -1.401575101841534511e-03 -7.134427940304820595e-03 5.850000000000000000e+02
2.192074938196263645e+01 9.266573093395685801e-02 4.397441200135784878e-03 1.669439726554145312e-02 6.790000000000000000e+02
2.398877635566245203e+01 8.566281761220724544e-02 8.729316581256632221e-03 2.294752787708138897e-02 8.130000000000000000e+02
2.609286971896115759e+01 7.534905943887053315e-02 1.414114843112969019e-02 1.648504956731491541e-02 9.850000000000000000e+02
2.823466315278179550e+01 6.928874060630801912e-02 6.026180644029608194e-03 2.043186086475779276e-02 1.183000000000000000e+03
3.032284873509123102e+01 5.965242236552687621e-02 -1.437250330057550460e-03 -1.469847877701037971e-03 1.269000000000000000e+03
3.240263258943403457e+01 5.279851728292678237e-02 -5.020429954672887482e-03 -9.207320066163321090e-03 1.537000000000000000e+03
3.449210129864554375e+01 4.836475470590859832e-02 -4.566493158015354735e-03 -3.457713722576272533e-03 1.653000000000000000e+03
3.658588147515196454e+01 4.448656034360514572e-02 3.317314584565708799e-03 7.391941036026498588e-03 1.963000000000000000e+03
3.868476949266977272e+01 3.953743066577342785e-02 5.214671932147042430e-03 3.465187575653852492e-03 2.121000000000000000e+03
4.078898888458283523e+01 3.655079525382396582e-02 5.788420945595067375e-03 2.444044958925293588e-03 2.413000000000000000e+03
4.289390876967645738e+01 3.362509857568801719e-02 4.775262212515317254e-04 -3.996230741753325350e-03 2.635000000000000000e+03
4.498336005546935468e+01 3.104876966276170006e-02 -2.797107035852143368e-03 -1.988620679907634504e-03 2.877000000000000000e+03
4.706498529473824988e+01 2.864776228358454843e-02 -2.696295167211145566e-03 -2.101520010414362465e-03 3.169000000000000000e+03
4.917111919158227096e+01 2.686077871360557923e-02 1.506863863208482337e-03 2.375509681407381515e-03 3.507000000000000000e+03
5.126216914174227668e+01 2.512134502691681232e-02 2.987516920566576049e-03 3.808548870913518961e-03 3.685000000000000000e+03
5.335525146837034072e+01 2.313341074317049398e-02 1.218355982770721749e-03 2.267276567709555074e-03 4.165000000000000000e+03
5.546637228956934251e+01 2.171063375506106230e-02 -1.912579898225387812e-04 6.865946724410355861e-04 4.377000000000000000e+03
5.757318819254808773e+01 1.967211226658432260e-02 -1.565936039973473510e-03 -2.304566901080630330e-03 4.855000000000000000e+03
5.965884044590281121e+01 1.857053052194406959e-02 -5.376885988166015895e-04 3.293108975728590584e-04 4.929000000000000000e+03
6.174512302159506305e+01 1.743849019711786463e-02 6.544650034295394379e-04 1.201642403373868757e-03 5.581000000000000000e+03
6.382689291137189969e+01 1.656293265077268470e-02 1.066639189072780087e-03 3.394247663817888221e-03 5.679000000000000000e+03
6.592966228838450604e+01 1.532202335320076436e-02 7.593424663131780484e-04 8.769671156395086918e-04 6.385000000000000000e+03
6.803125784825746791e+01 1.427760623894316558e-02 -8.580612020727793228e-04 1.259591888340140769e-04 6.553000000000000000e+03
7.013131008699485847e+01 1.329103859308521096e-02 -1.144737752915830648e-03 -9.554417928376097080e-04 7.125000000000000000e+03
7.223032366074338029e+01 1.268225069704458433e-02 -1.011045288425473521e-03 1.016077169277937204e-04 7.447000000000000000e+03
7.432334270720505742e+01 1.215789598571008663e-02 -3.848645038962250999e-04 7.126514182524681593e-04 7.929000000000000000e+03
7.642066756954473306e+01 1.162191313564963149e-02 -6.623316404363844244e-05 1.193413772426789353e-03 8.353000000000000000e+03
7.850471694556040347e+01 1.087492570166621007e-02 -3.981649704392674696e-04 6.893921949790292759e-04 8.775000000000000000e+03
8.059701946059529121e+01 1.022617090294827315e-02 -6.503182510355389172e-04 -7.034919387401328186e-04 9.313000000000000000e+03
8.269521798132063850e+01 9.645114034671010625e-03 -1.029015140292507740e-03 -6.625953966420488304e-04 9.841000000000000000e+03
8.478307522909847194e+01 9.254513667880400959e-03 -6.504701280114634065e-04 5.320814953582958355e-04 1.019100000000000000e+04
8.687780839616016237e+01 9.044722328687429536e-03 -1.493169490745124524e-04 8.989648064115316611e-04 1.089700000000000000e+04
8.897524569656535220e+01 8.552408425665958269e-03 -3.196889596530212664e-04 1.389520505403125375e-03 1.130100000000000000e+04
9.108077810470518898e+01 8.232895899783777491e-03 -4.603685511099664266e-04 1.191704772939860798e-03 1.202500000000000000e+04
9.318432266948052245e+01 7.621946614914297535e-03 -8.145665648799925744e-04 2.400107016669578340e-05 1.242300000000000000e+04
9.527887641048309320e+01 7.314050476240920723e-03 -7.930384073209815554e-04 1.629489168320864595e-04 1.302100000000000000e+04
9.736254237981037818e+01 7.051703748786143644e-03 -8.784470734659687420e-04 4.560274844146662196e-04 1.340500000000000000e+04
9.944832814799407572e+01 6.894085349107984158e-03 -3.601939459417710112e-04 1.000164191299796751e-03 1.424700000000000000e+04
1.015460879802399035e+02 6.626357536471776111e-03 -5.360479954999782404e-04 7.662409142899306120e-04 1.471300000000000000e+04
1.036426375667732316e+02 6.371714073915252935e-03 -6.242168548776180510e-04 2.218954823604590051e-04 1.548900000000000000e+04
1.057389390539465950e+02 6.053415989928336710e-03 -8.223395797986448067e-04 -6.982923207836189757e-05 1.591300000000000000e+04
1.078395855981474227e+02 5.905333307981560850e-03 -9.994723336303155958e-04 -1.817774898676249236e-05 1.687900000000000000e+04
1.099389405850131709e+02 5.741840939052607166e-03 -6.317909256695501468e-04 2.645297575497176186e-04 1.719300000000000000e+04
1.120392143152385387e+02 5.641381133365075927e-03 -6.002378203552767577e-04 5.624936105055922163e-04 1.815700000000000000e+04
1.141233458569757744e+02 5.485921610752671901e-03 -5.739564482634438658e-04 6.355872135020987704e-04 1.833900000000000000e+04
1.162159397555423084e+02 5.230120518243560473e-03 -7.679671760660469835e-04 2.703320471566398393e-04 1.957300000000000000e+04
1.183137204803772420e+02 5.064794322800832138e-03 -7.995965367320756337e-04 2.304817234359864814e-05 1.994100000000000000e+04
1.203972311807013256e+02 4.887085454269623000e-03 -8.186220932682801129e-04 3.009775221447295412e-04 2.062900000000000000e+04
1.224922363187857286e+02 4.749031304064505257e-03 -5.464237523174248108e-04 2.650526200380282408e-04 2.165500000000000000e+04
1.245882598425863534e+02 4.661946694584140349e-03 -4.179200693680790537e-04 6.721070685979719421e-04 2.211300000000000000e+04
1.266884677158377315e+02 4.518027735209854782e-03 -4.075210595922030155e-04 4.541521460968864720e-04 2.318500000000000000e+04
1.287846620419940962e+02 4.347787242372408260e-03 -5.772140677281639449e-04 1.880049598783136312e-04 2.366700000000000000e+04
1.308713393788149801e+02 4.224370580555732689e-03 -6.887754282484992484e-04 8.792871277665631707e-05 2.438500000000000000e+04
1.329754833440644575e+02 4.147004441959133494e-03 -6.857541920241426881e-04 8.510857614520673750e-05 2.574900000000000000e+04
1.350691081525609434e+02 4.064391414466173719e-03 -4.955827739261362301e-04 4.173403621739771546e-04 2.567500000000000000e+04
1.371638825856825576e+02 3.941290659705693790e-03 -3.512291714384815694e-04 4.141858796599566582e-04 2.740900000000000000e+04
1.392604757372163533e+02 3.865777777483490277e-03 -4.247194050125553373e-04 4.997154521553631408e-04 2.740500000000000000e+04
1.413466882908376760e+02 3.722581701492434433e-03 -4.053109458991396483e-04 1.315747721655721215e-04 2.871700000000000000e+04
1.434475230090064031e+02 3.628528317816918404e-03 -5.718527546636576007e-04 3.950004933463779975e-05 2.959500000000000000e+04
1.455452853418541679e+02 3.494519913901956033e-03 -3.817886480894970916e-04 1.069765313514333121e-04 3.030100000000000000e+04
1.476332061073587738e+02 3.436547813074782715e-03 -2.998051169405011127e-04 2.249300057235858064e-04 3.110100000000000000e+04
1.497211472843286231e+02 3.376398797003893944e-03 -1.825600030327301953e-04 3.031413975370257489e-04 3.202300000000000000e+04
1.518138048751577287e+02 3.267930018500519312e-03 -2.151557281976732993e-04 1.639891730769296784e-04 3.297700000000000000e+04
1.539211490100352648e+02 3.207676674851209653e-03 -3.352461139783976109e-04 1.359413031847089110e-04 3.444900000000000000e+04
1.560214747341236716e+02 3.095981619641634264e-03 -3.833780039791950399e-04 -4.374102366939169634e-05 3.454900000000000000e+04
1.581161747588121784e+02 3.068634026812162938e-03 -4.129713172196244160e-04 1.071603520176368253e-04 3.611100000000000000e+04
1.602118712271799836e+02 3.006979665408540236e-03 -2.502385539313571757e-04 2.278123716176571722e-04 3.654100000000000000e+04
1.623006419462898862e+02 2.931347633895440858e-03 -2.735626418625042625e-04 3.171650304571270039e-04 3.771700000000000000e+04
1.643899033199985240e+02 2.854014401931959707e-03 -2.265262029589842332e-04 1.403249765192133040e-04 3.861900000000000000e+04
1.664835582381511756e+02 2.775274713111032347e-03 -3.361016717104702857e-04 8.686630529285115771e-05 3.966100000000000000e+04
1.685719683778473552e+02 2.722982619545600246e-03 -3.648315650228723794e-04 9.193728740743115795e-05 4.054500000000000000e+04
1.706641332089364766e+02 2.640253027867503835e-03 -2.416951712648296793e-04 9.753648785182922874e-05 4.181500000000000000e+04
1.727708699256135390e+02 2.622848548652155498e-03 -1.800530228554401480e-04 2.628877951530522402e-04 4.312500000000000000e+04
1.748696546009699659e+02 2.563297374911488544e-03 -1.260416920883968407e-04 3.378032634230776401e-04 4.368100000000000000e+04
1.769585769494445344e+02 2.527054632193725687e-03 -2.191364206737023721e-04 2.122765621506655204e-04 4.462900000000000000e+04
1.790524509315575301e+02 2.458559681755309242e-03 -2.470066548567429691e-04 1.179997335769646555e-04 4.622700000000000000e+04
1.811526521261263554e+02 2.397284831743769305e-03 -2.928153765952641228e-04 5.383451320903930498e-05 4.690900000000000000e+04
1.832476884130738881e+02 2.382496142523780978e-03 -2.448873991896381610e-04 1.131876132731581805e-04 4.823700000000000000e+04
1.853312475833926101e+02 2.341199766866561109e-03 -1.717036127787976399e-04 2.816770479149510124e-04 4.858300000000000000e+04
1.874284892203218931e+02 2.301710354867426891e-03 -1.602203862555532385e-04 2.994986544909365288e-04 5.099700000000000000e+04
1.895337179075755216e+02 2.257498718598178501e-03 -1.834267088575627783e-04 2.087100928548769169e-04 5.139700000000000000e+04
1.916268196474026126e+02 2.212808655693306644e-03 -2.725059461486286088e-04 1.423591462615804535e-04 5.248900000000000000e+04
1.937183403446852878e+02 2.157601832745982724e-03 -2.253573987034950823e-04 1.668974197250587977e-04 5.378700000000000000e+04
1.958131498886989164e+02 2.140366792230227917e-03 -2.065221189709369964e-04 2.255155551362771418e-04 5.491300000000000000e+04
1.979058740098966211e+02 2.112320604037803713e-03 -1.110347725081594998e-04 2.998284757426664831e-04 5.597700000000000000e+04
1.999990651597893816e+02 2.096845484817446131e-03 -1.468732666392950361e-04 4.187483080749120263e-04 5.741500000000000000e+04
2.020893038374759101e+02 2.058688336556461010e-03 -1.648843203314216959e-04 3.173911345934659137e-04 5.810500000000000000e+04
2.041823192148177952e+02 2.020793066922062405e-03 -2.055267931741393619e-04 2.024486528921913304e-04 6.003300000000000000e+04
2.062825911013838152e+02 1.989124791949190788e-03 -1.938536352384357623e-04 2.185985745049058571e-04 6.094900000000000000e+04
2.083770189145966185e+02 1.976748763975626644e-03 -1.562350837775054518e-04 3.135576507032781048e-04 6.223500000000000000e+04
2.104675816794403431e+02 1.959723870894903956e-03 -1.287677333348496685e-04 3.582176754885162259e-04 6.322900000000000000e+04
2.125667854244018145e+02 1.938890773668750997e-03 -8.314794904147359059e-05 3.501841636660173911e-04 6.513300000000000000e+04
2.146619261104851830e+02 1.909656261706904222e-03 -1.409566513547018884e-04 3.004694846966522118e-04 6.570700000000000000e+04
2.167561805722037036e+02 1.886050399700605089e-03 -1.899181699579071433e-04 2.632667437037011717e-04 6.756100000000000000e+04
2.188528705899679210e+02 1.867501924457227276e-03 -2.042354743170870569e-04 2.225145943064263550e-04 6.850500000000000000e+04
2.209456427453084473e+02 1.856100752500316033e-03 -1.718803963355485420e-04 3.384991486948673179e-04 6.994300000000000000e+04
2.230395148320731096e+02 1.844989080524187582e-03 -1.383608553943081710e-04 3.882704065444700934e-04 7.109700000000000000e+04
2.251356732858534997e+02 1.833221857317682887e-03 -1.060437694251834391e-04 4.458048114288859455e-04 7.302100000000000000e+04
2.272278504864401327e+02 1.809072177774371940e-03 -1.444865883526175328e-04 3.816773614990148842e-04 7.331700000000000000e+04
2.293197511287232544e+02 1.791246358273211256e-03 -1.658305840253362332e-04 3.481295664237830673e-04 7.579900000000000000e+04
2.314114772346510165e+02 1.771971985549904280e-03 -1.763328950333795152e-04 3.621903150668686721e-04 7.602100000000000000e+04
2.335058467478245632e+02 1.764738022450306875e-03 -1.302307418482486347e-04 4.494514071418785508e-04 7.875300000000000000e+04
2.356041652202905539e+02 1.759961262472057968e-03 -9.770923485084211124e-05 5.054689752332225394e-04 7.929100000000000000e+04
2.377006336558306998e+02 1.741864005642688009e-03 -9.279786387588307252e-05 5.270770734400334959e-04 8.112900000000000000e+04
2.397972750390475198e+02 1.724487953536200978e-03 -1.256673156807596782e-04 5.019093375403611487e-04 8.244100000000000000e+04
2.418944602532704096e+02 1.715550980928096927e-03 -1.742953968767556999e-04 5.084662112747402769e-04 8.394900000000000000e+04
2.439884227569783093e+02 1.707880048614017271e-03 -1.741215621163301897e-04 5.148470533194480581e-04 8.512300000000000000e+04
2.460835996828307373e+02 1.709178720049484663e-03 -1.757284956630885038e-04 5.902546011078192451e-04 8.692900000000000000e+04
2.481755280705312146e+02 1.703513767815913313e-03 -1.250117081751054573e-04 6.496860648228984731e-04 8.778900000000000000e+04
2.502623700647570217e+02 1.711688775399363479e-03 -1.415332590841859644e-04 6.855321984319398066e-04 8.962300000000000000e+04
2.523586155105348325e+02 1.693106151521780144e-03 -1.577884832684501204e-04 6.578745514690571838e-04 9.134100000000000000e+04
2.544547077866985489e+02 1.700040229385414194e-03 -1.781630046679583297e-04 6.550815938885558038e-04 9.284500000000000000e+04
2.565487653287422063e+02 1.692932956494502600e-03 -1.569684059452261700e-04 6.839414261818964986e-04 9.408700000000000000e+04
2.586464955058470991e+02 1.698247703253231858e-03 -1.380426917682116468e-04 7.456386421471389216e-04 9.633300000000000000e+04
2.607443047329861656e+02 1.714863013512294646e-03 -1.173234807892571224e-04 8.629350655402904299e-04 9.724900000000000000e+04
2.628438312173413465e+02 1.728418600704223788e-03 -1.322604418932150374e-04 8.950619736872749603e-04 9.950100000000000000e+04
2.649298855659840228e+02 1.731008744932715799e-03 -1.216908469306112497e-04 9.321216321690963154e-04 9.928300000000000000e+04
2.670163698864117805e+02 1.732931496575930820e-03 -1.458164315247108224e-04 9.282170436544738687e-04 1.025370000000000000e+05
2.691120556714307668e+02 1.742055992548864445e-03 -1.662576835542139953e-04 8.427466564502176551e-04 1.022830000000000000e+05
2.712074998348403483e+02 1.718397825212708476e-03 -1.499729289494861886e-04 5.675157589380100832e-04 1.021060000000000000e+05
2.733050116933233653e+02 1.714571194584406334e-03 -1.563706404779152464e-04 3.612897245814306523e-04 1.007340000000000000e+05
2.753977295572417461e+02 1.692019536643233442e-03 -1.400609318779939166e-04 1.023238046501648063e-04 9.999400000000000000e+04
2.774958294534935703e+02 1.685376125343496147e-03 -1.545552128532517479e-04 -8.681185381339344659e-05 9.936000000000000000e+04
2.795977707949222122e+02 1.666957355867617653e-03 -1.529094551665034286e-04 -3.233359578772816234e-04 9.860800000000000000e+04
2.816862895118986785e+02 1.655039520163097133e-03 -1.491083965331074389e-04 -5.120300435143620510e-04 9.625200000000000000e+04
2.837743515740906446e+02 1.643094015117206206e-03 -1.619013644079660629e-04 -6.957905332057948969e-04 9.640000000000000000e+04
2.858713251310674650e+02 1.638670312658682422e-03 -1.693771847589100904e-04 -8.205501980742342834e-04 9.539800000000000000e+04
2.879670932628575883e+02 1.623394168752743559e-03 -1.660161342163172095e-04 -9.978212658702122120e-04 9.402000000000000000e+04
2.900590582015512382e+02 1.613173181978711261e-03 -1.646027866231378775e-04 -1.145271484254323929e-03 9.316000000000000000e+04
2.921519201901450060e+02 1.603486413504217950e-03 -1.642349707469760217e-04 -1.284967425395315034e-03 9.177600000000000000e+04
2.942485935102203030e+02 1.596236674144322406e-03 -1.726832465145590099e-04 -1.390332196922420410e-03 9.137800000000000000e+04
2.963426645133968691e+02 1.593161428575389860e-03 -1.628922969739465853e-04 -1.530905710938256989e-03 8.949000000000000000e+04
2.984329904966970162e+02 1.580823758726544997e-03 -1.550194861082388137e-04 -1.649317219305446820e-03 8.845000000000000000e+04
3.005290481640043367e+02 1.579773544571660363e-03 -1.588084111993254320e-04 -1.766466680785232397e-03 8.794600000000000000e+04
3.026245947235937592e+02 1.575814146670038345e-03 -1.437366769927313453e-04 -1.853092458296923392e-03 8.575200000000000000e+04
3.047205651109674704e+02 1.575438463772019671e-03 -1.515911395026684426e-04 -1.945228265745905984e-03 8.574400000000000000e+04
3.068167457111920839e+02 1.565608513674715627e-03 -1.480934066491677013e-04 -2.046955105020347929e-03 8.322000000000000000e+04
3.089118625384018060e+02 1.563373410141120348e-03 -1.376035020042910048e-04 -2.131294430110135165e-03 8.302000000000000000e+04
3.110099981664167785e+02 1.567675156816363208e-03 -1.503296451342560108e-04 -2.204523962442897413e-03 8.106400000000000000e+04
3.131040997612852266e+02 1.555090521120474105e-03 -1.355656925262296202e-04 -2.292910749506214905e-03 7.983000000000000000e+04
3.151936712677708670e+02 1.572558376126240338e-03 -1.505649724280651313e-04 -2.360282283991904217e-03 7.823800000000000000e+04
3.172858841403398173e+02 1.565737480518259502e-03 -1.283234202854211686e-04 -2.467348302766518738e-03 7.715400000000000000e+04
3.193772099476266817e+02 1.572646045922614045e-03 -1.392587777129309615e-04 -2.528530932367658527e-03 7.546600000000000000e+04
3.214753775151562536e+02 1.572363084046669380e-03 -1.355799790478005515e-04 -2.602531379207712048e-03 7.480200000000000000e+04
3.235746879206847666e+02 1.582503095529780779e-03 -1.289778972270458964e-04 -2.699449561083397224e-03 7.258000000000000000e+04
3.256647237020029024e+02 1.586936753546678777e-03 -1.319596746846315560e-04 -2.756189663074443044e-03 7.133800000000000000e+04
3.277571324083919535e+02 1.592045894602757807e-03 -1.286742893793683495e-04 -2.841379296068614283e-03 6.964200000000000000e+04
3.298487111637800240e+02 1.606737042747700571e-03 -1.456341743248132467e-04 -2.891193940373940844e-03 6.832600000000000000e+04
3.319433744068021497e+02 1.608675755044489770e-03 -1.200071199428544137e-04 -2.990321857174800969e-03 6.674400000000000000e+04
3.340422322988853239e+02 1.621146124896135059e-03 -1.386146504530568792e-04 -3.027845119025020671e-03 6.533800000000000000e+04
3.361307892565458246e+02 1.633663852234235265e-03 -1.331142747304699949e-04 -3.115531148714050132e-03 6.315600000000000000e+04
3.382251120895489294e+02 1.643176752076940536e-03 -1.297904900731388787e-04 -3.183779365291459270e-03 6.214000000000000000e+04
3.403264013195363304e+02 1.654331996980366523e-03 -1.326360164953816888e-04 -3.239443971845542246e-03 6.051400000000000000e+04
3.424148842577288860e+02 1.665672361723920768e-03 -1.226517540280494599e-04 -3.329182816404988726e-03 5.799000000000000000e+04
3.445099495577244397e+02 1.687871583667622556e-03 -1.406306655203807350e-04 -3.387475073775399886e-03 5.742400000000000000e+04
3.466144105402300397e+02 1.697234542017018880e-03 -1.286265409946719777e-04 -3.488932943193192096e-03 5.518200000000000000e+04
3.487067496858389859e+02 1.714762771368111846e-03 -1.360890618846982572e-04 -3.551626168664784831e-03 5.306800000000000000e+04
3.507912540595516475e+02 1.730045492594089584e-03 -1.249829072150130099e-04 -3.647562141433611377e-03 5.152800000000000000e+04
3.528807167895711814e+02 1.744094910273336161e-03 -1.231002648307325496e-04 -3.747974399406284358e-03 4.954600000000000000e+04
3.549828487415276754e+02 1.765615130066448824e-03 -1.196925363474149999e-04 -3.820498430226003991e-03 4.846600000000000000e+04
3.570768480370360862e+02 1.778354437496138928e-03 -1.236721884492697975e-04 -3.910319739523750171e-03 4.566600000000000000e+04
3.591652111747225717e+02 1.799903185296881838e-03 -1.204108382475117616e-04 -4.005027941955433338e-03 4.423000000000000000e+04
3.612627896178847777e+02 1.822233661489910299e-03 -1.264658866339466304e-04 -4.102383723616011106e-03 4.254000000000000000e+04
3.633645820428338880e+02 1.836911256419709784e-03 -1.146959102996625383e-04 -4.232665046222220534e-03 4.022200000000000000e+04
3.654527365610065885e+02 1.872516543470356893e-03 -1.176585660776193268e-04 -4.321752202056749689e-03 3.842200000000000000e+04
3.675441472124314259e+02 1.876527926724141232e-03 -1.178241763757753422e-04 -4.451536699965003355e-03 3.624600000000000000e+04
3.696396280380744201e+02 1.912460634605875169e-03 -1.070553022639226289e-04 -4.586925643684318030e-03 3.455200000000000000e+04
3.717297223820279441e+02 1.927396696725663331e-03 -1.156006266528879646e-04 -4.716259990202588750e-03 3.213600000000000000e+04
3.738176974939287902e+02 1.949926036469601257e-03 -1.234432504294078056e-04 -4.845500290586433369e-03 3.029200000000000000e+04
3.759110996783247174e+02 1.961216229857385730e-03 -1.187766238691821338e-04 -5.018879566536663464e-03 2.830200000000000000e+04
3.780081394014102898e+02 1.955677039369710466e-03 -1.104731838003722585e-04 -5.171077927136055914e-03 2.605600000000000000e+04
3.801051557582653118e+02 1.969117178941194157e-03 -1.007207909471327791e-04 -5.343436277862601870e-03 2.421100000000000000e+04
3.821955053587425937e+02 1.958138758341494527e-03 -8.524719426738763676e-05 -5.473914743917080578e-03 2.220600000000000000e+04
3.842862749912937943e+02 1.969782463050646654e-03 -7.990488020839686440e-05 -5.642886363301471107e-03 2.088400000000000000e+04
3.863841918340856409e+02 1.985513573670388485e-03 -7.940403822066884520e-05 -5.768602175996125070e-03 1.939200000000000000e+04
3.884771734501698006e+02 2.005394186863311903e-03 -7.688223607327366834e-05 -5.919267779114940724e-03 1.805800000000000000e+04
3.905623371605522607e+02 2.029933893633548061e-03 -7.191231330506698801e-05 -6.077068519999923903e-03 1.674600000000000000e+04
3.926667500119167471e+02 2.038349944044194010e-03 -7.213910088023177533e-05 -6.187927895132496955e-03 1.589800000000000000e+04
3.947778557744774162e+02 2.072367695669914342e-03 -4.501018775888961717e-05 -6.394327585016049489e-03 1.457800000000000000e+04
3.968631060462392952e+02 2.104276844842581720e-03 -5.452126825977149480e-05 -6.545115271519668515e-03 1.344300000000000000e+04
3.989413219049817485e+02 2.109120722355604504e-03 -5.343587792883902832e-05 -6.628754163370970121e-03 1.251100000000000000e+04
4.010572258526528344e+02 2.125560030794274111e-03 -2.941002078643940455e-05 -6.785005962538532588e-03 1.191900000000000000e+04
4.031656962107319373e+02 2.174736147180344331e-03 -2.940516034724945582e-05 -6.990011505240548151e-03 1.063900000000000000e+04
4.052249146637423678e+02 2.204120667580061494e-03 -2.077312735220900486e-05 -7.150533096759113458e-03 9.775000000000000000e+03
4.073276634718891387e+02 2.226758817779263266e-03 -2.463585509482921375e-05 -7.276786434971618985e-03 9.423000000000000000e+03
4.094593776408451049e+02 2.246696847075338108e-03 -1.586005082379963384e-05 -7.400481489904828930e-03 8.449000000000000000e+03
4.115405539130957777e+02 2.300086721834109643e-03 -3.325996112268551249e-06 -7.635166456195701529e-03 7.596000000000000000e+03
4.135894252671187132e+02 2.337442365940735952e-03 -1.901815226071318599e-05 -7.769600245734179303e-03 6.931000000000000000e+03
4.156930049049321951e+02 2.365698580072221006e-03 -4.373222674761639843e-07 -7.943126272207182148e-03 6.612000000000000000e+03
4.178272827209258367e+02 2.429381612889525578e-03 -1.294284176241322890e-05 -8.175803762837446573e-03 5.899000000000000000e+03
4.199082037741286513e+02 2.500087116343192688e-03 -2.113943364122005487e-05 -8.429066913615853793e-03 5.176000000000000000e+03
4.219826095167229028e+02 2.539835922587518804e-03 -2.327987167253685988e-05 -8.595670350198847051e-03 4.824000000000000000e+03
4.241028763136273483e+02 2.616686191409838512e-03 -3.231065714223568802e-05 -8.889430267393633525e-03 4.312000000000000000e+03
4.262107721966358440e+02 2.690072753246715385e-03 -2.915843853414409854e-05 -9.163072408715665015e-03 3.819000000000000000e+03
4.282460731868927724e+02 2.758306018904656352e-03 -3.326782007115338481e-05 -9.414686894744082879e-03 3.220000000000000000e+03
4.303287648834323136e+02 2.847440079175076778e-03 -3.605136325089833223e-05 -9.756030365402892576e-03 3.132000000000000000e+03
4.325172248853483552e+02 2.913310037308635466e-03 -1.420758389080280844e-05 -1.003637937866804289e-02 2.680000000000000000e+03
4.346325070601815810e+02 3.029723667460289954e-03 -1.622359707501503702e-05 -1.045324701184162895e-02 2.218000000000000000e+03
4.365567227659553851e+02 3.198043803928393280e-03 -2.417155231483667074e-05 -1.102558305862191314e-02 1.728000000000000000e+03
4.386277159174848634e+02 3.276706014507670562e-03 -1.183647820274742654e-05 -1.135577415925071755e-02 1.816000000000000000e+03
4.409019266196692683e+02 3.400374138561952989e-03 -1.843142635787201538e-05 -1.179327060411859349e-02 1.476000000000000000e+03
4.430735479208619836e+02 3.524543471922555928e-03 6.517831739143430339e-06 -1.226465155277236402e-02 1.108000000000000000e+03
4.448761117541747012e+02 3.819546928571387369e-03 8.863255103998612664e-06 -1.329116901134325644e-02 7.560000000000000000e+02
4.469343758523184533e+02 3.789620206279697805e-03 1.135506221469791901e-05 -1.321953248471239260e-02 8.440000000000000000e+02
4.493013102792758104e+02 3.961799289780994562e-03 2.844783304347248460e-05 -1.385312543831481932e-02 6.280000000000000000e+02
4.515989744176221734e+02 4.261774906912256522e-03 2.358503150185635894e-05 -1.491102440692590458e-02 4.050000000000000000e+02
4.533101867737696580e+02 4.378910404275436659e-03 3.581593667154420949e-05 -1.533162519582276229e-02 2.020000000000000000e+02
4.552338387398290820e+02 4.654926193834113893e-03 2.796571667612668871e-05 -1.630088215156805936e-02 2.280000000000000000e+02
4.576034578613840722e+02 5.035406852501893814e-03 2.151516472970820988e-05 -1.763399829520713794e-02 1.240000000000000000e+02
4.599517872444100703e+02 5.365666623528032864e-03 4.489329841731922870e-05 -1.881968398598805534e-02 5.200000000000000000e+01
4.619205689144050666e+02 5.915144742633719060e-03 -6.294324337638893772e-06 -2.069391054063740923e-02 9.000000000000000000e+00
4.634281054380590490e+02 7.504144352168722922e-03 1.192001741280587336e-05 -2.627522642018572177e-02 4.000000000000000000e+00
