2.966547074898984615e+00 1.129827021858803882e+01 2.307873545205840760e-01 4.423771491997857908e+00 1.300000000000000000e+01
5.026374055021858744e+00 1.103174081982122168e+01 -4.311905991487423151e+00 5.155962580696221487e+00 3.300000000000000000e+01
7.149300621522788113e+00 9.989920617469740804e+00 -2.918907341656231669e-01 6.662636270414071804e-01 7.900000000000000000e+01
9.278869254964254409e+00 1.067002936129335033e+01 1.033559658706193041e+00 2.676107198787965213e+00 1.170000000000000000e+02
1.145033261934470126e+01 1.041409668665757060e+01 8.372342565546039284e-01 -1.051752688023291693e+00 2.050000000000000000e+02
1.349295587141915043e+01 1.029709648552924328e+01 -6.730282217366463371e-01 -8.672966685188370217e-01 2.350000000000000000e+02
1.558905561191892986e+01 1.012563377866022307e+01 -4.138110003422165728e-02 -1.874644637390591173e+00 3.690000000000000000e+02
1.769408367255316961e+01 1.045336317863078435e+01 -2.712896567993858254e-01 7.460747820786817197e-01 4.330000000000000000e+02
1.981787480313529670e+01 1.024077103277848799e+01 5.380540755896453531e-01 5.525003224917676148e-01 5.850000000000000000e+02
2.192074938196263645e+01 1.018853395504176795e+01 -5.792513996892843103e-02 1.340879393845569867e+00 6.790000000000000000e+02
2.398877635566245203e+01 9.935053977687156035e+00 -3.255654922506693305e-01 -1.122755522538170680e+00 8.130000000000000000e+02
2.609286971896115759e+01 1.001509318500838042e+01 -1.694038631712227183e-01 -1.034112576093694669e+00 9.850000000000000000e+02
2.823466315278179550e+01 1.007076342580003647e+01 3.365365883115713497e-01 1.200060421815731582e+00 1.183000000000000000e+03
3.032284873509123102e+01 9.926034539986764216e+00 3.177126230528591333e-01 3.446153212324064019e-01 1.269000000000000000e+03
3.240263258943403457e+01 9.866692290358175299e+00 -2.617356973197244585e-01 -7.131119573108359866e-01 1.537000000000000000e+03
3.449210129864554375e+01 9.770335752619557113e+00 1.213531853875867150e-01 -2.185137624382430255e-01 1.653000000000000000e+03
3.658588147515196454e+01 9.831822911902865059e+00 2.963807820904589274e-01 7.654918164634386679e-01 1.963000000000000000e+03
3.868476949266977272e+01 9.674448766730508353e+00 1.418023321206104415e-01 1.565014617225800320e-01 2.121000000000000000e+03
4.078898888458283523e+01 9.612402377585411273e+00 -1.445381850264343127e-01 -3.290482931745036810e-01 2.413000000000000000e+03
4.289390876967645738e+01 9.598894729155643901e+00 8.577154512374085549e-02 -4.308789277189181144e-01 2.635000000000000000e+03
4.498336005546935468e+01 9.581353279699129644e+00 4.029323242817094419e-01 8.949626810585590286e-01 2.877000000000000000e+03
4.706498529473824988e+01 9.477517604352053482e+00 2.114810190489821440e-01 -2.965443210324912870e-01 3.169000000000000000e+03
4.917111919158227096e+01 9.385978157364316843e+00 -3.063133531133161325e-03 -3.132816606295161233e-01 3.507000000000000000e+03
5.126216914174227668e+01 9.269189453033323645e+00 2.625159379573042129e-01 -2.127733504185695679e-01 3.685000000000000000e+03
5.335525146837034072e+01 9.262914366591612492e+00 3.823219533750518706e-01 4.998767711091237076e-01 4.165000000000000000e+03
5.546637228956934251e+01 9.186121036353345204e+00 2.490029963404251923e-01 1.495888213597585392e-01 4.377000000000000000e+03
5.757318819254808773e+01 9.144795838232097296e+00 5.730957607175717061e-02 -4.979650301096519849e-01 4.855000000000000000e+03
5.965884044590281121e+01 9.040320248719792673e+00 2.592249664600183023e-01 4.234303502375888484e-02 4.929000000000000000e+03
6.174512302159506305e+01 9.039665498086055351e+00 2.869243209308341980e-01 -7.295045973935518346e-02 5.581000000000000000e+03
6.382689291137189969e+01 8.947953449583984309e+00 3.733342346306197101e-01 3.636427883319081622e-01 5.679000000000000000e+03
6.592966228838450604e+01 8.856639067169346902e+00 1.670322055404424300e-01 -2.929860891476457341e-01 6.385000000000000000e+03
6.803125784825746791e+01 8.714517352351286661e+00 1.863797957475183675e-01 -1.740486665580500691e-01 6.553000000000000000e+03
7.013131008699485847e+01 8.734262534763683306e+00 2.911671436441139460e-01 1.936828385691293231e-01 7.125000000000000000e+03
7.223032366074338029e+01 8.684357323869559053e+00 5.222894383204050861e-01 1.873792208610260412e-01 7.447000000000000000e+03
7.432334270720505742e+01 8.619323233759432767e+00 2.079894160039721107e-01 -3.976000060480448101e-02 7.929000000000000000e+03
7.642066756954473306e+01 8.483919251346240031e+00 1.574931749140798809e-01 -4.647374083795325350e-01 8.353000000000000000e+03
7.850471694556040347e+01 8.450896046910814974e+00 3.598153062331229668e-01 1.799496974266234228e-01 8.775000000000000000e+03
8.059701946059529121e+01 8.425323076028643499e+00 4.876309874534927591e-01 5.106432258059446783e-01 9.313000000000000000e+03
8.269521798132063850e+01 8.317504672003391164e+00 3.987831299476390368e-01 -8.680948249160655439e-02 9.841000000000000000e+03
8.478307522909847194e+01 8.218342387916274916e+00 2.140558668659104935e-01 -9.443885402512412763e-02 1.019100000000000000e+04
8.687780839616016237e+01 8.190233316866333269e+00 3.298419347369385690e-01 -1.008408282504397874e-01 1.089700000000000000e+04
8.897524569656535220e+01 8.143066625411014670e+00 4.762423330412489664e-01 3.406769299526412470e-02 1.130100000000000000e+04
9.108077810470518898e+01 8.065009302275116809e+00 4.385656836779424639e-01 1.961954883046358178e-01 1.202500000000000000e+04
9.318432266948052245e+01 7.960144603728114276e+00 2.680329101075678011e-01 -7.453818029999374761e-02 1.242300000000000000e+04
9.527887641048309320e+01 7.897864374118511499e+00 3.182685721497731102e-01 -9.285909305102535427e-02 1.302100000000000000e+04
9.736254237981037818e+01 7.866445684838965668e+00 3.556034982259873578e-01 1.656068022899800651e-01 1.340500000000000000e+04
9.944832814799407572e+01 7.780367645355756423e+00 4.119814049062954786e-01 4.844784595593753379e-02 1.424700000000000000e+04
1.015460879802399035e+02 7.738398218743465229e+00 3.022560997778632741e-01 -1.293948752395437940e-01 1.471300000000000000e+04
1.036426375667732316e+02 7.633196813801914615e+00 3.559458048894726945e-01 -2.355418560558363295e-01 1.548900000000000000e+04
1.057389390539465950e+02 7.582853831514817067e+00 3.521219973828648153e-01 1.739194559665058482e-01 1.591300000000000000e+04
1.078395855981474227e+02 7.498783281785491361e+00 4.467058014048861381e-01 1.459360526703182004e-01 1.687900000000000000e+04
1.099389405850131709e+02 7.448034187641630943e+00 3.241755930491814208e-01 1.252279193793325585e-01 1.719300000000000000e+04
1.120392143152385387e+02 7.374128995114632268e+00 3.142840796288561833e-01 -2.347409595041035912e-01 1.815700000000000000e+04
1.141233458569757744e+02 7.325262651013124682e+00 3.651040266597999073e-01 7.883428576649760544e-02 1.833900000000000000e+04
1.162159397555423084e+02 7.268939014472703519e+00 4.606014348490309884e-01 1.126281844798008858e-01 1.957300000000000000e+04
1.183137204803772420e+02 7.204509998222222045e+00 3.288889637367750085e-01 -8.626198975951238079e-02 1.994100000000000000e+04
1.203972311807013256e+02 7.093312185485043386e+00 3.218003315546230092e-01 1.576665316060706645e-01 2.062900000000000000e+04
1.224922363187857286e+02 7.071603539841063046e+00 4.186120891486956874e-01 -3.596787981873727450e-03 2.165500000000000000e+04
1.245882598425863534e+02 6.986100480043239358e+00 4.799593362692157195e-01 1.840221166219443150e-01 2.211300000000000000e+04
1.266884677158377315e+02 6.936865257267601947e+00 3.104587662445310592e-01 -1.386840419123328838e-01 2.318500000000000000e+04
1.287846620419940962e+02 6.872951728650948056e+00 3.391289275038608109e-01 -2.275921634410800129e-02 2.366700000000000000e+04
1.308713393788149801e+02 6.826468009057808928e+00 4.176680913104005577e-01 1.170223436784226245e-01 2.438500000000000000e+04
1.329754833440644575e+02 6.756633484211619134e+00 4.073124931045892239e-01 1.275907812192324797e-01 2.574900000000000000e+04
1.350691081525609434e+02 6.686031302512381203e+00 3.723589666799324016e-01 2.337124226945333158e-02 2.567500000000000000e+04
1.371638825856825576e+02 6.621833799787887109e+00 3.505857502739015419e-01 -4.446523330912619670e-02 2.740900000000000000e+04
1.392604757372163533e+02 6.549063833185321926e+00 4.170284787814664829e-01 1.134653552289778405e-01 2.740500000000000000e+04
1.413466882908376760e+02 6.509883787245948739e+00 4.410772223851279206e-01 6.478994147225035360e-02 2.871700000000000000e+04
1.434475230090064031e+02 6.453183207182155989e+00 4.142787274420808852e-01 -6.813900425877540169e-03 2.959500000000000000e+04
1.455452853418541679e+02 6.358622471377107566e+00 3.835179868986926532e-01 -4.118510775617274106e-03 3.030100000000000000e+04
1.476332061073587738e+02 6.317997471455933045e+00 3.762326643281669325e-01 2.777034975984226522e-02 3.110100000000000000e+04
1.497211472843286231e+02 6.273703810787722546e+00 4.459244642251193325e-01 -8.827732898022444194e-03 3.202300000000000000e+04
1.518138048751577287e+02 6.197836434124057270e+00 4.669609130657424445e-01 1.120894275428164916e-01 3.297700000000000000e+04
1.539211490100352648e+02 6.142290024350888444e+00 3.413927739208980072e-01 1.115753546407179976e-02 3.444900000000000000e+04
1.560214747341236716e+02 6.063828788370557277e+00 3.920216749911134557e-01 -2.879544957962726706e-02 3.454900000000000000e+04
1.581161747588121784e+02 6.050645079845009100e+00 4.539754310604237619e-01 3.537584850295704547e-02 3.611100000000000000e+04
1.602118712271799836e+02 5.966400041298576262e+00 4.935369572130146598e-01 1.541378370449115465e-01 3.654100000000000000e+04
1.623006419462898862e+02 5.893480761626663345e+00 3.844326980600625276e-01 3.787456745023406492e-03 3.771700000000000000e+04
1.643899033199985240e+02 5.835129987934734253e+00 3.977813460205870122e-01 -1.041838377994253606e-01 3.861900000000000000e+04
1.664835582381511756e+02 5.796649961846228827e+00 4.629837520040476773e-01 8.873808772116685561e-02 3.966100000000000000e+04
1.685719683778473552e+02 5.736481088852446675e+00 4.588065881934235146e-01 7.430335726691959797e-02 4.054500000000000000e+04
1.706641332089364766e+02 5.683010721577519853e+00 4.283786621227497760e-01 3.087381927646731805e-02 4.181500000000000000e+04
1.727708699256135390e+02 5.611728820985120159e+00 4.176990192594586815e-01 -7.284003439355096754e-02 4.312500000000000000e+04
1.748696546009699659e+02 5.563079139737500789e+00 4.439298232267674948e-01 3.306904366999256079e-02 4.368100000000000000e+04
1.769585769494445344e+02 5.497060983004106838e+00 4.752390356149385764e-01 -1.670412338096166627e-02 4.462900000000000000e+04
1.790524509315575301e+02 5.440368872751241369e+00 4.624968214968178115e-01 3.358368032779656624e-03 4.622700000000000000e+04
1.811526521261263554e+02 5.383123463867089953e+00 4.580992608535808808e-01 -3.444031468836766460e-03 4.690900000000000000e+04
1.832476884130738881e+02 5.337770310645466587e+00 4.506428177284627634e-01 -7.601538522004391840e-02 4.823700000000000000e+04
1.853312475833926101e+02 5.283850518257843021e+00 4.916992550958227959e-01 7.271305491429148893e-02 4.858300000000000000e+04
1.874284892203218931e+02 5.230341937608705472e+00 4.854457747136431411e-01 -2.278819193934332465e-02 5.099700000000000000e+04
1.895337179075755216e+02 5.171987307920030474e+00 4.639390959360501498e-01 -7.088318830754099242e-02 5.139700000000000000e+04
1.916268196474026126e+02 5.119449244692019896e+00 4.717458047014706501e-01 -4.819710552807250116e-03 5.248900000000000000e+04
1.937183403446852878e+02 5.067549397841125902e+00 5.323721006857611293e-01 1.001831199800043426e-01 5.378700000000000000e+04
1.958131498886989164e+02 5.016223137942237287e+00 5.083514979854855120e-01 2.208882227358500983e-02 5.491300000000000000e+04
1.979058740098966211e+02 4.954741422937935624e+00 4.997077394611851298e-01 -6.853106885243881452e-02 5.597700000000000000e+04
1.999990651597893816e+02 4.917792054671876301e+00 5.344556007828835664e-01 2.127796018381385157e-02 5.741500000000000000e+04
2.020893038374759101e+02 4.867934517466723676e+00 5.595265964182668528e-01 5.048162986425806797e-02 5.810500000000000000e+04
2.041823192148177952e+02 4.808883182309031668e+00 5.371456428680253525e-01 -5.623530935568584604e-02 6.003300000000000000e+04
2.062825911013838152e+02 4.757356999527534214e+00 5.282107137135673147e-01 1.484774409294939077e-02 6.094900000000000000e+04
2.083770189145966185e+02 4.712512139360757857e+00 5.770061377620167020e-01 7.720577082353011211e-02 6.223500000000000000e+04
2.104675816794403431e+02 4.674773649975419332e+00 5.901089893812963005e-01 5.610535282822890629e-02 6.322900000000000000e+04
2.125667854244018145e+02 4.622271015214105994e+00 5.732875139976288947e-01 -1.125054006260290014e-02 6.513300000000000000e+04
2.146619261104851830e+02 4.573641386461479996e+00 5.809067027486723989e-01 -5.071952014494834383e-03 6.570700000000000000e+04
2.167561805722037036e+02 4.527856027008968276e+00 6.118697499867902234e-01 8.770389082947110948e-02 6.756100000000000000e+04
2.188528705899679210e+02 4.487831558604955084e+00 6.297246966008320790e-01 5.724665046460711282e-02 6.850500000000000000e+04
2.209456427453084473e+02 4.437414957411564664e+00 6.254542136967442545e-01 1.140249833785458022e-01 6.994300000000000000e+04
2.230395148320731096e+02 4.409038128287931180e+00 6.104607821722191074e-01 8.452373775172002113e-02 7.109700000000000000e+04
2.251356732858534997e+02 4.355187008327670029e+00 6.656117195847028878e-01 8.501326174704533500e-02 7.302100000000000000e+04
2.272278504864401327e+02 4.338324568947391491e+00 6.373919380407739865e-01 1.627803166543149715e-01 7.331700000000000000e+04
2.293197511287232544e+02 4.287719565263413912e+00 6.920255212138582968e-01 1.067177831537515914e-01 7.579900000000000000e+04
2.314114772346510165e+02 4.248094299552763076e+00 6.703607924331420609e-01 1.764719429767525882e-01 7.602100000000000000e+04
2.335058467478245632e+02 4.204467726375502146e+00 6.969108756270282479e-01 1.918074541334735539e-01 7.875300000000000000e+04
2.356041652202905539e+02 4.177246101733116390e+00 7.161165444698933680e-01 2.238259945734411283e-01 7.929100000000000000e+04
2.377006336558306998e+02 4.152041394531780227e+00 7.441509372923742482e-01 2.969123747205545394e-01 8.112900000000000000e+04
2.397972750390475198e+02 4.116908517347204643e+00 7.446631561617090833e-01 2.610218852536238532e-01 8.244100000000000000e+04
2.418944602532704096e+02 4.091530245278726774e+00 7.471629082066514327e-01 3.269269333211783923e-01 8.394900000000000000e+04
2.439884227569783093e+02 4.075702097579680938e+00 7.724932496241032620e-01 3.630235472032796173e-01 8.512300000000000000e+04
2.460835996828307373e+02 4.043566514635206666e+00 8.120650654152137271e-01 4.663163001982696398e-01 8.692900000000000000e+04
2.481755280705312146e+02 4.018548686381397061e+00 7.940159251282166153e-01 4.706631774167354676e-01 8.778900000000000000e+04
2.502623700647570217e+02 3.999016008661890886e+00 8.311375657472126477e-01 5.485407950730720739e-01 8.962300000000000000e+04
2.523586155105348325e+02 3.987231231545645294e+00 8.497868843236854319e-01 5.746506809184125375e-01 9.134100000000000000e+04
2.544547077866985489e+02 3.971857373685722337e+00 8.623184477276469861e-01 6.522808121794344549e-01 9.284500000000000000e+04
2.565487653287422063e+02 3.955947526928617730e+00 8.899025548607824021e-01 7.216132900191389865e-01 9.408700000000000000e+04
2.586464955058470991e+02 3.959640467866039959e+00 9.102871300286203837e-01 8.181816117343906347e-01 9.633300000000000000e+04
2.607443047329861656e+02 3.949341828517072717e+00 9.379355752413671699e-01 9.488089432867912176e-01 9.724900000000000000e+04
2.628438312173413465e+02 3.938418459291794349e+00 9.351590953768701420e-01 9.763715619916507604e-01 9.950100000000000000e+04
2.649298855659840228e+02 3.949357814130463051e+00 9.699367619559977616e-01 1.092131369724290701e+00 9.928300000000000000e+04
2.670163698864117805e+02 3.955104174742823719e+00 1.011709684313155222e+00 1.191041118346923167e+00 1.025370000000000000e+05
2.691120556714307668e+02 3.947927927944825388e+00 1.010620744546592453e+00 9.753436927560581449e-01 1.022830000000000000e+05
2.712074998348403483e+02 3.908248356646305766e+00 9.990135009741880623e-01 3.977758886334447075e-01 1.021060000000000000e+05
2.733050116933233653e+02 3.876378998679421706e+00 9.983812815977590738e-01 -1.241205544364413355e-01 1.007340000000000000e+05
2.753977295572417461e+02 3.840607961197760822e+00 9.586371129594916107e-01 -6.922728304634562235e-01 9.999400000000000000e+04
2.774958294534935703e+02 3.811787087090396042e+00 9.754186171006878903e-01 -1.110838301803223738e+00 9.936000000000000000e+04
2.795977707949222122e+02 3.782137339440871937e+00 9.507916345763149923e-01 -1.634512333666620520e+00 9.860800000000000000e+04
2.816862895118986785e+02 3.749783783905800583e+00 9.690259510946801491e-01 -2.071919163212661452e+00 9.625200000000000000e+04
2.837743515740906446e+02 3.723439272094667185e+00 9.495743707721669979e-01 -2.487906051907760929e+00 9.640000000000000000e+04
2.858713251310674650e+02 3.689762106387608931e+00 9.555384415188376002e-01 -2.831977377794694828e+00 9.539800000000000000e+04
2.879670932628575883e+02 3.648527073934493714e+00 9.720065317197095212e-01 -3.228653723111653218e+00 9.402000000000000000e+04
2.900590582015512382e+02 3.615953600265750634e+00 9.488729232332150376e-01 -3.561216766318036520e+00 9.316000000000000000e+04
2.921519201901450060e+02 3.597139687167199007e+00 9.716434998688751046e-01 -3.903427477775300414e+00 9.177600000000000000e+04
2.942485935102203030e+02 3.561949507686413163e+00 9.740663120981196688e-01 -4.216486244137397144e+00 9.137800000000000000e+04
2.963426645133968691e+02 3.544535397798884713e+00 9.686802845268752682e-01 -4.519420883292987412e+00 8.949000000000000000e+04
2.984329904966970162e+02 3.510665610722434327e+00 9.804926237440666492e-01 -4.830317185518111955e+00 8.845000000000000000e+04
3.005290481640043367e+02 3.476240726013494431e+00 9.842215075046945039e-01 -5.062754854274598593e+00 8.794600000000000000e+04
3.026245947235937592e+02 3.445979220614579841e+00 9.962398201563416045e-01 -5.282910265604547462e+00 8.575200000000000000e+04
3.047205651109674704e+02 3.415712485697531164e+00 1.008195533449466108e+00 -5.545689809660821368e+00 8.574400000000000000e+04
3.068167457111920839e+02 3.398751399533610495e+00 1.008333434341179169e+00 -5.785941969353407544e+00 8.322000000000000000e+04
3.089118625384018060e+02 3.373764555606436399e+00 1.028797518175356140e+00 -6.005683802478347211e+00 8.302000000000000000e+04
3.110099981664167785e+02 3.349860303728697364e+00 1.036876456622591425e+00 -6.225314670609984447e+00 8.106400000000000000e+04
3.131040997612852266e+02 3.315276302492294658e+00 1.051708261840502701e+00 -6.403137002691908108e+00 7.983000000000000000e+04
3.151936712677708670e+02 3.293747151083119551e+00 1.062647126520147589e+00 -6.569902487884760056e+00 7.823800000000000000e+04
3.172858841403398173e+02 3.264172597598309800e+00 1.081996427729216226e+00 -6.743536620372543311e+00 7.715400000000000000e+04
3.193772099476266817e+02 3.250425509137664815e+00 1.096582562067936362e+00 -6.927820936216321890e+00 7.546600000000000000e+04
3.214753775151562536e+02 3.227212791546121284e+00 1.113500111222110345e+00 -7.111453806575936731e+00 7.480200000000000000e+04
3.235746879206847666e+02 3.210653103745102044e+00 1.130198444942247749e+00 -7.282057142239433567e+00 7.258000000000000000e+04
3.256647237020029024e+02 3.187691281412226463e+00 1.159054553928843490e+00 -7.439846973075401770e+00 7.133800000000000000e+04
3.277571324083919535e+02 3.172509634320316074e+00 1.159897054481848322e+00 -7.555448452883952726e+00 6.964200000000000000e+04
3.298487111637800240e+02 3.143859764278070124e+00 1.197869222930408428e+00 -7.722600608405671530e+00 6.832600000000000000e+04
3.319433744068021497e+02 3.128327110284255141e+00 1.204319770533502698e+00 -7.822781161997913735e+00 6.674400000000000000e+04
3.340422322988853239e+02 3.116892572800293415e+00 1.250763622305411493e+00 -8.005441423063455630e+00 6.533800000000000000e+04
3.361307892565458246e+02 3.105053089851323112e+00 1.256992177656890419e+00 -8.129170604878428463e+00 6.315600000000000000e+04
3.382251120895489294e+02 3.093750725105712807e+00 1.288252766762777002e+00 -8.289253234389178715e+00 6.214000000000000000e+04
3.403264013195363304e+02 3.078188592869074647e+00 1.307817956190581610e+00 -8.391159324739984271e+00 6.051400000000000000e+04
3.424148842577288860e+02 3.059900064039569489e+00 1.331032852210887629e+00 -8.510688308851385386e+00 5.799000000000000000e+04
3.445099495577244397e+02 3.058215043555604140e+00 1.363532084686900570e+00 -8.643676587650357845e+00 5.742400000000000000e+04
3.466144105402300397e+02 3.041232350862127731e+00 1.392449994578974781e+00 -8.766124705115471372e+00 5.518200000000000000e+04
3.487067496858389859e+02 3.035782796733957678e+00 1.399903930387183859e+00 -8.866864479526546106e+00 5.306800000000000000e+04
3.507912540595516475e+02 3.030554802607596798e+00 1.446847423321721227e+00 -9.023079580695986479e+00 5.152800000000000000e+04
3.528807167895711814e+02 3.028062844536028919e+00 1.425999546587690681e+00 -9.115597587658948342e+00 4.954600000000000000e+04
3.549828487415276754e+02 3.028305088278094637e+00 1.505933312366599441e+00 -9.291998436297308928e+00 4.846600000000000000e+04
3.570768480370360862e+02 3.024555199256325544e+00 1.497922440901908958e+00 -9.370041842144381405e+00 4.566600000000000000e+04
3.591652111747225717e+02 3.016574471498540522e+00 1.533194563667249488e+00 -9.483571203015003448e+00 4.423000000000000000e+04
3.612627896178847777e+02 3.011293603993680623e+00 1.519639045200458671e+00 -9.557530505191504488e+00 4.254000000000000000e+04
3.633645820428338880e+02 2.989522218888015281e+00 1.512585011115062494e+00 -9.603674372157039230e+00 4.022200000000000000e+04
3.654527365610065885e+02 3.006666406106105249e+00 1.553574403037264018e+00 -9.751779410520194702e+00 3.842200000000000000e+04
3.675441472124314259e+02 2.990391954862110513e+00 1.511757409464903334e+00 -9.795376105307237680e+00 3.624600000000000000e+04
3.696396280380744201e+02 3.006037678678799896e+00 1.548141985024455769e+00 -9.927771615689403362e+00 3.455200000000000000e+04
3.717297223820279441e+02 2.979286358444011018e+00 1.492540583111223507e+00 -9.924203874786568846e+00 3.213600000000000000e+04
3.738176974939287902e+02 2.944897385665339762e+00 1.446727914386757963e+00 -9.870320247275300218e+00 3.029200000000000000e+04
3.759110996783247174e+02 2.905061807954458342e+00 1.344592365540566048e+00 -9.783663152046804257e+00 2.830200000000000000e+04
3.780081394014102898e+02 2.855629290137542853e+00 1.240793090878558269e+00 -9.655827838963052301e+00 2.605600000000000000e+04
3.801051557582653118e+02 2.811679856039436487e+00 1.161625472858574204e+00 -9.566188975561441765e+00 2.421100000000000000e+04
3.821955053587425937e+02 2.751448278003620906e+00 1.054309384102082303e+00 -9.401097108040861627e+00 2.220600000000000000e+04
3.842862749912937943e+02 2.702088747514655775e+00 9.726451993752698311e-01 -9.269355566656184209e+00 2.088400000000000000e+04
3.863841918340856409e+02 2.674757373255884918e+00 9.158976436440470215e-01 -9.200168416478717859e+00 1.939200000000000000e+04
3.884771734501698006e+02 2.630378752572525514e+00 8.441527482699471285e-01 -9.070707127606768339e+00 1.805800000000000000e+04
3.905623371605522607e+02 2.605684364734003999e+00 8.005589577516855071e-01 -9.022302682398766649e+00 1.674600000000000000e+04
3.926667500119167471e+02 2.554636228309278945e+00 7.381462364711127710e-01 -8.872244148979079981e+00 1.589800000000000000e+04
3.947778557744774162e+02 2.520092748431228102e+00 7.008836707115057019e-01 -8.779862847804078996e+00 1.457800000000000000e+04
3.968631060462392952e+02 2.504772001587753483e+00 6.513254321863000129e-01 -8.728147613625205636e+00 1.344300000000000000e+04
3.989413219049817485e+02 2.460690949331528543e+00 5.993001742287555889e-01 -8.593080857459701960e+00 1.251100000000000000e+04
4.010572258526528344e+02 2.429992708845068794e+00 5.478089871701196101e-01 -8.492548649806192174e+00 1.191900000000000000e+04
4.031656962107319373e+02 2.408816352063432031e+00 5.204559223590955463e-01 -8.434570791482100205e+00 1.063900000000000000e+04
4.052249146637423678e+02 2.368138250584638449e+00 4.827143669480309374e-01 -8.304162251368698122e+00 9.775000000000000000e+03
4.073276634718891387e+02 2.337498817656564754e+00 4.241797718277658391e-01 -8.187259731374547655e+00 9.423000000000000000e+03
4.094593776408451049e+02 2.316937660791331677e+00 3.947246864797067101e-01 -8.122447193454632952e+00 8.449000000000000000e+03
4.115405539130957777e+02 2.293685819018614236e+00 3.624647596259594762e-01 -8.050023160005286726e+00 7.596000000000000000e+03
4.135894252671187132e+02 2.280665969893020950e+00 3.422450629491542440e-01 -8.006297505820407778e+00 6.931000000000000000e+03
4.156930049049321951e+02 2.221711816569785558e+00 3.000539954380099239e-01 -7.809034280517461291e+00 6.612000000000000000e+03
4.178272827209258367e+02 2.227202105955404576e+00 2.694342431690402440e-01 -7.812683081042282929e+00 5.899000000000000000e+03
4.199082037741286513e+02 2.207156153111183183e+00 2.458729101533581041e-01 -7.744083110894234956e+00 5.176000000000000000e+03
4.219826095167229028e+02 2.197900217873344886e+00 2.246941969085570201e-01 -7.715378701742384493e+00 4.824000000000000000e+03
4.241028763136273483e+02 2.156987306767525592e+00 1.857421493888103958e-01 -7.564664555219323461e+00 4.312000000000000000e+03
4.262107721966358440e+02 2.150595975566246043e+00 1.837947379427848082e-01 -7.556490323086599403e+00 3.819000000000000000e+03
4.282460731868927724e+02 2.139469376334020900e+00 1.495599822399793499e-01 -7.495279315943980336e+00 3.220000000000000000e+03
4.303287648834323136e+02 2.123059782073628554e+00 1.254938199519141651e-01 -7.439283965414070110e+00 3.132000000000000000e+03
4.325172248853483552e+02 2.126461514926562213e+00 1.024080154097045947e-01 -7.444243360256524333e+00 2.680000000000000000e+03
4.346325070601815810e+02 2.136751500185792185e+00 8.722915112827081541e-02 -7.476302264271834197e+00 2.218000000000000000e+03
4.365567227659553851e+02 2.149899707114195202e+00 1.008664193506259854e-01 -7.540284956420496343e+00 1.728000000000000000e+03
4.386277159174848634e+02 2.113145632351337344e+00 6.234886368531619011e-02 -7.396970379847258137e+00 1.816000000000000000e+03
4.409019266196692683e+02 2.124333571816944488e+00 4.680711911828518840e-02 -7.430573667298868479e+00 1.476000000000000000e+03
4.430735479208619836e+02 2.159472877774077038e+00 3.026377703506263547e-02 -7.543128794930477277e+00 1.108000000000000000e+03
4.448761117541747012e+02 2.280528376860620821e+00 3.670607930605603725e-02 -7.970263993607701103e+00 7.560000000000000000e+02
4.469343758523184533e+02 2.214334574056861182e+00 2.858754005327673875e-02 -7.748733538667996079e+00 8.440000000000000000e+02
4.493013102792758104e+02 2.212703836813171954e+00 2.465553912112548179e-02 -7.747306881690392721e+00 6.280000000000000000e+02
4.515989744176221734e+02 2.329380227964162664e+00 8.943633225672494025e-03 -8.146822012425470660e+00 4.050000000000000000e+02
4.533101867737696580e+02 2.318383040092734770e+00 1.980206898975684845e-02 -8.118332609896151908e+00 2.020000000000000000e+02
4.552338387398290820e+02 2.552081400700711100e+00 -6.789514848639616879e-03 -8.914658690872048652e+00 2.280000000000000000e+02
4.576034578613840722e+02 2.729410421643104545e+00 1.525480105956388043e-03 -9.547447742725779563e+00 1.240000000000000000e+02
4.599517872444100703e+02 2.562933554326518593e+00 3.664702299138419481e-03 -8.970859518282512823e+00 5.200000000000000000e+01
4.619205689144050666e+02 2.389647042317437631e+00 2.161455339907694326e-02 -8.384171797114017721e+00 9.000000000000000000e+00
4.634281054380590490e+02 1.607517158217431907e+00 6.877778963283832231e-03 -5.632956656661675332e+00 4.000000000000000000e+00
