2.966547074898984615e+00 1.504371910206658169e+00 -1.050938761858897369e-01 3.224315604998251761e+00 1.300000000000000000e+01
5.026374055021858744e+00 5.129030788355828374e-01 -1.594289647693958034e-01 4.167678279612325731e-01 3.300000000000000000e+01
7.149300621522788113e+00 3.333510237162498058e-01 -3.500540788904595857e-01 -8.321754018034586975e-02 7.900000000000000000e+01
9.278869254964254409e+00 2.232162058886087985e-01 -2.367349762026258742e-01 1.957215144136713325e-02 1.170000000000000000e+02
1.145033261934470126e+01 2.030646374561103640e-01 -1.730419165382586777e-01 1.212504330144712206e-01 2.050000000000000000e+02
1.349295587141915043e+01 1.585543973285592212e-01 -1.063266825560112983e-01 9.729569708279516005e-02 2.350000000000000000e+02
1.558905561191892986e+01 1.527589156092162836e-01 -5.391700781186307967e-02 4.996897403214081712e-02 3.690000000000000000e+02
1.769408367255316961e+01 1.432208908145069237e-01 -5.253530120826828409e-02 6.917405443668189768e-02 4.330000000000000000e+02
1.981787480313529670e+01 1.321954876410433022e-01 -1.674801940625481392e-02 -5.453633328895654710e-05 5.850000000000000000e+02
2.192074938196263645e+01 1.289768396235025094e-01 -2.324941428993498177e-02 2.182296358578903264e-02 6.790000000000000000e+02
2.398877635566245203e+01 1.253094756728985737e-01 -1.565654104429800228e-02 -1.173129026394506731e-02 8.130000000000000000e+02
2.609286971896115759e+01 1.194633732965499767e-01 -1.680070663197067576e-02 -3.249533256493380290e-02 9.850000000000000000e+02
2.823466315278179550e+01 1.194088684068445039e-01 -1.077039651060515170e-02 -8.486821337795691020e-03 1.183000000000000000e+03
3.032284873509123102e+01 1.088648723266431306e-01 -2.787715103700908609e-02 -2.603703216311988727e-02 1.269000000000000000e+03
3.240263258943403457e+01 9.802593569183996880e-02 -3.806786063364014233e-02 -3.518521730273232312e-02 1.537000000000000000e+03
3.449210129864554375e+01 9.377726944404346510e-02 -2.894507135334874193e-02 -2.374340498752809323e-02 1.653000000000000000e+03
3.658588147515196454e+01 9.504583675206483562e-02 -8.397589557019882051e-03 1.253977416030341470e-02 1.963000000000000000e+03
3.868476949266977272e+01 9.123480960365709658e-02 1.711720483652585554e-04 2.807217598454997409e-02 2.121000000000000000e+03
4.078898888458283523e+01 8.636842059675363392e-02 -9.015763595101251090e-05 3.319527842242719906e-02 2.413000000000000000e+03
4.289390876967645738e+01 8.579919945229333433e-02 1.598321832120038876e-03 8.789923264143250509e-03 2.635000000000000000e+03
4.498336005546935468e+01 7.915488372901122172e-02 1.045809495281601080e-03 6.316401344149271714e-03 2.877000000000000000e+03
4.706498529473824988e+01 6.899501079286576855e-02 -7.285239253527250186e-03 -8.031600211843577903e-04 3.169000000000000000e+03
4.917111919158227096e+01 6.863530515875347626e-02 -5.587114667196977150e-03 -7.491664720569483731e-03 3.507000000000000000e+03
5.126216914174227668e+01 6.525248126772134616e-02 -4.372871889961583991e-03 -7.206654122642617254e-03 3.685000000000000000e+03
5.335525146837034072e+01 6.754907143724818430e-02 9.946017317514627143e-04 4.819482593719983700e-03 4.165000000000000000e+03
5.546637228956934251e+01 6.400950458023671463e-02 4.641546034891551320e-03 2.351321927662164499e-03 4.377000000000000000e+03
5.757318819254808773e+01 6.159959192654675814e-02 6.496525063827745562e-03 -8.495534023516611299e-03 4.855000000000000000e+03
5.965884044590281121e+01 5.823181351550858753e-02 1.491213122126268430e-03 -3.045058366339510603e-03 4.929000000000000000e+03
6.174512302159506305e+01 5.548455150142412445e-02 -1.666383235153825896e-03 -1.088630498795873335e-02 5.581000000000000000e+03
6.382689291137189969e+01 5.312731551490817994e-02 -3.090950846705931899e-04 -4.123517814154796686e-03 5.679000000000000000e+03
6.592966228838450604e+01 5.076275405361455745e-02 -6.106149342744617362e-03 -5.067175510586940934e-03 6.385000000000000000e+03
6.803125784825746791e+01 4.810163762386410191e-02 -7.591906618145809540e-03 -5.234239679690720279e-03 6.553000000000000000e+03
7.013131008699485847e+01 4.592442855191146422e-02 -7.170562980056904671e-03 -3.314516243763261736e-03 7.125000000000000000e+03
7.223032366074338029e+01 4.384274002751106097e-02 -6.121105787324325476e-03 1.868233452285336530e-03 7.447000000000000000e+03
7.432334270720505742e+01 4.393533055315102659e-02 -7.541657394217257801e-04 5.583713829634613310e-03 7.929000000000000000e+03
7.642066756954473306e+01 4.307471486099936908e-02 4.984025713363783843e-04 7.043190034296181734e-03 8.353000000000000000e+03
7.850471694556040347e+01 4.138647471818171497e-02 3.603721265495031609e-03 9.255749450574111623e-03 8.775000000000000000e+03
8.059701946059529121e+01 3.915542990417543445e-02 3.706636259905255869e-03 6.674826610449424540e-03 9.313000000000000000e+03
8.269521798132063850e+01 3.866525479594185022e-02 -2.410498626738153197e-03 -4.682905679333651083e-04 9.841000000000000000e+03
8.478307522909847194e+01 3.707803690053107504e-02 -1.728254955660801610e-03 -3.676333454036898735e-03 1.019100000000000000e+04
8.687780839616016237e+01 3.485356681527294193e-02 -3.575800390333515148e-03 -5.505169315744274337e-03 1.089700000000000000e+04
8.897524569656535220e+01 3.415610492740735193e-02 -2.200762213048559467e-03 -5.421846758077968585e-03 1.130100000000000000e+04
9.108077810470518898e+01 3.398002731612554533e-02 -7.163982012967394031e-04 -1.276003032317638963e-03 1.202500000000000000e+04
9.318432266948052245e+01 3.245374577935107585e-02 2.887395735954933779e-03 3.793603619705452745e-03 1.242300000000000000e+04
9.527887641048309320e+01 3.216560427355277807e-02 3.811078776027554578e-03 6.400200912522343265e-03 1.302100000000000000e+04
9.736254237981037818e+01 3.163459577213013907e-02 4.035142077522970057e-03 5.549606325800414755e-03 1.340500000000000000e+04
9.944832814799407572e+01 2.985023174550735861e-02 1.102452611563447529e-03 1.562747874511939824e-03 1.424700000000000000e+04
1.015460879802399035e+02 2.832620148010665806e-02 -8.158195980709502569e-04 -9.102059955788785375e-04 1.471300000000000000e+04
1.036426375667732316e+02 2.736574543177652460e-02 -1.513819441985976262e-03 -1.815917513975246920e-03 1.548900000000000000e+04
1.057389390539465950e+02 2.627178266809254009e-02 -1.175730017676153124e-03 -1.112493954845712035e-03 1.591300000000000000e+04
1.078395855981474227e+02 2.534142090772451353e-02 -2.522582767254223039e-03 -2.028368352240901402e-05 1.687900000000000000e+04
1.099389405850131709e+02 2.436564287093432105e-02 -3.959426679989472980e-03 -1.859742011084746134e-03 1.719300000000000000e+04
1.120392143152385387e+02 2.381029838148246425e-02 -2.383342966597215562e-03 -2.470351078450886816e-03 1.815700000000000000e+04
1.141233458569757744e+02 2.324183931772997452e-02 -2.093935470315179057e-03 -3.344085714949796093e-04 1.833900000000000000e+04
1.162159397555423084e+02 2.266229515610963460e-02 -6.852117565998421542e-04 2.670685106993359276e-04 1.957300000000000000e+04
1.183137204803772420e+02 2.244200374549707236e-02 5.866006822485617507e-05 1.317186010328427704e-03 1.994100000000000000e+04
1.203972311807013256e+02 2.143699364550680914e-02 -3.709990804905003358e-04 3.104178680104018213e-03 2.062900000000000000e+04
1.224922363187857286e+02 2.060194832302894574e-02 -1.118416516237585130e-03 7.017503548311886368e-04 2.165500000000000000e+04
1.245882598425863534e+02 1.985734347099335148e-02 -1.576062807453512508e-03 -6.978971434144390189e-04 2.211300000000000000e+04
1.266884677158377315e+02 1.912742317183278168e-02 -2.077867546061165204e-03 -1.261053264357878080e-03 2.318500000000000000e+04
1.287846620419940962e+02 1.830505317870774126e-02 -1.035313602751795903e-03 7.483457163867249847e-04 2.366700000000000000e+04
1.308713393788149801e+02 1.854261758244442684e-02 -2.242457187508078997e-04 1.072126896957398181e-03 2.438500000000000000e+04
1.329754833440644575e+02 1.810558230415131031e-02 6.096331261321045938e-04 1.474698483667292396e-03 2.574900000000000000e+04
1.350691081525609434e+02 1.746709291036923142e-02 -3.704975262933405192e-04 1.024614422924230873e-03 2.567500000000000000e+04
1.371638825856825576e+02 1.693547307136095831e-02 -3.848376225537283651e-04 6.549332686213133565e-04 2.740900000000000000e+04
1.392604757372163533e+02 1.613654882727280290e-02 -6.164833738566555124e-04 1.246359372720958749e-03 2.740500000000000000e+04
1.413466882908376760e+02 1.617830812234836296e-02 -3.449880856113631705e-04 4.727215570813900268e-04 2.871700000000000000e+04
1.434475230090064031e+02 1.572530519950205916e-02 -6.445333632478711036e-04 -4.451095953520995525e-04 2.959500000000000000e+04
1.455452853418541679e+02 1.513635302231480448e-02 -3.947467363505754762e-04 -6.564011658979536108e-04 3.030100000000000000e+04
1.476332061073587738e+02 1.473795301595380580e-02 -9.062467388782487155e-04 -1.160710775669084212e-03 3.110100000000000000e+04
1.497211472843286231e+02 1.414252730869304878e-02 -1.158554471863449797e-03 -4.726305819952755739e-04 3.202300000000000000e+04
1.518138048751577287e+02 1.367100351675767066e-02 -4.926228263323056012e-04 -8.531090484513892836e-04 3.297700000000000000e+04
1.539211490100352648e+02 1.366634753374013772e-02 -3.341327099842434940e-04 1.384840198027971763e-04 3.444900000000000000e+04
1.560214747341236716e+02 1.296688964798460228e-02 -8.422113257943813179e-04 4.897904013634741789e-04 3.454900000000000000e+04
1.581161747588121784e+02 1.267658526053180509e-02 -1.317082892518000280e-03 -6.992416797895723121e-05 3.611100000000000000e+04
1.602118712271799836e+02 1.230716173899289861e-02 -1.557777999272060921e-03 5.066416951325029405e-04 3.654100000000000000e+04
1.623006419462898862e+02 1.176558072224680868e-02 -1.572435357024641470e-03 -8.752912513970696577e-04 3.771700000000000000e+04
1.643899033199985240e+02 1.152984361311097834e-02 -1.267093402564479316e-03 -7.750112199644759248e-04 3.861900000000000000e+04
1.664835582381511756e+02 1.142135208775830850e-02 -8.307742263437561817e-04 -3.170009229548655908e-04 3.966100000000000000e+04
1.685719683778473552e+02 1.109403614626502770e-02 -3.956424279008648919e-04 -3.836374667813610814e-05 4.054500000000000000e+04
1.706641332089364766e+02 1.098154230603717169e-02 -1.227433343698741556e-04 6.905467640469522238e-04 4.181500000000000000e+04
1.727708699256135390e+02 1.075863347715087792e-02 -1.751427970367963290e-04 2.402065115089599954e-04 4.312500000000000000e+04
1.748696546009699659e+02 1.026981286416292320e-02 -3.782193980786232386e-04 1.966326079954918674e-04 4.368100000000000000e+04
1.769585769494445344e+02 1.012806172321080098e-02 -6.590317243895073892e-04 -3.929208547932611290e-04 4.462900000000000000e+04
1.790524509315575301e+02 9.773844610554071125e-03 -7.088929263762668498e-04 -9.173276305870942679e-04 4.622700000000000000e+04
1.811526521261263554e+02 9.536459078285323271e-03 -9.797937717776212651e-04 -6.856052651750356225e-04 4.690900000000000000e+04
1.832476884130738881e+02 9.338773813380364663e-03 -1.090558316475694327e-03 -4.767963891192924315e-04 4.823700000000000000e+04
1.853312475833926101e+02 8.989006156147808999e-03 -1.005030776837583916e-03 -3.011508024924412340e-04 4.858300000000000000e+04
1.874284892203218931e+02 8.724035182547926204e-03 -9.606892983951413091e-04 -2.891369649048978487e-04 5.099700000000000000e+04
1.895337179075755216e+02 8.565261549528193144e-03 -8.733395543121512958e-04 7.180752930630211555e-05 5.139700000000000000e+04
1.916268196474026126e+02 8.432672788266955613e-03 -7.754925361586742288e-04 -1.661069659277522917e-04 5.248900000000000000e+04
1.937183403446852878e+02 8.233120426460746946e-03 -7.010401569232542268e-04 -5.609160437806541858e-05 5.378700000000000000e+04
1.958131498886989164e+02 7.951266704929463996e-03 -1.039048173213780006e-03 -1.052451013003903710e-04 5.491300000000000000e+04
1.979058740098966211e+02 7.694844316656363620e-03 -1.101797596682507069e-03 -4.146357400719515875e-04 5.597700000000000000e+04
1.999990651597893816e+02 7.558017037274322725e-03 -1.032930020513092573e-03 -5.969551793340716062e-04 5.741500000000000000e+04
2.020893038374759101e+02 7.505482553105002723e-03 -1.077727806976711911e-03 -2.565238789508995140e-04 5.810500000000000000e+04
2.041823192148177952e+02 7.398211652156571824e-03 -9.473276428145098243e-04 -4.188345019474567252e-04 6.003300000000000000e+04
2.062825911013838152e+02 7.195730260837510453e-03 -8.783421472676335813e-04 -3.014662176226559696e-04 6.094900000000000000e+04
2.083770189145966185e+02 7.001348456190894208e-03 -9.114550728099422459e-04 -1.350981916997724566e-04 6.223500000000000000e+04
2.104675816794403431e+02 6.789486879659890894e-03 -9.311205492537273686e-04 1.386174784440526370e-04 6.322900000000000000e+04
2.125667854244018145e+02 6.751793310650228488e-03 -8.350406367351332617e-04 3.210046986286342781e-04 6.513300000000000000e+04
2.146619261104851830e+02 6.524455973228282871e-03 -8.183643252723826235e-04 2.810580823064107560e-04 6.570700000000000000e+04
2.167561805722037036e+02 6.393510081834795702e-03 -1.167588557222432261e-03 1.905492747609436872e-04 6.756100000000000000e+04
2.188528705899679210e+02 6.228284228713682272e-03 -1.357473463703529233e-03 -2.986786892813840608e-04 6.850500000000000000e+04
2.209456427453084473e+02 6.104952756679303712e-03 -1.324187199276030897e-03 -5.639821351961029922e-04 6.994300000000000000e+04
2.230395148320731096e+02 5.963661427859800850e-03 -1.470399320813332552e-03 -2.503171982199551074e-04 7.109700000000000000e+04
2.251356732858534997e+02 5.856117079656317226e-03 -1.436618184471626092e-03 -1.896627020401115923e-04 7.302100000000000000e+04
2.272278504864401327e+02 5.713354193144669010e-03 -1.125067174935687891e-03 -9.688545768997915597e-05 7.331700000000000000e+04
2.293197511287232544e+02 5.685242064966339673e-03 -1.074694614914373280e-03 5.018106273446595731e-05 7.579900000000000000e+04
2.314114772346510165e+02 5.594442952244722995e-03 -1.209598989323223918e-03 6.991749912143721622e-05 7.602100000000000000e+04
2.335058467478245632e+02 5.496785473738006848e-03 -1.197364067438991264e-03 1.026222586815379357e-04 7.875300000000000000e+04
2.356041652202905539e+02 5.360510178453120958e-03 -1.212010215908195963e-03 -1.532300768343911935e-04 7.929100000000000000e+04
2.377006336558306998e+02 5.293060737309774472e-03 -1.297401132321100584e-03 9.106710470331611342e-06 8.112900000000000000e+04
2.397972750390475198e+02 5.216001485701453506e-03 -1.370519387897874359e-03 7.669377281524429970e-05 8.244100000000000000e+04
2.418944602532704096e+02 5.194551606816259944e-03 -1.357789749129787154e-03 2.154561695873507458e-04 8.394900000000000000e+04
2.439884227569783093e+02 5.078951145580691551e-03 -1.237206094266195787e-03 1.318156719051915302e-04 8.512300000000000000e+04
2.460835996828307373e+02 5.001030181762634516e-03 -1.158130289930149603e-03 4.787046472666625662e-04 8.692900000000000000e+04
2.481755280705312146e+02 4.921184629124698839e-03 -1.203509635564774813e-03 5.735672538634703716e-04 8.778900000000000000e+04
2.502623700647570217e+02 4.924419468340044022e-03 -1.329064536152117955e-03 6.039233205892196926e-04 8.962300000000000000e+04
2.523586155105348325e+02 4.797842529969123353e-03 -1.374057462141052349e-03 6.625409966763871287e-04 9.134100000000000000e+04
2.544547077866985489e+02 4.803202735127132250e-03 -1.533515178084007011e-03 8.251726423189779469e-04 9.284500000000000000e+04
2.565487653287422063e+02 4.752650079821306439e-03 -1.402344665708140335e-03 8.257906195089062713e-04 9.408700000000000000e+04
2.586464955058470991e+02 4.727640015137338399e-03 -1.441793419342381807e-03 6.428812136104826956e-04 9.633300000000000000e+04
2.607443047329861656e+02 4.725244952646837256e-03 -1.594304934116703857e-03 8.079896095113819638e-04 9.724900000000000000e+04
2.628438312173413465e+02 4.665174231903979757e-03 -1.646362436650209001e-03 7.735482288538221649e-04 9.950100000000000000e+04
2.649298855659840228e+02 4.679257452823156610e-03 -1.757439169671635862e-03 9.248414555804774541e-04 9.928300000000000000e+04
2.670163698864117805e+02 4.645699998889441310e-03 -1.671307962973602249e-03 9.377696318959752959e-04 1.025370000000000000e+05
2.691120556714307668e+02 4.643466398356275657e-03 -1.524195094674990177e-03 1.015841568186154342e-03 1.022830000000000000e+05
2.712074998348403483e+02 4.682285077728736214e-03 -1.667564995937162887e-03 6.195249142104665386e-04 1.021060000000000000e+05
2.733050116933233653e+02 4.638790517151812100e-03 -1.626734029079132020e-03 4.570522497118006223e-05 1.007340000000000000e+05
2.753977295572417461e+02 4.569776343082869625e-03 -1.738630489523734822e-03 -5.435266856322399070e-04 9.999400000000000000e+04
2.774958294534935703e+02 4.553072133062820333e-03 -1.666533773410203492e-03 -9.956706578928228336e-04 9.936000000000000000e+04
2.795977707949222122e+02 4.468785306209297793e-03 -1.697939228673203075e-03 -1.320272706707885943e-03 9.860800000000000000e+04
2.816862895118986785e+02 4.401774571946630472e-03 -1.674653375209524597e-03 -1.725678879525196835e-03 9.625200000000000000e+04
2.837743515740906446e+02 4.386755328468324583e-03 -1.631798902660971202e-03 -2.186781039939785475e-03 9.640000000000000000e+04
2.858713251310674650e+02 4.363679098931006264e-03 -1.612012388358693852e-03 -2.523740629208208984e-03 9.539800000000000000e+04
2.879670932628575883e+02 4.352257549162311112e-03 -1.450544813381407809e-03 -2.893080549783072497e-03 9.402000000000000000e+04
2.900590582015512382e+02 4.270607301896662232e-03 -1.327353008240891342e-03 -3.240238131026219274e-03 9.316000000000000000e+04
2.921519201901450060e+02 4.308092831420089371e-03 -1.271616140858637407e-03 -3.587842720293413397e-03 9.177600000000000000e+04
2.942485935102203030e+02 4.330009305638778290e-03 -1.168317406333324289e-03 -3.987238131748370613e-03 9.137800000000000000e+04
2.963426645133968691e+02 4.272365083975414486e-03 -1.128923752906924515e-03 -4.181403565877877745e-03 8.949000000000000000e+04
2.984329904966970162e+02 4.183157966371432376e-03 -9.986578523468443800e-04 -4.539806943075831366e-03 8.845000000000000000e+04
3.005290481640043367e+02 4.143072799898350062e-03 -1.038402460531784918e-03 -4.651743843509084479e-03 8.794600000000000000e+04
3.026245947235937592e+02 4.178390126818596999e-03 -9.623494201639446908e-04 -4.987535974758500017e-03 8.575200000000000000e+04
3.047205651109674704e+02 4.140840925026189993e-03 -9.773952388824589960e-04 -5.131872890141419771e-03 8.574400000000000000e+04
3.068167457111920839e+02 4.127651192601164594e-03 -9.160167580727448427e-04 -5.445846192777592347e-03 8.322000000000000000e+04
3.089118625384018060e+02 4.080789429700356491e-03 -8.718143062146650052e-04 -5.575250453565780764e-03 8.302000000000000000e+04
3.110099981664167785e+02 4.011014772569997805e-03 -9.028809269458346531e-04 -5.661883184299311422e-03 8.106400000000000000e+04
3.131040997612852266e+02 4.016613728976881070e-03 -8.537723225996038607e-04 -5.917473643468998054e-03 7.983000000000000000e+04
3.151936712677708670e+02 3.992508346990752618e-03 -8.515861912293118874e-04 -6.057338660135747933e-03 7.823800000000000000e+04
3.172858841403398173e+02 3.993320377405128706e-03 -8.274231135478710662e-04 -6.228432446730949867e-03 7.715400000000000000e+04
3.193772099476266817e+02 3.907378653142536996e-03 -7.630544977102202489e-04 -6.227455564231483380e-03 7.546600000000000000e+04
3.214753775151562536e+02 3.935049656064107913e-03 -6.828218358419761583e-04 -6.543761850940522408e-03 7.480200000000000000e+04
3.235746879206847666e+02 3.913793799737826790e-03 -6.839156443207151633e-04 -6.674937452315047107e-03 7.258000000000000000e+04
3.256647237020029024e+02 3.911068500570990224e-03 -6.016434183715659197e-04 -6.909233335668262151e-03 7.133800000000000000e+04
3.277571324083919535e+02 3.873477551915466190e-03 -6.050617697813867992e-04 -6.956459017487542570e-03 6.964200000000000000e+04
3.298487111637800240e+02 3.809801931928123025e-03 -5.093006754332574668e-04 -7.004472250407659320e-03 6.832600000000000000e+04
3.319433744068021497e+02 3.779611069387633221e-03 -4.683512651880867021e-04 -7.148417702126308275e-03 6.674400000000000000e+04
3.340422322988853239e+02 3.845769713562931583e-03 -4.575938676423540216e-04 -7.319622418009466037e-03 6.533800000000000000e+04
3.361307892565458246e+02 3.789222136727649678e-03 -3.688916720980312978e-04 -7.387485804752865100e-03 6.315600000000000000e+04
3.382251120895489294e+02 3.799066498436560503e-03 -3.508232075160766408e-04 -7.482391153853052389e-03 6.214000000000000000e+04
3.403264013195363304e+02 3.785944028508145352e-03 -3.519515953497972713e-04 -7.612752116077227231e-03 6.051400000000000000e+04
3.424148842577288860e+02 3.759683521529396701e-03 -3.315303594346863522e-04 -7.735385205124583989e-03 5.799000000000000000e+04
3.445099495577244397e+02 3.811694813523733207e-03 -3.092106138993647494e-04 -7.914742520706228787e-03 5.742400000000000000e+04
3.466144105402300397e+02 3.919916821953165105e-03 -2.689165793510586754e-04 -8.232412786821224210e-03 5.518200000000000000e+04
3.487067496858389859e+02 3.941410145381402455e-03 -2.384945191548948926e-04 -8.415756544984156692e-03 5.306800000000000000e+04
3.507912540595516475e+02 3.980996543246877704e-03 -2.478256542390895188e-04 -8.528926805158581342e-03 5.152800000000000000e+04
3.528807167895711814e+02 3.945510348508316986e-03 -1.357861772403432964e-04 -8.878915391680565830e-03 4.954600000000000000e+04
3.549828487415276754e+02 4.010691053292029899e-03 -5.269525662139412718e-05 -9.138195356663901536e-03 4.846600000000000000e+04
3.570768480370360862e+02 3.946935816498488986e-03 -2.201626642939402332e-04 -8.896667696485401067e-03 4.566600000000000000e+04
3.591652111747225717e+02 3.977431726726264258e-03 -2.046559150150220965e-04 -9.020645076760381784e-03 4.423000000000000000e+04
3.612627896178847777e+02 3.965128746822124163e-03 -2.214463813303638585e-04 -9.083152106872978068e-03 4.254000000000000000e+04
3.633645820428338880e+02 3.950467064523587035e-03 -1.622895736135443359e-04 -9.288493856948236427e-03 4.022200000000000000e+04
3.654527365610065885e+02 3.965881711823629648e-03 -1.090332300756977627e-04 -9.483424892540791989e-03 3.842200000000000000e+04
3.675441472124314259e+02 4.063897493140863557e-03 -4.322973993556528542e-06 -1.015666498815866355e-02 3.624600000000000000e+04
3.696396280380744201e+02 4.054571673459962146e-03 -1.302096251354844473e-04 -9.946351464862441052e-03 3.455200000000000000e+04
3.717297223820279441e+02 4.120395809258060524e-03 -6.586580234882959519e-05 -1.046245645755638880e-02 3.213600000000000000e+04
3.738176974939287902e+02 4.277143275891169896e-03 -1.158236292686577219e-04 -1.079773400258066292e-02 3.029200000000000000e+04
3.759110996783247174e+02 4.247959969133750617e-03 -1.410763517885716236e-05 -1.115222128205270447e-02 2.830200000000000000e+04
3.780081394014102898e+02 4.036747581611882171e-03 -1.183875981259990096e-04 -1.078530871982267582e-02 2.605600000000000000e+04
3.801051557582653118e+02 4.100608729565354688e-03 -7.714125550827690217e-05 -1.134019560781232387e-02 2.421100000000000000e+04
3.821955053587425937e+02 4.102639349423959324e-03 -4.986937810739608032e-05 -1.162545205916974168e-02 2.220600000000000000e+04
3.842862749912937943e+02 4.163548714060309568e-03 -1.324671474584291925e-04 -1.191586247563175723e-02 2.088400000000000000e+04
3.863841918340856409e+02 4.101072942755537576e-03 -1.575193070709234651e-04 -1.184168739039661092e-02 1.939200000000000000e+04
3.884771734501698006e+02 4.020386717793327305e-03 -1.136554217450082017e-04 -1.190072516511011744e-02 1.805800000000000000e+04
3.905623371605522607e+02 4.166530819562714455e-03 -4.350709179205178550e-05 -1.262977489631967459e-02 1.674600000000000000e+04
3.926667500119167471e+02 4.162879132712786479e-03 -6.566359963674555592e-05 -1.274092152540715756e-02 1.589800000000000000e+04
3.947778557744774162e+02 4.131823501014451026e-03 2.785623031507334391e-05 -1.295368079324697198e-02 1.457800000000000000e+04
3.968631060462392952e+02 4.317443976360699556e-03 -1.482696614629970429e-05 -1.359790799373085043e-02 1.344300000000000000e+04
3.989413219049817485e+02 4.362077968703601503e-03 -5.930696802778666408e-05 -1.380599596728618490e-02 1.251100000000000000e+04
4.010572258526528344e+02 4.278115936761886680e-03 -5.193255134979035058e-05 -1.366328322459059094e-02 1.191900000000000000e+04
4.031656962107319373e+02 4.373281145103331824e-03 -1.589845253835326668e-04 -1.393212254846817356e-02 1.063900000000000000e+04
4.052249146637423678e+02 4.369767079441792650e-03 -1.201778338142119013e-04 -1.409933744679515120e-02 9.775000000000000000e+03
4.073276634718891387e+02 4.224361263633708875e-03 -1.820439402505569975e-04 -1.363704432631618856e-02 9.423000000000000000e+03
4.094593776408451049e+02 4.314216033354482428e-03 -9.430220143278377561e-05 -1.412625965968561902e-02 8.449000000000000000e+03
4.115405539130957777e+02 4.626974756631578416e-03 -5.493259618036365070e-05 -1.526823000814739664e-02 7.596000000000000000e+03
4.135894252671187132e+02 4.687804621188299860e-03 -9.697342213177415136e-05 -1.549209596970885575e-02 6.931000000000000000e+03
4.156930049049321951e+02 4.638926823515264475e-03 -5.922922319164472961e-05 -1.544969922836757908e-02 6.612000000000000000e+03
4.178272827209258367e+02 4.836130857890553851e-03 3.540671971113958192e-05 -1.627562252751239835e-02 5.899000000000000000e+03
4.199082037741286513e+02 4.761430094607911438e-03 2.262705113618697527e-05 -1.607650561671621070e-02 5.176000000000000000e+03
4.219826095167229028e+02 4.975817141808692827e-03 1.578633776883489893e-05 -1.688305546066993026e-02 4.824000000000000000e+03
4.241028763136273483e+02 5.357847451466461221e-03 6.289077926368510398e-05 -1.834607305287994442e-02 4.312000000000000000e+03
4.262107721966358440e+02 5.791355005827539607e-03 5.112471091821801895e-05 -1.985054012017752056e-02 3.819000000000000000e+03
4.282460731868927724e+02 5.698028493169845186e-03 2.209954892393620904e-05 -1.956059469283811039e-02 3.220000000000000000e+03
4.303287648834323136e+02 5.603252318036175926e-03 -1.977174815093139861e-05 -1.923501173657145291e-02 3.132000000000000000e+03
4.325172248853483552e+02 6.297827502065226832e-03 -3.106357365752793090e-05 -2.167436995894548094e-02 2.680000000000000000e+03
4.346325070601815810e+02 6.276842796390308225e-03 -7.526097533050516960e-05 -2.157681437405560912e-02 2.218000000000000000e+03
4.365567227659553851e+02 5.942465509110273977e-03 -1.047284226245882974e-04 -2.040186774142852683e-02 1.728000000000000000e+03
4.386277159174848634e+02 5.773436912915192940e-03 5.276292268392100976e-06 -2.001827598569819178e-02 1.816000000000000000e+03
4.409019266196692683e+02 5.916058913150891788e-03 -4.980395638809917923e-05 -2.048261601586859673e-02 1.476000000000000000e+03
4.430735479208619836e+02 6.568495433908876427e-03 4.454732918866597622e-05 -2.288546046897362712e-02 1.108000000000000000e+03
4.448761117541747012e+02 6.744110527152906605e-03 1.492879231593076872e-04 -2.361040070229893789e-02 7.560000000000000000e+02
4.469343758523184533e+02 6.616548751945255935e-03 2.205447031227599744e-04 -2.328396914475907090e-02 8.440000000000000000e+02
4.493013102792758104e+02 6.229229644674329734e-03 1.160827310539551692e-04 -2.185390453234719102e-02 6.280000000000000000e+02
4.515989744176221734e+02 7.330744516492940580e-03 4.614348727279406290e-05 -2.566090577362177896e-02 4.050000000000000000e+02
4.533101867737696580e+02 9.506585539084393133e-03 2.660924975875036911e-05 -3.324595961195289662e-02 2.020000000000000000e+02
4.552338387398290820e+02 1.171846813825841438e-02 -7.424424792143121711e-05 -4.089791471801999118e-02 2.280000000000000000e+02
4.576034578613840722e+02 1.449506884847716164e-02 -1.301528155863133798e-04 -5.056178858457009706e-02 1.240000000000000000e+02
4.599517872444100703e+02 1.458105031211608116e-02 8.980080661630332958e-06 -5.102299329997186939e-02 5.200000000000000000e+01
4.619205689144050666e+02 1.177806630749997190e-02 2.307217615748199875e-05 -4.124025234886572605e-02 9.000000000000000000e+00
4.634281054380590490e+02 7.443130107338644975e-03 -3.280986206514786044e-05 -2.601613518418267879e-02 4.000000000000000000e+00
