2.966547074898984615e+00 9.344062082606459096e-01 -1.078865345232250528e-01 2.423474602846498627e+00 1.300000000000000000e+01
5.026374055021858744e+00 2.810634370467421372e-01 -1.927139594267180955e-01 2.350951380949930225e-01 3.300000000000000000e+01
7.149300621522788113e+00 1.758465058767670897e-01 -1.946797209371185222e-01 -7.007093891669327612e-02 7.900000000000000000e+01
9.278869254964254409e+00 1.125543743045775147e-01 -6.733057458917784954e-02 2.277264936487951100e-02 1.170000000000000000e+02
1.145033261934470126e+01 1.048897906185285028e-01 -2.807399743755210203e-02 1.694248644739358711e-02 2.050000000000000000e+02
1.349295587141915043e+01 8.074227214365872762e-02 -1.459655209089544790e-02 -4.096081827001082747e-03 2.350000000000000000e+02
1.558905561191892986e+01 7.737475769395196767e-02 5.266310944386870529e-03 -9.016913017249801945e-03 3.690000000000000000e+02
1.769408367255316961e+01 6.778900388142264366e-02 -8.238333956935859140e-03 -1.343453046092926012e-02 4.330000000000000000e+02
1.981787480313529670e+01 6.559206945463270932e-02 -1.311785652429755611e-03 -2.728526768026887789e-02 5.850000000000000000e+02
2.192074938196263645e+01 5.874448770485107829e-02 -8.597407990873332656e-03 -1.132682207608400396e-02 6.790000000000000000e+02
2.398877635566245203e+01 5.513490269652841780e-02 -4.660756693072494634e-03 -1.217161967673999375e-02 8.130000000000000000e+02
2.609286971896115759e+01 5.077702839919527589e-02 -1.089549211152826547e-03 -1.446240085188880455e-02 9.850000000000000000e+02
2.823466315278179550e+01 4.651673118300508891e-02 -1.239748776312122117e-02 -6.021771717039314624e-03 1.183000000000000000e+03
3.032284873509123102e+01 4.739867907805596359e-02 -5.494519244311931588e-03 -1.790186562811417297e-03 1.269000000000000000e+03
3.240263258943403457e+01 4.653711539621260135e-02 2.764867712435534024e-03 3.841134756517758982e-03 1.537000000000000000e+03
3.449210129864554375e+01 4.485179276973619983e-02 1.982115016114361587e-03 2.835840243458973963e-03 1.653000000000000000e+03
3.658588147515196454e+01 4.046778860905925201e-02 -1.446953012181970556e-04 -6.424579937747336086e-03 1.963000000000000000e+03
3.868476949266977272e+01 3.970679490692539254e-02 -6.860072293231558871e-03 -2.925339614547779743e-03 2.121000000000000000e+03
4.078898888458283523e+01 3.771036710590758290e-02 -7.903797398259519713e-03 -5.847779333870378390e-03 2.413000000000000000e+03
4.289390876967645738e+01 3.669159246725815782e-02 -3.250171060014191583e-03 -6.639318907371919744e-03 2.635000000000000000e+03
4.498336005546935468e+01 3.777088747625100690e-02 -3.420389392772607649e-03 1.809355176843067221e-03 2.877000000000000000e+03
4.706498529473824988e+01 3.612398117092955468e-02 -2.032153680296937791e-03 -3.703389580370624896e-03 3.169000000000000000e+03
4.917111919158227096e+01 3.409481369502896653e-02 -4.710401340418504494e-03 -8.345691162369002492e-03 3.507000000000000000e+03
5.126216914174227668e+01 3.288173600083193343e-02 -5.278631906142320675e-03 -7.904820871489977308e-03 3.685000000000000000e+03
5.335525146837034072e+01 3.092070717035028810e-02 -3.849198619451499933e-03 -2.905755783285147130e-03 4.165000000000000000e+03
5.546637228956934251e+01 3.153178377229386847e-02 1.570263290920745250e-04 -8.787105073886228648e-04 4.377000000000000000e+03
5.757318819254808773e+01 3.027027029496828434e-02 1.533289019304468522e-04 -5.651897422729040702e-04 4.855000000000000000e+03
5.965884044590281121e+01 2.848607486848309112e-02 -2.401247030900186940e-03 2.580283550473252540e-03 4.929000000000000000e+03
6.174512302159506305e+01 2.801406007548103150e-02 -2.595387924790930681e-03 -2.089143824682153198e-03 5.581000000000000000e+03
6.382689291137189969e+01 2.618182896220054914e-02 -1.722980852742573643e-03 -3.533953033513985258e-04 5.679000000000000000e+03
6.592966228838450604e+01 2.634637696405803253e-02 -1.254943822716093286e-03 -9.337361796807754728e-04 6.385000000000000000e+03
6.803125784825746791e+01 2.530563450589993005e-02 -1.827520346670058558e-03 -8.590499507702293322e-04 6.553000000000000000e+03
7.013131008699485847e+01 2.433198272245192320e-02 -9.528150845276744420e-04 -1.959176078759671880e-04 7.125000000000000000e+03
7.223032366074338029e+01 2.233423313105099839e-02 -2.868019435312556698e-03 8.879194146454017482e-06 7.447000000000000000e+03
7.432334270720505742e+01 2.230017929201001670e-02 -1.901097104950837764e-03 1.286974532490161097e-04 7.929000000000000000e+03
7.642066756954473306e+01 2.149809214025863446e-02 -7.342871488062972796e-04 8.261133858085113963e-04 8.353000000000000000e+03
7.850471694556040347e+01 1.961458346414418283e-02 -1.620401685107308171e-03 3.794825782700093041e-03 8.775000000000000000e+03
8.059701946059529121e+01 1.911704054710687203e-02 -2.926385046833861105e-03 1.085689714968188094e-03 9.313000000000000000e+03
8.269521798132063850e+01 1.885303745491674274e-02 -2.081195252778150935e-03 -2.003060540677762194e-03 9.841000000000000000e+03
8.478307522909847194e+01 1.852267982765731791e-02 -8.713635721426594202e-04 1.417944607550593956e-04 1.019100000000000000e+04
8.687780839616016237e+01 1.795351841178407376e-02 3.867832487764864580e-05 1.606953511273818361e-03 1.089700000000000000e+04
8.897524569656535220e+01 1.775218441103701070e-02 1.146015519668834018e-03 -5.547017379207927490e-05 1.130100000000000000e+04
9.108077810470518898e+01 1.690782531891951365e-02 6.808380163249163697e-04 -1.835167784656017368e-04 1.202500000000000000e+04
9.318432266948052245e+01 1.616358032603976494e-02 -6.426005169554199932e-04 -1.653419072846911168e-03 1.242300000000000000e+04
9.527887641048309320e+01 1.527720213831603585e-02 -1.459577329613972931e-03 -2.466473927585325233e-03 1.302100000000000000e+04
9.736254237981037818e+01 1.462391732252050700e-02 -7.451181161256243248e-04 -1.964127354193509565e-03 1.340500000000000000e+04
9.944832814799407572e+01 1.416027670063481000e-02 5.198457146902891622e-04 4.578659786219045765e-05 1.424700000000000000e+04
1.015460879802399035e+02 1.374822979348615422e-02 1.512307204146626314e-03 3.114583085517700430e-04 1.471300000000000000e+04
1.036426375667732316e+02 1.348028290472440098e-02 1.328018933986224335e-03 -4.230817002895925468e-04 1.548900000000000000e+04
1.057389390539465950e+02 1.320109122730412504e-02 1.487239338591766612e-03 -7.857593088979865316e-04 1.591300000000000000e+04
1.078395855981474227e+02 1.257866439368069550e-02 1.174212733854090992e-03 -1.058687857844757031e-03 1.687900000000000000e+04
1.099389405850131709e+02 1.201863070140688113e-02 6.149121004190085142e-04 -9.766067399768396575e-04 1.719300000000000000e+04
1.120392143152385387e+02 1.203497257897142257e-02 5.894778338463244885e-04 -1.816557455719015803e-03 1.815700000000000000e+04
1.141233458569757744e+02 1.148219742725503818e-02 6.462582441234672416e-04 -7.107558329514637513e-04 1.833900000000000000e+04
1.162159397555423084e+02 1.084650971601130477e-02 1.487035921305107124e-03 5.411766967150973684e-05 1.957300000000000000e+04
1.183137204803772420e+02 1.087629672878087650e-02 1.364214656576202573e-03 2.639376621425876170e-04 1.994100000000000000e+04
1.203972311807013256e+02 1.039897466230567738e-02 1.343113107026595214e-03 5.632923626867986306e-04 2.062900000000000000e+04
1.224922363187857286e+02 1.006239762842698823e-02 4.866047053576101210e-04 -3.244250624573191406e-04 2.165500000000000000e+04
1.245882598425863534e+02 9.635041408414450267e-03 -2.621328610075830375e-04 -3.875294920380356503e-04 2.211300000000000000e+04
1.266884677158377315e+02 9.288990103921328581e-03 3.352250830293395647e-04 -9.220368599964512153e-04 2.318500000000000000e+04
1.287846620419940962e+02 9.217062213834037107e-03 6.453723081477389203e-05 -1.613624066336932610e-04 2.366700000000000000e+04
1.308713393788149801e+02 8.996459892282687026e-03 2.977292666081903265e-04 -2.228580260776003789e-04 2.438500000000000000e+04
1.329754833440644575e+02 8.572692548335857435e-03 6.349409092529956656e-04 -2.131017821815489599e-04 2.574900000000000000e+04
1.350691081525609434e+02 8.141802885902698489e-03 4.854228930308971172e-04 -1.500699910624060402e-04 2.567500000000000000e+04
1.371638825856825576e+02 7.855113623467288586e-03 2.153571964105063536e-04 -4.587801759927954731e-04 2.740900000000000000e+04
1.392604757372163533e+02 7.575746281319670206e-03 3.292668105861369914e-04 -4.825252455185666104e-04 2.740500000000000000e+04
1.413466882908376760e+02 7.424073790555296357e-03 1.931552789378865450e-04 -6.189219243087945750e-04 2.871700000000000000e+04
1.434475230090064031e+02 7.198568842414231929e-03 4.914833567604629926e-04 -5.475485374682740117e-04 2.959500000000000000e+04
1.455452853418541679e+02 6.956527654619445132e-03 5.785381396669394410e-04 -6.905643038596137508e-04 3.030100000000000000e+04
1.476332061073587738e+02 6.751300040609970257e-03 3.098626473977330741e-04 -6.460030507749189117e-04 3.110100000000000000e+04
1.497211472843286231e+02 6.592981035943501142e-03 2.009870008342987135e-04 -8.520907071373991009e-04 3.202300000000000000e+04
1.518138048751577287e+02 6.408875528330766798e-03 -5.569938771141350780e-05 -8.112523014175497104e-04 3.297700000000000000e+04
1.539211490100352648e+02 6.279254600762495912e-03 -5.440237161568746665e-05 -8.767485651206600138e-04 3.444900000000000000e+04
1.560214747341236716e+02 6.147845510224911672e-03 9.116062121270890599e-05 -4.593751486599696818e-04 3.454900000000000000e+04
1.581161747588121784e+02 6.096180485364628351e-03 2.253514458614222363e-04 -1.010865487910904284e-03 3.611100000000000000e+04
1.602118712271799836e+02 5.925048119368931006e-03 9.887846952729906409e-05 -7.218269429032503348e-04 3.654100000000000000e+04
1.623006419462898862e+02 5.875128147660544677e-03 1.433932015367963262e-04 -9.021036978688291505e-04 3.771700000000000000e+04
1.643899033199985240e+02 5.668545692131782970e-03 1.652368767340353076e-04 -1.238391238062012305e-03 3.861900000000000000e+04
1.664835582381511756e+02 5.621775067788540269e-03 -6.436922994315618372e-05 -9.516282138576821498e-04 3.966100000000000000e+04
1.685719683778473552e+02 5.382655355287870383e-03 -2.319128085280853016e-04 -8.327859139736311020e-04 4.054500000000000000e+04
1.706641332089364766e+02 5.278999865590117309e-03 -1.830122348114733815e-05 -1.052764753752092513e-03 4.181500000000000000e+04
1.727708699256135390e+02 5.221268721335175014e-03 4.540509380008476130e-05 -1.068299786623158306e-03 4.312500000000000000e+04
1.748696546009699659e+02 5.172130671635622595e-03 1.768154211056754293e-04 -1.014940257239429610e-03 4.368100000000000000e+04
1.769585769494445344e+02 4.956345768694750235e-03 1.440888603619129051e-04 -9.836227236742034301e-04 4.462900000000000000e+04
1.790524509315575301e+02 4.751360922342118091e-03 -6.592938306840648874e-05 -8.480012771716778901e-04 4.622700000000000000e+04
1.811526521261263554e+02 4.663947431749236074e-03 -1.513339062259248639e-04 -9.297983512054496143e-04 4.690900000000000000e+04
1.832476884130738881e+02 4.501544917279991231e-03 -6.523606210042730920e-05 -7.601971887028209467e-04 4.823700000000000000e+04
1.853312475833926101e+02 4.436365963617573162e-03 -1.364052507459678320e-04 -7.184012728618579136e-04 4.858300000000000000e+04
1.874284892203218931e+02 4.373032175082685116e-03 1.066455395904858993e-05 -6.657842031001469374e-04 5.099700000000000000e+04
1.895337179075755216e+02 4.297490832087622926e-03 5.114895324846584527e-05 -7.582507781559166826e-04 5.139700000000000000e+04
1.916268196474026126e+02 4.208088431137381458e-03 2.080533941862656481e-05 -8.371617856341009639e-04 5.248900000000000000e+04
1.937183403446852878e+02 4.128897807484752103e-03 8.766362468983813789e-05 -8.239173135883255195e-04 5.378700000000000000e+04
1.958131498886989164e+02 4.073829567944006226e-03 3.098245925720067158e-05 -7.833551920062907601e-04 5.491300000000000000e+04
1.979058740098966211e+02 3.929964611917332110e-03 -7.768436761741668857e-05 -7.605677071315056648e-04 5.597700000000000000e+04
1.999990651597893816e+02 3.894534634799152323e-03 -2.544983705825401609e-05 -6.900583713876117572e-04 5.741500000000000000e+04
2.020893038374759101e+02 3.850815176231012476e-03 1.489846824119821559e-04 -6.913745448900263536e-04 5.810500000000000000e+04
2.041823192148177952e+02 3.822688919155971688e-03 2.292197541405344326e-04 -6.755880680685747266e-04 6.003300000000000000e+04
2.062825911013838152e+02 3.667010493815472949e-03 1.912190556450532489e-04 -6.034091226552759733e-04 6.094900000000000000e+04
2.083770189145966185e+02 3.617753842340466937e-03 8.466750687950373689e-05 -7.194547639674369601e-04 6.223500000000000000e+04
2.104675816794403431e+02 3.533238005228340074e-03 1.916820483086459074e-05 -8.225516198765893275e-04 6.322900000000000000e+04
2.125667854244018145e+02 3.495353303928228159e-03 -5.127744293940596904e-05 -7.575219753700374904e-04 6.513300000000000000e+04
2.146619261104851830e+02 3.371655203742230864e-03 2.102795869715690574e-05 -6.634401149824572077e-04 6.570700000000000000e+04
2.167561805722037036e+02 3.319912601691558940e-03 1.821640917463107704e-05 -7.393563385201661498e-04 6.756100000000000000e+04
2.188528705899679210e+02 3.237624263606614546e-03 -9.026198960355900577e-05 -6.863636051425909320e-04 6.850500000000000000e+04
2.209456427453084473e+02 3.151199348723354807e-03 -6.329697546736428497e-05 -4.583641681220762152e-04 6.994300000000000000e+04
2.230395148320731096e+02 3.111009077987756961e-03 -1.087449394594561253e-04 -5.451317373459205629e-04 7.109700000000000000e+04
2.251356732858534997e+02 3.064601621269677761e-03 -1.573505580029606267e-04 -5.372288060569584307e-04 7.302100000000000000e+04
2.272278504864401327e+02 2.977631376945520485e-03 -1.755190552733539391e-04 -4.510959896476156913e-04 7.331700000000000000e+04
2.293197511287232544e+02 2.929191299564478518e-03 -1.682890033907257572e-04 -5.407009828676018377e-04 7.579900000000000000e+04
2.314114772346510165e+02 2.871183022956376191e-03 -1.971143384001554962e-04 -5.220032505654632849e-04 7.602100000000000000e+04
2.335058467478245632e+02 2.830951981105159741e-03 -3.091574434230765314e-04 -4.692859482653896630e-04 7.875300000000000000e+04
2.356041652202905539e+02 2.760275826258093597e-03 -2.790828842562186442e-04 -5.086301965100086106e-04 7.929100000000000000e+04
2.377006336558306998e+02 2.759005327584477477e-03 -2.728113505911618697e-04 -4.336445690642906550e-04 8.112900000000000000e+04
2.397972750390475198e+02 2.685853976247945529e-03 -2.576636978265876821e-04 -3.046426310468234536e-04 8.244100000000000000e+04
2.418944602532704096e+02 2.604428473226654689e-03 -2.894174869973864116e-04 -2.271224913176236415e-04 8.394900000000000000e+04
2.439884227569783093e+02 2.532774998675714397e-03 -2.659457321620980553e-04 -2.508418754279654900e-04 8.512300000000000000e+04
2.460835996828307373e+02 2.513403301508163913e-03 -3.517706538799483980e-04 -2.395494867555588532e-04 8.692900000000000000e+04
2.481755280705312146e+02 2.466418314918865460e-03 -3.026017333276865510e-04 -2.507112018506851793e-04 8.778900000000000000e+04
2.502623700647570217e+02 2.449611867956794954e-03 -3.745723004237669633e-04 -2.200175536503763359e-04 8.962300000000000000e+04
2.523586155105348325e+02 2.396125330474996578e-03 -3.543624374398615076e-04 -2.027438517632037173e-04 9.134100000000000000e+04
2.544547077866985489e+02 2.356599184386991373e-03 -3.454560913265718549e-04 -1.876498217962391506e-04 9.284500000000000000e+04
2.565487653287422063e+02 2.321460118855788509e-03 -3.432409720141222135e-04 -1.069586881719601602e-04 9.408700000000000000e+04
2.586464955058470991e+02 2.323281783457966428e-03 -4.277710788733828898e-04 -2.219417441949570030e-05 9.633300000000000000e+04
2.607443047329861656e+02 2.248846204667360408e-03 -3.765378952729064583e-04 1.096357741754011166e-04 9.724900000000000000e+04
2.628438312173413465e+02 2.238038778024573940e-03 -3.617155602769509481e-04 2.041189369240086859e-04 9.950100000000000000e+04
2.649298855659840228e+02 2.234624595672933447e-03 -3.577707408326953587e-04 2.428858705003827988e-04 9.928300000000000000e+04
2.670163698864117805e+02 2.198712605862186611e-03 -4.580588716045967223e-04 3.279781027172862652e-04 1.025370000000000000e+05
2.691120556714307668e+02 2.172942500478465717e-03 -4.601456035525504601e-04 2.670486170374345293e-04 1.022830000000000000e+05
2.712074998348403483e+02 2.173571166337168875e-03 -3.560223368438527247e-04 -7.433178189142156664e-05 1.021060000000000000e+05
2.733050116933233653e+02 2.142708290956388869e-03 -2.952304634908939438e-04 -3.566563741910906650e-04 1.007340000000000000e+05
2.753977295572417461e+02 2.108722150647195613e-03 -2.842524306818234041e-04 -5.612337203922090597e-04 9.999400000000000000e+04
2.774958294534935703e+02 2.084283482123602468e-03 -2.867931327350665125e-04 -6.360077981621195791e-04 9.936000000000000000e+04
2.795977707949222122e+02 2.036078614765214623e-03 -2.861933783026210701e-04 -9.089235256411291050e-04 9.860800000000000000e+04
2.816862895118986785e+02 2.008233821054303432e-03 -2.626646557802392117e-04 -1.018677636616090306e-03 9.625200000000000000e+04
2.837743515740906446e+02 1.955394616516740926e-03 -1.939101823114234365e-04 -1.164965717446972719e-03 9.640000000000000000e+04
2.858713251310674650e+02 1.941388856166918883e-03 -2.088520023354827580e-04 -1.277722089110766091e-03 9.539800000000000000e+04
2.879670932628575883e+02 1.926270126977699948e-03 -1.606569503425699260e-04 -1.450090482078973328e-03 9.402000000000000000e+04
2.900590582015512382e+02 1.911695776235150090e-03 -1.278635152467169070e-04 -1.609880150256742760e-03 9.316000000000000000e+04
2.921519201901450060e+02 1.904202187849765495e-03 -1.234702624968997951e-04 -1.795903036013847673e-03 9.177600000000000000e+04
2.942485935102203030e+02 1.872312422488295975e-03 -1.429272116033092788e-04 -1.902500454860908382e-03 9.137800000000000000e+04
2.963426645133968691e+02 1.840476062436512085e-03 -1.624587136546658890e-04 -1.973037588769342709e-03 8.949000000000000000e+04
2.984329904966970162e+02 1.818202950474143501e-03 -1.402538063665276821e-04 -2.105637124414063300e-03 8.845000000000000000e+04
3.005290481640043367e+02 1.808031591411786605e-03 -1.014102098219270650e-04 -2.267528543744585373e-03 8.794600000000000000e+04
3.026245947235937592e+02 1.797993166894797362e-03 -1.135606887805223404e-04 -2.326897381341084224e-03 8.575200000000000000e+04
3.047205651109674704e+02 1.772380041699219864e-03 -6.171956009915299411e-05 -2.342390941576451540e-03 8.574400000000000000e+04
3.068167457111920839e+02 1.729075844117353980e-03 -5.692792572405842302e-05 -2.414621547786816817e-03 8.322000000000000000e+04
3.089118625384018060e+02 1.698153450124020077e-03 -5.471007299929231009e-05 -2.418466420130143974e-03 8.302000000000000000e+04
3.110099981664167785e+02 1.703418735099131035e-03 -3.904313102512324497e-05 -2.545829316489897545e-03 8.106400000000000000e+04
3.131040997612852266e+02 1.694109572391835168e-03 -3.493099593555348858e-05 -2.690393751723026399e-03 7.983000000000000000e+04
3.151936712677708670e+02 1.688155788856199324e-03 -2.460596791357369832e-05 -2.761350800538161024e-03 7.823800000000000000e+04
3.172858841403398173e+02 1.686003170516636772e-03 8.734867939445796681e-06 -2.839190621421936161e-03 7.715400000000000000e+04
3.193772099476266817e+02 1.684028597407188996e-03 1.413558742184431887e-05 -2.950764234148479503e-03 7.546600000000000000e+04
3.214753775151562536e+02 1.672272972540520593e-03 2.696638737470998895e-05 -3.015959562132018799e-03 7.480200000000000000e+04
3.235746879206847666e+02 1.644067717000179856e-03 -2.123177860827731272e-05 -2.983029315254045414e-03 7.258000000000000000e+04
3.256647237020029024e+02 1.639994234949770447e-03 -5.417796771161265872e-05 -3.006421229433389828e-03 7.133800000000000000e+04
3.277571324083919535e+02 1.624219997368038515e-03 -2.710458554072956401e-05 -3.114048963362412315e-03 6.964200000000000000e+04
3.298487111637800240e+02 1.621642802094480640e-03 7.143118655823680109e-06 -3.200649393965384476e-03 6.832600000000000000e+04
3.319433744068021497e+02 1.607374428463508986e-03 -1.483434394354764603e-05 -3.154217803616762936e-03 6.674400000000000000e+04
3.340422322988853239e+02 1.585448890720637591e-03 1.595161768514343102e-05 -3.191426727114749298e-03 6.533800000000000000e+04
3.361307892565458246e+02 1.602086342151231571e-03 3.885560253623634525e-05 -3.315791727318234076e-03 6.315600000000000000e+04
3.382251120895489294e+02 1.597651510566717222e-03 3.138801589330939229e-05 -3.355973742789774943e-03 6.214000000000000000e+04
3.403264013195363304e+02 1.588273138843447445e-03 5.180010956615254975e-05 -3.371997998506171251e-03 6.051400000000000000e+04
3.424148842577288860e+02 1.620129224977479672e-03 5.180319419919766238e-05 -3.489110299204051420e-03 5.799000000000000000e+04
3.445099495577244397e+02 1.603583463793157964e-03 5.366540650405533352e-05 -3.511888860603102139e-03 5.742400000000000000e+04
3.466144105402300397e+02 1.605195610817120640e-03 6.620104882571389696e-05 -3.593024782875949615e-03 5.518200000000000000e+04
3.487067496858389859e+02 1.607562630221530441e-03 3.376645334468359236e-05 -3.589796850848423967e-03 5.306800000000000000e+04
3.507912540595516475e+02 1.578281612493231869e-03 6.618979113838604383e-05 -3.633962851271089339e-03 5.152800000000000000e+04
3.528807167895711814e+02 1.574891421021362009e-03 4.851540917588184902e-05 -3.630898299938157235e-03 4.954600000000000000e+04
3.549828487415276754e+02 1.581834861703174805e-03 6.458629587150483526e-05 -3.709111688933685452e-03 4.846600000000000000e+04
3.570768480370360862e+02 1.615456252823834924e-03 1.026718137383663424e-04 -3.915466211750019687e-03 4.566600000000000000e+04
3.591652111747225717e+02 1.639831986257257301e-03 1.023535913513529366e-04 -4.027718905991207847e-03 4.423000000000000000e+04
3.612627896178847777e+02 1.625713005230830076e-03 9.144756104218793459e-05 -4.031173582859131493e-03 4.254000000000000000e+04
3.633645820428338880e+02 1.656317131159530101e-03 6.773079555331097614e-05 -4.125784029040177776e-03 4.022200000000000000e+04
3.654527365610065885e+02 1.644525535991939614e-03 6.333259995684910326e-05 -4.111981747814465529e-03 3.842200000000000000e+04
3.675441472124314259e+02 1.661689405441770916e-03 3.758062861097267846e-05 -4.202125364892369923e-03 3.624600000000000000e+04
3.696396280380744201e+02 1.667394519859049466e-03 3.519552128919550962e-05 -4.235137333157853665e-03 3.455200000000000000e+04
3.717297223820279441e+02 1.630889510327326137e-03 2.339917497318521656e-05 -4.194331938914996026e-03 3.213600000000000000e+04
3.738176974939287902e+02 1.675759681382317946e-03 6.745599199103438398e-05 -4.459296698374064054e-03 3.029200000000000000e+04
3.759110996783247174e+02 1.726283300164278096e-03 1.275662607075157612e-04 -4.765912470432541632e-03 2.830200000000000000e+04
3.780081394014102898e+02 1.751636078251780915e-03 1.374489863010651012e-04 -4.976614376914036304e-03 2.605600000000000000e+04
3.801051557582653118e+02 1.697809853156492061e-03 8.286000191696390495e-05 -4.875542532579802378e-03 2.421100000000000000e+04
3.821955053587425937e+02 1.674224375906029376e-03 6.112934035751455550e-05 -4.913050722010190753e-03 2.220600000000000000e+04
3.842862749912937943e+02 1.669469126428092852e-03 5.249966601599012042e-05 -4.991573574385670987e-03 2.088400000000000000e+04
3.863841918340856409e+02 1.649742107854503806e-03 2.884256759159123287e-05 -4.948106584608687707e-03 1.939200000000000000e+04
3.884771734501698006e+02 1.666986181878184247e-03 1.573601808613174364e-05 -5.050820475173085911e-03 1.805800000000000000e+04
3.905623371605522607e+02 1.671673070214551660e-03 2.072168604086779153e-05 -5.126794249045946682e-03 1.674600000000000000e+04
3.926667500119167471e+02 1.661167747396384217e-03 1.669305336818502813e-05 -5.157932190456859974e-03 1.589800000000000000e+04
3.947778557744774162e+02 1.653777398210979754e-03 3.913211718416318829e-05 -5.208846421795898171e-03 1.457800000000000000e+04
3.968631060462392952e+02 1.712794766814452335e-03 3.978618309409645863e-05 -5.471241351491537216e-03 1.344300000000000000e+04
3.989413219049817485e+02 1.760352574414035835e-03 1.429457432083238131e-05 -5.638997160272701120e-03 1.251100000000000000e+04
4.010572258526528344e+02 1.732672237052168248e-03 -1.210734885454180937e-05 -5.554923119720195368e-03 1.191900000000000000e+04
4.031656962107319373e+02 1.801412915964877796e-03 4.662244488151540585e-06 -5.823023509524924077e-03 1.063900000000000000e+04
4.052249146637423678e+02 1.880689042515779367e-03 -8.309640356867298516e-06 -6.109707146741494635e-03 9.775000000000000000e+03
4.073276634718891387e+02 1.887495970000098357e-03 -1.898362613108878075e-05 -6.158616239459176883e-03 9.423000000000000000e+03
4.094593776408451049e+02 1.817485441555376441e-03 2.704969609884275522e-07 -5.985098950880281092e-03 8.449000000000000000e+03
4.115405539130957777e+02 1.838162173206963484e-03 -6.209803949397080639e-06 -6.085376308694575090e-03 7.596000000000000000e+03
4.135894252671187132e+02 1.829471592451764779e-03 -1.166563761327207601e-05 -6.081669935715336428e-03 6.931000000000000000e+03
4.156930049049321951e+02 1.863966379862627351e-03 -1.250440591518857626e-05 -6.250719733474901542e-03 6.612000000000000000e+03
4.178272827209258367e+02 1.843810368648643927e-03 1.916466471017336622e-05 -6.228553421483503001e-03 5.899000000000000000e+03
4.199082037741286513e+02 1.994315889266189308e-03 -9.404581965528933044e-08 -6.742219189819950373e-03 5.176000000000000000e+03
4.219826095167229028e+02 2.184443258109273860e-03 -2.814476653602608017e-05 -7.378191216229108493e-03 4.824000000000000000e+03
4.241028763136273483e+02 2.268718451529192805e-03 2.136217813034635969e-05 -7.766042781275628304e-03 4.312000000000000000e+03
4.262107721966358440e+02 2.150177972210432897e-03 -3.630576445736330925e-05 -7.299775128626366169e-03 3.819000000000000000e+03
4.282460731868927724e+02 2.263178096008968809e-03 -4.157890158358667836e-05 -7.703612516290495905e-03 3.220000000000000000e+03
4.303287648834323136e+02 2.304283666630793821e-03 2.760617892707575478e-05 -7.952826552112815181e-03 3.132000000000000000e+03
4.325172248853483552e+02 2.217647379314064641e-03 2.004782092547723036e-05 -7.671284959727010105e-03 2.680000000000000000e+03
4.346325070601815810e+02 2.164035797621229398e-03 -8.551328706980937343e-06 -7.469960172950152778e-03 2.218000000000000000e+03
4.365567227659553851e+02 2.402715523043510992e-03 -2.175094855420056907e-05 -8.274972029486559258e-03 1.728000000000000000e+03
4.386277159174848634e+02 2.684822792224726262e-03 3.731549053484634873e-05 -9.350937992602456963e-03 1.816000000000000000e+03
4.409019266196692683e+02 2.936532906749532174e-03 9.893522095183023083e-06 -1.021569530253703395e-02 1.476000000000000000e+03
4.430735479208619836e+02 3.289951489837089887e-03 -3.713664349873717059e-05 -1.140068777343149556e-02 1.108000000000000000e+03
4.448761117541747012e+02 3.268999385973276207e-03 7.150655439069341320e-06 -1.136836409373830764e-02 7.560000000000000000e+02
4.469343758523184533e+02 2.910918525077996893e-03 -2.184450864519535602e-05 -1.012387998072216203e-02 8.440000000000000000e+02
4.493013102792758104e+02 2.980548930551553313e-03 -3.618878423493938499e-05 -1.036098178720020087e-02 6.280000000000000000e+02
4.515989744176221734e+02 2.991675319730841259e-03 -4.714238554624609629e-05 -1.040172220695336977e-02 4.050000000000000000e+02
4.533101867737696580e+02 3.093471900795583505e-03 -3.174317087036934449e-05 -1.077498174229158008e-02 2.020000000000000000e+02
4.552338387398290820e+02 3.021416282628885432e-03 -1.620921307155815601e-05 -1.054635051242714359e-02 2.280000000000000000e+02
4.576034578613840722e+02 2.542950321962579845e-03 1.407318682080442999e-06 -8.896322750270696175e-03 1.240000000000000000e+02
4.599517872444100703e+02 2.985666560870362841e-03 -1.999380888673625136e-05 -1.042781686861166297e-02 5.200000000000000000e+01
4.619205689144050666e+02 1.970923870395455222e-03 -4.724780415968275570e-05 -6.849408315257905257e-03 9.000000000000000000e+00
4.634281054380590490e+02 1.311869063634634250e-03 2.497327839288257848e-05 -4.616246176078028958e-03 4.000000000000000000e+00
