2.966547074898984615e+00 1.150065841850303139e+00 -2.947372956105133168e-01 2.497186805873770954e+00 1.300000000000000000e+01
5.026374055021858744e+00 4.627121703935623831e-01 1.339421990329638101e-01 5.423605852705174479e-01 3.300000000000000000e+01
7.149300621522788113e+00 2.283275225260649466e-01 7.900163696456860563e-02 1.566051733007498836e-01 7.900000000000000000e+01
9.278869254964254409e+00 1.772378574500357296e-01 -7.827253569203603684e-03 1.238172897504835335e-01 1.170000000000000000e+02
1.145033261934470126e+01 1.285252051543550045e-01 -4.419123541086607439e-03 3.488547243089918509e-02 2.050000000000000000e+02
1.349295587141915043e+01 9.252852330864687336e-02 -1.381153068832039442e-03 2.194652846183048345e-02 2.350000000000000000e+02
1.558905561191892986e+01 7.174671489828511606e-02 1.484416455190673036e-03 -5.868929509476305921e-03 3.690000000000000000e+02
1.769408367255316961e+01 6.264696393602602054e-02 -2.896877856366181486e-03 6.299042186100528356e-04 4.330000000000000000e+02
1.981787480313529670e+01 5.277079128602732427e-02 -1.810576508659482095e-03 -1.021321798044466829e-02 5.850000000000000000e+02
2.192074938196263645e+01 4.277995877890786169e-02 6.037854684725952638e-03 -6.511961668900279054e-03 6.790000000000000000e+02
2.398877635566245203e+01 3.689912115293857153e-02 4.125162450290538289e-03 -7.279897335284893183e-03 8.130000000000000000e+02
2.609286971896115759e+01 3.221303406452729473e-02 4.962913600111267540e-04 -1.968978624356999829e-03 9.850000000000000000e+02
2.823466315278179550e+01 2.750195200325958669e-02 1.265698806755847236e-03 3.246199978670577697e-03 1.183000000000000000e+03
3.032284873509123102e+01 2.340559589122524417e-02 2.099179445612028242e-03 -4.985466974082218778e-04 1.269000000000000000e+03
3.240263258943403457e+01 2.013014599599407747e-02 1.973880062670546609e-03 -2.821742063147995860e-03 1.537000000000000000e+03
3.449210129864554375e+01 1.831853660735114145e-02 1.159033318207921236e-03 -1.649561179857822772e-03 1.653000000000000000e+03
3.658588147515196454e+01 1.629372074657983033e-02 1.572873225031972463e-03 -2.254556418903519086e-03 1.963000000000000000e+03
3.868476949266977272e+01 1.440481376137210320e-02 1.539652523078926171e-03 -2.674178967257486491e-03 2.121000000000000000e+03
4.078898888458283523e+01 1.283338869702629198e-02 1.134900227312610243e-03 -1.914565568331073409e-03 2.413000000000000000e+03
4.289390876967645738e+01 1.201090083002491829e-02 5.572468167147682540e-04 -1.034617239195986631e-03 2.635000000000000000e+03
4.498336005546935468e+01 1.093550348444899747e-02 7.080942314587276593e-04 9.758294352704208327e-04 2.877000000000000000e+03
4.706498529473824988e+01 9.510559716232774505e-03 3.631669938951339986e-04 9.235272536858156499e-05 3.169000000000000000e+03
4.917111919158227096e+01 8.683236619019667549e-03 7.325314550502966216e-04 -3.762749908000445577e-04 3.507000000000000000e+03
5.126216914174227668e+01 8.067269939666863593e-03 3.269327954717878796e-04 -1.972442943828251751e-04 3.685000000000000000e+03
5.335525146837034072e+01 7.624747372775965773e-03 1.601177366612199923e-04 2.549114158653379065e-04 4.165000000000000000e+03
5.546637228956934251e+01 7.018010458985332253e-03 4.630654302501787723e-04 -3.653630435235907423e-05 4.377000000000000000e+03
5.757318819254808773e+01 6.521225282189811734e-03 1.091948468766403653e-03 -7.130539580538119071e-04 4.855000000000000000e+03
5.965884044590281121e+01 6.009081183840047670e-03 8.791858767743749919e-04 -1.266153442580498622e-04 4.929000000000000000e+03
6.174512302159506305e+01 5.682792794471026171e-03 6.521849398347165502e-04 -1.132060994609366824e-05 5.581000000000000000e+03
6.382689291137189969e+01 5.239345387952501140e-03 6.524122452980564988e-04 3.389515510368196227e-04 5.679000000000000000e+03
6.592966228838450604e+01 4.686813775645643811e-03 7.735809824803181875e-04 2.154750417838815504e-04 6.385000000000000000e+03
6.803125784825746791e+01 4.229639571465575697e-03 8.905556505810603924e-04 3.642937694290646414e-04 6.553000000000000000e+03
7.013131008699485847e+01 3.996063472010619178e-03 7.623766801469830526e-04 2.815956023322228798e-04 7.125000000000000000e+03
7.223032366074338029e+01 3.730976591966589893e-03 7.823172070432274361e-04 4.429685357760345321e-05 7.447000000000000000e+03
7.432334270720505742e+01 3.481558852540515663e-03 7.619512401602730398e-04 4.650291848445285817e-05 7.929000000000000000e+03
7.642066756954473306e+01 3.321522383009777035e-03 6.682362040103800990e-04 3.113165621047086709e-05 8.353000000000000000e+03
7.850471694556040347e+01 3.158877623666799667e-03 6.388635574246134515e-04 1.860596610810025231e-04 8.775000000000000000e+03
8.059701946059529121e+01 2.894807226777051674e-03 5.696361465072789570e-04 2.256677805647464442e-04 9.313000000000000000e+03
8.269521798132063850e+01 2.665829675388726484e-03 5.822958538479470255e-04 2.090925740824686795e-04 9.841000000000000000e+03
8.478307522909847194e+01 2.563021718195423234e-03 5.248418406606301500e-04 3.292692015906269307e-04 1.019100000000000000e+04
8.687780839616016237e+01 2.413256893259309744e-03 3.879314801778749430e-04 3.513540549492756636e-04 1.089700000000000000e+04
8.897524569656535220e+01 2.304700531390966190e-03 2.266502457748503481e-04 4.138841629003016430e-04 1.130100000000000000e+04
9.108077810470518898e+01 2.218577295867087996e-03 2.264969068213420241e-04 3.825364834560806139e-04 1.202500000000000000e+04
9.318432266948052245e+01 2.112840132906758459e-03 1.850672578732421507e-04 3.330451444108516786e-04 1.242300000000000000e+04
9.527887641048309320e+01 1.985136446502644078e-03 1.569822742763287901e-04 2.986466192877917426e-04 1.302100000000000000e+04
9.736254237981037818e+01 1.859562455290183092e-03 1.974188931945129125e-04 2.307274817321956534e-04 1.340500000000000000e+04
9.944832814799407572e+01 1.770123572389066665e-03 1.627385023068944831e-04 2.892690251179601052e-04 1.424700000000000000e+04
1.015460879802399035e+02 1.695347080168170539e-03 8.123583775595586537e-05 3.592355289199242012e-04 1.471300000000000000e+04
1.036426375667732316e+02 1.658132674682031476e-03 -2.487037267516658938e-05 4.290526915876649821e-04 1.548900000000000000e+04
1.057389390539465950e+02 1.561757510182802461e-03 3.052609137487139287e-05 4.030398979099375934e-04 1.591300000000000000e+04
1.078395855981474227e+02 1.482851381346827037e-03 7.358537938220190405e-05 2.834004090974695002e-04 1.687900000000000000e+04
1.099389405850131709e+02 1.404873730086804006e-03 1.013200773017929903e-04 2.288826787335004149e-04 1.719300000000000000e+04
1.120392143152385387e+02 1.354223441802350448e-03 1.298850456694043958e-04 1.168959424337461260e-04 1.815700000000000000e+04
1.141233458569757744e+02 1.292512535828122758e-03 1.506132121789079505e-04 1.630832564217074728e-04 1.833900000000000000e+04
1.162159397555423084e+02 1.233905021152265687e-03 1.362608563376758997e-04 2.135794473314798917e-04 1.957300000000000000e+04
1.183137204803772420e+02 1.193314240376637438e-03 1.339134731453287333e-04 2.076913691767154303e-04 1.994100000000000000e+04
1.203972311807013256e+02 1.130792028063162943e-03 1.639080678405829676e-04 2.452339173673008586e-04 2.062900000000000000e+04
1.224922363187857286e+02 1.060481818608386860e-03 1.958347040264299095e-04 1.440441058680269290e-04 2.165500000000000000e+04
1.245882598425863534e+02 1.020482962493244683e-03 2.049085161300799563e-04 1.820716704099332279e-04 2.211300000000000000e+04
1.266884677158377315e+02 9.779207965902260349e-04 2.036942635158943589e-04 1.611075578885575767e-04 2.318500000000000000e+04
1.287846620419940962e+02 9.470817614706995456e-04 2.098451718490112387e-04 1.952061837044100155e-04 2.366700000000000000e+04
1.308713393788149801e+02 9.061944310249864590e-04 2.042641350312266054e-04 1.913511000535897128e-04 2.438500000000000000e+04
1.329754833440644575e+02 8.739498139053253562e-04 2.228780975549350262e-04 1.851296992896928517e-04 2.574900000000000000e+04
1.350691081525609434e+02 8.351336997290640263e-04 2.355645973741130495e-04 1.964188645303772073e-04 2.567500000000000000e+04
1.371638825856825576e+02 7.993114083909594282e-04 2.449724350663365661e-04 1.630210101186128804e-04 2.740900000000000000e+04
1.392604757372163533e+02 7.683397447717419358e-04 2.306409165341155034e-04 1.817444981764060926e-04 2.740500000000000000e+04
1.413466882908376760e+02 7.447453943926840916e-04 2.150193823533012513e-04 2.007780082824071302e-04 2.871700000000000000e+04
1.434475230090064031e+02 7.230258762087307580e-04 2.024801427487235128e-04 2.178544677940225311e-04 2.959500000000000000e+04
1.455452853418541679e+02 7.000087740785035633e-04 1.956455377024377928e-04 2.281750628538813368e-04 3.030100000000000000e+04
1.476332061073587738e+02 6.736037130349749715e-04 1.959580976348632576e-04 2.085238981517129238e-04 3.110100000000000000e+04
1.497211472843286231e+02 6.508322513887367100e-04 1.981659934559331434e-04 1.845313676053835644e-04 3.202300000000000000e+04
1.518138048751577287e+02 6.329326706465998901e-04 1.804317150534516382e-04 2.019215194880483969e-04 3.297700000000000000e+04
1.539211490100352648e+02 6.105595841647659238e-04 1.755913149418813915e-04 1.965412801445654510e-04 3.444900000000000000e+04
1.560214747341236716e+02 5.894035066013933845e-04 1.721371481762411833e-04 1.965861065850918043e-04 3.454900000000000000e+04
1.581161747588121784e+02 5.644192263539955833e-04 1.633956243913290492e-04 1.908205281348475878e-04 3.611100000000000000e+04
1.602118712271799836e+02 5.502927958455714873e-04 1.598958393672166955e-04 1.900079766966008600e-04 3.654100000000000000e+04
1.623006419462898862e+02 5.343888830155213866e-04 1.486794234412810393e-04 1.812577246339891956e-04 3.771700000000000000e+04
1.643899033199985240e+02 5.133387629938319712e-04 1.515600037287280662e-04 1.586462287793899352e-04 3.861900000000000000e+04
1.664835582381511756e+02 4.984412601875773960e-04 1.478424700922225255e-04 1.418958634510200298e-04 3.966100000000000000e+04
1.685719683778473552e+02 4.843447051050666697e-04 1.423632375870680263e-04 1.337923701850174418e-04 4.054500000000000000e+04
1.706641332089364766e+02 4.707075769708499537e-04 1.459951345614679530e-04 1.243697763224553912e-04 4.181500000000000000e+04
1.727708699256135390e+02 4.548618531814996053e-04 1.399218904891490439e-04 1.128378267770562048e-04 4.312500000000000000e+04
1.748696546009699659e+02 4.416116116575411962e-04 1.322327945314389090e-04 1.103912616246110481e-04 4.368100000000000000e+04
1.769585769494445344e+02 4.284800874972060584e-04 1.256582970352491621e-04 1.068790451205146966e-04 4.462900000000000000e+04
1.790524509315575301e+02 4.153580368280282605e-04 1.257288750043464038e-04 1.065755913967251183e-04 4.622700000000000000e+04
1.811526521261263554e+02 4.033231940596686987e-04 1.190108735211348071e-04 1.003463064341689241e-04 4.690900000000000000e+04
1.832476884130738881e+02 3.932484538114696987e-04 1.180488023242998039e-04 8.794520103639729943e-05 4.823700000000000000e+04
1.853312475833926101e+02 3.833918409370337286e-04 1.156637187802117897e-04 9.896066477439327623e-05 4.858300000000000000e+04
1.874284892203218931e+02 3.756615153803867578e-04 1.107715685421535151e-04 7.826415132246194767e-05 5.099700000000000000e+04
1.895337179075755216e+02 3.686651164780827212e-04 1.000915394979825845e-04 7.892644997099303877e-05 5.139700000000000000e+04
1.916268196474026126e+02 3.639497825997015904e-04 9.586301653318633276e-05 8.176954834175397056e-05 5.248900000000000000e+04
1.937183403446852878e+02 3.566526064204574150e-04 9.493519575959328042e-05 7.785971324465675069e-05 5.378700000000000000e+04
1.958131498886989164e+02 3.457647237932348519e-04 9.654247136283195690e-05 7.078498215512116687e-05 5.491300000000000000e+04
1.979058740098966211e+02 3.385164243662929428e-04 9.732233461928422723e-05 6.533898852276012520e-05 5.597700000000000000e+04
1.999990651597893816e+02 3.353201863680739222e-04 9.055713233553190362e-05 7.655764995149197871e-05 5.741500000000000000e+04
2.020893038374759101e+02 3.312412121716767346e-04 8.610599775312875075e-05 7.395568600499774080e-05 5.810500000000000000e+04
2.041823192148177952e+02 3.245881559898769432e-04 8.608081422594171799e-05 6.969254099286841908e-05 6.003300000000000000e+04
2.062825911013838152e+02 3.190170928881850437e-04 8.649669135273377590e-05 7.728147842518588251e-05 6.094900000000000000e+04
2.083770189145966185e+02 3.151907001385368507e-04 8.926238034028488816e-05 7.166841910890271272e-05 6.223500000000000000e+04
2.104675816794403431e+02 3.081710999450559623e-04 9.092234167698682830e-05 7.421540856396010926e-05 6.322900000000000000e+04
2.125667854244018145e+02 3.021416064947680014e-04 9.298621167467959554e-05 7.409409192531391756e-05 6.513300000000000000e+04
2.146619261104851830e+02 2.973924982818676997e-04 9.152936044088052245e-05 8.073397280257275021e-05 6.570700000000000000e+04
2.167561805722037036e+02 2.940574068002036780e-04 8.768350450864472064e-05 8.895636768216582150e-05 6.756100000000000000e+04
2.188528705899679210e+02 2.889948273188877050e-04 9.135937171743729814e-05 8.364237316243038219e-05 6.850500000000000000e+04
2.209456427453084473e+02 2.852092327413629927e-04 9.392283395426675422e-05 8.841698452315852952e-05 6.994300000000000000e+04
2.230395148320731096e+02 2.818292318456008111e-04 9.389770709602649184e-05 8.654844794294810017e-05 7.109700000000000000e+04
2.251356732858534997e+02 2.781889948526013005e-04 9.233199397091633757e-05 9.459797205137786898e-05 7.302100000000000000e+04
2.272278504864401327e+02 2.750323208593425999e-04 9.333436064402583061e-05 1.019943277969845427e-04 7.331700000000000000e+04
2.293197511287232544e+02 2.714188182760823051e-04 8.964845477385031177e-05 1.045550865427456304e-04 7.579900000000000000e+04
2.314114772346510165e+02 2.697454629132717881e-04 8.374870174978521931e-05 1.167803833968326634e-04 7.602100000000000000e+04
2.335058467478245632e+02 2.657595695934738015e-04 8.301731464314137017e-05 1.245907371209576677e-04 7.875300000000000000e+04
2.356041652202905539e+02 2.624705964176917089e-04 8.522416356082334189e-05 1.257523499682223957e-04 7.929100000000000000e+04
2.377006336558306998e+02 2.599186846213894062e-04 8.308198709165099728e-05 1.316694509296871475e-04 8.112900000000000000e+04
2.397972750390475198e+02 2.587605669643577551e-04 7.884002215150474890e-05 1.339221703425410670e-04 8.244100000000000000e+04
2.418944602532704096e+02 2.575813569990118403e-04 7.562513986196807143e-05 1.458310222603313212e-04 8.394900000000000000e+04
2.439884227569783093e+02 2.550465285340474579e-04 7.313521265509094818e-05 1.425342336941734294e-04 8.512300000000000000e+04
2.460835996828307373e+02 2.537991157365455377e-04 6.878528159159910476e-05 1.525713290840066813e-04 8.692900000000000000e+04
2.481755280705312146e+02 2.513119561931197936e-04 6.857937846291237160e-05 1.587926585555496590e-04 8.778900000000000000e+04
2.502623700647570217e+02 2.494980105293677039e-04 6.860549088161852730e-05 1.649822788002648167e-04 8.962300000000000000e+04
2.523586155105348325e+02 2.474841953007014101e-04 6.669607499429407258e-05 1.643341697897687001e-04 9.134100000000000000e+04
2.544547077866985489e+02 2.477509876906548811e-04 6.609221921153629641e-05 1.761160822964143180e-04 9.284500000000000000e+04
2.565487653287422063e+02 2.478211883634256173e-04 6.334946449606871689e-05 1.798586843236507768e-04 9.408700000000000000e+04
2.586464955058470991e+02 2.458255377193664009e-04 6.248222136024522699e-05 1.784057470206761357e-04 9.633300000000000000e+04
2.607443047329861656e+02 2.448791508551263351e-04 6.367179238286175234e-05 1.875346864329143317e-04 9.724900000000000000e+04
2.628438312173413465e+02 2.449920166268764452e-04 6.319846879568335758e-05 1.918728297288298278e-04 9.950100000000000000e+04
2.649298855659840228e+02 2.459663492182397439e-04 6.192134319120939760e-05 2.004619198591654316e-04 9.928300000000000000e+04
2.670163698864117805e+02 2.447965167629952208e-04 6.102495280641743422e-05 2.068074085714667935e-04 1.025370000000000000e+05
2.691120556714307668e+02 2.397260461321699715e-04 6.836760028310235064e-05 1.790236919789401824e-04 1.022830000000000000e+05
2.712074998348403483e+02 2.303724875180025668e-04 7.552280528566043339e-05 1.199574606651366421e-04 1.021060000000000000e+05
2.733050116933233653e+02 2.222195878047187527e-04 7.479492311467835484e-05 6.634283336176523889e-05 1.007340000000000000e+05
2.753977295572417461e+02 2.137320029182931090e-04 7.342983236994746774e-05 1.729692698376009908e-05 9.999400000000000000e+04
2.774958294534935703e+02 2.092232711235004399e-04 7.354170943442587063e-05 -1.575530136457966110e-05 9.936000000000000000e+04
2.795977707949222122e+02 2.017420141858449162e-04 7.260183909531007173e-05 -5.796884277736566091e-05 9.860800000000000000e+04
2.816862895118986785e+02 1.954259893670289158e-04 7.051791934014844487e-05 -8.967720194028372459e-05 9.625200000000000000e+04
2.837743515740906446e+02 1.890073776215357270e-04 7.271602799741298145e-05 -1.185376007439345718e-04 9.640000000000000000e+04
2.858713251310674650e+02 1.844593565202592685e-04 7.245432973656619794e-05 -1.438954356639896156e-04 9.539800000000000000e+04
2.879670932628575883e+02 1.783562727645123501e-04 6.769341830795145957e-05 -1.713274930081325090e-04 9.402000000000000000e+04
2.900590582015512382e+02 1.732268468159363676e-04 6.557538683353107678e-05 -1.899698671382988116e-04 9.316000000000000000e+04
2.921519201901450060e+02 1.691407135088864922e-04 6.582407374045289722e-05 -2.056411503376988923e-04 9.177600000000000000e+04
2.942485935102203030e+02 1.650128956344754094e-04 6.511542831500235085e-05 -2.218592976458252279e-04 9.137800000000000000e+04
2.963426645133968691e+02 1.610131937163477027e-04 6.252208406827921595e-05 -2.337430442849628917e-04 8.949000000000000000e+04
2.984329904966970162e+02 1.567733428369680684e-04 6.182715287718571276e-05 -2.459211397992322142e-04 8.845000000000000000e+04
3.005290481640043367e+02 1.545222327897117782e-04 6.105288771581700389e-05 -2.560638947693333377e-04 8.794600000000000000e+04
3.026245947235937592e+02 1.524986758547062279e-04 5.892445645101882808e-05 -2.627318020275885369e-04 8.575200000000000000e+04
3.047205651109674704e+02 1.500449972050906943e-04 5.500765621383904254e-05 -2.697554223882420534e-04 8.574400000000000000e+04
3.068167457111920839e+02 1.480477246009562231e-04 5.186847799212375876e-05 -2.749549266148632867e-04 8.322000000000000000e+04
3.089118625384018060e+02 1.464020137151587951e-04 4.992926365002822389e-05 -2.790253851076247371e-04 8.302000000000000000e+04
3.110099981664167785e+02 1.453335791292663110e-04 4.922124812042800730e-05 -2.829602455645149721e-04 8.106400000000000000e+04
3.131040997612852266e+02 1.438295754712827631e-04 4.608570953233610031e-05 -2.846404753537485092e-04 7.983000000000000000e+04
3.151936712677708670e+02 1.437230674570345119e-04 4.470136772505590842e-05 -2.894605318996640265e-04 7.823800000000000000e+04
3.172858841403398173e+02 1.422301857013431902e-04 4.303881519135194564e-05 -2.899170853801921158e-04 7.715400000000000000e+04
3.193772099476266817e+02 1.418265556036655130e-04 4.187948283742504087e-05 -2.945875348866547339e-04 7.546600000000000000e+04
3.214753775151562536e+02 1.406851399369990941e-04 4.007422345306400457e-05 -2.969308081147532742e-04 7.480200000000000000e+04
3.235746879206847666e+02 1.392243656107474813e-04 3.856705814900727530e-05 -2.982877500787061765e-04 7.258000000000000000e+04
3.256647237020029024e+02 1.384684973122357068e-04 3.600014382298665638e-05 -3.003519808087816564e-04 7.133800000000000000e+04
3.277571324083919535e+02 1.370431301603345731e-04 3.446157682406832877e-05 -3.011167995038619674e-04 6.964200000000000000e+04
3.298487111637800240e+02 1.360172286974797862e-04 3.381160760121287200e-05 -3.034098922222644760e-04 6.832600000000000000e+04
3.319433744068021497e+02 1.345090340087366863e-04 3.125426610958736452e-05 -3.032218074839317188e-04 6.674400000000000000e+04
3.340422322988853239e+02 1.341711545946032999e-04 2.982103415260236814e-05 -3.049772854379613029e-04 6.533800000000000000e+04
3.361307892565458246e+02 1.326266643962392786e-04 2.815865019054769342e-05 -3.056180177176233892e-04 6.315600000000000000e+04
3.382251120895489294e+02 1.318601675963949611e-04 2.467840888754872791e-05 -3.060303267281551604e-04 6.214000000000000000e+04
3.403264013195363304e+02 1.322922401565891409e-04 2.288453188914454784e-05 -3.083750427429291516e-04 6.051400000000000000e+04
3.424148842577288860e+02 1.308773762745162115e-04 2.073962033971657527e-05 -3.074479303350590169e-04 5.799000000000000000e+04
3.445099495577244397e+02 1.311867131296073821e-04 1.985547376529344388e-05 -3.106997588759690646e-04 5.742400000000000000e+04
3.466144105402300397e+02 1.309097962271362425e-04 1.740363953937509422e-05 -3.103801217365171543e-04 5.518200000000000000e+04
3.487067496858389859e+02 1.301341959025266882e-04 1.533699576847005730e-05 -3.088005982844831783e-04 5.306800000000000000e+04
3.507912540595516475e+02 1.318379637645677636e-04 1.712963116789492795e-05 -3.173242065406542216e-04 5.152800000000000000e+04
3.528807167895711814e+02 1.301689779009194525e-04 1.397962527145584755e-05 -3.158697396722897070e-04 4.954600000000000000e+04
3.549828487415276754e+02 1.327327735175990830e-04 1.737299018546668362e-05 -3.263607183522915364e-04 4.846600000000000000e+04
3.570768480370360862e+02 1.315324411841706719e-04 1.447716251826788671e-05 -3.252581694487071632e-04 4.566600000000000000e+04
3.591652111747225717e+02 1.317744793552706490e-04 1.455553140243981000e-05 -3.285300518989325803e-04 4.423000000000000000e+04
3.612627896178847777e+02 1.325681959444329427e-04 1.395766653316185173e-05 -3.338261707559392940e-04 4.254000000000000000e+04
3.633645820428338880e+02 1.316665772496099652e-04 1.227615803445915147e-05 -3.333511259676485441e-04 4.022200000000000000e+04
3.654527365610065885e+02 1.314708161855208750e-04 1.283914827824874100e-05 -3.351668405229285162e-04 3.842200000000000000e+04
3.675441472124314259e+02 1.294391917538375452e-04 1.052580306271282859e-05 -3.329116894418252155e-04 3.624600000000000000e+04
3.696396280380744201e+02 1.272519701360864193e-04 1.049408335399387638e-05 -3.294505674736490836e-04 3.455200000000000000e+04
3.717297223820279441e+02 1.238597237880477875e-04 8.111766817234031184e-06 -3.240028076558187898e-04 3.213600000000000000e+04
3.738176974939287902e+02 1.209205490611733863e-04 6.428917902072593594e-06 -3.206079047132731445e-04 3.029200000000000000e+04
3.759110996783247174e+02 1.180606724522898198e-04 4.490638693613041266e-06 -3.189859412880603371e-04 2.830200000000000000e+04
3.780081394014102898e+02 1.158079644163798429e-04 3.751445930393746387e-07 -3.153914426824277594e-04 2.605600000000000000e+04
3.801051557582653118e+02 1.130240122360805645e-04 -2.036539237318374521e-06 -3.147928623642882052e-04 2.421100000000000000e+04
3.821955053587425937e+02 1.116961443837407176e-04 2.281435332003627135e-07 -3.239788470471578860e-04 2.220600000000000000e+04
3.842862749912937943e+02 1.100384029513361089e-04 -1.714624344906288691e-07 -3.247284094053924934e-04 2.088400000000000000e+04
3.863841918340856409e+02 1.112041802734557104e-04 8.402839503293942116e-07 -3.340802130656738821e-04 1.939200000000000000e+04
3.884771734501698006e+02 1.115133233861984497e-04 1.148945513700292910e-06 -3.404373487295510618e-04 1.805800000000000000e+04
3.905623371605522607e+02 1.140967772591368269e-04 1.125442582235441431e-06 -3.514340961548943461e-04 1.674600000000000000e+04
3.926667500119167471e+02 1.163729416976939750e-04 5.965889349222554236e-07 -3.616225267277309590e-04 1.589800000000000000e+04
3.947778557744774162e+02 1.167684476925542024e-04 1.252593263454786494e-06 -3.671110933366736112e-04 1.457800000000000000e+04
3.968631060462392952e+02 1.177478741052834444e-04 3.310547287950731816e-06 -3.759454773928679462e-04 1.344300000000000000e+04
3.989413219049817485e+02 1.189446004287706999e-04 5.943295886066146524e-06 -3.872546916507863565e-04 1.251100000000000000e+04
4.010572258526528344e+02 1.212634754968320341e-04 8.004437638766585486e-06 -4.010153074805745390e-04 1.191900000000000000e+04
4.031656962107319373e+02 1.256610297917664406e-04 1.008403562006776642e-05 -4.206096016150354697e-04 1.063900000000000000e+04
4.052249146637423678e+02 1.278644511511214195e-04 1.250995133683820787e-05 -4.337366837325249661e-04 9.775000000000000000e+03
4.073276634718891387e+02 1.319543615080017199e-04 1.316952206365029426e-05 -4.521879632532458293e-04 9.423000000000000000e+03
4.094593776408451049e+02 1.340154271712873802e-04 1.438029559018615209e-05 -4.629139882567751517e-04 8.449000000000000000e+03
4.115405539130957777e+02 1.367830535149742663e-04 1.465598154068530588e-05 -4.746959641789498638e-04 7.596000000000000000e+03
4.135894252671187132e+02 1.425325760405344558e-04 1.459261434826177702e-05 -4.958943994605443739e-04 6.931000000000000000e+03
4.156930049049321951e+02 1.433875959324765713e-04 1.265891502131167531e-05 -4.987883958232285867e-04 6.612000000000000000e+03
4.178272827209258367e+02 1.480567383821180421e-04 1.089881196352307422e-05 -5.141986223830263001e-04 5.899000000000000000e+03
4.199082037741286513e+02 1.538743946806356646e-04 9.565147772226200343e-06 -5.335801151517805506e-04 5.176000000000000000e+03
4.219826095167229028e+02 1.640299224571148959e-04 9.629620576566775352e-06 -5.694400653941259285e-04 4.824000000000000000e+03
4.241028763136273483e+02 1.677634612457982012e-04 7.957112546300228284e-06 -5.821291786378855401e-04 4.312000000000000000e+03
4.262107721966358440e+02 1.775719924108878542e-04 8.186247986974821286e-06 -6.166900911209927290e-04 3.819000000000000000e+03
4.282460731868927724e+02 1.850816811013400128e-04 6.038699521964741462e-06 -6.409256432831252071e-04 3.220000000000000000e+03
4.303287648834323136e+02 1.776873429783706881e-04 2.993699879431029561e-06 -6.140555850255427278e-04 3.132000000000000000e+03
4.325172248853483552e+02 1.769589689086893734e-04 2.786352118114452223e-06 -6.126638740461220990e-04 2.680000000000000000e+03
4.346325070601815810e+02 1.805438218565033398e-04 1.598919231223987529e-06 -6.250177329367234214e-04 2.218000000000000000e+03
4.365567227659553851e+02 2.030428490723589830e-04 9.567529751483164018e-07 -7.023961111690822830e-04 1.728000000000000000e+03
4.386277159174848634e+02 1.968093176469743627e-04 -2.111923693129852616e-06 -6.805527389308809599e-04 1.816000000000000000e+03
4.409019266196692683e+02 2.026861513848544850e-04 -2.880119459686084545e-06 -7.010283580452472295e-04 1.476000000000000000e+03
4.430735479208619836e+02 1.956676518021717339e-04 -3.332657615126337045e-06 -6.769515614400079461e-04 1.108000000000000000e+03
4.448761117541747012e+02 2.025237651406071218e-04 -3.673108774885347946e-06 -7.005101507882404007e-04 7.560000000000000000e+02
4.469343758523184533e+02 2.138528286475236166e-04 -3.241269801792500362e-06 -7.421354827155545895e-04 8.440000000000000000e+02
4.493013102792758104e+02 2.453117991791410601e-04 -4.454468060731348629e-06 -8.512714352530127921e-04 6.280000000000000000e+02
4.515989744176221734e+02 2.716533106020135738e-04 -2.696870321623452441e-06 -9.461832716969832344e-04 4.050000000000000000e+02
4.533101867737696580e+02 2.715162703536217262e-04 -4.101019797058977974e-06 -9.440530213941200188e-04 2.020000000000000000e+02
4.552338387398290820e+02 3.031003519437556549e-04 -2.290313316883135117e-06 -1.057383393408888863e-03 2.280000000000000000e+02
4.576034578613840722e+02 3.351597646687994383e-04 -3.058020964569061734e-07 -1.172089797005211468e-03 1.240000000000000000e+02
4.599517872444100703e+02 3.413529550967744084e-04 9.199683771106190492e-07 -1.195317352596909346e-03 5.200000000000000000e+01
4.619205689144050666e+02 2.481783381040136393e-04 5.249050633999605844e-07 -8.690412624835375938e-04 9.000000000000000000e+00
4.634281054380590490e+02 1.733036141550092692e-04 1.431890878954761722e-06 -6.079744914211143627e-04 4.000000000000000000e+00
