2.966547074898984615e+00 1.035104092484623040e-01 -5.703626161821843954e-02 3.223081623024627307e-01 1.300000000000000000e+01
5.026374055021858744e+00 2.027806570125938179e-02 -3.118135415902046053e-03 2.174395471187343457e-02 3.300000000000000000e+01
7.149300621522788113e+00 9.976851853160466008e-03 -1.857108720826424267e-03 -4.561345303764339706e-03 7.900000000000000000e+01
9.278869254964254409e+00 5.261834806243828599e-03 -1.166127452731112023e-03 -1.252240796957414292e-03 1.170000000000000000e+02
1.145033261934470126e+01 3.238170286003152001e-03 -4.284653300973251234e-04 -7.044966375888188576e-04 2.050000000000000000e+02
1.349295587141915043e+01 2.302962381016946704e-03 -1.182281047222116224e-04 4.912552602400785222e-04 2.350000000000000000e+02
1.558905561191892986e+01 1.716228168108014469e-03 -1.162377391502736671e-04 1.682302734497701045e-04 3.690000000000000000e+02
1.769408367255316961e+01 1.438980134382137656e-03 -2.604851668287462628e-04 6.717802696105300503e-04 4.330000000000000000e+02
1.981787480313529670e+01 1.011872421014146754e-03 -2.622867949585077968e-04 2.872173067375297833e-04 5.850000000000000000e+02
2.192074938196263645e+01 9.069913757995050167e-04 -8.519010691951833976e-05 2.448034575483613211e-04 6.790000000000000000e+02
2.398877635566245203e+01 7.060072736633309608e-04 -5.268844058768300394e-07 1.703090748350289329e-04 8.130000000000000000e+02
2.609286971896115759e+01 5.699549923081831176e-04 -8.010071143595051115e-05 6.616464584429286664e-05 9.850000000000000000e+02
2.823466315278179550e+01 4.833344068167579922e-04 -1.196548531733220195e-04 1.865024438680700229e-04 1.183000000000000000e+03
3.032284873509123102e+01 4.011254741931548546e-04 -4.287454316355330906e-05 2.172252671697609593e-04 1.269000000000000000e+03
3.240263258943403457e+01 3.630242441646409110e-04 -6.050907812822100786e-05 1.658734961005073024e-04 1.537000000000000000e+03
3.449210129864554375e+01 3.120514062321173192e-04 -3.030781467566153923e-05 1.372119047003682887e-04 1.653000000000000000e+03
3.658588147515196454e+01 2.899416184721882793e-04 -3.967988084873119882e-05 9.751017668474575234e-05 1.963000000000000000e+03
3.868476949266977272e+01 2.404837203139241703e-04 -1.877108096159996320e-05 8.508401567180608432e-05 2.121000000000000000e+03
4.078898888458283523e+01 2.265381390226217076e-04 -6.097170712423625209e-06 1.213262883116585610e-04 2.413000000000000000e+03
4.289390876967645738e+01 1.953477595941956603e-04 -2.714237477620391506e-05 9.099218683310547693e-05 2.635000000000000000e+03
4.498336005546935468e+01 1.757766712058770307e-04 -2.466842196405588517e-05 9.454927172354776136e-05 2.877000000000000000e+03
4.706498529473824988e+01 1.611184422994639792e-04 -1.358461809516691252e-05 6.729795355732231220e-05 3.169000000000000000e+03
4.917111919158227096e+01 1.570621795512104288e-04 -1.945659342176439297e-05 7.374992734094605931e-05 3.507000000000000000e+03
5.126216914174227668e+01 1.387170650198449838e-04 -8.094996944430708132e-06 7.301671638897320169e-05 3.685000000000000000e+03
5.335525146837034072e+01 1.274987714527644675e-04 -1.478416901028046772e-05 6.864318604672704218e-05 4.165000000000000000e+03
5.546637228956934251e+01 1.190849848336410569e-04 -4.685652520310415144e-06 6.442978251207784259e-05 4.377000000000000000e+03
5.757318819254808773e+01 1.115388272083215639e-04 -1.415845411427084581e-05 5.528597061999810888e-05 4.855000000000000000e+03
5.965884044590281121e+01 1.038730123576969645e-04 -8.878060396143448078e-06 4.984167361774118976e-05 4.929000000000000000e+03
6.174512302159506305e+01 9.827734572105457542e-05 -4.888986211323702289e-06 4.278740144987956001e-05 5.581000000000000000e+03
6.382689291137189969e+01 9.114838283339019454e-05 -4.985861919412731645e-06 4.522009263681375817e-05 5.679000000000000000e+03
6.592966228838450604e+01 8.678266989440420022e-05 -1.070465479367166917e-05 4.383779113320058389e-05 6.385000000000000000e+03
6.803125784825746791e+01 8.081356765574544828e-05 -3.590367247686516658e-06 4.254827064899148589e-05 6.553000000000000000e+03
7.013131008699485847e+01 7.592133589605017140e-05 -6.337024857254183913e-06 3.564269149413306715e-05 7.125000000000000000e+03
7.223032366074338029e+01 7.142938828648477570e-05 -5.219110989192755563e-06 3.808714676006076547e-05 7.447000000000000000e+03
7.432334270720505742e+01 6.814288522391028652e-05 -5.433772308515017518e-06 3.462926968996905678e-05 7.929000000000000000e+03
7.642066756954473306e+01 6.423336020896589231e-05 -5.838431408327883365e-06 3.204231018113271420e-05 8.353000000000000000e+03
7.850471694556040347e+01 6.223718859189787016e-05 -4.881289609496341892e-06 3.784293898507093911e-05 8.775000000000000000e+03
8.059701946059529121e+01 6.021300686393984421e-05 -4.907875182197221482e-06 3.203029606721130508e-05 9.313000000000000000e+03
8.269521798132063850e+01 5.590329691598822537e-05 -4.313091913917869507e-06 2.801048565653431368e-05 9.841000000000000000e+03
8.478307522909847194e+01 5.468557580403542910e-05 -2.572313933828817460e-06 2.665995000103521192e-05 1.019100000000000000e+04
8.687780839616016237e+01 5.184233137351262368e-05 -3.695139952025615624e-06 2.499023482754984070e-05 1.089700000000000000e+04
8.897524569656535220e+01 4.915688766369117642e-05 -4.107745273874839217e-06 2.210358304880988709e-05 1.130100000000000000e+04
9.108077810470518898e+01 4.732826680966403473e-05 -3.266216386586783451e-06 2.295540183173169673e-05 1.202500000000000000e+04
9.318432266948052245e+01 4.560745764744795865e-05 -3.393739229728553906e-06 2.012605769641685811e-05 1.242300000000000000e+04
9.527887641048309320e+01 4.446617327824224322e-05 -4.930632123440358472e-06 2.020413851670018685e-05 1.302100000000000000e+04
9.736254237981037818e+01 4.223377782206778869e-05 -2.720374504733607275e-06 2.044761602081023846e-05 1.340500000000000000e+04
9.944832814799407572e+01 4.074672479862811075e-05 -4.430520461221747907e-06 2.068295962234987148e-05 1.424700000000000000e+04
1.015460879802399035e+02 3.899576965799897687e-05 -4.575804703386050617e-06 1.918426617436483464e-05 1.471300000000000000e+04
1.036426375667732316e+02 3.694616029147550191e-05 -1.142007721452399859e-06 1.807010493571714702e-05 1.548900000000000000e+04
1.057389390539465950e+02 3.600688466351986976e-05 -3.011018106236981485e-06 1.673459675988262150e-05 1.591300000000000000e+04
1.078395855981474227e+02 3.535364585140475150e-05 -3.137200350424932296e-06 1.520015437948426013e-05 1.687900000000000000e+04
1.099389405850131709e+02 3.365376147821227726e-05 -2.982001849689583318e-06 1.555942117080038852e-05 1.719300000000000000e+04
1.120392143152385387e+02 3.191184901492653218e-05 -1.872912831539176235e-06 1.511915515693473853e-05 1.815700000000000000e+04
1.141233458569757744e+02 3.105379205244204814e-05 -2.872052360212519273e-06 1.286402388164574797e-05 1.833900000000000000e+04
1.162159397555423084e+02 2.986564372804506405e-05 -1.901942981682997933e-06 1.263005554988243215e-05 1.957300000000000000e+04
1.183137204803772420e+02 2.924327426925560973e-05 -2.324410290073616044e-06 1.188823458883532659e-05 1.994100000000000000e+04
1.203972311807013256e+02 2.828514166444345222e-05 -2.371270873383439289e-06 1.440175941812612477e-05 2.062900000000000000e+04
1.224922363187857286e+02 2.761268037510990547e-05 -2.298131136846509842e-06 1.179306411217414918e-05 2.165500000000000000e+04
1.245882598425863534e+02 2.657733662187679622e-05 -3.350536791783848621e-06 1.196762222196299559e-05 2.211300000000000000e+04
1.266884677158377315e+02 2.577343095732394010e-05 -2.361867102001775469e-06 1.122772380448654043e-05 2.318500000000000000e+04
1.287846620419940962e+02 2.512012489673264533e-05 -1.441475529921897261e-06 1.139074332401380588e-05 2.366700000000000000e+04
1.308713393788149801e+02 2.420070757369799629e-05 -1.459908833746283834e-06 1.097947049394043790e-05 2.438500000000000000e+04
1.329754833440644575e+02 2.369620969774174351e-05 -1.548232307350001682e-06 1.034793691814302145e-05 2.574900000000000000e+04
1.350691081525609434e+02 2.281335808038142355e-05 -1.514550702899279394e-06 9.532607702317337712e-06 2.567500000000000000e+04
1.371638825856825576e+02 2.236894524965825679e-05 -1.510534023190182239e-06 8.855916778242340227e-06 2.740900000000000000e+04
1.392604757372163533e+02 2.192117669177251322e-05 -1.187807412848726248e-06 8.892172280743113435e-06 2.740500000000000000e+04
1.413466882908376760e+02 2.122981403452940606e-05 -1.528880230378912304e-06 8.687766838070010923e-06 2.871700000000000000e+04
1.434475230090064031e+02 2.063569342282752463e-05 -1.667331674101648850e-06 8.757243759150487906e-06 2.959500000000000000e+04
1.455452853418541679e+02 2.007398793368088294e-05 -1.690467197621394030e-06 7.889920863491292264e-06 3.030100000000000000e+04
1.476332061073587738e+02 1.957879656029952681e-05 -1.614170759116683296e-06 7.941777949451234229e-06 3.110100000000000000e+04
1.497211472843286231e+02 1.894626260300458939e-05 -1.590135773258625300e-06 7.511405631926842489e-06 3.202300000000000000e+04
1.518138048751577287e+02 1.866615728904258677e-05 -1.764652427126127578e-06 6.685624510412974476e-06 3.297700000000000000e+04
1.539211490100352648e+02 1.826404665985967483e-05 -1.168583821350495235e-06 7.056637267284122058e-06 3.444900000000000000e+04
1.560214747341236716e+02 1.762261631067830878e-05 -1.409409123385027681e-06 6.185180992944605385e-06 3.454900000000000000e+04
1.581161747588121784e+02 1.752998805896878416e-05 -1.422207471893419660e-06 6.046069387515572472e-06 3.611100000000000000e+04
1.602118712271799836e+02 1.696601034573557316e-05 -1.310769252653073272e-06 6.656644283003979944e-06 3.654100000000000000e+04
1.623006419462898862e+02 1.664242604937876438e-05 -1.012088641012038031e-06 6.239627323216559702e-06 3.771700000000000000e+04
1.643899033199985240e+02 1.610448038347058887e-05 -1.292877734995039944e-06 5.765013927339898317e-06 3.861900000000000000e+04
1.664835582381511756e+02 1.569489536640720579e-05 -9.498762390920717354e-07 6.141627387349136097e-06 3.966100000000000000e+04
1.685719683778473552e+02 1.539875348727669623e-05 -8.087045405860676416e-07 6.104712762526727117e-06 4.054500000000000000e+04
1.706641332089364766e+02 1.497882102245582303e-05 -9.387153985511483110e-07 6.135314756941397605e-06 4.181500000000000000e+04
1.727708699256135390e+02 1.457532256237038583e-05 -5.473009912530514425e-07 5.330913690929655473e-06 4.312500000000000000e+04
1.748696546009699659e+02 1.441857135237318043e-05 -7.243313669222779084e-07 5.441235415034886669e-06 4.368100000000000000e+04
1.769585769494445344e+02 1.400060198381953777e-05 -6.182566168079264273e-07 4.984141083141787716e-06 4.462900000000000000e+04
1.790524509315575301e+02 1.386326041555933819e-05 -1.005728924267224556e-06 4.743271228310996825e-06 4.622700000000000000e+04
1.811526521261263554e+02 1.357872518974834589e-05 -6.553359006340720234e-07 4.994511913541740791e-06 4.690900000000000000e+04
1.832476884130738881e+02 1.320556703743232816e-05 -1.084437033383276399e-06 4.984886280570021525e-06 4.823700000000000000e+04
1.853312475833926101e+02 1.288153779740780066e-05 -8.839758380237442875e-07 4.769559602676067639e-06 4.858300000000000000e+04
1.874284892203218931e+02 1.268354154078047745e-05 -7.966592454839297244e-07 4.724402020985190110e-06 5.099700000000000000e+04
1.895337179075755216e+02 1.253133599053856567e-05 -6.962881920389693945e-07 4.956532834577017681e-06 5.139700000000000000e+04
1.916268196474026126e+02 1.230127487183267857e-05 -9.793187416223576660e-07 4.857627313230319437e-06 5.248900000000000000e+04
1.937183403446852878e+02 1.200430284938621828e-05 -8.204885035203329016e-07 4.833381263971599805e-06 5.378700000000000000e+04
1.958131498886989164e+02 1.183609275729326392e-05 -9.349431618483005433e-07 4.628698076137934708e-06 5.491300000000000000e+04
1.979058740098966211e+02 1.151231945400729161e-05 -8.390236465609601118e-07 4.265936689370662990e-06 5.597700000000000000e+04
1.999990651597893816e+02 1.128959477556163163e-05 -5.490310510089668374e-07 4.500306483006156913e-06 5.741500000000000000e+04
2.020893038374759101e+02 1.106858237911903177e-05 -7.291160652324695421e-07 4.092120722278740500e-06 5.810500000000000000e+04
2.041823192148177952e+02 1.091249353709494718e-05 -8.050701763999477274e-07 4.324712346373072239e-06 6.003300000000000000e+04
2.062825911013838152e+02 1.063614102881219858e-05 -6.277938307768281123e-07 4.164517549780432997e-06 6.094900000000000000e+04
2.083770189145966185e+02 1.051160432944162541e-05 -7.488295705853412095e-07 4.468267874762684763e-06 6.223500000000000000e+04
2.104675816794403431e+02 1.040289254936212007e-05 -9.318616171200795434e-07 4.161375076569684174e-06 6.322900000000000000e+04
2.125667854244018145e+02 1.014602806655453541e-05 -6.922211104703366867e-07 3.875648046923626548e-06 6.513300000000000000e+04
2.146619261104851830e+02 1.004658481161963736e-05 -4.876355168046863600e-07 4.043095009024172084e-06 6.570700000000000000e+04
2.167561805722037036e+02 9.881426900671562151e-06 -6.570943125133325000e-07 4.077291158744183899e-06 6.756100000000000000e+04
2.188528705899679210e+02 9.688097604603760672e-06 -8.454180442303804756e-07 4.116757859595367429e-06 6.850500000000000000e+04
2.209456427453084473e+02 9.537124882059454909e-06 -6.294304450055518428e-07 3.980184501470926627e-06 6.994300000000000000e+04
2.230395148320731096e+02 9.410692167474113586e-06 -5.483582419262732433e-07 3.952292358762656462e-06 7.109700000000000000e+04
2.251356732858534997e+02 9.277004686375685079e-06 -7.066962112962879577e-07 4.269154848537531594e-06 7.302100000000000000e+04
2.272278504864401327e+02 9.077672316006523299e-06 -6.108999749169633084e-07 3.996011120681296597e-06 7.331700000000000000e+04
2.293197511287232544e+02 8.972575881847740577e-06 -6.534231855300294871e-07 3.994967627505536645e-06 7.579900000000000000e+04
2.314114772346510165e+02 8.926671699167275828e-06 -4.179938689035936268e-07 4.337393082023397875e-06 7.602100000000000000e+04
2.335058467478245632e+02 8.808740538783004379e-06 -6.511284675059774924e-07 4.241578412950228041e-06 7.875300000000000000e+04
2.356041652202905539e+02 8.740653554948838567e-06 -4.458587304807441857e-07 4.316666202129735491e-06 7.929100000000000000e+04
2.377006336558306998e+02 8.616816940187605370e-06 -6.365457136252352316e-07 4.385446378910961775e-06 8.112900000000000000e+04
2.397972750390475198e+02 8.573097313879648817e-06 -5.805430410420552411e-07 4.484884484515643247e-06 8.244100000000000000e+04
2.418944602532704096e+02 8.492330603071366908e-06 -3.741375575736064958e-07 4.668742453002819376e-06 8.394900000000000000e+04
2.439884227569783093e+02 8.428146241423596264e-06 -4.029603008949879619e-07 4.678851325181707771e-06 8.512300000000000000e+04
2.460835996828307373e+02 8.316207667548789325e-06 -5.061222073366304748e-07 4.744108160521078560e-06 8.692900000000000000e+04
2.481755280705312146e+02 8.254148307898379546e-06 -5.239692456658161910e-07 4.650011249279403973e-06 8.778900000000000000e+04
2.502623700647570217e+02 8.216692962275467949e-06 -6.506113859482545180e-07 5.023613981497901489e-06 8.962300000000000000e+04
2.523586155105348325e+02 8.129351790318914119e-06 -5.190176547240768089e-07 4.877666334370579420e-06 9.134100000000000000e+04
2.544547077866985489e+02 8.158240263698449951e-06 -4.457082037091892721e-07 5.337465070727012467e-06 9.284500000000000000e+04
2.565487653287422063e+02 8.085442311903977679e-06 -6.086854178410700781e-07 5.390318981968573717e-06 9.408700000000000000e+04
2.586464955058470991e+02 8.073118763281751352e-06 -5.395732823717979662e-07 5.738795082039337650e-06 9.633300000000000000e+04
2.607443047329861656e+02 8.056028108422707908e-06 -5.585245525371778624e-07 5.702474032046837392e-06 9.724900000000000000e+04
2.628438312173413465e+02 8.043725058236353331e-06 -5.225547324698486368e-07 5.998324092680517666e-06 9.950100000000000000e+04
2.649298855659840228e+02 8.017590750342718653e-06 -4.464036493255627535e-07 6.417996562365233222e-06 9.928300000000000000e+04
2.670163698864117805e+02 8.109341400402669990e-06 -5.769957651827380759e-07 6.759512146582087022e-06 1.025370000000000000e+05
2.691120556714307668e+02 7.939272493959096687e-06 -4.199413434629379047e-07 5.858472082940536125e-06 1.022830000000000000e+05
2.712074998348403483e+02 7.703308909587787108e-06 -4.569023031713350300e-07 3.753074649613270018e-06 1.021060000000000000e+05
2.733050116933233653e+02 7.529818128734248818e-06 -2.925268242390477918e-07 2.624014443682883653e-06 1.007340000000000000e+05
2.753977295572417461e+02 7.342089078677081669e-06 -2.470776843776100168e-07 1.083734056264326769e-06 9.999400000000000000e+04
2.774958294534935703e+02 7.239110720897467612e-06 -3.903783691677022452e-07 1.147605693493461686e-07 9.936000000000000000e+04
2.795977707949222122e+02 7.070874950630745105e-06 -4.503038242590384019e-07 -8.333517772603073282e-07 9.860800000000000000e+04
2.816862895118986785e+02 6.967813198866805484e-06 -2.882504921966199465e-07 -1.669448903583297276e-06 9.625200000000000000e+04
2.837743515740906446e+02 6.827193620973458312e-06 -3.121535203888964467e-07 -2.506966416725728966e-06 9.640000000000000000e+04
2.858713251310674650e+02 6.790807016297559597e-06 -3.589335738163146516e-07 -3.236953003646562667e-06 9.539800000000000000e+04
2.879670932628575883e+02 6.600742345804812531e-06 -2.259095845170659049e-07 -3.990654992331689599e-06 9.402000000000000000e+04
2.900590582015512382e+02 6.547628641561223518e-06 -2.188487949752731501e-07 -4.597186833082512649e-06 9.316000000000000000e+04
2.921519201901450060e+02 6.442130116441087424e-06 -2.660239039107698663e-07 -5.059539611136620716e-06 9.177600000000000000e+04
2.942485935102203030e+02 6.386736974204031452e-06 -1.927265127856025238e-07 -5.575867058864639362e-06 9.137800000000000000e+04
2.963426645133968691e+02 6.333843620776684822e-06 -2.160536079882860284e-07 -6.193375228419799901e-06 8.949000000000000000e+04
2.984329904966970162e+02 6.220630389381673270e-06 -2.083443809641179192e-07 -6.564510706738901651e-06 8.845000000000000000e+04
3.005290481640043367e+02 6.117466658754417781e-06 -1.607511232032164430e-07 -6.993462187030902504e-06 8.794600000000000000e+04
3.026245947235937592e+02 6.093279950314043470e-06 -2.149202169063825185e-07 -7.270675125622858886e-06 8.575200000000000000e+04
3.047205651109674704e+02 6.033176245913670102e-06 -2.054278087843148393e-07 -7.667756907295180126e-06 8.574400000000000000e+04
3.068167457111920839e+02 5.952107216969347964e-06 -1.671396085396176458e-07 -7.911346682567770949e-06 8.322000000000000000e+04
3.089118625384018060e+02 5.918151920406990452e-06 -2.315130800822030807e-07 -8.171389238370842405e-06 8.302000000000000000e+04
3.110099981664167785e+02 5.860545923936502370e-06 -2.448464935146141351e-07 -8.437108662129801394e-06 8.106400000000000000e+04
3.131040997612852266e+02 5.813950709950366277e-06 -1.449843044885812970e-07 -8.756597553600556588e-06 7.983000000000000000e+04
3.151936712677708670e+02 5.797798335393163251e-06 -1.808047515618896355e-07 -8.932516248755902464e-06 7.823800000000000000e+04
3.172858841403398173e+02 5.741100507780925636e-06 -1.391969387688433747e-07 -9.126181915990232030e-06 7.715400000000000000e+04
3.193772099476266817e+02 5.742044747457461365e-06 -1.234451806956584145e-07 -9.472540814918561041e-06 7.546600000000000000e+04
3.214753775151562536e+02 5.696410133402812042e-06 -1.191617213155344361e-07 -9.658553592419290998e-06 7.480200000000000000e+04
3.235746879206847666e+02 5.681442711125035581e-06 -2.091103417958014471e-07 -9.739818341539642835e-06 7.258000000000000000e+04
3.256647237020029024e+02 5.652910733378218408e-06 -1.372968623095433905e-07 -9.960755409502977396e-06 7.133800000000000000e+04
3.277571324083919535e+02 5.622283779085343724e-06 -1.370635279200076882e-07 -1.020155571705849192e-05 6.964200000000000000e+04
3.298487111637800240e+02 5.626820910793011623e-06 -1.117106031816704116e-07 -1.044630703763927890e-05 6.832600000000000000e+04
3.319433744068021497e+02 5.632333657445753485e-06 -1.818020985627052293e-07 -1.057484937262918699e-05 6.674400000000000000e+04
3.340422322988853239e+02 5.641716872828632770e-06 -1.452603815602267947e-07 -1.075129145595084775e-05 6.533800000000000000e+04
3.361307892565458246e+02 5.619889238907332695e-06 -1.168271263321720286e-07 -1.096612569496509002e-05 6.315600000000000000e+04
3.382251120895489294e+02 5.634035783219509931e-06 -2.040360686144687721e-07 -1.101967376546453335e-05 6.214000000000000000e+04
3.403264013195363304e+02 5.646699268857300645e-06 -1.308338458231616388e-07 -1.129105981562431051e-05 6.051400000000000000e+04
3.424148842577288860e+02 5.620366969941953515e-06 -9.721098610723266209e-08 -1.150354755690114330e-05 5.799000000000000000e+04
3.445099495577244397e+02 5.671117859637885575e-06 -1.141831629970390439e-07 -1.172453461143270214e-05 5.742400000000000000e+04
3.466144105402300397e+02 5.682553237357065160e-06 -1.460551816151709010e-07 -1.188418163145083121e-05 5.518200000000000000e+04
3.487067496858389859e+02 5.660868063049414381e-06 -1.113098049867436196e-07 -1.202083853616789738e-05 5.306800000000000000e+04
3.507912540595516475e+02 5.727983020601168790e-06 -1.551334300748939798e-07 -1.223580699992096484e-05 5.152800000000000000e+04
3.528807167895711814e+02 5.725260214544840329e-06 -1.702231477842970075e-07 -1.246282761188678486e-05 4.954600000000000000e+04
3.549828487415276754e+02 5.816094428270173657e-06 -1.130557171914196481e-07 -1.281498408528235324e-05 4.846600000000000000e+04
3.570768480370360862e+02 5.831376355784469898e-06 -1.007374132893408961e-07 -1.301880609236587953e-05 4.566600000000000000e+04
3.591652111747225717e+02 5.793509068449749040e-06 -7.113978639866908475e-08 -1.309050603243716655e-05 4.423000000000000000e+04
3.612627896178847777e+02 5.884574304393284511e-06 -4.633750613063915119e-08 -1.347552827136305584e-05 4.254000000000000000e+04
3.633645820428338880e+02 5.947067153792218855e-06 -1.343901403215098105e-07 -1.371660226518497945e-05 4.022200000000000000e+04
3.654527365610065885e+02 5.996678728523161038e-06 -1.359921512071413609e-07 -1.389290093147178178e-05 3.842200000000000000e+04
3.675441472124314259e+02 5.911740727782974928e-06 -3.085980408787752765e-08 -1.425797214647176271e-05 3.624600000000000000e+04
3.696396280380744201e+02 5.958523831750258105e-06 -8.262510755503231943e-08 -1.432708809181291246e-05 3.455200000000000000e+04
3.717297223820279441e+02 5.856764664072723834e-06 -3.964837974483744654e-08 -1.452058176047162906e-05 3.213600000000000000e+04
3.738176974939287902e+02 5.997482476167914253e-06 -1.061967613743195174e-07 -1.502118467828479108e-05 3.029200000000000000e+04
3.759110996783247174e+02 5.899627767130364142e-06 -1.028938506830431136e-07 -1.524114915447502102e-05 2.830200000000000000e+04
3.780081394014102898e+02 5.793767762060637461e-06 -9.241770118885219093e-08 -1.542086007287983348e-05 2.605600000000000000e+04
3.801051557582653118e+02 5.698091530446848952e-06 -7.905207630842768160e-08 -1.566835330622103368e-05 2.421100000000000000e+04
3.821955053587425937e+02 5.635435695960066811e-06 -1.760833209887383816e-07 -1.577831400978879994e-05 2.220600000000000000e+04
3.842862749912937943e+02 5.673094309648074596e-06 -1.381767716461334845e-07 -1.627601707994514595e-05 2.088400000000000000e+04
3.863841918340856409e+02 5.544493555005813655e-06 -1.254820795382309731e-07 -1.617559522427334962e-05 1.939200000000000000e+04
3.884771734501698006e+02 5.645022009255784318e-06 -5.338409652674623935e-08 -1.684152326811826840e-05 1.805800000000000000e+04
3.905623371605522607e+02 5.581990607741528643e-06 -1.546531809728467409e-07 -1.671650247468091648e-05 1.674600000000000000e+04
3.926667500119167471e+02 5.628923873682409661e-06 -6.306704024051598910e-08 -1.721300736460861034e-05 1.589800000000000000e+04
3.947778557744774162e+02 5.617311088214007084e-06 -5.046271790319414904e-08 -1.739543000094934258e-05 1.457800000000000000e+04
3.968631060462392952e+02 5.650038916854034773e-06 -8.218553367058120649e-08 -1.765716247320730945e-05 1.344300000000000000e+04
3.989413219049817485e+02 5.718904582543581166e-06 -8.636797157942659913e-09 -1.816493740060559856e-05 1.251100000000000000e+04
4.010572258526528344e+02 5.736730400473101584e-06 -7.511661288995021969e-08 -1.831987707143486679e-05 1.191900000000000000e+04
4.031656962107319373e+02 5.914533919842694218e-06 4.799248367968458399e-08 -1.917607951374374130e-05 1.063900000000000000e+04
4.052249146637423678e+02 6.093211216094383593e-06 -7.403436759917582813e-08 -1.972199030913086206e-05 9.775000000000000000e+03
4.073276634718891387e+02 6.002107482043060113e-06 -3.330375546162468738e-08 -1.966453717498063789e-05 9.423000000000000000e+03
4.094593776408451049e+02 6.143515251449229934e-06 -1.093655614206976212e-08 -2.028483137888371652e-05 8.449000000000000000e+03
4.115405539130957777e+02 6.195665061988359575e-06 -7.360228272009957107e-08 -2.049346325716390043e-05 7.596000000000000000e+03
4.135894252671187132e+02 6.287111141131230799e-06 -2.381855809552804273e-08 -2.092717721562506645e-05 6.931000000000000000e+03
4.156930049049321951e+02 6.287902935005244540e-06 5.491482006915548344e-09 -2.112675963023754127e-05 6.612000000000000000e+03
4.178272827209258367e+02 6.425044663445452318e-06 -2.506457819608087880e-08 -2.163952386932516849e-05 5.899000000000000000e+03
4.199082037741286513e+02 6.502718811533548766e-06 -4.885451888363721958e-08 -2.195360835518456180e-05 5.176000000000000000e+03
4.219826095167229028e+02 6.775097411754508756e-06 2.635197795806260097e-08 -2.302305153639346228e-05 4.824000000000000000e+03
4.241028763136273483e+02 6.604594923640342244e-06 -1.254283361120904353e-08 -2.252549846053275966e-05 4.312000000000000000e+03
4.262107721966358440e+02 6.993907533811179077e-06 -2.574372119314222529e-08 -2.388406436794941019e-05 3.819000000000000000e+03
4.282460731868927724e+02 7.375786353753061112e-06 -8.737009780193468504e-09 -2.526510137782073592e-05 3.220000000000000000e+03
4.303287648834323136e+02 7.179315049332378145e-06 -2.788490182154830611e-08 -2.466437954172369555e-05 3.132000000000000000e+03
4.325172248853483552e+02 7.609249533668918787e-06 5.905772598275302334e-08 -2.632286273759291696e-05 2.680000000000000000e+03
4.346325070601815810e+02 8.183850491616882010e-06 -9.675176714136063398e-08 -2.817215839057506026e-05 2.218000000000000000e+03
4.365567227659553851e+02 7.998179233670845310e-06 -7.983117541936714525e-08 -2.754879025167609988e-05 1.728000000000000000e+03
4.386277159174848634e+02 8.329252323811033178e-06 5.037761615797980352e-08 -2.896805003272591878e-05 1.816000000000000000e+03
4.409019266196692683e+02 9.396157110228729796e-06 1.546262012007392247e-09 -3.266673380467584542e-05 1.476000000000000000e+03
4.430735479208619836e+02 9.191754471430924983e-06 -3.859434196231499912e-08 -3.194945868450963357e-05 1.108000000000000000e+03
4.448761117541747012e+02 1.004860214698849822e-05 -1.513757198439127209e-07 -3.479593443631478540e-05 7.560000000000000000e+02
4.469343758523184533e+02 1.061064528651347122e-05 1.454309035449125963e-08 -3.701233886228555284e-05 8.440000000000000000e+02
4.493013102792758104e+02 1.052161129652058442e-05 -3.184552712933826914e-08 -3.669143624333314250e-05 6.280000000000000000e+02
4.515989744176221734e+02 1.244465831466444041e-05 -8.737241929926629025e-08 -4.338415871126613803e-05 4.050000000000000000e+02
4.533101867737696580e+02 9.710458928132633199e-06 4.545633319363031938e-08 -3.396599939650975339e-05 2.020000000000000000e+02
4.552338387398290820e+02 1.305826172727803661e-05 -7.924881737930126942e-08 -4.557587003861134274e-05 2.280000000000000000e+02
4.576034578613840722e+02 1.591560677417372131e-05 -8.160753632973412018e-08 -5.558469020930055640e-05 1.240000000000000000e+02
4.599517872444100703e+02 1.501721015749072629e-05 -9.063265188597443295e-08 -5.245409888731455891e-05 5.200000000000000000e+01
4.619205689144050666e+02 2.073913311856670258e-05 4.852390336623746913e-08 -7.262758718514900861e-05 9.000000000000000000e+00
4.634281054380590490e+02 1.247038778264389582e-05 9.382281365299441708e-08 -4.373822409971315199e-05 4.000000000000000000e+00
