2.966547074898984615e+00 7.157608912236745446e+00 8.701039567811853503e-01 4.274828240224395337e+00 1.300000000000000000e+01
5.026374055021858744e+00 4.031848514191361588e+00 -1.129341847345770145e+00 9.546003817459831620e-01 3.300000000000000000e+01
7.149300621522788113e+00 3.555088685102204771e+00 -2.323736485470630608e+00 -6.483183839641335489e-01 7.900000000000000000e+01
9.278869254964254409e+00 2.796066160015911795e+00 -1.811264647795149063e+00 -9.523496383327974268e-02 1.170000000000000000e+02
1.145033261934470126e+01 2.753524561785397839e+00 -1.600334131508797553e+00 7.887867141468969390e-01 2.050000000000000000e+02
1.349295587141915043e+01 2.557970366304401111e+00 -1.017479882377887890e+00 1.161618320335633836e+00 2.350000000000000000e+02
1.558905561191892986e+01 2.609106193315088085e+00 -5.638350271491217036e-01 5.650135424691770103e-01 3.690000000000000000e+02
1.769408367255316961e+01 2.508808719730774683e+00 -3.332883170697288899e-01 9.876643001735740945e-01 4.330000000000000000e+02
1.981787480313529670e+01 2.513322276951564849e+00 1.195935056464969733e-02 2.361373242364793179e-01 5.850000000000000000e+02
2.192074938196263645e+01 2.583460843671881335e+00 5.557065740350587701e-02 4.233615807544807708e-01 6.790000000000000000e+02
2.398877635566245203e+01 2.577230392585266650e+00 1.044958763952348046e-01 -1.274996794862189031e-01 8.130000000000000000e+02
2.609286971896115759e+01 2.607990799057855913e+00 4.862885613448826583e-02 -4.982714849278250813e-01 9.850000000000000000e+02
2.823466315278179550e+01 2.560323772457885116e+00 -8.398294190272966378e-03 -8.560478397544894757e-02 1.183000000000000000e+03
3.032284873509123102e+01 2.481470304973162122e+00 -3.640298804479539241e-01 -3.641898567991207480e-01 1.269000000000000000e+03
3.240263258943403457e+01 2.380319862232077810e+00 -4.334423267829288218e-01 -5.685131382968819924e-01 1.537000000000000000e+03
3.449210129864554375e+01 2.412398927970051066e+00 -2.639398971472737832e-01 -3.692172551894332133e-01 1.653000000000000000e+03
3.658588147515196454e+01 2.465599233732411744e+00 1.274452858759790412e-02 1.791532560756371739e-01 1.963000000000000000e+03
3.868476949266977272e+01 2.413028547129328238e+00 1.601521583115123326e-01 5.027194307075431023e-01 2.121000000000000000e+03
4.078898888458283523e+01 2.394538349999832505e+00 1.411030549581833993e-01 5.824854380602175752e-01 2.413000000000000000e+03
4.289390876967645738e+01 2.422339575527236999e+00 1.051161435167178582e-01 1.360100120141428393e-01 2.635000000000000000e+03
4.498336005546935468e+01 2.335471570977253997e+00 7.935825069490172468e-02 1.283917989655985470e-01 2.877000000000000000e+03
4.706498529473824988e+01 2.250344897692076351e+00 -5.835606460113002686e-02 -1.514688696370448950e-01 3.169000000000000000e+03
4.917111919158227096e+01 2.258057935246398085e+00 -6.521282374039043261e-02 -2.394497079731516265e-01 3.507000000000000000e+03
5.126216914174227668e+01 2.187724543704251623e+00 -6.806424578337738618e-02 -1.437850818147587140e-01 3.685000000000000000e+03
5.335525146837034072e+01 2.252368674946132021e+00 -2.080427314719820661e-02 1.816114059943028242e-02 4.165000000000000000e+03
5.546637228956934251e+01 2.221928895986390096e+00 9.691446811683354645e-02 7.428677353744714273e-02 4.377000000000000000e+03
5.757318819254808773e+01 2.231053678360320092e+00 1.823468441564402576e-01 -1.070143418328760587e-01 4.855000000000000000e+03
5.965884044590281121e+01 2.201047790430405549e+00 1.319018387456342423e-01 1.297875843852746292e-01 4.929000000000000000e+03
6.174512302159506305e+01 2.156679176217056515e+00 1.079241778338734525e-01 -2.630631112653249171e-02 5.581000000000000000e+03
6.382689291137189969e+01 2.123880011663575207e+00 7.924258040678779091e-02 -3.838164650133275152e-03 5.679000000000000000e+03
6.592966228838450604e+01 2.083887561815229272e+00 -7.420420597981014499e-02 -1.379669825364691349e-01 6.385000000000000000e+03
6.803125784825746791e+01 2.044074644600155644e+00 -1.308493641535051211e-01 -1.976618304489765610e-01 6.553000000000000000e+03
7.013131008699485847e+01 2.008044185576082885e+00 -1.613058224972202248e-01 -1.403334239893329893e-01 7.125000000000000000e+03
7.223032366074338029e+01 1.982168334941461829e+00 -1.348460266438732402e-01 -5.801079958557195382e-02 7.447000000000000000e+03
7.432334270720505742e+01 1.969545199793062862e+00 -2.737864525358442783e-02 8.147251124657407806e-02 7.929000000000000000e+03
7.642066756954473306e+01 1.968808672542819993e+00 3.041943231547587778e-02 1.560114310031782692e-01 8.353000000000000000e+03
7.850471694556040347e+01 1.959511563448001370e+00 1.021907136361074886e-01 2.326733404702390484e-01 8.775000000000000000e+03
8.059701946059529121e+01 1.927060930224316460e+00 1.231943966331156270e-01 1.837755864456515342e-01 9.313000000000000000e+03
8.269521798132063850e+01 1.922802067006027960e+00 1.475723327234217640e-02 2.166400274266865392e-02 9.841000000000000000e+03
8.478307522909847194e+01 1.879395880566820498e+00 -2.013242601392527253e-02 -1.566706808633382478e-02 1.019100000000000000e+04
8.687780839616016237e+01 1.829729491782594142e+00 -7.089762343260082311e-02 -1.387577285272719729e-01 1.089700000000000000e+04
8.897524569656535220e+01 1.829456490584519646e+00 -6.690903107281161166e-02 -1.842166198351346540e-01 1.130100000000000000e+04
9.108077810470518898e+01 1.828639827511675531e+00 -4.013077333471721381e-02 -5.295140963498617265e-02 1.202500000000000000e+04
9.318432266948052245e+01 1.789784849090064078e+00 4.036698128518376172e-02 7.260284669374245103e-02 1.242300000000000000e+04
9.527887641048309320e+01 1.791614114469294750e+00 5.411655492463141037e-02 1.394213218850305636e-01 1.302100000000000000e+04
9.736254237981037818e+01 1.775799244807264810e+00 9.546320554929028923e-02 1.629496244076412415e-01 1.340500000000000000e+04
9.944832814799407572e+01 1.753099599520886009e+00 8.670518326011197874e-02 9.615764388855481404e-02 1.424700000000000000e+04
1.015460879802399035e+02 1.724055744607063234e+00 1.682455602116342611e-02 2.934519005488242516e-02 1.471300000000000000e+04
1.036426375667732316e+02 1.691334304157720014e+00 -6.786959357056799452e-03 -2.291655242516419180e-02 1.548900000000000000e+04
1.057389390539465950e+02 1.664866449485822297e+00 -2.983612039101266739e-02 -1.185700970041828409e-02 1.591300000000000000e+04
1.078395855981474227e+02 1.634526504382039613e+00 -8.437858392767678961e-02 -1.042927883530811103e-02 1.687900000000000000e+04
1.099389405850131709e+02 1.612522167166816844e+00 -1.128776953787107989e-01 -5.635449298167585774e-02 1.719300000000000000e+04
1.120392143152385387e+02 1.604076540832072073e+00 -6.083900743309794690e-02 -8.212502010725367119e-02 1.815700000000000000e+04
1.141233458569757744e+02 1.582997475496091377e+00 -3.034277562683172433e-02 3.464217573957609209e-02 1.833900000000000000e+04
1.162159397555423084e+02 1.582386255545369602e+00 1.759453279627483380e-02 4.390288403587552096e-02 1.957300000000000000e+04
1.183137204803772420e+02 1.567274440396310808e+00 4.621697432103371445e-02 5.018123433206787137e-02 1.994100000000000000e+04
1.203972311807013256e+02 1.543816778145611579e+00 1.744029131724370366e-02 8.932822084015278052e-02 2.062900000000000000e+04
1.224922363187857286e+02 1.519252186896121515e+00 -1.699538421493195645e-02 -2.939657554982507900e-02 2.165500000000000000e+04
1.245882598425863534e+02 1.497248241758107890e+00 -4.412703179606539128e-02 -5.686202275927786098e-02 2.211300000000000000e+04
1.266884677158377315e+02 1.466446005143500209e+00 -5.314337349783599534e-02 -7.861538781499098627e-02 2.318500000000000000e+04
1.287846620419940962e+02 1.440212125479974237e+00 -4.789021184043152496e-02 3.216379596199446522e-02 2.366700000000000000e+04
1.308713393788149801e+02 1.444546442235236983e+00 -1.424295536158304808e-02 3.500948432638447544e-02 2.438500000000000000e+04
1.329754833440644575e+02 1.425087550029985550e+00 2.386361342337879957e-02 6.250954675975503583e-02 2.574900000000000000e+04
1.350691081525609434e+02 1.408682004241410324e+00 -3.292553408241027501e-04 4.585336893870111535e-02 2.567500000000000000e+04
1.371638825856825576e+02 1.388102148149744197e+00 -9.895700114902247768e-03 2.911672447819528900e-02 2.740900000000000000e+04
1.392604757372163533e+02 1.356715838220378778e+00 -4.847914949474099212e-03 3.693177599708592079e-02 2.740500000000000000e+04
1.413466882908376760e+02 1.352183119902022890e+00 -1.943453912324189653e-02 -1.676580846291646221e-02 2.871700000000000000e+04
1.434475230090064031e+02 1.325388460996886009e+00 -3.206624955496375357e-02 -4.546294111161736790e-02 2.959500000000000000e+04
1.455452853418541679e+02 1.308195680967089158e+00 -3.315092991619247170e-02 -5.687117283373270549e-02 3.030100000000000000e+04
1.476332061073587738e+02 1.292708740756017383e+00 -5.060916317653779695e-02 -7.152538317489355590e-02 3.110100000000000000e+04
1.497211472843286231e+02 1.270382085058357813e+00 -4.934267754308186565e-02 -4.409771439802001591e-02 3.202300000000000000e+04
1.518138048751577287e+02 1.254733555477965501e+00 -1.481377129444831284e-02 1.535165075755096260e-02 3.297700000000000000e+04
1.539211490100352648e+02 1.246984744128500022e+00 9.397984884066677355e-03 4.606234543699566641e-02 3.444900000000000000e+04
1.560214747341236716e+02 1.221691340043445484e+00 -7.870754986933233693e-03 5.918561599003535623e-02 3.454900000000000000e+04
1.581161747588121784e+02 1.203844634426102234e+00 -3.741893672338720417e-02 3.598989548220228249e-03 3.611100000000000000e+04
1.602118712271799836e+02 1.179932120619552327e+00 -7.002437698134701682e-02 -3.397721430907290566e-03 3.654100000000000000e+04
1.623006419462898862e+02 1.155039069097126170e+00 -9.408504189208852231e-02 -4.342120461813958610e-02 3.771700000000000000e+04
1.643899033199985240e+02 1.137870084508566526e+00 -9.371390873444494785e-02 -5.924049527736806320e-02 3.861900000000000000e+04
1.664835582381511756e+02 1.133632881749834231e+00 -7.273364038995681902e-02 -2.480024539797338889e-02 3.966100000000000000e+04
1.685719683778473552e+02 1.122223382632127064e+00 -4.207087430687180690e-02 -1.596625682929305595e-02 4.054500000000000000e+04
1.706641332089364766e+02 1.109990302461477674e+00 -3.344001621051892470e-02 1.300605793517214080e-02 4.181500000000000000e+04
1.727708699256135390e+02 1.103032156843204881e+00 -3.061454460535556824e-02 -2.596203323054973016e-03 4.312500000000000000e+04
1.748696546009699659e+02 1.081325377284994449e+00 -2.565497350344393343e-02 2.172541431959704866e-02 4.368100000000000000e+04
1.769585769494445344e+02 1.073223658788845736e+00 -2.831895119040173797e-02 1.936355061453511614e-04 4.462900000000000000e+04
1.790524509315575301e+02 1.054790957513019212e+00 -4.725995735844497336e-02 -2.915536489807073542e-02 4.622700000000000000e+04
1.811526521261263554e+02 1.032967550649228183e+00 -7.528383346525703568e-02 -3.339110492237370997e-02 4.690900000000000000e+04
1.832476884130738881e+02 1.017944242838898061e+00 -1.090010948286060377e-01 -6.019014316686398941e-02 4.823700000000000000e+04
1.853312475833926101e+02 9.976097461927253551e-01 -1.137976401522363540e-01 -3.597807515118157939e-02 4.858300000000000000e+04
1.874284892203218931e+02 9.863298093532714139e-01 -1.067017489282413301e-01 -4.196085146959875611e-02 5.099700000000000000e+04
1.895337179075755216e+02 9.779508391754243579e-01 -9.448787386056312076e-02 -1.930352143089350547e-02 5.139700000000000000e+04
1.916268196474026126e+02 9.691923682327145961e-01 -8.841554453723103613e-02 5.476706694267371479e-03 5.248900000000000000e+04
1.937183403446852878e+02 9.576325372333249764e-01 -8.647809321308103092e-02 2.054372704177850895e-02 5.378700000000000000e+04
1.958131498886989164e+02 9.395825126730269483e-01 -1.048839083273102879e-01 -3.756926801216972764e-05 5.491300000000000000e+04
1.979058740098966211e+02 9.251882269355783395e-01 -1.257422277275531131e-01 -2.271678582750958492e-02 5.597700000000000000e+04
1.999990651597893816e+02 9.125846622601891944e-01 -1.415606777888252787e-01 -2.722163429445391761e-02 5.741500000000000000e+04
2.020893038374759101e+02 9.039048980633241914e-01 -1.399921318278069537e-01 -3.884921337220274135e-02 5.810500000000000000e+04
2.041823192148177952e+02 8.926945166876242288e-01 -1.464410835138071909e-01 -4.604508862051126528e-02 6.003300000000000000e+04
2.062825911013838152e+02 8.807293950643395597e-01 -1.489303634618190098e-01 -3.737554382407118347e-02 6.094900000000000000e+04
2.083770189145966185e+02 8.695409064816449485e-01 -1.507687423557026729e-01 -1.749619330967892850e-02 6.223500000000000000e+04
2.104675816794403431e+02 8.582505496793847444e-01 -1.512014696618183551e-01 -7.676508646988202018e-03 6.322900000000000000e+04
2.125667854244018145e+02 8.509633494556608779e-01 -1.535710980663519687e-01 -3.824406334712830832e-04 6.513300000000000000e+04
2.146619261104851830e+02 8.414035589108062041e-01 -1.578895897658734448e-01 3.675132973509075444e-04 6.570700000000000000e+04
2.167561805722037036e+02 8.277710516305180066e-01 -1.770515317467390715e-01 9.136558227452918832e-03 6.756100000000000000e+04
2.188528705899679210e+02 8.159436828506293482e-01 -1.919121108016657307e-01 -2.208354063654202962e-02 6.850500000000000000e+04
2.209456427453084473e+02 8.057139944974102130e-01 -2.019045913745021181e-01 -3.694957113410306943e-02 6.994300000000000000e+04
2.230395148320731096e+02 7.956706941302409408e-01 -2.110010748537539949e-01 -3.000997833968223685e-02 7.109700000000000000e+04
2.251356732858534997e+02 7.893860819557989572e-01 -2.199159094255583591e-01 -2.495972227956007317e-02 7.302100000000000000e+04
2.272278504864401327e+02 7.791571160012625841e-01 -2.082783335622997722e-01 -1.138258827008893463e-02 7.331700000000000000e+04
2.293197511287232544e+02 7.744541950854328949e-01 -2.103051739667971820e-01 -1.098271585996231717e-02 7.579900000000000000e+04
2.314114772346510165e+02 7.685849003520155431e-01 -2.230383782852837504e-01 3.642661359941400199e-03 7.602100000000000000e+04
2.335058467478245632e+02 7.589692463345345530e-01 -2.265572400079610971e-01 5.150798428505522567e-03 7.875300000000000000e+04
2.356041652202905539e+02 7.531859266550593457e-01 -2.395518855260558022e-01 -1.824157289543931748e-02 7.929100000000000000e+04
2.377006336558306998e+02 7.421779083518686981e-01 -2.530413053908625587e-01 -7.885639213366456290e-03 8.112900000000000000e+04
2.397972750390475198e+02 7.332225539587529095e-01 -2.710811291776842324e-01 -1.585485066772841789e-02 8.244100000000000000e+04
2.418944602532704096e+02 7.268216109874869879e-01 -2.791624009582570620e-01 -4.124498957513813777e-03 8.394900000000000000e+04
2.439884227569783093e+02 7.196973043577836737e-01 -2.827230715519831739e-01 -9.430565755339140321e-03 8.512300000000000000e+04
2.460835996828307373e+02 7.169981582811896237e-01 -2.864648184287232335e-01 1.731269984946417345e-02 8.692900000000000000e+04
2.481755280705312146e+02 7.097640764732050522e-01 -2.891372139490331894e-01 3.128071968158885330e-02 8.778900000000000000e+04
2.502623700647570217e+02 7.086710694563470581e-01 -2.966783494263536824e-01 4.364775209638132453e-02 8.962300000000000000e+04
2.523586155105348325e+02 7.025214283857593722e-01 -3.088595734143472216e-01 5.022486251649081052e-02 9.134100000000000000e+04
2.544547077866985489e+02 6.987308191486436559e-01 -3.240679670909931698e-01 5.996723513567954467e-02 9.284500000000000000e+04
2.565487653287422063e+02 6.949949641241677245e-01 -3.347684067491717985e-01 6.097383527792653302e-02 9.408700000000000000e+04
2.586464955058470991e+02 6.890346837354874854e-01 -3.429715176648177599e-01 5.690683482543628519e-02 9.633300000000000000e+04
2.607443047329861656e+02 6.877245044097766158e-01 -3.611108676071778101e-01 6.681411463573583287e-02 9.724900000000000000e+04
2.628438312173413465e+02 6.852081533332111674e-01 -3.719893328048175518e-01 7.541719552567499596e-02 9.950100000000000000e+04
2.649298855659840228e+02 6.852481726648710358e-01 -3.807460412686762274e-01 9.338398282697678299e-02 9.928300000000000000e+04
2.670163698864117805e+02 6.864557395530516137e-01 -3.861708386557580752e-01 1.051640000854919960e-01 1.025370000000000000e+05
2.691120556714307668e+02 6.851512838419971940e-01 -3.729188407021576945e-01 1.016671109586928939e-01 1.022830000000000000e+05
2.712074998348403483e+02 6.829910546850317399e-01 -3.616615331872347627e-01 4.016866490971118114e-02 1.021060000000000000e+05
2.733050116933233653e+02 6.762984789990656997e-01 -3.580605678969518424e-01 -3.421262328842682165e-02 1.007340000000000000e+05
2.753977295572417461e+02 6.668020526542020043e-01 -3.535198189744073738e-01 -1.177018434576033584e-01 9.999400000000000000e+04
2.774958294534935703e+02 6.620727981869156675e-01 -3.556787194685838149e-01 -1.783082649001177244e-01 9.936000000000000000e+04
2.795977707949222122e+02 6.508056987357561107e-01 -3.513171828282414255e-01 -2.377101284339140641e-01 9.860800000000000000e+04
2.816862895118986785e+02 6.445156104063667346e-01 -3.464978469180622356e-01 -2.952506241573688017e-01 9.625200000000000000e+04
2.837743515740906446e+02 6.381285952576708498e-01 -3.387735195334186655e-01 -3.435429168827900392e-01 9.640000000000000000e+04
2.858713251310674650e+02 6.336896591456271377e-01 -3.325681090625266512e-01 -3.796923999715860476e-01 9.539800000000000000e+04
2.879670932628575883e+02 6.309725610996916867e-01 -3.194937220285768986e-01 -4.336408531368407537e-01 9.402000000000000000e+04
2.900590582015512382e+02 6.212478407964421301e-01 -3.020858103165754427e-01 -4.712634210260953083e-01 9.316000000000000000e+04
2.921519201901450060e+02 6.237065541679763792e-01 -2.919725645639562051e-01 -5.181563252423126986e-01 9.177600000000000000e+04
2.942485935102203030e+02 6.191625251623256165e-01 -2.805922742604687325e-01 -5.508807744657027161e-01 9.137800000000000000e+04
2.963426645133968691e+02 6.126995582196811396e-01 -2.738160411940638306e-01 -5.791370511572146995e-01 8.949000000000000000e+04
2.984329904966970162e+02 6.067509394582781823e-01 -2.612791949468997732e-01 -6.202030739409436499e-01 8.845000000000000000e+04
3.005290481640043367e+02 6.021878799421123141e-01 -2.545836634109965857e-01 -6.461366672570172387e-01 8.794600000000000000e+04
3.026245947235937592e+02 6.030857625275258815e-01 -2.461587333738505246e-01 -6.842662832613083390e-01 8.575200000000000000e+04
3.047205651109674704e+02 5.953291085165011154e-01 -2.362832302312965482e-01 -7.072521826866430272e-01 8.574400000000000000e+04
3.068167457111920839e+02 5.927121234396252047e-01 -2.299953030322267333e-01 -7.372616222563235233e-01 8.322000000000000000e+04
3.089118625384018060e+02 5.865906150347677261e-01 -2.259785879176076928e-01 -7.533728433761560650e-01 8.302000000000000000e+04
3.110099981664167785e+02 5.760648229876486059e-01 -2.204224247800813385e-01 -7.690356399156086376e-01 8.106400000000000000e+04
3.131040997612852266e+02 5.730982930688803823e-01 -2.133448627164391542e-01 -7.986631683623995892e-01 7.983000000000000000e+04
3.151936712677708670e+02 5.663016259091235849e-01 -2.080135481463127323e-01 -8.134091266384129160e-01 7.823800000000000000e+04
3.172858841403398173e+02 5.612814247820065994e-01 -2.010839130691039478e-01 -8.326862107523166356e-01 7.715400000000000000e+04
3.193772099476266817e+02 5.563595646198161715e-01 -1.922090141059804302e-01 -8.428796872515166294e-01 7.546600000000000000e+04
3.214753775151562536e+02 5.558724717261973591e-01 -1.833901314795320092e-01 -8.703756939488550559e-01 7.480200000000000000e+04
3.235746879206847666e+02 5.527774731718848589e-01 -1.778090174539528057e-01 -8.876785997232174985e-01 7.258000000000000000e+04
3.256647237020029024e+02 5.508407411747267002e-01 -1.665593051138870850e-01 -9.135684400177174203e-01 7.133800000000000000e+04
3.277571324083919535e+02 5.475701653019469095e-01 -1.600377329784895830e-01 -9.321353724239834770e-01 6.964200000000000000e+04
3.298487111637800240e+02 5.363859535164992032e-01 -1.485953596495242501e-01 -9.297055451558453587e-01 6.832600000000000000e+04
3.319433744068021497e+02 5.337602658629946317e-01 -1.439602604119955276e-01 -9.452739000651253498e-01 6.674400000000000000e+04
3.340422322988853239e+02 5.355583341198703051e-01 -1.333841322930208462e-01 -9.692300234885640187e-01 6.533800000000000000e+04
3.361307892565458246e+02 5.302491303772618458e-01 -1.260373926330273231e-01 -9.790306224992137984e-01 6.315600000000000000e+04
3.382251120895489294e+02 5.284416937835179073e-01 -1.202274080863442313e-01 -9.932702643177152568e-01 6.214000000000000000e+04
3.403264013195363304e+02 5.238724649985183612e-01 -1.171175318769856893e-01 -9.996892175957590165e-01 6.051400000000000000e+04
3.424148842577288860e+02 5.221062198176223967e-01 -1.099615678982006212e-01 -1.023294523448297522e+00 5.799000000000000000e+04
3.445099495577244397e+02 5.211923655428162272e-01 -1.018661425477586091e-01 -1.040543154466264886e+00 5.742400000000000000e+04
3.466144105402300397e+02 5.255757408500415506e-01 -9.637671699096049538e-02 -1.065883978160498513e+00 5.518200000000000000e+04
3.487067496858389859e+02 5.274941760159816972e-01 -9.058380629605601586e-02 -1.085327864085494642e+00 5.306800000000000000e+04
3.507912540595516475e+02 5.277968724017882973e-01 -8.342955833573621749e-02 -1.103751379402271304e+00 5.152800000000000000e+04
3.528807167895711814e+02 5.209455708150746434e-01 -7.418687800522259790e-02 -1.125410631331471789e+00 4.954600000000000000e+04
3.549828487415276754e+02 5.232241980763252531e-01 -6.656942071115010129e-02 -1.144196204017518426e+00 4.846600000000000000e+04
3.570768480370360862e+02 5.182905777802867542e-01 -6.976145243300514720e-02 -1.142044420563694596e+00 4.566600000000000000e+04
3.591652111747225717e+02 5.216242364901583217e-01 -6.521392035990231095e-02 -1.162180812713955236e+00 4.423000000000000000e+04
3.612627896178847777e+02 5.210989599483197843e-01 -6.339052113900951746e-02 -1.178233690992938287e+00 4.254000000000000000e+04
3.633645820428338880e+02 5.219182032869653654e-01 -6.151192106263488751e-02 -1.203666080648176040e+00 4.022200000000000000e+04
3.654527365610065885e+02 5.241510976941646804e-01 -5.699588759187586284e-02 -1.219002108363626879e+00 3.842200000000000000e+04
3.675441472124314259e+02 5.212344851077770347e-01 -5.185581771855941186e-02 -1.252704857904875402e+00 3.624600000000000000e+04
3.696396280380744201e+02 5.220022561988548748e-01 -5.168357785836966839e-02 -1.257272340405055644e+00 3.455200000000000000e+04
3.717297223820279441e+02 5.233053156242009063e-01 -4.324948925326939364e-02 -1.302161279966517649e+00 3.213600000000000000e+04
3.738176974939287902e+02 5.348885869926592873e-01 -4.359860161472169093e-02 -1.338546074523876639e+00 3.029200000000000000e+04
3.759110996783247174e+02 5.340643706479164532e-01 -3.119816713779790390e-02 -1.388238734933138874e+00 2.830200000000000000e+04
3.780081394014102898e+02 5.264668770266681674e-01 -3.094236727319902430e-02 -1.407137466262087466e+00 2.605600000000000000e+04
3.801051557582653118e+02 5.282442832261344812e-01 -2.457657021755283583e-02 -1.459696021007683031e+00 2.421100000000000000e+04
3.821955053587425937e+02 5.289772670535975996e-01 -2.262919351900087583e-02 -1.495184541831216629e+00 2.220600000000000000e+04
3.842862749912937943e+02 5.260200847890569298e-01 -2.679407064838724289e-02 -1.510610846331985835e+00 2.088400000000000000e+04
3.863841918340856409e+02 5.227708392779014668e-01 -2.777468460414088403e-02 -1.518582226127506152e+00 1.939200000000000000e+04
3.884771734501698006e+02 5.241493514328163794e-01 -2.566502082928578607e-02 -1.552195059913817898e+00 1.805800000000000000e+04
3.905623371605522607e+02 5.226468754713649023e-01 -1.979804313576694758e-02 -1.575372933788311780e+00 1.674600000000000000e+04
3.926667500119167471e+02 5.202238717206636442e-01 -1.612061625531643200e-02 -1.595784792344487224e+00 1.589800000000000000e+04
3.947778557744774162e+02 5.188032967522721028e-01 -1.592428938179709513e-02 -1.610331894771613426e+00 1.457800000000000000e+04
3.968631060462392952e+02 5.252502932335447738e-01 -1.836337530694268430e-02 -1.641549238049132997e+00 1.344300000000000000e+04
3.989413219049817485e+02 5.244644161979362673e-01 -1.779967282788420466e-02 -1.652227328516433502e+00 1.251100000000000000e+04
4.010572258526528344e+02 5.202583067795658600e-01 -2.175308396662386026e-02 -1.646610649697527462e+00 1.191900000000000000e+04
4.031656962107319373e+02 5.245333845135343731e-01 -2.719885557298168041e-02 -1.663718332814487111e+00 1.063900000000000000e+04
4.052249146637423678e+02 5.279944822615704192e-01 -1.819240044569176915e-02 -1.700011822779115889e+00 9.775000000000000000e+03
4.073276634718891387e+02 5.282960495578635784e-01 -1.550245779853655533e-02 -1.715782027299247225e+00 9.423000000000000000e+03
4.094593776408451049e+02 5.364072544183700053e-01 -1.005791677845050032e-02 -1.758979681735929335e+00 8.449000000000000000e+03
4.115405539130957777e+02 5.536170205666186561e-01 -1.152332235487212898e-02 -1.822477802704685512e+00 7.596000000000000000e+03
4.135894252671187132e+02 5.615536615201127679e-01 -6.206358668481787647e-03 -1.860028300842292204e+00 6.931000000000000000e+03
4.156930049049321951e+02 5.587714693433076807e-01 8.674849986605310788e-04 -1.870295927101113920e+00 6.612000000000000000e+03
4.178272827209258367e+02 5.771598454053163962e-01 7.385626933518775472e-03 -1.945163508873527736e+00 5.899000000000000000e+03
4.199082037741286513e+02 5.790344201913725231e-01 1.026675317364469237e-02 -1.961183385702609971e+00 5.176000000000000000e+03
4.219826095167229028e+02 6.044525576944086431e-01 1.591792950260466355e-02 -2.064984328088968812e+00 4.824000000000000000e+03
4.241028763136273483e+02 6.243111786176136491e-01 1.510502417864748037e-02 -2.145226218690911679e+00 4.312000000000000000e+03
4.262107721966358440e+02 6.445120340482964894e-01 1.084089733911471932e-02 -2.213753071568453912e+00 3.819000000000000000e+03
4.282460731868927724e+02 6.326369601885329930e-01 6.485960598767117301e-03 -2.176108215123026213e+00 3.220000000000000000e+03
4.303287648834323136e+02 6.500479937144146847e-01 6.460750766037689358e-03 -2.244120253490274219e+00 3.132000000000000000e+03
4.325172248853483552e+02 7.083013589861323345e-01 3.146153394320468696e-03 -2.448065165871785354e+00 2.680000000000000000e+03
4.346325070601815810e+02 7.385152770798844024e-01 -5.038142849505735515e-03 -2.546385128895724659e+00 2.218000000000000000e+03
4.365567227659553851e+02 7.228810645294615478e-01 -8.209334122164804737e-03 -2.490022976576006464e+00 1.728000000000000000e+03
4.386277159174848634e+02 6.968594476170848484e-01 -6.651694847317132786e-03 -2.410784878853807545e+00 1.816000000000000000e+03
4.409019266196692683e+02 6.928344965743392647e-01 -8.060288656792757855e-03 -2.398753401750581826e+00 1.476000000000000000e+03
4.430735479208619836e+02 7.357892684449796050e-01 -2.070582509922334023e-03 -2.556872355480320991e+00 1.108000000000000000e+03
4.448761117541747012e+02 7.371502594730960922e-01 -3.388152117758703140e-03 -2.559930997947535314e+00 7.560000000000000000e+02
4.469343758523184533e+02 7.384524984507592205e-01 1.014089724365945834e-03 -2.573933377165294800e+00 8.440000000000000000e+02
4.493013102792758104e+02 7.620912089538816048e-01 -1.734760635131636858e-03 -2.656483409702674603e+00 6.280000000000000000e+02
4.515989744176221734e+02 8.556523356255085755e-01 6.461128102735399191e-03 -2.995593683145311825e+00 4.050000000000000000e+02
4.533101867737696580e+02 9.427131062651431526e-01 4.122571299350032831e-03 -3.297407680761814674e+00 2.020000000000000000e+02
4.552338387398290820e+02 1.102745178214448840e+00 6.001283758092639496e-03 -3.861710869184441286e+00 2.280000000000000000e+02
4.576034578613840722e+02 1.286744085882107536e+00 4.143042635537790355e-03 -4.504725910407100464e+00 1.240000000000000000e+02
4.599517872444100703e+02 1.213249278970543132e+00 -7.987925656585833332e-04 -4.243941393577943977e+00 5.200000000000000000e+01
4.619205689144050666e+02 9.838317402736369566e-01 -1.749763018403795406e-04 -3.442743018536081667e+00 9.000000000000000000e+00
4.634281054380590490e+02 5.235730448619360100e-01 2.299660199820286431e-03 -1.834702708419751804e+00 4.000000000000000000e+00
