8.899641224696955288e-02 9.848223017790196463e+05 -1.612250358460804364e+03 -4.467383019917313941e+05 1.300000000000000000e+01
1.507912216506557823e-01 9.580002501068948768e+05 -7.551630462073696435e+03 1.515722486016969196e+05 3.300000000000000000e+01
2.144790186456836945e-01 9.169554684792478802e+05 -1.397122869482624264e+04 -1.747503008987052308e+05 7.900000000000000000e+01
2.783660776489276789e-01 8.641818261250542710e+05 -2.348020488273529190e+04 -2.934281686793428526e+04 1.170000000000000000e+02
3.435099785803411021e-01 8.000599071212366689e+05 -3.368837823905100959e+04 -3.727169747828546679e+04 2.050000000000000000e+02
4.047886761425745772e-01 7.328033514694256010e+05 -4.540832688531705935e+04 5.758797976094172918e+04 2.350000000000000000e+02
4.676716683575679601e-01 6.589835716506770113e+05 -5.321786644915483339e+04 -4.443822728360967449e+04 3.690000000000000000e+02
5.308225101765952081e-01 5.822950826812280575e+05 -6.323521929941906274e+04 4.092877182474927849e+03 4.330000000000000000e+02
5.945362440940590298e-01 5.049025380282831611e+05 -6.992060637621719798e+04 -1.182936072314189551e+04 5.850000000000000000e+02
6.576224814588792489e-01 4.300262849067866919e+05 -7.710199631966897869e+04 3.070249291584349339e+04 6.790000000000000000e+02
7.196632906698736676e-01 3.608201114258278394e+05 -7.599980685207684292e+04 -4.019123085055529373e+04 8.130000000000000000e+02
7.827860915688348298e-01 2.956000647753212834e+05 -7.510781958469618985e+04 -3.731947416462055844e+04 9.850000000000000000e+02
8.470398945834540783e-01 2.350996812119948154e+05 -7.634063193541244254e+04 -2.190899786123521267e+02 1.183000000000000000e+03
9.096854620527370372e-01 1.840024397997392516e+05 -7.042406782464831485e+04 -1.554458461105448623e+04 1.269000000000000000e+03
9.720789776830213169e-01 1.406790460539141495e+05 -6.263088737776707421e+04 -2.518438474784514256e+04 1.537000000000000000e+03
1.034763038959366499e+00 1.040799280318596429e+05 -5.518248626808876725e+04 -2.427344636214310594e+04 1.653000000000000000e+03
1.097576444254559247e+00 7.470253550308344711e+04 -4.625358858300239808e+04 -2.013755742169502992e+04 1.963000000000000000e+03
1.160543084780093270e+00 5.170837256112381874e+04 -3.698710664241657651e+04 -2.014689765815068677e+04 2.121000000000000000e+03
1.223669666537485323e+00 3.449050394979584962e+04 -2.786158148428474306e+04 -1.655263170618930599e+04 2.413000000000000000e+03
1.286817263090294094e+00 2.228489467917205911e+04 -1.926820454552146475e+04 -1.268489810563227547e+04 2.635000000000000000e+03
1.349500801664080818e+00 1.386668059071198877e+04 -1.208870238749224700e+04 -6.386087388575709156e+03 2.877000000000000000e+03
1.411949558842147567e+00 8.968967915391827773e+03 -5.688222678418144824e+03 -2.074348673884595428e+03 3.169000000000000000e+03
1.475133575747468395e+00 6.158649385970479671e+03 -7.398281309330151316e+02 3.374648633933029032e+03 3.507000000000000000e+03
1.537865074252268593e+00 4.976106769243107919e+03 2.733183685615832019e+03 8.621321580240817639e+03 3.685000000000000000e+03
1.600657544051110381e+00 4.855024452368251332e+03 5.081492877555379891e+03 1.322870258481562087e+04 4.165000000000000000e+03
1.663991168687080524e+00 5.333636047316163967e+03 6.283343398960492777e+03 1.718795935839816593e+04 4.377000000000000000e+03
1.727195645776442801e+00 5.756207388674495633e+03 6.153158724008143508e+03 1.930368744407279519e+04 4.855000000000000000e+03
1.789765213377084718e+00 6.403169629243619056e+03 5.666070238001253529e+03 2.152221925236296738e+04 4.929000000000000000e+03
1.852353690647852158e+00 6.494715690668548632e+03 4.368652107656326734e+03 2.115199650460234625e+04 5.581000000000000000e+03
1.914806787341157390e+00 6.694406863981764218e+03 3.021320933489842446e+03 2.133387752735489994e+04 5.679000000000000000e+03
1.977889868651535599e+00 6.253289300526416810e+03 1.479338743422380503e+03 1.910008166245936809e+04 6.385000000000000000e+03
2.040937735447724499e+00 5.906672603652000362e+03 4.799134196015481280e+01 1.749605277607330572e+04 6.553000000000000000e+03
2.103939302609846074e+00 5.230413775126854489e+03 -1.200447542024189715e+03 1.483717516181492647e+04 7.125000000000000000e+03
2.166909709822301799e+00 4.395500264307554062e+03 -2.109584043655699588e+03 1.180938338107748859e+04 7.447000000000000000e+03
2.229700281216152380e+00 3.609357000252562557e+03 -2.661290140104112652e+03 8.997151150153949857e+03 7.929000000000000000e+03
2.292620027086342382e+00 2.853527799167570265e+03 -2.901812733699818182e+03 6.472415426134589325e+03 8.353000000000000000e+03
2.355141508366812353e+00 2.277184048310996332e+03 -2.980014293771110260e+03 4.656719299178549591e+03 8.775000000000000000e+03
2.417910583817858949e+00 1.719556533013054377e+03 -2.555091797937867796e+03 3.053255790024924408e+03 9.313000000000000000e+03
2.480856539439619368e+00 1.361936606405477505e+03 -2.025694106122159383e+03 2.223551916219616487e+03 9.841000000000000000e+03
2.543492256872954549e+00 1.179534746828677271e+03 -1.416507114343972262e+03 2.194713273688001209e+03 1.019100000000000000e+04
2.606334251884805386e+00 1.150522622955372981e+03 -6.537585549312557305e+02 2.667583661321768432e+03 1.089700000000000000e+04
2.669257370896960690e+00 1.224586061469488186e+03 1.165521452365303929e+02 3.739345739516313643e+03 1.130100000000000000e+04
2.732423343141155758e+00 1.452070555525232521e+03 8.945229404728753480e+02 5.345760798961240653e+03 1.202500000000000000e+04
2.795529680084416047e+00 1.709440452326060495e+03 1.594206602281864662e+03 7.059924973209638665e+03 1.242300000000000000e+04
2.858366292314493240e+00 2.047364917773671550e+03 2.293456772872477814e+03 9.152646866571725695e+03 1.302100000000000000e+04
2.920876271394311718e+00 2.369672869178234578e+03 2.849528464453854667e+03 1.099212394342541120e+04 1.340500000000000000e+04
2.983449844439822751e+00 2.596335706739145735e+03 3.271998541215401929e+03 1.240615371017628968e+04 1.424700000000000000e+04
3.046384918400867114e+00 2.092663921823526380e+03 2.638155125865205264e+03 9.450349650672544158e+03 1.427500000000000000e+04
3.109279688161210142e+00 1.058809639685536240e+03 1.275596027129929553e+03 3.723942460673843016e+03 1.410000000000000000e+04
3.172087338483245755e+00 5.054727915211302047e+02 5.078854389738207260e+02 1.185187791000835432e+03 1.351600000000000000e+04
3.235077053285361881e+00 2.669377074889532082e+02 1.614270372566724632e+02 2.215974607294370742e+02 1.349200000000000000e+04
3.297974619160294107e+00 1.936019337076611180e+02 6.167835794016720996e+01 -8.145203144392598915e+01 1.270200000000000000e+04
3.360979404794635528e+00 1.844320321031451044e+02 4.992410252807108861e+01 -1.888143252171879567e+02 1.263400000000000000e+04
3.423687966102657132e+00 1.914227914461185946e+02 7.063426999536775952e+01 -2.315547295118611260e+02 1.180200000000000000e+04
3.486367717614779593e+00 1.902490008777844253e+02 8.340897793382977454e+01 -2.417755128728660168e+02 1.159000000000000000e+04
3.549237455189846013e+00 1.821009329686390572e+02 8.550813497885300762e+01 -2.389777431561250580e+02 1.100400000000000000e+04
3.611466567116090154e+00 1.618389177779810097e+02 7.412681901286845232e+01 -2.206694135236751038e+02 1.025800000000000000e+04
3.674175279485516032e+00 1.421478213025827131e+02 6.081811653069190271e+01 -2.075249993565815601e+02 1.013800000000000000e+04
3.737325177637534246e+00 1.206353404182175524e+02 4.504365842054230740e+01 -1.934095582754096370e+02 9.282000000000000000e+03
3.800314856493150373e+00 1.119549227113526513e+02 4.335281122017617861e+01 -2.156601558059398087e+02 8.824000000000000000e+03
3.863228937922256190e+00 1.114264552794280405e+02 4.592438331805284690e+01 -2.464517455357720905e+02 8.130000000000000000e+03
3.925673163149277833e+00 1.183559524551933322e+02 5.833905057509878134e+01 -3.057934448485135590e+02 7.330000000000000000e+03
3.988379144029963186e+00 1.461301750673972606e+02 8.824818779957033144e+01 -4.138151659475087740e+02 6.960000000000000000e+03
4.051365442737894007e+00 1.481939324402792408e+02 8.793670553569543813e+01 -4.368863070154776551e+02 5.944000000000000000e+03
4.114073661208438537e+00 1.874453662975809607e+02 1.274023413371760682e+02 -5.735432693758833693e+02 5.482000000000000000e+03
4.176398926321660099e+00 1.632079137185965010e+02 9.577903531830231998e+01 -4.992909374111998204e+02 4.458000000000000000e+03
4.238428652338137148e+00 1.393823318986822528e+02 6.650793802485316064e+01 -4.255769437072300434e+02 3.892000000000000000e+03
4.301987060447956424e+00 9.714439315377251205e+01 1.907511111884855026e+01 -2.925102815971521864e+02 3.165000000000000000e+03
4.365598466856841497e+00 8.501707014413692320e+01 4.942292876604181373e+00 -2.599095575759546364e+02 2.617000000000000000e+03
4.427107359730706015e+00 8.608662529967247679e+01 4.466468827541414832e+00 -2.716169095137061049e+02 2.037000000000000000e+03
4.489602987092925268e+00 8.981093293355837659e+01 6.219104450378912574e+00 -2.928622669025002097e+02 1.831000000000000000e+03
4.554125500073445743e+00 9.382281802544991933e+01 6.864185063269345299e+00 -3.120601730183500990e+02 1.435000000000000000e+03
4.616430240049651523e+00 9.629110644357403714e+01 5.791201633255527170e+00 -3.240483353171242129e+02 1.119000000000000000e+03
4.677252312221349406e+00 9.854061253700615453e+01 3.519356238954666427e+00 -3.333674462388827351e+02 8.800000000000000000e+02
4.741981513824780059e+00 1.021069104603940616e+02 9.281529088099639280e-01 -3.474870415166101338e+02 7.470000000000000000e+02
4.809273072599613563e+00 1.118542098517948347e+02 -7.881122374452212975e-01 -3.824703875988981849e+02 5.200000000000000000e+02
4.871546600533164906e+00 1.270984914476199492e+02 -1.698322210862666770e+00 -4.362136345736530529e+02 3.280000000000000000e+02
4.925260063653622566e+00 1.434894805745944382e+02 -2.352130535587560800e+00 -4.934685929256060604e+02 2.160000000000000000e+02
4.988369355351538026e+00 1.730962920470311985e+02 -1.515645530028354226e+00 -6.005226296737870371e+02 1.720000000000000000e+02
5.058296331193474771e+00 2.130294231716115689e+02 -8.380986859869249406e-01 -7.423240814394978315e+02 8.400000000000000000e+01
5.124330000078495928e+00 2.575586635575886021e+02 -2.860232771377642647e-01 -8.999473198719040283e+02 2.500000000000000000e+01
5.169965902813741465e+00 2.893669869231692928e+02 -2.305444030936612543e-01 -1.011345422191674629e+03 6.000000000000000000e+00
5.223742168994547797e+00 3.324695440280787579e+02 0.000000000000000000e+00 -1.163643404098275596e+03 1.000000000000000000e+00
