8.899641224696955288e-02 9.821839162695831619e+05 -1.571821995992145276e+03 -4.427486487092266325e+05 1.300000000000000000e+01
1.507912216506557823e-01 9.509778710339592071e+05 -7.235600550144188674e+03 1.523593832898195251e+05 3.300000000000000000e+01
2.144790186456836945e-01 9.039447743327519856e+05 -1.306492773286676311e+04 -1.714080824388802575e+05 7.900000000000000000e+01
2.783660776489276789e-01 8.446644588699023006e+05 -2.134018047781885980e+04 -2.808993467527161556e+04 1.170000000000000000e+02
3.435099785803411021e-01 7.745731210254119942e+05 -2.922440151542593230e+04 -3.793265477479752735e+04 2.050000000000000000e+02
4.047886761425745772e-01 7.030967559893354774e+05 -3.781365258384894696e+04 5.083742286156501359e+04 2.350000000000000000e+02
4.676716683575679601e-01 6.276232111321527045e+05 -4.178363250428334868e+04 -5.037441418471608631e+04 3.690000000000000000e+02
5.308225101765952081e-01 5.518752273008686025e+05 -4.682696396980691497e+04 -8.371841986556097254e+03 4.330000000000000000e+02
5.945362440940590298e-01 4.786777553372526309e+05 -4.844971602285322297e+04 -2.709002909181295763e+04 5.850000000000000000e+02
6.576224814588792489e-01 4.104362311588016455e+05 -4.948077355838911899e+04 8.614406739902671688e+03 6.790000000000000000e+02
7.196632906698736676e-01 3.505876243308408884e+05 -4.547218263930809189e+04 -6.269091424340846424e+04 8.130000000000000000e+02
7.827860915688348298e-01 2.963102536610535462e+05 -4.105686106294312049e+04 -6.711676998992194422e+04 9.850000000000000000e+02
8.470398945834540783e-01 2.464008749350645521e+05 -3.917666359047174046e+04 -2.809243033527555235e+04 1.183000000000000000e+03
9.096854620527370372e-01 2.063452889318541565e+05 -3.327038628477350721e+04 -4.600600472770399938e+04 1.269000000000000000e+03
9.720789776830213169e-01 1.730497562281900900e+05 -2.743176216218373156e+04 -5.914557986767304101e+04 1.537000000000000000e+03
1.034763038959366499e+00 1.441909696881072596e+05 -2.305439918819666491e+04 -5.684937536906620517e+04 1.653000000000000000e+03
1.097576444254559247e+00 1.211026174544113892e+05 -1.829379265585740723e+04 -5.415495221941470663e+04 1.963000000000000000e+03
1.160543084780093270e+00 1.017196363711923914e+05 -1.449978570366983513e+04 -5.427942172738524096e+04 2.121000000000000000e+03
1.223669666537485323e+00 8.612526246415506466e+04 -1.105943724838162598e+04 -5.193831807774461049e+04 2.413000000000000000e+03
1.286817263090294094e+00 7.368678370201555663e+04 -8.100197221769161843e+03 -5.122244982855737908e+04 2.635000000000000000e+03
1.349500801664080818e+00 6.273798620712775300e+04 -6.096371388092949019e+03 -4.210727387434581760e+04 2.877000000000000000e+03
1.411949558842147567e+00 5.504047862124293169e+04 -4.066010409294381589e+03 -4.313150774240602914e+04 3.169000000000000000e+03
1.475133575747468395e+00 4.800346955464009807e+04 -2.604199111519105827e+03 -3.937821922297279525e+04 3.507000000000000000e+03
1.537865074252268593e+00 4.261679716071130679e+04 -1.465580227171293245e+03 -3.620711477205556730e+04 3.685000000000000000e+03
1.600657544051110381e+00 3.768018000578818464e+04 -6.354601676853192203e+02 -3.165525920954889807e+04 4.165000000000000000e+03
1.663991168687080524e+00 3.373538539956651948e+04 -4.338919813412305615e+01 -2.899141889330709819e+04 4.377000000000000000e+03
1.727195645776442801e+00 3.078635045030561014e+04 3.505108181315578122e+02 -2.669615308588527114e+04 4.855000000000000000e+03
1.789765213377084718e+00 2.782126686233464352e+04 5.580766644664812475e+02 -2.250062399096814261e+04 4.929000000000000000e+03
1.852353690647852158e+00 2.581518507371300075e+04 5.082602991971519941e+02 -2.030749530362516816e+04 5.581000000000000000e+03
1.914806787341157390e+00 2.362481926005094647e+04 3.633180488393464884e+02 -1.704550912132414669e+04 5.679000000000000000e+03
1.977889868651535599e+00 2.215178438426350112e+04 2.483564426454738907e+02 -1.477399814024103944e+04 6.385000000000000000e+03
2.040937735447724499e+00 2.058816594537629135e+04 7.339718418606702244e+01 -1.144281960580883242e+04 6.553000000000000000e+03
2.103939302609846074e+00 1.938700448493621298e+04 -7.782540817133144628e+01 -9.163274710293215321e+03 7.125000000000000000e+03
2.166909709822301799e+00 1.839037077692926687e+04 -2.965921955949930862e+02 -7.226002948423769340e+03 7.447000000000000000e+03
2.229700281216152380e+00 1.746141591524836622e+04 -2.988114627686318840e+02 -5.142438241250335523e+03 7.929000000000000000e+03
2.292620027086342382e+00 1.670227191544602465e+04 -3.650957962872249141e+02 -3.299680510597983812e+03 8.353000000000000000e+03
2.355141508366812353e+00 1.603600328869670375e+04 -2.324284106974888857e+02 -1.463828166017660351e+03 8.775000000000000000e+03
2.417910583817858949e+00 1.542461058804856475e+04 -6.119650578204060309e+01 -5.776820370303305907e+01 9.313000000000000000e+03
2.480856539439619368e+00 1.492987334151937648e+04 7.677930452380755355e+01 1.034323557770778962e+03 9.841000000000000000e+03
2.543492256872954549e+00 1.452056921084786518e+04 4.327958487699569901e+02 2.484775740072650024e+03 1.019100000000000000e+04
2.606334251884805386e+00 1.411624735147907268e+04 6.151824429258741702e+02 3.350361467840133628e+03 1.089700000000000000e+04
2.669257370896960690e+00 1.384175797975412934e+04 1.006412757142290729e+03 4.294683052261639205e+03 1.130100000000000000e+04
2.732423343141155758e+00 1.360711334489039291e+04 1.320062766048487902e+03 6.076396515287989132e+03 1.202500000000000000e+04
2.795529680084416047e+00 1.341721553101556856e+04 1.602648368349243356e+03 7.120239950550903814e+03 1.242300000000000000e+04
2.858366292314493240e+00 1.334569352384677950e+04 1.922407511178996174e+03 8.341123584078783097e+03 1.302100000000000000e+04
2.920876271394311718e+00 1.328518482418969324e+04 2.140573185475172068e+03 1.020425398958454753e+04 1.340500000000000000e+04
2.983449844439822751e+00 1.338327411589658368e+04 2.365819259989827970e+03 1.175755670645684950e+04 1.424700000000000000e+04
3.046384918400867114e+00 1.317633221788625087e+04 2.299820301197973549e+03 1.045790011877552570e+04 1.427500000000000000e+04
3.109279688161210142e+00 1.265100566938456541e+04 1.915600242266661326e+03 5.807109827124953881e+03 1.410000000000000000e+04
3.172087338483245755e+00 1.198096823546709675e+04 1.119314232305365977e+03 1.466751890710230782e+03 1.351600000000000000e+04
3.235077053285361881e+00 1.126372335105114871e+04 2.177555430275447463e+02 -2.175409799052370090e+03 1.349200000000000000e+04
3.297974619160294107e+00 1.056406580545674478e+04 -5.151141561256868044e+02 -5.474595170739483365e+03 1.270200000000000000e+04
3.360979404794635528e+00 9.970022765878939026e+03 -1.087705236034943027e+03 -7.668667179479842162e+03 1.263400000000000000e+04
3.423687966102657132e+00 9.617821555493870619e+03 -1.464524077288024955e+03 -9.469550864010656369e+03 1.180200000000000000e+04
3.486367717614779593e+00 9.292275468405801803e+03 -1.557473360708595465e+03 -1.104240808107136036e+04 1.159000000000000000e+04
3.549237455189846013e+00 9.083939095617975909e+03 -1.476357065957178520e+03 -1.251007011010151109e+04 1.100400000000000000e+04
3.611466567116090154e+00 8.920263245356383777e+03 -1.178002705530498133e+03 -1.409597348654350753e+04 1.025800000000000000e+04
3.674175279485516032e+00 8.911260730157346188e+03 -7.364862592381736022e+02 -1.553779776161685550e+04 1.013800000000000000e+04
3.737325177637534246e+00 8.979959334642520844e+03 -1.088461931563914646e+02 -1.761362454382617216e+04 9.282000000000000000e+03
3.800314856493150373e+00 9.153958421753382936e+03 6.177987096016279338e+02 -1.975717116354805694e+04 8.824000000000000000e+03
3.863228937922256190e+00 9.615907156145754925e+03 1.384690619760679738e+03 -2.246497440326255310e+04 8.130000000000000000e+03
3.925673163149277833e+00 1.015885776786339920e+04 2.234507997591485946e+03 -2.560493713883766395e+04 7.330000000000000000e+03
3.988379144029963186e+00 1.096341020219316670e+04 3.103715859192200242e+03 -2.898796917872583435e+04 6.960000000000000000e+03
4.051365442737894007e+00 1.166294632268998976e+04 3.761596148348750376e+03 -3.254220761804899303e+04 5.944000000000000000e+03
4.114073661208438537e+00 1.262262240447455406e+04 4.387184118562600815e+03 -3.587603693703155295e+04 5.482000000000000000e+03
4.176398926321660099e+00 1.292469033818883327e+04 4.210139645548174485e+03 -3.769695546342321904e+04 4.458000000000000000e+03
4.238428652338137148e+00 1.294835102008033027e+04 3.622006922942945948e+03 -3.828598742549588496e+04 3.892000000000000000e+03
4.301987060447956424e+00 1.207307535790700422e+04 1.839786169855821754e+03 -3.560799662630238163e+04 3.165000000000000000e+03
4.365598466856841497e+00 1.142338295349492546e+04 4.130227849764140160e+02 -3.332285961971242796e+04 2.617000000000000000e+03
4.427107359730706015e+00 1.087712847100723775e+04 -6.813652405155178258e+02 -3.143333943468619691e+04 2.037000000000000000e+03
4.489602987092925268e+00 1.025227184489860883e+04 -1.261130365961806092e+03 -2.998694406550894564e+04 1.831000000000000000e+03
4.554125500073445743e+00 9.958140040333695651e+03 -1.381127432788798615e+03 -2.984310984212285985e+04 1.435000000000000000e+03
4.616430240049651523e+00 9.649849306660202274e+03 -1.072278271239249079e+03 -3.005850671325506482e+04 1.119000000000000000e+03
4.677252312221349406e+00 9.529763496955351002e+03 -6.711497195541645624e+02 -3.079191361220912222e+04 8.800000000000000000e+02
4.741981513824780059e+00 9.254187393082860581e+03 -2.730827313999855619e+02 -3.090582752809059093e+04 7.470000000000000000e+02
4.809273072599613563e+00 9.228342301895818309e+03 -1.921595483067024190e+01 -3.149096682730842440e+04 5.200000000000000000e+02
4.871546600533164906e+00 9.461115781656662875e+03 1.052080892050728949e+02 -3.264965277498920477e+04 3.280000000000000000e+02
4.925260063653622566e+00 9.812216644469328457e+03 2.212615699945819472e+02 -3.413105435131306149e+04 2.160000000000000000e+02
4.988369355351538026e+00 1.019005445863034583e+04 1.632263961477691225e+02 -3.561086840945736913e+04 1.720000000000000000e+02
5.058296331193474771e+00 1.126642231119474673e+04 9.509572531672816353e+01 -3.940221863645214762e+04 8.400000000000000000e+01
5.124330000078495928e+00 1.271587722798211507e+04 3.351969470734645284e+01 -4.447955988875481853e+04 2.500000000000000000e+01
5.169965902813741465e+00 1.401968767253326223e+04 2.712145629820463810e+01 -4.903871339738550159e+04 6.000000000000000000e+00
5.223742168994547797e+00 1.573672592515064025e+04 0.000000000000000000e+00 -5.507854073802722996e+04 1.000000000000000000e+00
