8.899641224696955288e-02 1.702099032929285022e+05 -9.772417420525742637e+04 -1.954267072787020879e+04 1.300000000000000000e+01
1.507912216506557823e-01 1.487962135326363787e+05 -1.723264256058074534e+04 9.323978500589198666e+04 3.300000000000000000e+01
2.144790186456836945e-01 1.269927573342992109e+05 1.027996926493340106e+04 4.215334408890707891e+03 7.900000000000000000e+01
2.783660776489276789e-01 1.161613978210833448e+05 -2.344847390569476920e+04 -4.818956611053806228e+03 1.170000000000000000e+02
3.435099785803411021e-01 9.531962971754826140e+04 -1.925092938823482837e+04 -7.378282412684613519e+03 2.050000000000000000e+02
4.047886761425745772e-01 8.326239235541250673e+04 -1.308629034745945864e+04 5.985023328481515819e+03 2.350000000000000000e+02
4.676716683575679601e-01 6.940801617167516088e+04 -2.341278985129978173e+04 -2.326062069824227729e+04 3.690000000000000000e+02
5.308225101765952081e-01 5.949640735091292299e+04 -1.518202897768986077e+04 -8.956098633269466518e+03 4.330000000000000000e+02
5.945362440940590298e-01 4.974416590191049909e+04 -1.447490113988409030e+04 -1.307558541226905800e+04 5.850000000000000000e+02
6.576224814588792489e-01 3.897666417629580974e+04 -1.796449647191938493e+04 -9.895717402609014243e+03 6.790000000000000000e+02
7.196632906698736676e-01 3.331701099553802487e+04 -1.524386062022004626e+04 -1.386832974510945314e+04 8.130000000000000000e+02
7.827860915688348298e-01 2.837183898176745788e+04 -8.795218272475713093e+03 -1.057371399313879738e+04 9.850000000000000000e+02
8.470398945834540783e-01 2.365664247021321717e+04 -9.148743176205580312e+03 -1.329165868565548953e+04 1.183000000000000000e+03
9.096854620527370372e-01 2.102630695624093642e+04 -5.044926292410811584e+03 -1.240419800000041505e+04 1.269000000000000000e+03
9.720789776830213169e-01 1.877168408249197091e+04 -1.586238352560885005e+03 -1.450675470462341582e+04 1.537000000000000000e+03
1.034763038959366499e+00 1.691969254104849460e+04 3.233600401269647477e+02 -1.477849542897576612e+04 1.653000000000000000e+03
1.097576444254559247e+00 1.656682236546335116e+04 2.533447227410035339e+03 -1.311840280960914606e+04 1.963000000000000000e+03
1.160543084780093270e+00 1.538416528036188902e+04 2.197334978047711957e+03 -1.348883622985119473e+04 2.121000000000000000e+03
1.223669666537485323e+00 1.436390025035476901e+04 3.495170997382511814e+03 -1.242355432794059379e+04 2.413000000000000000e+03
1.286817263090294094e+00 1.352806603632470069e+04 3.964644292181354558e+03 -1.079772236047767001e+04 2.635000000000000000e+03
1.349500801664080818e+00 1.232285953627752860e+04 3.807908002929853410e+03 -8.364182377311486562e+03 2.877000000000000000e+03
1.411949558842147567e+00 1.153247262203023638e+04 3.375381022180900345e+03 -9.175036981167741033e+03 3.169000000000000000e+03
1.475133575747468395e+00 1.040063770436109189e+04 2.958633292150882426e+03 -7.342637743222279823e+03 3.507000000000000000e+03
1.537865074252268593e+00 9.487539351619416266e+03 2.449475536090283640e+03 -5.634125233615808611e+03 3.685000000000000000e+03
1.600657544051110381e+00 8.741611814280784529e+03 1.604522598335821613e+03 -4.715020026698772199e+03 4.165000000000000000e+03
1.663991168687080524e+00 8.141025104858136729e+03 6.895277256398702548e+02 -4.122134495343041635e+03 4.377000000000000000e+03
1.727195645776442801e+00 7.541248088836497118e+03 2.720272821664697744e+02 -3.666092826806727771e+03 4.855000000000000000e+03
1.789765213377084718e+00 6.968220253498981947e+03 -5.379922662074768596e+02 -2.759409432147979260e+03 4.929000000000000000e+03
1.852353690647852158e+00 6.631955422275669662e+03 -6.711090041879554065e+02 -2.442265003220770268e+03 5.581000000000000000e+03
1.914806787341157390e+00 6.217845451044344372e+03 -1.412166466930429124e+03 -1.514737548342996661e+03 5.679000000000000000e+03
1.977889868651535599e+00 5.986462145576527291e+03 -1.420945099682129239e+03 -1.519815862703131870e+03 6.385000000000000000e+03
2.040937735447724499e+00 5.836001931099550347e+03 -1.530672702401295510e+03 -6.449084391278551038e+02 6.553000000000000000e+03
2.103939302609846074e+00 5.665373270047214646e+03 -1.651956936330406506e+03 -4.687837588127878234e+02 7.125000000000000000e+03
2.166909709822301799e+00 5.450888963145148409e+03 -1.616664260048587494e+03 -6.779342855014948555e+02 7.447000000000000000e+03
2.229700281216152380e+00 5.478077562795418999e+03 -1.475682642228900022e+03 -8.145083691842474991e+02 7.929000000000000000e+03
2.292620027086342382e+00 5.492572742978973110e+03 -1.070420676854848807e+03 -6.543381860543684070e+02 8.353000000000000000e+03
2.355141508366812353e+00 5.315168520938463189e+03 -1.141450041478470439e+03 -6.788534083539502717e+02 8.775000000000000000e+03
2.417910583817858949e+00 5.280799619516544226e+03 -7.173911030090341683e+02 -3.954533624728447876e+02 9.313000000000000000e+03
2.480856539439619368e+00 5.219872427830294328e+03 -2.411217902241102422e+02 -1.139200011254047809e+02 9.841000000000000000e+03
2.543492256872954549e+00 4.999475257010229143e+03 4.763998736764639830e+01 -6.987745857730209309e+01 1.019100000000000000e+04
2.606334251884805386e+00 4.823428668765956900e+03 4.100432472969300761e+02 6.235773664679301191e+02 1.089700000000000000e+04
2.669257370896960690e+00 4.809675232309240528e+03 8.360528628290044253e+02 1.079941199749750012e+03 1.130100000000000000e+04
2.732423343141155758e+00 4.709606745004211916e+03 1.303922514242740590e+03 1.495518616056099972e+03 1.202500000000000000e+04
2.795529680084416047e+00 4.653353068600087681e+03 1.930052677162275131e+03 1.837417233258953956e+03 1.242300000000000000e+04
2.858366292314493240e+00 4.673100191500915571e+03 2.604840290208672741e+03 2.768473723103340490e+03 1.302100000000000000e+04
2.920876271394311718e+00 4.484940855000694683e+03 2.526824574307574949e+03 2.919892766223646049e+03 1.340500000000000000e+04
2.983449844439822751e+00 4.625521529053427912e+03 3.251448519532898445e+03 4.187849543954713226e+03 1.424700000000000000e+04
3.046384918400867114e+00 4.447888487943408109e+03 2.669724450512517706e+03 3.099429471168010423e+03 1.427500000000000000e+04
3.109279688161210142e+00 4.421129822655349926e+03 1.830293683104253660e+03 1.747049562061955612e+03 1.410000000000000000e+04
3.172087338483245755e+00 4.306499259496542436e+03 1.555228270134758532e+03 2.524933785266950395e+02 1.351600000000000000e+04
3.235077053285361881e+00 4.122314149274769079e+03 9.696525457739218155e+02 -1.376469408936185573e+03 1.349200000000000000e+04
3.297974619160294107e+00 4.078286035133417045e+03 6.917369240948817151e+02 -2.936432279554618162e+03 1.270200000000000000e+04
3.360979404794635528e+00 4.010574673224949038e+03 5.683497577184389229e+02 -4.162995692066685478e+03 1.263400000000000000e+04
3.423687966102657132e+00 4.125069208007337693e+03 3.224139509336104084e+02 -5.238817241085594105e+03 1.180200000000000000e+04
3.486367717614779593e+00 4.131438895495028191e+03 1.008064788594787160e+02 -5.863987919343345311e+03 1.159000000000000000e+04
3.549237455189846013e+00 4.133559493804600606e+03 1.730776088321873090e+02 -6.741949771481375137e+03 1.100400000000000000e+04
3.611466567116090154e+00 4.097167991859560971e+03 2.705287647257307526e+02 -7.523899958332787719e+03 1.025800000000000000e+04
3.674175279485516032e+00 4.119451909682648875e+03 4.466262632901529628e+02 -8.130959211862788834e+03 1.013800000000000000e+04
3.737325177637534246e+00 4.158838453523524549e+03 6.814826388193500861e+02 -8.839278579067569808e+03 9.282000000000000000e+03
3.800314856493150373e+00 4.341596075929083781e+03 8.974247401906779942e+02 -9.885350860414037015e+03 8.824000000000000000e+03
3.863228937922256190e+00 4.689173991706742527e+03 1.175280952446340734e+03 -1.126620025286372766e+04 8.130000000000000000e+03
3.925673163149277833e+00 5.066268503079017137e+03 1.365759508917354651e+03 -1.263089465775966892e+04 7.330000000000000000e+03
3.988379144029963186e+00 5.588865265764698051e+03 1.203835138285844323e+03 -1.386525066734892243e+04 6.960000000000000000e+03
4.051365442737894007e+00 5.978941022500694089e+03 1.275577497530797473e+03 -1.553113836841341436e+04 5.944000000000000000e+03
4.114073661208438537e+00 6.671653230357525899e+03 1.070683429643003819e+03 -1.698367043238557380e+04 5.482000000000000000e+03
4.176398926321660099e+00 7.005157896427977903e+03 1.143049103988658544e+03 -1.903875575576721894e+04 4.458000000000000000e+03
4.238428652338137148e+00 7.286452790453392481e+03 8.724773884720469823e+02 -2.045459352505849893e+04 3.892000000000000000e+03
4.301987060447956424e+00 6.872518743522382465e+03 5.030357895335770309e+02 -2.036500138155175955e+04 3.165000000000000000e+03
4.365598466856841497e+00 6.442646163960640479e+03 -1.924659323879247381e+02 -1.903865560571673996e+04 2.617000000000000000e+03
4.427107359730706015e+00 6.194188769415520255e+03 -1.130523256740150828e+03 -1.739827267396459501e+04 2.037000000000000000e+03
4.489602987092925268e+00 5.626885020744382928e+03 -1.294683400290094824e+03 -1.599770667083893568e+04 1.831000000000000000e+03
4.554125500073445743e+00 5.390000491643980240e+03 -1.325494004435453462e+03 -1.559167810917664428e+04 1.435000000000000000e+03
4.616430240049651523e+00 4.988119860464151316e+03 -8.123048307629952660e+02 -1.527599689594221672e+04 1.119000000000000000e+03
4.677252312221349406e+00 4.612724452513606593e+03 -3.048991823883220604e+02 -1.493733873361583937e+04 8.800000000000000000e+02
4.741981513824780059e+00 4.371432802800597528e+03 1.336264950171893418e+02 -1.495453357827492437e+04 7.470000000000000000e+02
4.809273072599613563e+00 4.472406587510851750e+03 4.239527998339796682e+02 -1.585058029253425411e+04 5.200000000000000000e+02
4.871546600533164906e+00 5.236108212444773017e+03 4.864548468052555563e+02 -1.863232438521624863e+04 3.280000000000000000e+02
4.925260063653622566e+00 6.068299813574391919e+03 4.434914528677422823e+02 -2.149825662343794102e+04 2.160000000000000000e+02
4.988369355351538026e+00 7.888787341952934185e+03 2.960610517315313359e+02 -2.775168115096857218e+04 1.720000000000000000e+02
5.058296331193474771e+00 8.639882419695464705e+03 8.223253383877148792e+01 -3.022472316885194596e+04 8.400000000000000000e+01
5.124330000078495928e+00 1.031808416347988896e+04 -5.123543762932739298e+01 -3.602418718810821156e+04 2.500000000000000000e+01
5.169965902813741465e+00 1.411421178608873561e+04 -1.026050652509694743e+02 -4.924675340288801817e+04 6.000000000000000000e+00
5.223742168994547797e+00 1.608547639516417075e+04 0.000000000000000000e+00 -5.629916738307458581e+04 1.000000000000000000e+00
