8.899641224696955288e-02 1.679663801847184077e+05 -9.645079007423164148e+04 -1.988482046820625328e+04 1.300000000000000000e+01
1.507912216506557823e-01 1.497248674512256985e+05 -1.066962066550415329e+04 8.998083860453317175e+04 3.300000000000000000e+01
2.144790186456836945e-01 1.258547876452421624e+05 7.184680728374721184e+03 2.841069933059944105e+03 7.900000000000000000e+01
2.783660776489276789e-01 1.165897527720905200e+05 -2.294456673469441375e+04 -3.359044459770039339e+03 1.170000000000000000e+02
3.435099785803411021e-01 9.516549726536600792e+04 -2.149251684681342886e+04 -7.576812615211936645e+03 2.050000000000000000e+02
4.047886761425745772e-01 8.112581755888118641e+04 -1.841347501144475973e+04 5.883498747278426890e+03 2.350000000000000000e+02
4.676716683575679601e-01 6.623485180388388108e+04 -2.671167526244807959e+04 -2.044117601627019030e+04 3.690000000000000000e+02
5.308225101765952081e-01 5.485155046013964602e+04 -1.986027415353459583e+04 -1.159624222163593549e+04 4.330000000000000000e+02
5.945362440940590298e-01 4.373465074475522124e+04 -1.915827303743361699e+04 -1.028911064192620324e+04 5.850000000000000000e+02
6.576224814588792489e-01 3.292347747631708626e+04 -2.297971827936192494e+04 -8.005477730024662378e+03 6.790000000000000000e+02
7.196632906698736676e-01 2.610707656807457897e+04 -2.064304950392734099e+04 -1.357966463810517052e+04 8.130000000000000000e+02
7.827860915688348298e-01 2.093910850422338262e+04 -1.261713099487713589e+04 -1.003750249360383168e+04 9.850000000000000000e+02
8.470398945834540783e-01 1.640441516458629485e+04 -1.275816384535874204e+04 -1.464613227663413454e+04 1.183000000000000000e+03
9.096854620527370372e-01 1.386261155699408118e+04 -7.643605959987663482e+03 -1.426199204593484137e+04 1.269000000000000000e+03
9.720789776830213169e-01 1.193958530326790788e+04 -2.877584190050075449e+03 -1.547748615588842040e+04 1.537000000000000000e+03
1.034763038959366499e+00 1.102627306957970359e+04 -9.578996231209791858e+02 -1.545388507766422481e+04 1.653000000000000000e+03
1.097576444254559247e+00 1.102863548472448201e+04 1.151000653683907785e+03 -1.413249207998212842e+04 1.963000000000000000e+03
1.160543084780093270e+00 1.028069661761696443e+04 2.175513254940122351e+03 -1.461306267748128994e+04 2.121000000000000000e+03
1.223669666537485323e+00 9.661568430004310358e+03 3.207737592532553208e+03 -1.315248510412160613e+04 2.413000000000000000e+03
1.286817263090294094e+00 8.980729190631194797e+03 3.663681696297439430e+03 -1.176164469686404846e+04 2.635000000000000000e+03
1.349500801664080818e+00 8.300150682520494229e+03 3.645386095853651113e+03 -1.049880142929619069e+04 2.877000000000000000e+03
1.411949558842147567e+00 7.729655907186414879e+03 3.265464127706345153e+03 -1.059423989044926748e+04 3.169000000000000000e+03
1.475133575747468395e+00 7.006444243993623786e+03 2.654985841836304644e+03 -8.490930126925619334e+03 3.507000000000000000e+03
1.537865074252268593e+00 6.363286191446050907e+03 1.798604197160837884e+03 -7.628656098716410270e+03 3.685000000000000000e+03
1.600657544051110381e+00 5.857670383637729174e+03 1.356172843217272657e+03 -6.444920695209460064e+03 4.165000000000000000e+03
1.663991168687080524e+00 5.289107518263255770e+03 7.566480132905891196e+02 -5.485964408728214948e+03 4.377000000000000000e+03
1.727195645776442801e+00 4.873243798417151993e+03 8.204778112359737463e+01 -4.753523180400699857e+03 4.855000000000000000e+03
1.789765213377084718e+00 4.422239918504241359e+03 -3.599850132133885268e+02 -3.796118417666775258e+03 4.929000000000000000e+03
1.852353690647852158e+00 4.255518042975162643e+03 -7.940659090932704203e+02 -2.999733633476484101e+03 5.581000000000000000e+03
1.914806787341157390e+00 4.020840735806715202e+03 -1.122931815915988409e+03 -2.129924809863658538e+03 5.679000000000000000e+03
1.977889868651535599e+00 3.897537689634325488e+03 -1.272733807636043593e+03 -1.968461506890349938e+03 6.385000000000000000e+03
2.040937735447724499e+00 3.823313730626926827e+03 -1.472518938216035622e+03 -1.460688204041091012e+03 6.553000000000000000e+03
2.103939302609846074e+00 3.846317115149638539e+03 -1.463370998515492147e+03 -9.812302814007349525e+02 7.125000000000000000e+03
2.166909709822301799e+00 3.820397118776739262e+03 -1.618794673940888288e+03 -1.132669428974564653e+03 7.447000000000000000e+03
2.229700281216152380e+00 3.914815730573977362e+03 -1.515706061132080549e+03 -9.422016422538462166e+02 7.929000000000000000e+03
2.292620027086342382e+00 3.977960589723506928e+03 -1.566809201152481137e+03 -8.989659408369753919e+02 8.353000000000000000e+03
2.355141508366812353e+00 3.946833409350986130e+03 -1.495946038514541669e+03 -7.212368611590500223e+02 8.775000000000000000e+03
2.417910583817858949e+00 4.010597611250230784e+03 -1.143272663980260859e+03 -4.007451229458827129e+02 9.313000000000000000e+03
2.480856539439619368e+00 4.035374203136629603e+03 -1.197017984129820661e+03 -3.438030893924567977e+02 9.841000000000000000e+03
2.543492256872954549e+00 4.001060034149204512e+03 -1.186862782352798376e+03 -6.312979845409708446e+01 1.019100000000000000e+04
2.606334251884805386e+00 4.087731269393603725e+03 -7.582603285581908494e+02 2.990949333421646088e+02 1.089700000000000000e+04
2.669257370896960690e+00 4.169567421006884615e+03 -6.995552261834722003e+02 7.954404319322502204e+01 1.130100000000000000e+04
2.732423343141155758e+00 4.291245876762895932e+03 -3.423435957026477467e+02 4.887671030016466602e+02 1.202500000000000000e+04
2.795529680084416047e+00 4.368569271213280444e+03 -9.906380658317760890e+01 7.205506540310727814e+02 1.242300000000000000e+04
2.858366292314493240e+00 4.453202721277828459e+03 -2.013922574732678754e+02 9.317030851905893769e+02 1.302100000000000000e+04
2.920876271394311718e+00 4.579816444156591388e+03 2.239820091289862205e+02 1.512558908439170864e+03 1.340500000000000000e+04
2.983449844439822751e+00 4.782732858661493083e+03 2.080647946830483761e+02 2.028638463751555491e+03 1.424700000000000000e+04
3.046384918400867114e+00 4.634665024509824434e+03 1.314823003654707065e+02 1.052400559044303236e+03 1.427500000000000000e+04
3.109279688161210142e+00 4.688516073381602837e+03 6.999770781852250821e+02 -3.716872327129605136e+00 1.410000000000000000e+04
3.172087338483245755e+00 4.563563338961466798e+03 1.166354749325277908e+03 -1.604158946041699437e+03 1.351600000000000000e+04
3.235077053285361881e+00 4.504381593172283829e+03 1.283002827550889378e+03 -3.256514959358787110e+03 1.349200000000000000e+04
3.297974619160294107e+00 4.281613105736837497e+03 1.521436295918444557e+03 -4.627251406013488122e+03 1.270200000000000000e+04
3.360979404794635528e+00 4.067248620467391447e+03 1.692073499113152820e+03 -5.612701972027279226e+03 1.263400000000000000e+04
3.423687966102657132e+00 3.954472648733706592e+03 1.997818030302530360e+03 -6.483538419649867137e+03 1.180200000000000000e+04
3.486367717614779593e+00 3.805015558648735350e+03 2.171942167863664054e+03 -7.206422495414606601e+03 1.159000000000000000e+04
3.549237455189846013e+00 3.751636977809387645e+03 2.113907685372281321e+03 -7.841890295287514164e+03 1.100400000000000000e+04
3.611466567116090154e+00 3.880283678183130178e+03 1.968470068122430803e+03 -8.659754739365389469e+03 1.025800000000000000e+04
3.674175279485516032e+00 3.951231023074502900e+03 1.861327648953008520e+03 -9.406217535609814149e+03 1.013800000000000000e+04
3.737325177637534246e+00 4.145921008804172743e+03 1.894626159295334219e+03 -1.049934658775125718e+04 9.282000000000000000e+03
3.800314856493150373e+00 4.360583395654829474e+03 1.913251954302044169e+03 -1.166754400694326250e+04 8.824000000000000000e+03
3.863228937922256190e+00 4.459017735273662765e+03 1.967208612689473512e+03 -1.252433516530541056e+04 8.130000000000000000e+03
3.925673163149277833e+00 4.738941544430740578e+03 2.105030528821745520e+03 -1.395329132077152281e+04 7.330000000000000000e+03
3.988379144029963186e+00 5.123369335999187570e+03 2.471400964441480937e+03 -1.568635477854564851e+04 6.960000000000000000e+03
4.051365442737894007e+00 5.314291136216365885e+03 2.536346534082128073e+03 -1.692845953545871089e+04 5.944000000000000000e+03
4.114073661208438537e+00 5.787951970433403403e+03 2.830917095165077171e+03 -1.879607266785511456e+04 5.482000000000000000e+03
4.176398926321660099e+00 6.156460229949347195e+03 2.741552484776368146e+03 -2.036211491791806111e+04 4.458000000000000000e+03
4.238428652338137148e+00 6.486270723976404952e+03 2.321483609859230910e+03 -2.149032100717327921e+04 3.892000000000000000e+03
4.301987060447956424e+00 6.699086999049621227e+03 1.447936937281435803e+03 -2.195372018285258309e+04 3.165000000000000000e+03
4.365598466856841497e+00 7.238919354821725392e+03 9.402547317923521177e+02 -2.346932806142883419e+04 2.617000000000000000e+03
4.427107359730706015e+00 8.125368341420130491e+03 1.001029518902122277e+03 -2.655674613075791058e+04 2.037000000000000000e+03
4.489602987092925268e+00 9.173809959571965010e+03 9.838166653502091776e+02 -3.039347037954379994e+04 1.831000000000000000e+03
4.554125500073445743e+00 9.762932715698774700e+03 1.005377405216647617e+03 -3.279442187965063204e+04 1.435000000000000000e+03
4.616430240049651523e+00 1.013118446400857101e+04 8.316517615704367472e+02 -3.430737778483406146e+04 1.119000000000000000e+03
4.677252312221349406e+00 1.020646178951399816e+04 9.632842032403513031e+02 -3.521736458714857872e+04 8.800000000000000000e+02
4.741981513824780059e+00 9.865143334628697630e+03 9.013857074047693914e+02 -3.444735437988908961e+04 7.470000000000000000e+02
4.809273072599613563e+00 9.515205708570467323e+03 9.656398345920142674e+02 -3.361756364360253065e+04 5.200000000000000000e+02
4.871546600533164906e+00 9.798909794074244928e+03 9.019178431471775639e+02 -3.465690741550693929e+04 3.280000000000000000e+02
4.925260063653622566e+00 9.550685794179858931e+03 8.508324673318355735e+02 -3.388694260319780005e+04 2.160000000000000000e+02
4.988369355351538026e+00 7.513453616395343488e+03 3.096521320987679360e+02 -2.643535241873953782e+04 1.720000000000000000e+02
5.058296331193474771e+00 7.121537467417454536e+03 2.888603831702125717e+02 -2.512043496769120975e+04 8.400000000000000000e+01
5.124330000078495928e+00 6.771732624359394322e+03 2.205573413187441645e+02 -2.388373325542107341e+04 2.500000000000000000e+01
5.169965902813741465e+00 7.867732024578399432e+03 2.633070338571602633e+02 -2.777381815254238973e+04 6.000000000000000000e+00
5.223742168994547797e+00 5.609628370235171133e+03 0.000000000000000000e+00 -1.963369929582309487e+04 1.000000000000000000e+00
