8.899641224696955288e-02 9.848319389719194733e+05 -1.606316869041451127e+03 -4.467598794743281906e+05 1.300000000000000000e+01
1.507912216506557823e-01 9.580337468602810986e+05 -7.522976553668568158e+03 1.515574466964858002e+05 3.300000000000000000e+01
2.144790186456836945e-01 9.170322885301683564e+05 -1.391556309592150137e+04 -1.747879568531413388e+05 7.900000000000000000e+01
2.783660776489276789e-01 8.643252153989591170e+05 -2.338078194034567423e+04 -2.938264854342988838e+04 1.170000000000000000e+02
3.435099785803411021e-01 8.003022360715495888e+05 -3.353650084876779147e+04 -3.735415422706954269e+04 2.050000000000000000e+02
4.047886761425745772e-01 7.331666113491277210e+05 -4.518724948983450304e+04 5.752825574254457024e+04 2.350000000000000000e+02
4.676716683575679601e-01 6.595093937580792699e+05 -5.294068868008545542e+04 -4.461261889805566898e+04 3.690000000000000000e+02
5.308225101765952081e-01 5.830091019753335277e+05 -6.287959249573162379e+04 3.899460691437845981e+03 4.330000000000000000e+02
5.945362440940590298e-01 5.058340656463695923e+05 -6.949812042213705718e+04 -1.210064217230899339e+04 5.850000000000000000e+02
6.576224814588792489e-01 4.311789251752579003e+05 -7.660590726879675640e+04 3.049166555989946937e+04 6.790000000000000000e+02
7.196632906698736676e-01 3.622078197777040186e+05 -7.548072332278500835e+04 -4.070219739810682222e+04 8.130000000000000000e+02
7.827860915688348298e-01 2.972108586045270786e+05 -7.458104859594920708e+04 -3.800316161998139432e+04 9.850000000000000000e+02
8.470398945834540783e-01 2.368703182504512370e+05 -7.578014192963948881e+04 -6.689546610377316256e+02 1.183000000000000000e+03
9.096854620527370372e-01 1.859112876132166712e+05 -6.990900434712512651e+04 -1.616745407672852889e+04 1.269000000000000000e+03
9.720789776830213169e-01 1.426720577301129524e+05 -6.219575433207148308e+04 -2.602037461116802660e+04 1.537000000000000000e+03
1.034763038959366499e+00 1.060667410914505017e+05 -5.482811686734173418e+04 -2.518882714775189743e+04 1.653000000000000000e+03
1.097576444254559247e+00 7.663238034213508945e+04 -4.603490812335634109e+04 -2.112633225651011890e+04 1.963000000000000000e+03
1.160543084780093270e+00 5.349510938542113581e+04 -3.690409953330542339e+04 -2.130142381114489399e+04 2.121000000000000000e+03
1.223669666537485323e+00 3.607876550180882623e+04 -2.793483757631190019e+04 -1.786452026137513167e+04 2.413000000000000000e+03
1.286817263090294094e+00 2.363048124702170389e+04 -1.949714333939710559e+04 -1.421220460506007839e+04 2.635000000000000000e+03
1.349500801664080818e+00 1.490237648808376798e+04 -1.247572761527092916e+04 -7.996434200581741607e+03 2.877000000000000000e+03
1.411949558842147567e+00 9.729314698219935963e+03 -6.204560597964906265e+03 -3.944145677092390088e+03 3.169000000000000000e+03
1.475133575747468395e+00 6.610554518335853572e+03 -1.371768796534532839e+03 1.302985182878803926e+03 3.507000000000000000e+03
1.537865074252268593e+00 5.164162295749721125e+03 2.014985595316701620e+03 6.385564253257231940e+03 3.685000000000000000e+03
1.600657544051110381e+00 4.780809924930784291e+03 4.292706373766774959e+03 1.082823415074660443e+04 4.165000000000000000e+03
1.663991168687080524e+00 5.055950323970382669e+03 5.452134750351688126e+03 1.461576910230157409e+04 4.377000000000000000e+03
1.727195645776442801e+00 5.359367232153861551e+03 5.326961639929822923e+03 1.675061849059152155e+04 4.855000000000000000e+03
1.789765213377084718e+00 5.902215840598346404e+03 4.826984330590425998e+03 1.892701662417890475e+04 4.929000000000000000e+03
1.852353690647852158e+00 5.993695647327554070e+03 3.571723711121617271e+03 1.872803273428059765e+04 5.581000000000000000e+03
1.914806787341157390e+00 6.198131288627542745e+03 2.229920898944889814e+03 1.899834090199686761e+04 5.679000000000000000e+03
1.977889868651535599e+00 5.840145488210681833e+03 7.392717872793908782e+02 1.708465991046938507e+04 6.385000000000000000e+03
2.040937735447724499e+00 5.580842555070941671e+03 -6.833722304870647122e+02 1.574789903217048777e+04 6.553000000000000000e+03
2.103939302609846074e+00 5.024083566150629849e+03 -1.908484716395023497e+03 1.345713058883412305e+04 7.125000000000000000e+03
2.166909709822301799e+00 4.322020804585718906e+03 -2.786751197042542572e+03 1.082998196534555791e+04 7.447000000000000000e+03
2.229700281216152380e+00 3.652353352207554963e+03 -3.314961217164826849e+03 8.413662120185590538e+03 7.929000000000000000e+03
2.292620027086342382e+00 3.008846998451007948e+03 -3.530400344341650452e+03 6.266487207205529558e+03 8.353000000000000000e+03
2.355141508366812353e+00 2.527980283551527464e+03 -3.599025818720579991e+03 4.787720300878134367e+03 8.775000000000000000e+03
2.417910583817858949e+00 2.027735297324876228e+03 -3.113716224632342346e+03 3.443720175100243523e+03 9.313000000000000000e+03
2.480856539439619368e+00 1.707508051539689404e+03 -2.524114307524214837e+03 2.804768467010548193e+03 9.841000000000000000e+03
2.543492256872954549e+00 1.542131657726873527e+03 -1.845274514669592918e+03 2.904066392690456269e+03 1.019100000000000000e+04
2.606334251884805386e+00 1.496783956680349320e+03 -9.843557204782933923e+02 3.403540261979606839e+03 1.089700000000000000e+04
2.669257370896960690e+00 1.535156910075423411e+03 -9.520140848471056927e+01 4.420149211159852712e+03 1.130100000000000000e+04
2.732423343141155758e+00 1.714948100395405390e+03 8.116989719294723500e+02 5.936940984350923827e+03 1.202500000000000000e+04
2.795529680084416047e+00 1.910791121289711327e+03 1.649156107367633695e+03 7.492743766893213433e+03 1.242300000000000000e+04
2.858366292314493240e+00 2.186172396616174410e+03 2.492773671126441968e+03 9.417010331308407331e+03 1.302100000000000000e+04
2.920876271394311718e+00 2.450300592817614415e+03 3.174277465535168631e+03 1.110316432334819183e+04 1.340500000000000000e+04
2.983449844439822751e+00 2.630865940110080828e+03 3.700081942809858901e+03 1.238704157040957398e+04 1.424700000000000000e+04
3.046384918400867114e+00 2.134385092509499373e+03 3.008788025660716357e+03 9.434184988587800035e+03 1.427500000000000000e+04
3.109279688161210142e+00 1.140253307683541152e+03 1.471384080172833819e+03 3.770336979753058131e+03 1.410000000000000000e+04
3.172087338483245755e+00 5.976405298526835850e+02 5.866630984913509792e+02 1.216022229018757344e+03 1.351600000000000000e+04
3.235077053285361881e+00 3.506724577998537598e+02 1.666823657101461436e+02 2.168555240470306558e+02 1.349200000000000000e+04
3.297974619160294107e+00 2.600031921490204354e+02 2.946699057463442628e+01 -1.141272306840583752e+02 1.270200000000000000e+04
3.360979404794635528e+00 2.360293628643553348e+02 -2.298687848155219093e+00 -2.378682521597038431e+02 1.263400000000000000e+04
3.423687966102657132e+00 2.290046140087782760e+02 1.231758535990821279e+01 -2.885718147361203592e+02 1.180200000000000000e+04
3.486367717614779593e+00 2.227616485868192342e+02 2.977854841614672310e+01 -3.111834217962853018e+02 1.159000000000000000e+04
3.549237455189846013e+00 2.136027109798193067e+02 4.345082968238638443e+01 -3.238301914586534735e+02 1.100400000000000000e+04
3.611466567116090154e+00 1.965557999557020992e+02 4.615503733971927858e+01 -3.237762667111273913e+02 1.025800000000000000e+04
3.674175279485516032e+00 1.868368992227349850e+02 5.119258366301738761e+01 -3.419641090734534146e+02 1.013800000000000000e+04
3.737325177637534246e+00 1.728640217149027478e+02 4.964782327369253068e+01 -3.491329466901632941e+02 9.282000000000000000e+03
3.800314856493150373e+00 1.755280662249186321e+02 6.270003717969961343e+01 -4.018452085245887702e+02 8.824000000000000000e+03
3.863228937922256190e+00 1.821621881003862597e+02 7.323805095114390440e+01 -4.496854426915268164e+02 8.130000000000000000e+03
3.925673163149277833e+00 1.945897666061141251e+02 8.874131792569652077e+01 -5.179089243888126930e+02 7.330000000000000000e+03
3.988379144029963186e+00 2.312302289533899113e+02 1.251339346295151103e+02 -6.492006304462075832e+02 6.960000000000000000e+03
4.051365442737894007e+00 2.286390674435234303e+02 1.144597490849849066e+02 -6.527879304398379645e+02 5.944000000000000000e+03
4.114073661208438537e+00 2.763557160210060601e+02 1.567862772314833535e+02 -8.099311530330345477e+02 5.482000000000000000e+03
4.176398926321660099e+00 2.426470774974884534e+02 1.108339055625664855e+02 -7.082775824341000543e+02 4.458000000000000000e+03
4.238428652338137148e+00 2.138203039749927257e+02 7.138187192975706807e+01 -6.223827315402567137e+02 3.892000000000000000e+03
4.301987060447956424e+00 1.647784945487839252e+02 1.315519180841394942e+01 -4.765237000073644253e+02 3.165000000000000000e+03
4.365598466856841497e+00 1.543461211967786824e+02 -4.899848137672660364e+00 -4.544233436052710431e+02 2.617000000000000000e+03
4.427107359730706015e+00 1.602481169075137188e+02 -6.453027055981255700e+00 -4.863281650409715553e+02 2.037000000000000000e+03
4.489602987092925268e+00 1.704810602465123281e+02 -4.756350249824666143e+00 -5.358509679821664804e+02 1.831000000000000000e+03
4.554125500073445743e+00 1.820117587115949789e+02 -4.896560028815596155e+00 -5.844599076622157554e+02 1.435000000000000000e+03
4.616430240049651523e+00 1.946843493701152852e+02 -5.761870992057012586e+00 -6.359624498926527849e+02 1.119000000000000000e+03
4.677252312221349406e+00 2.099504613268113928e+02 -8.270989281608182253e+00 -6.931544484238120276e+02 8.800000000000000000e+02
4.741981513824780059e+00 2.364025889127269693e+02 -9.163455430918061140e+00 -7.928754077697309413e+02 7.470000000000000000e+02
4.809273072599613563e+00 2.767750009005155221e+02 -9.379044796586486044e+00 -9.389168128220323979e+02 5.200000000000000000e+02
4.871546600533164906e+00 3.273135836146473707e+02 -9.212701804097873648e+00 -1.118527377541812257e+03 3.280000000000000000e+02
4.925260063653622566e+00 3.788908571747673477e+02 -8.747987921006295409e+00 -1.300394159491087066e+03 2.160000000000000000e+02
4.988369355351538026e+00 4.654442472566544211e+02 -4.632965277383803482e+00 -1.614192974489290009e+03 1.720000000000000000e+02
5.058296331193474771e+00 5.737956348783992553e+02 -2.314407654824980565e+00 -1.999388695426000368e+03 8.400000000000000000e+01
5.124330000078495928e+00 6.916851038559780136e+02 -7.471958578173547583e-01 -2.416865864411177427e+03 2.500000000000000000e+01
5.169965902813741465e+00 7.760042105599679871e+02 -5.911918483876396069e-01 -2.712181531910331614e+03 6.000000000000000000e+00
5.223742168994547797e+00 8.897482279341456888e+02 0.000000000000000000e+00 -3.114118797769509001e+03 1.000000000000000000e+00
