8.899641224696955288e-02 9.845488682746361010e+05 -1.575361682098455731e+03 -4.463499313715087483e+05 1.300000000000000000e+01
1.507912216506557823e-01 9.572911218654179247e+05 -7.356797099229427658e+03 1.515986492012004310e+05 3.300000000000000000e+01
2.144790186456836945e-01 9.157001022633849643e+05 -1.355131265731543499e+04 -1.745185898241315736e+05 7.900000000000000000e+01
2.783660776489276789e-01 8.624211147311892128e+05 -2.264976399743366710e+04 -2.938962483718298245e+04 1.170000000000000000e+02
3.435099785803411021e-01 7.980136279053678736e+05 -3.225195017509000900e+04 -3.778536714700150333e+04 2.050000000000000000e+02
4.047886761425745772e-01 7.307960729990185937e+05 -4.312625919115071883e+04 5.637028925236526993e+04 2.350000000000000000e+02
4.676716683575679601e-01 6.575650667791354936e+05 -5.005762767726139282e+04 -4.617656333863936015e+04 3.690000000000000000e+02
5.308225101765952081e-01 5.819370558724978473e+05 -5.885558848203440721e+04 1.316106770852301224e+03 4.330000000000000000e+02
5.945362440940590298e-01 5.062158825265149353e+05 -6.432670511949576030e+04 -1.548458529134971468e+04 5.850000000000000000e+02
6.576224814588792489e-01 4.333878866876889952e+05 -7.004899927025158831e+04 2.632781581773487414e+04 6.790000000000000000e+02
7.196632906698736676e-01 3.667525453669026610e+05 -6.819873390980022668e+04 -4.641610825330216176e+04 8.130000000000000000e+02
7.827860915688348298e-01 3.043433743944026064e+05 -6.656771567047435383e+04 -4.569434223388905230e+04 9.850000000000000000e+02
8.470398945834540783e-01 2.462861724242544442e+05 -6.682806253879627911e+04 -7.230150836156119112e+03 1.183000000000000000e+03
9.096854620527370372e-01 1.977076939864329761e+05 -6.097168457475711330e+04 -2.409380600518739084e+04 1.269000000000000000e+03
9.720789776830213169e-01 1.565487853668646421e+05 -5.379314572972065798e+04 -3.563710401187798561e+04 1.537000000000000000e+03
1.034763038959366499e+00 1.212877724939081090e+05 -4.715099736667563411e+04 -3.515813875206430384e+04 1.653000000000000000e+03
1.097576444254559247e+00 9.286322534611988522e+04 -3.967811568539791188e+04 -3.181813864573397223e+04 1.963000000000000000e+03
1.160543084780093270e+00 6.988704743724199943e+04 -3.214172868183976971e+04 -3.290300926544285903e+04 2.121000000000000000e+03
1.223669666537485323e+00 5.209414172141141898e+04 -2.502909616534047746e+04 -3.056220388315861055e+04 2.413000000000000000e+03
1.286817263090294094e+00 3.873308040707578039e+04 -1.851770836679697823e+04 -2.858220322502659474e+04 2.635000000000000000e+03
1.349500801664080818e+00 2.834031006883663213e+04 -1.339599654448496585e+04 -2.242195256128274195e+04 2.877000000000000000e+03
1.411949558842147567e+00 2.158135929225768996e+04 -8.757959035248897635e+03 -2.067836464298369538e+04 3.169000000000000000e+03
1.475133575747468395e+00 1.637222337457021786e+04 -5.273803630524919754e+03 -1.692511377148408428e+04 3.507000000000000000e+03
1.537865074252268593e+00 1.302171390973111920e+04 -2.816025458102536959e+03 -1.330157951423626764e+04 3.685000000000000000e+03
1.600657544051110381e+00 1.049299182816640314e+04 -1.084145646511683708e+03 -1.000228210178258087e+04 4.165000000000000000e+03
1.663991168687080524e+00 8.899321939391937121e+03 -3.000106280667187875e+00 -7.706116341335116886e+03 4.377000000000000000e+03
1.727195645776442801e+00 7.902310792321676672e+03 3.967344178559264378e+02 -5.862345204914228816e+03 4.855000000000000000e+03
1.789765213377084718e+00 7.058343980315593399e+03 5.665654322395108693e+02 -4.092524647041837852e+03 4.929000000000000000e+03
1.852353690647852158e+00 6.583492107230734291e+03 3.906174355571235992e+02 -3.367290477726935933e+03 5.581000000000000000e+03
1.914806787341157390e+00 6.055153766461536179e+03 1.520308322294952461e+02 -2.635613245448962061e+03 5.679000000000000000e+03
1.977889868651535599e+00 5.687189284235177183e+03 -7.877853934153178272e+01 -2.465227104197164863e+03 6.385000000000000000e+03
2.040937735447724499e+00 5.309897426230168094e+03 -3.064363928036848961e+02 -2.038938460707891863e+03 6.553000000000000000e+03
2.103939302609846074e+00 4.968541664727841635e+03 -4.410407685679525116e+02 -1.875648776599607800e+03 7.125000000000000000e+03
2.166909709822301799e+00 4.706823315141376952e+03 -5.062197754130211820e+02 -1.763512566751101076e+03 7.447000000000000000e+03
2.229700281216152380e+00 4.405491379683619016e+03 -3.845460705537158788e+02 -1.364598157194096302e+03 7.929000000000000000e+03
2.292620027086342382e+00 4.226411178499453854e+03 -2.248949487473528563e+02 -8.392488761363275671e+02 8.353000000000000000e+03
2.355141508366812353e+00 4.064794033811958343e+03 8.725860240248398725e+01 -2.860742157512478201e+01 8.775000000000000000e+03
2.417910583817858949e+00 3.911362311600455087e+03 4.720538442686402618e+02 8.028945790908244362e+02 9.313000000000000000e+03
2.480856539439619368e+00 3.856088263577227281e+03 8.870890080383633176e+02 1.765370523828516752e+03 9.841000000000000000e+03
2.543492256872954549e+00 3.802464101786840274e+03 1.533980191749523783e+03 3.044635490129439859e+03 1.019100000000000000e+04
2.606334251884805386e+00 3.817153364318441618e+03 2.088058179667053992e+03 4.224450153617331125e+03 1.089700000000000000e+04
2.669257370896960690e+00 3.823738303932529107e+03 2.777110759527907703e+03 5.462165737820168943e+03 1.130100000000000000e+04
2.732423343141155758e+00 3.904496814137448837e+03 3.575235762999805047e+03 7.026402445925647953e+03 1.202500000000000000e+04
2.795529680084416047e+00 3.960452300353704231e+03 4.296535753210042458e+03 8.218559607549668726e+03 1.242300000000000000e+04
2.858366292314493240e+00 4.055969471286377484e+03 5.215460252556084924e+03 9.663058566034260366e+03 1.302100000000000000e+04
2.920876271394311718e+00 4.171903420148208170e+03 6.017482009853669297e+03 1.095908281917957356e+04 1.340500000000000000e+04
2.983449844439822751e+00 4.247796405090361077e+03 6.746646783289854284e+03 1.199642412505548600e+04 1.424700000000000000e+04
3.046384918400867114e+00 3.913994739585643856e+03 6.111470441059935183e+03 9.555035976997285616e+03 1.427500000000000000e+04
3.109279688161210142e+00 3.210480917615796443e+03 4.277591059914328980e+03 4.587849684097339377e+03 1.410000000000000000e+04
3.172087338483245755e+00 2.724943909914970845e+03 2.859572844418349177e+03 1.487365428738022501e+03 1.351600000000000000e+04
3.235077053285361881e+00 2.398626134764114795e+03 1.841084709125862901e+03 -3.812671174017954172e+02 1.349200000000000000e+04
3.297974619160294107e+00 2.137282233952053957e+03 1.216580566168777978e+03 -1.541146505275729851e+03 1.270200000000000000e+04
3.360979404794635528e+00 1.970630762933459664e+03 8.498804800272951070e+02 -2.379544468865191448e+03 1.263400000000000000e+04
3.423687966102657132e+00 1.833937552532208656e+03 6.325905337864485318e+02 -2.891791614206918439e+03 1.180200000000000000e+04
3.486367717614779593e+00 1.733511585978992343e+03 5.309243571626759604e+02 -3.309977060454119510e+03 1.159000000000000000e+04
3.549237455189846013e+00 1.683072587393729691e+03 4.929915122937308638e+02 -3.679573534516374821e+03 1.100400000000000000e+04
3.611466567116090154e+00 1.643791433427856646e+03 4.649838678787470485e+02 -3.931072657611937302e+03 1.025800000000000000e+04
3.674175279485516032e+00 1.665329259045898652e+03 4.784953076873571831e+02 -4.183459305530072015e+03 1.013800000000000000e+04
3.737325177637534246e+00 1.709516087296028445e+03 4.822079153770155813e+02 -4.480811030003346787e+03 9.282000000000000000e+03
3.800314856493150373e+00 1.798950988324699210e+03 4.810595038275419029e+02 -4.793705085144631994e+03 8.824000000000000000e+03
3.863228937922256190e+00 1.920676442624446736e+03 5.095643953728345537e+02 -5.189166357527910804e+03 8.130000000000000000e+03
3.925673163149277833e+00 2.065395103773764276e+03 5.394817537718937501e+02 -5.677064009580522907e+03 7.330000000000000000e+03
3.988379144029963186e+00 2.249680293585546224e+03 5.776888040438909684e+02 -6.217623946058401089e+03 6.960000000000000000e+03
4.051365442737894007e+00 2.477089074736167277e+03 6.923226542304198574e+02 -7.165989015497407308e+03 5.944000000000000000e+03
4.114073661208438537e+00 2.675016005805529858e+03 7.276353327333245034e+02 -7.743410061654846686e+03 5.482000000000000000e+03
4.176398926321660099e+00 2.915929700222973679e+03 8.966971123912322810e+02 -8.923961107053786691e+03 4.458000000000000000e+03
4.238428652338137148e+00 3.110186588705456415e+03 9.915898405776413256e+02 -9.892867992890785899e+03 3.892000000000000000e+03
4.301987060447956424e+00 3.196051987749924137e+03 9.864738586034490027e+02 -1.055405024621184202e+04 3.165000000000000000e+03
4.365598466856841497e+00 3.194307318201238559e+03 8.613729994170095097e+02 -1.068198958631112328e+04 2.617000000000000000e+03
4.427107359730706015e+00 3.107917073305979557e+03 6.680293334767250144e+02 -1.040863971030218454e+04 2.037000000000000000e+03
4.489602987092925268e+00 2.904745875043724027e+03 4.286044239373830465e+02 -9.710260505321090022e+03 1.831000000000000000e+03
4.554125500073445743e+00 2.683239146232136136e+03 2.444030012044087243e+02 -8.936875077118604167e+03 1.435000000000000000e+03
4.616430240049651523e+00 2.411531753641842442e+03 1.021532367857664951e+02 -8.020951665711109854e+03 1.119000000000000000e+03
4.677252312221349406e+00 2.136213360778486731e+03 1.784763554846187361e+01 -7.123053232706562994e+03 8.800000000000000000e+02
4.741981513824780059e+00 1.759498001020971287e+03 -1.090565938851736050e+01 -5.921204862171193781e+03 7.470000000000000000e+02
4.809273072599613563e+00 1.427648777877780049e+03 -1.754005381240196826e+01 -4.844454864832071507e+03 5.200000000000000000e+02
4.871546600533164906e+00 1.178549374465407254e+03 -1.526199441294586023e+01 -4.022462585925967687e+03 3.280000000000000000e+02
4.925260063653622566e+00 9.962480124551894960e+02 -8.231088820166217346e+00 -3.425496996121157736e+03 2.160000000000000000e+02
4.988369355351538026e+00 6.955309265733064876e+02 -6.798722092096076697e-01 -2.415277723966465601e+03 1.720000000000000000e+02
5.058296331193474771e+00 5.012839867974037702e+02 1.005415027055478694e+00 -1.748758192884720302e+03 8.400000000000000000e+01
5.124330000078495928e+00 3.721254525934159574e+02 6.171445824015343584e-01 -1.301055207109595585e+03 2.500000000000000000e+01
5.169965902813741465e+00 3.511681246551268600e+02 5.676439055442370485e-01 -1.228100525657812568e+03 6.000000000000000000e+00
5.223742168994547797e+00 3.126881154776760354e+02 0.000000000000000000e+00 -1.094408404171865868e+03 1.000000000000000000e+00
