8.899641224696955288e-02 9.764449646129414905e+05 -1.535822330941439986e+03 -4.340659635793391499e+05 1.300000000000000000e+01
1.507912216506557823e-01 9.358017459255821304e+05 -6.813670688717763369e+03 1.539040641536956828e+05 3.300000000000000000e+01
2.144790186456836945e-01 8.761241679729492171e+05 -1.174666374836871728e+04 -1.647058850668178638e+05 7.900000000000000000e+01
2.783660776489276789e-01 8.034713952593598515e+05 -1.839661734571359557e+04 -2.636014970168155560e+04 1.170000000000000000e+02
3.435099785803411021e-01 7.214548822024381952e+05 -2.233914746808300697e+04 -4.140729220723206527e+04 2.050000000000000000e+02
4.047886761425745772e-01 6.418603924330938607e+05 -2.733509555033087236e+04 3.441837094761255139e+04 2.350000000000000000e+02
4.676716683575679601e-01 5.629462602410569089e+05 -2.578987048833585141e+04 -6.516830559100671235e+04 3.690000000000000000e+02
5.308225101765952081e-01 4.882671693366421969e+05 -2.559992852490732548e+04 -3.553621243411672913e+04 4.330000000000000000e+02
5.945362440940590298e-01 4.209803632954634959e+05 -2.249440311817952170e+04 -5.737686328340780892e+04 5.850000000000000000e+02
6.576224814588792489e-01 3.615873152814585483e+05 -1.765969457572010288e+04 -3.370843864103623491e+04 6.790000000000000000e+02
7.196632906698736676e-01 3.138828558612633497e+05 -1.313182037841135934e+04 -9.788059819327606237e+04 8.130000000000000000e+02
7.827860915688348298e-01 2.720827793281755294e+05 -5.157073942456880104e+03 -1.090854729195137479e+05 9.850000000000000000e+02
8.470398945834540783e-01 2.349583468095222488e+05 -4.130528919067726747e+03 -6.698793323122389847e+04 1.183000000000000000e+03
9.096854620527370372e-01 2.067510814569023205e+05 1.397877946615182282e+03 -8.263583125576040766e+04 1.269000000000000000e+03
9.720789776830213169e-01 1.838807803301709937e+05 5.913490492770710262e+03 -9.503267659326328430e+04 1.537000000000000000e+03
1.034763038959366499e+00 1.644221700473594246e+05 7.063823313335128660e+03 -8.639720200518099591e+04 1.653000000000000000e+03
1.097576444254559247e+00 1.478362187467098411e+05 1.095746500203049072e+04 -8.338610619945773215e+04 1.963000000000000000e+03
1.160543084780093270e+00 1.345905101370764605e+05 1.132543102509678465e+04 -7.919704406496795127e+04 2.121000000000000000e+03
1.223669666537485323e+00 1.228809953037950909e+05 1.231000739160062039e+04 -7.439254093462768651e+04 2.413000000000000000e+03
1.286817263090294094e+00 1.131320325257620716e+05 1.252713178093593342e+04 -7.221434619393621688e+04 2.635000000000000000e+03
1.349500801664080818e+00 1.034459275902414811e+05 1.150428210022180792e+04 -5.584928472626316216e+04 2.877000000000000000e+03
1.411949558842147567e+00 9.609081619348387176e+04 1.053523541030332672e+04 -5.764984681780133542e+04 3.169000000000000000e+03
1.475133575747468395e+00 8.895672812565002823e+04 8.707630773009272161e+03 -5.067676784107110143e+04 3.507000000000000000e+03
1.537865074252268593e+00 8.215416072401878773e+04 6.908479284928518609e+03 -4.472170257664856763e+04 3.685000000000000000e+03
1.600657544051110381e+00 7.623248595359711908e+04 4.820154164184233196e+03 -3.627060471578073339e+04 4.165000000000000000e+03
1.663991168687080524e+00 7.117135705012800463e+04 2.725971597824477158e+03 -3.204110492051100664e+04 4.377000000000000000e+03
1.727195645776442801e+00 6.664900275097604026e+04 1.442364612813497615e+03 -3.005260392799778128e+04 4.855000000000000000e+03
1.789765213377084718e+00 6.253260115711142862e+04 1.206930782317827919e+02 -2.345989852680620606e+04 4.929000000000000000e+03
1.852353690647852158e+00 5.912398395995913597e+04 -9.925122282266765978e+02 -2.199643455593592444e+04 5.581000000000000000e+03
1.914806787341157390e+00 5.628384064329443936e+04 -1.707083635165968872e+03 -1.840908810935373185e+04 5.679000000000000000e+03
1.977889868651535599e+00 5.376807766982452449e+04 -1.818312039983425166e+03 -1.741880493887873308e+04 6.385000000000000000e+03
2.040937735447724499e+00 5.145717212390031636e+04 -2.031466117239794812e+03 -1.341585951859966735e+04 6.553000000000000000e+03
2.103939302609846074e+00 4.958962988326616323e+04 -1.871311003696315765e+03 -1.206704796317449291e+04 7.125000000000000000e+03
2.166909709822301799e+00 4.774164549814155907e+04 -1.719629231814850300e+03 -1.057615963220709455e+04 7.447000000000000000e+03
2.229700281216152380e+00 4.613834045332284586e+04 -1.153345551046128776e+03 -8.573729343252265608e+03 7.929000000000000000e+03
2.292620027086342382e+00 4.432076457535143709e+04 -1.177157045804518475e+03 -6.159567941961407996e+03 8.353000000000000000e+03
2.355141508366812353e+00 4.275336495935979474e+04 -9.770444546735791391e+02 -3.498616020386280070e+03 8.775000000000000000e+03
2.417910583817858949e+00 4.120786063722996914e+04 -3.389933402326578289e+02 -8.388423617888742001e+02 9.313000000000000000e+03
2.480856539439619368e+00 3.960658785011386499e+04 -2.351826138338520877e+02 1.009732133165165919e+03 9.841000000000000000e+03
2.543492256872954549e+00 3.830135954002867220e+04 1.422625825868214235e+02 3.823492321026001264e+03 1.019100000000000000e+04
2.606334251884805386e+00 3.672547855878972041e+04 3.408764611508029816e+02 5.674288629808209407e+03 1.089700000000000000e+04
2.669257370896960690e+00 3.570901340549725865e+04 1.062664784186173165e+03 7.483406740926009661e+03 1.130100000000000000e+04
2.732423343141155758e+00 3.462216957215794537e+04 1.785469220777737974e+03 1.107034370634631341e+04 1.202500000000000000e+04
2.795529680084416047e+00 3.379540700851147994e+04 2.552111271989948364e+03 1.273445530685528320e+04 1.242300000000000000e+04
2.858366292314493240e+00 3.325511078353376797e+04 3.467928581580483296e+03 1.440809589468146623e+04 1.302100000000000000e+04
2.920876271394311718e+00 3.272699362101352381e+04 4.413244425638417852e+03 1.760226831257190497e+04 1.340500000000000000e+04
2.983449844439822751e+00 3.281188169612878119e+04 5.611429405194598075e+03 1.963096189513212084e+04 1.424700000000000000e+04
3.046384918400867114e+00 3.228826115072479297e+04 6.133014842775203761e+03 1.523276637658579602e+04 1.427500000000000000e+04
3.109279688161210142e+00 3.140844247737106707e+04 6.441034667624468057e+03 3.426709003919352199e+03 1.410000000000000000e+04
3.172087338483245755e+00 3.044473800024776938e+04 7.308131206622299032e+03 -6.591791017707353603e+03 1.351600000000000000e+04
3.235077053285361881e+00 2.970737054087397337e+04 8.174009912711885590e+03 -1.504702080215455499e+04 1.349200000000000000e+04
3.297974619160294107e+00 2.892278782160115225e+04 8.323367863844156091e+03 -2.301702910885725942e+04 1.270200000000000000e+04
3.360979404794635528e+00 2.812844002406336222e+04 7.863199640185859607e+03 -2.810456397360035771e+04 1.263400000000000000e+04
3.423687966102657132e+00 2.751048997052147752e+04 7.134791844904178106e+03 -3.196834002781859090e+04 1.180200000000000000e+04
3.486367717614779593e+00 2.665293201873017824e+04 5.453972948852598165e+03 -3.403234692599024129e+04 1.159000000000000000e+04
3.549237455189846013e+00 2.569300983777363217e+04 3.123858431266395201e+03 -3.443785258945356327e+04 1.100400000000000000e+04
3.611466567116090154e+00 2.473997455055465616e+04 8.461681544793310650e+02 -3.474422771737375297e+04 1.025800000000000000e+04
3.674175279485516032e+00 2.397936541850855792e+04 -2.169725381041030232e+03 -3.215217775242311473e+04 1.013800000000000000e+04
3.737325177637534246e+00 2.288009218020288245e+04 -4.635477824359783881e+03 -3.073831720065306217e+04 9.282000000000000000e+03
3.800314856493150373e+00 2.205706202839063917e+04 -7.333801793609499327e+03 -2.785238332107010865e+04 8.824000000000000000e+03
3.863228937922256190e+00 2.142725751521799612e+04 -9.173752097675120240e+03 -2.608336053218949746e+04 8.130000000000000000e+03
3.925673163149277833e+00 2.066039293646770602e+04 -1.027972590460887477e+04 -2.532485981706757593e+04 7.330000000000000000e+03
3.988379144029963186e+00 2.037659809945959933e+04 -1.229937388640679455e+04 -2.233149603202907383e+04 6.960000000000000000e+03
4.051365442737894007e+00 1.956844704449997880e+04 -1.112788121100951503e+04 -2.557062528194230617e+04 5.944000000000000000e+03
4.114073661208438537e+00 1.981679065607283701e+04 -1.276162872589534891e+04 -2.335677146933494078e+04 5.482000000000000000e+03
4.176398926321660099e+00 1.886482625361810642e+04 -1.010009788869993827e+04 -2.898881563590537917e+04 4.458000000000000000e+03
4.238428652338137148e+00 1.799873941997971269e+04 -8.258515284529985365e+03 -3.241162486243996682e+04 3.892000000000000000e+03
4.301987060447956424e+00 1.635381645855448369e+04 -4.996186655828220864e+03 -3.736268970566469943e+04 3.165000000000000000e+03
4.365598466856841497e+00 1.509299690500339057e+04 -3.383617978985261743e+03 -3.878185170721574832e+04 2.617000000000000000e+03
4.427107359730706015e+00 1.390834027920833250e+04 -2.238770310338947183e+03 -3.881776356986491737e+04 2.037000000000000000e+03
4.489602987092925268e+00 1.257309362248718207e+04 -1.169965000746701207e+03 -3.770285338666358439e+04 1.831000000000000000e+03
4.554125500073445743e+00 1.150815174164806376e+04 -4.156355753498045260e+02 -3.627007438992951211e+04 1.435000000000000000e+03
4.616430240049651523e+00 1.022818576257345376e+04 2.786164425251148558e+01 -3.345379595473836525e+04 1.119000000000000000e+03
4.677252312221349406e+00 8.826104813178275435e+03 2.839057039502453108e+02 -2.968777855897394693e+04 8.800000000000000000e+02
4.741981513824780059e+00 6.869785712366776352e+03 3.225283632590385992e+02 -2.354824585062767437e+04 7.470000000000000000e+02
4.809273072599613563e+00 5.325898525695980425e+03 3.050243008661258273e+02 -1.851132337853053468e+04 5.200000000000000000e+02
4.871546600533164906e+00 4.283629160374525782e+03 2.686855408039670579e+02 -1.500410568914664327e+04 3.280000000000000000e+02
4.925260063653622566e+00 3.578473314220427255e+03 1.958557798480109113e+02 -1.256537050023049233e+04 2.160000000000000000e+02
4.988369355351538026e+00 2.591225264312426589e+03 7.938394345999043367e+01 -9.090461072054813485e+03 1.720000000000000000e+02
5.058296331193474771e+00 1.994900907531366329e+03 3.102484190309886003e+01 -6.989093240011471607e+03 8.400000000000000000e+01
5.124330000078495928e+00 1.592416646160081655e+03 8.062456485651960492e+00 -5.573407911939518272e+03 2.500000000000000000e+01
5.169965902813741465e+00 1.544309210646829797e+03 5.770443016715343987e+00 -5.404252138555668353e+03 6.000000000000000000e+00
5.223742168994547797e+00 1.433469241585153213e+03 0.000000000000000000e+00 -5.017142345548036246e+03 1.000000000000000000e+00
