8.899641224696955288e-02 9.848298882046381477e+05 -1.598598957771071582e+03 -4.467638294142666855e+05 1.300000000000000000e+01
1.507912216506557823e-01 9.580347065419615246e+05 -7.485593646409769462e+03 1.515450405039278558e+05 3.300000000000000000e+01
2.144790186456836945e-01 9.170479533319248585e+05 -1.384305013199103814e+04 -1.748106535043702752e+05 7.900000000000000000e+01
2.783660776489276789e-01 8.643757592339101247e+05 -2.325157971694317530e+04 -2.941405358827009331e+04 1.170000000000000000e+02
3.435099785803411021e-01 8.004215899887288688e+05 -3.333832243314081279e+04 -3.743904339527185221e+04 2.050000000000000000e+02
4.047886761425745772e-01 7.333846621410355438e+05 -4.490005146979678830e+04 5.744268842244900588e+04 2.350000000000000000e+02
4.676716683575679601e-01 6.598794936727110762e+05 -5.257925692948256619e+04 -4.480827271299090353e+04 3.690000000000000000e+02
5.308225101765952081e-01 5.835700019611712778e+05 -6.241685872844113328e+04 3.657709385246055717e+03 4.330000000000000000e+02
5.945362440940590298e-01 5.066320240738335997e+05 -6.894885308647919737e+04 -1.243099609861499084e+04 5.850000000000000000e+02
6.576224814588792489e-01 4.322320850906314445e+05 -7.596004865332812187e+04 3.019035139572059416e+04 6.790000000000000000e+02
7.196632906698736676e-01 3.635454227069741464e+05 -7.480672836557938717e+04 -4.130185078420743957e+04 8.130000000000000000e+02
7.827860915688348298e-01 2.988327696322823176e+05 -7.389157390626793494e+04 -3.881139186682354921e+04 9.850000000000000000e+02
8.470398945834540783e-01 2.387162089182842756e+05 -7.505258944677763793e+04 -1.230672554166029158e+03 1.183000000000000000e+03
9.096854620527370372e-01 1.879633207838509406e+05 -6.923707986024243291e+04 -1.691458032439808812e+04 1.269000000000000000e+03
9.720789776830213169e-01 1.448726758583174378e+05 -6.162230010191972542e+04 -2.699962887528162537e+04 1.537000000000000000e+03
1.034763038959366499e+00 1.083140940879330446e+05 -5.435999419334601407e+04 -2.624179017016319631e+04 1.653000000000000000e+03
1.097576444254559247e+00 7.886807713524035353e+04 -4.573073964163364144e+04 -2.226352757589343310e+04 1.963000000000000000e+03
1.160543084780093270e+00 5.561462896330576768e+04 -3.676935059330637159e+04 -2.261140775728468725e+04 2.121000000000000000e+03
1.223669666537485323e+00 3.801277043917118135e+04 -2.798952166749522803e+04 -1.935029869322930608e+04 2.413000000000000000e+03
1.286817263090294094e+00 2.531928847992164447e+04 -1.973697602287937843e+04 -1.594877965869521904e+04 2.635000000000000000e+03
1.349500801664080818e+00 1.626132462396382834e+04 -1.290052370717257691e+04 -9.819308042083050168e+03 2.877000000000000000e+03
1.411949558842147567e+00 1.078657331099576368e+04 -6.774502532226418225e+03 -6.086447437985249962e+03 3.169000000000000000e+03
1.475133575747468395e+00 7.320008768117933869e+03 -2.065900503962745461e+03 -1.085118934902211777e+03 3.507000000000000000e+03
1.537865074252268593e+00 5.569786859102771814e+03 1.235581695460360152e+03 3.782962670686928959e+03 3.685000000000000000e+03
1.600657544051110381e+00 4.876453513930595363e+03 3.452072215700005472e+03 8.019926277767169267e+03 4.165000000000000000e+03
1.663991168687080524e+00 4.902947019321668449e+03 4.586930572612489414e+03 1.158413514008548373e+04 4.377000000000000000e+03
1.727195645776442801e+00 5.053617565652643862e+03 4.490830377753779430e+03 1.370953204747341624e+04 4.855000000000000000e+03
1.789765213377084718e+00 5.455624892564773290e+03 4.005211503560191431e+03 1.581986948129152188e+04 4.929000000000000000e+03
1.852353690647852158e+00 5.529484987087702393e+03 2.816544810024662183e+03 1.579853503755092061e+04 5.581000000000000000e+03
1.914806787341157390e+00 5.717215945882895539e+03 1.505969793724183091e+03 1.616130979185729484e+04 5.679000000000000000e+03
1.977889868651535599e+00 5.439527880243455002e+03 8.394122469221956351e+01 1.461114927271094894e+04 6.385000000000000000e+03
2.040937735447724499e+00 5.262636420951907894e+03 -1.313734563046346011e+03 1.358490670646136459e+04 6.553000000000000000e+03
2.103939302609846074e+00 4.830427837041973362e+03 -2.508427253234231102e+03 1.172516712061744693e+04 7.125000000000000000e+03
2.166909709822301799e+00 4.272696988351302934e+03 -3.358302372256974195e+03 9.571020305808646299e+03 7.447000000000000000e+03
2.229700281216152380e+00 3.730646952356958536e+03 -3.869235917175855320e+03 7.626692368128026828e+03 7.929000000000000000e+03
2.292620027086342382e+00 3.212451175880779829e+03 -4.070641166018642252e+03 5.927615029963370034e+03 8.353000000000000000e+03
2.355141508366812353e+00 2.837378535354670475e+03 -4.137972458647177518e+03 4.846915341169028579e+03 8.775000000000000000e+03
2.417910583817858949e+00 2.404236759241885011e+03 -3.607833401371199216e+03 3.813635677401359317e+03 9.313000000000000000e+03
2.480856539439619368e+00 2.127472102317463396e+03 -2.969054667082321430e+03 3.396638440407669805e+03 9.841000000000000000e+03
2.543492256872954549e+00 1.980561921060430450e+03 -2.223430217835403255e+03 3.639592405588434758e+03 1.019100000000000000e+04
2.606334251884805386e+00 1.915583269763573071e+03 -1.264660262102610886e+03 4.158888093203063363e+03 1.089700000000000000e+04
2.669257370896960690e+00 1.911744419463112536e+03 -2.511465480180691259e+02 5.098606875504566233e+03 1.130100000000000000e+04
2.732423343141155758e+00 2.032717605008170267e+03 7.990765745729180480e+02 6.492735487489602747e+03 1.202500000000000000e+04
2.795529680084416047e+00 2.154110880213316705e+03 1.790964843535013415e+03 7.845499487495843823e+03 1.242300000000000000e+04
2.858366292314493240e+00 2.350418680298120307e+03 2.804119645116415995e+03 9.550165626548583532e+03 1.302100000000000000e+04
2.920876271394311718e+00 2.542047620443483993e+03 3.635133111014232782e+03 1.103916909324606604e+04 1.340500000000000000e+04
2.983449844439822751e+00 2.664886083718268765e+03 4.284340324943246742e+03 1.216232433117643632e+04 1.424700000000000000e+04
3.046384918400867114e+00 2.194930646091925610e+03 3.503872479521984133e+03 9.283854143540464065e+03 1.427500000000000000e+04
3.109279688161210142e+00 1.276522247277938050e+03 1.722947362073447721e+03 3.803204767552974317e+03 1.410000000000000000e+04
3.172087338483245755e+00 7.543268793532852214e+02 6.868947995800109538e+02 1.252480036134324337e+03 1.351600000000000000e+04
3.235077053285361881e+00 4.949628516604917081e+02 1.754011544375425729e+02 2.030408255985505832e+02 1.349200000000000000e+04
3.297974619160294107e+00 3.792312419158153602e+02 -1.197551797224527803e+01 -1.739250683696824922e+02 1.270200000000000000e+04
3.360979404794635528e+00 3.355936389516694476e+02 -7.185657231411741463e+01 -3.328232116428990821e+02 1.263400000000000000e+04
3.423687966102657132e+00 3.111774271434998695e+02 -6.948505871669078715e+01 -4.072938218012810125e+02 1.180200000000000000e+04
3.486367717614779593e+00 3.004568060754904195e+02 -4.849389302525879231e+01 -4.614497587332754733e+02 1.159000000000000000e+04
3.549237455189846013e+00 2.915247699735099900e+02 -1.990794310229398079e+01 -5.086417515570839214e+02 1.100400000000000000e+04
3.611466567116090154e+00 2.784195386245586974e+02 2.761561404925397145e+00 -5.433391023738424792e+02 1.025800000000000000e+04
3.674175279485516032e+00 2.814880196717040803e+02 3.784351067675724067e+01 -6.153926258777429439e+02 1.013800000000000000e+04
3.737325177637534246e+00 2.729668255767049914e+02 6.079472452576172969e+01 -6.523508364375486508e+02 9.282000000000000000e+03
3.800314856493150373e+00 2.851454408100273099e+02 1.014935481669674431e+02 -7.449207646191564436e+02 8.824000000000000000e+03
3.863228937922256190e+00 2.946220486349816952e+02 1.293515973392135550e+02 -8.108119253108845896e+02 8.130000000000000000e+03
3.925673163149277833e+00 3.057691572354532354e+02 1.546977053430430544e+02 -8.783031631652530677e+02 7.330000000000000000e+03
3.988379144029963186e+00 3.473801030202544098e+02 2.065445147734388911e+02 -1.034717970467448595e+03 6.960000000000000000e+03
4.051365442737894007e+00 3.317173127301571753e+02 1.823452958481597932e+02 -9.948074530516546474e+02 5.944000000000000000e+03
4.114073661208438537e+00 3.856607132125359954e+02 2.322674210886159187e+02 -1.174222589838029535e+03 5.482000000000000000e+03
4.176398926321660099e+00 3.383142321949670759e+02 1.632307224951087221e+02 -1.024410163517023875e+03 4.458000000000000000e+03
4.238428652338137148e+00 3.050555376329450041e+02 1.056263100668003148e+02 -9.184846019196293128e+02 3.892000000000000000e+03
4.301987060447956424e+00 2.521007878729699030e+02 2.426605328442576948e+01 -7.509831343702256845e+02 3.165000000000000000e+03
4.365598466856841497e+00 2.489895685817278661e+02 -5.703760311132017868e+00 -7.455198999892510301e+02 2.617000000000000000e+03
4.427107359730706015e+00 2.665364289341143262e+02 -1.439477632860853973e+01 -8.113656687436828179e+02 2.037000000000000000e+03
4.489602987092925268e+00 2.924381048054760299e+02 -1.783555882809792337e+01 -9.135491461173598964e+02 1.831000000000000000e+03
4.554125500073445743e+00 3.207320256980049180e+02 -2.268666382797945147e+01 -1.017988695683964920e+03 1.435000000000000000e+03
4.616430240049651523e+00 3.544918202294132357e+02 -2.571014548104511022e+01 -1.143556987700390891e+03 1.119000000000000000e+03
4.677252312221349406e+00 3.937721301006758949e+02 -2.977095939734953589e+01 -1.285453672930256971e+03 8.800000000000000000e+02
4.741981513824780059e+00 4.552329649386132360e+02 -2.766810377536865673e+01 -1.516458738139849629e+03 7.470000000000000000e+02
4.809273072599613563e+00 5.370869424012892068e+02 -2.497950053485412880e+01 -1.814631897826935756e+03 5.200000000000000000e+02
4.871546600533164906e+00 6.320782679624238654e+02 -2.261050379368614216e+01 -2.154429320762646057e+03 3.280000000000000000e+02
4.925260063653622566e+00 7.278773999440866191e+02 -2.001877176692837779e+01 -2.494412198246286607e+03 2.160000000000000000e+02
4.988369355351538026e+00 8.789083652772330879e+02 -1.003971929874775171e+01 -3.046590988753838701e+03 1.720000000000000000e+02
5.058296331193474771e+00 1.066028493679599251e+03 -4.833378706179320083e+00 -3.713940964586403425e+03 8.400000000000000000e+01
5.124330000078495928e+00 1.269654718558741934e+03 -1.525741249661549448e+00 -4.436209777998541540e+03 2.500000000000000000e+01
5.169965902813741465e+00 1.419298422915226865e+03 -1.196387885987879818e+00 -4.960402933566558204e+03 6.000000000000000000e+00
5.223742168994547797e+00 1.619851478207925993e+03 0.000000000000000000e+00 -5.669480173727740294e+03 1.000000000000000000e+00
