8.899641224696955288e-02 9.817907171430119779e+05 -1.580711146240280641e+03 -4.421420765884862049e+05 1.300000000000000000e+01
1.507912216506557823e-01 9.499258337428898085e+05 -7.257869910403354879e+03 1.524923863356293004e+05 3.300000000000000000e+01
2.144790186456836945e-01 9.019914755158922635e+05 -1.305980808624614474e+04 -1.708931507850956987e+05 7.900000000000000000e+01
2.783660776489276789e-01 8.417281143836055417e+05 -2.124904552434375728e+04 -2.790001944555764567e+04 1.170000000000000000e+02
3.435099785803411021e-01 7.707194424267222639e+05 -2.889090212161206364e+04 -3.799009313047895557e+04 2.050000000000000000e+02
4.047886761425745772e-01 6.985690418166248128e+05 -3.717441143719085085e+04 4.986626048454879492e+04 2.350000000000000000e+02
4.676716683575679601e-01 6.227495759644528152e+05 -4.070064027274976252e+04 -5.112521552102812711e+04 3.690000000000000000e+02
5.308225101765952081e-01 5.469905948365490185e+05 -4.521985114591670572e+04 -1.000857470581759299e+04 4.330000000000000000e+02
5.945362440940590298e-01 4.741789827516728546e+05 -4.631513578283073730e+04 -2.898820507489514785e+04 5.850000000000000000e+02
6.576224814588792489e-01 4.066154325478751562e+05 -4.671068397807923611e+04 5.775153730083874507e+03 6.790000000000000000e+02
7.196632906698736676e-01 3.477402290640503052e+05 -4.246527513534629543e+04 -6.511978529592666746e+04 8.130000000000000000e+02
7.827860915688348298e-01 2.945806589785920223e+05 -3.768448673227307881e+04 -7.018364638396511145e+04 9.850000000000000000e+02
8.470398945834540783e-01 2.457942841716386029e+05 -3.565298715744141373e+04 -3.101422731700343866e+04 1.183000000000000000e+03
9.096854620527370372e-01 2.068615817878858070e+05 -2.978649268639016736e+04 -4.887484552343442920e+04 1.269000000000000000e+03
9.720789776830213169e-01 1.745735353861406620e+05 -2.414350728819044889e+04 -6.202697595661910600e+04 1.537000000000000000e+03
1.034763038959366499e+00 1.465631731228691060e+05 -2.011345081132475752e+04 -5.925268794954440818e+04 1.653000000000000000e+03
1.097576444254559247e+00 1.241416629106402543e+05 -1.562972456556220277e+04 -5.654040923189938621e+04 1.963000000000000000e+03
1.160543084780093270e+00 1.052705659996295872e+05 -1.227972097404764281e+04 -5.632782840130928525e+04 2.121000000000000000e+03
1.223669666537485323e+00 9.001462015619836166e+04 -9.212482442322998395e+03 -5.381260043885679625e+04 2.413000000000000000e+03
1.286817263090294094e+00 7.778285150806565071e+04 -6.609702094811608731e+03 -5.307820940708267153e+04 2.635000000000000000e+03
1.349500801664080818e+00 6.690840111739483837e+04 -4.937907108278570377e+03 -4.344236905684663361e+04 2.877000000000000000e+03
1.411949558842147567e+00 5.920996159853866266e+04 -3.196244146699332759e+03 -4.467137013453439431e+04 3.169000000000000000e+03
1.475133575747468395e+00 5.210988572817949898e+04 -2.029312777788952872e+03 -4.074135080521395139e+04 3.507000000000000000e+03
1.537865074252268593e+00 4.659065191122237593e+04 -1.123386846066457792e+03 -3.750209847719664685e+04 3.685000000000000000e+03
1.600657544051110381e+00 4.151640812082630146e+04 -5.678792181211913430e+02 -3.265607315191818634e+04 4.165000000000000000e+03
1.663991168687080524e+00 3.741724589404711151e+04 -2.323561352153127473e+02 -2.985336784248322147e+04 4.377000000000000000e+03
1.727195645776442801e+00 3.430442552762912965e+04 -3.991778804286420268e+01 -2.755879322166346901e+04 4.855000000000000000e+03
1.789765213377084718e+00 3.117936499590763196e+04 -5.760563813014621104e+01 -2.304557550246386745e+04 4.929000000000000000e+03
1.852353690647852158e+00 2.902260971277568387e+04 -2.585583394969941651e+02 -2.087426108932877105e+04 5.581000000000000000e+03
1.914806787341157390e+00 2.669894975350848472e+04 -5.476066052672732667e+02 -1.744933073593446898e+04 5.679000000000000000e+03
1.977889868651535599e+00 2.511064490634164031e+04 -7.323780486883500771e+02 -1.522488778349932727e+04 6.385000000000000000e+03
2.040937735447724499e+00 2.343272172177317043e+04 -9.623088254301138704e+02 -1.180966060754886348e+04 6.553000000000000000e+03
2.103939302609846074e+00 2.213821973400962452e+04 -1.100896338635446000e+03 -9.648333841811496313e+03 7.125000000000000000e+03
2.166909709822301799e+00 2.104144720361190411e+04 -1.260414743196402696e+03 -7.859690292186213810e+03 7.447000000000000000e+03
2.229700281216152380e+00 2.003312738818277649e+04 -1.175234734083709100e+03 -5.948529882619232922e+03 7.929000000000000000e+03
2.292620027086342382e+00 1.917195957659793203e+04 -1.144686590101253387e+03 -4.288453287410680787e+03 8.353000000000000000e+03
2.355141508366812353e+00 1.837634386027534492e+04 -8.605567646188111439e+02 -2.700030274600524535e+03 8.775000000000000000e+03
2.417910583817858949e+00 1.766466020508498696e+04 -5.256806020392850769e+02 -1.454602523912728429e+03 9.313000000000000000e+03
2.480856539439619368e+00 1.703240363615913884e+04 -2.359450498411547130e+02 -5.646159454704337577e+02 9.841000000000000000e+03
2.543492256872954549e+00 1.646559032757446403e+04 3.267605561924298172e+02 6.594904637310481803e+02 1.019100000000000000e+04
2.606334251884805386e+00 1.585855146308343137e+04 7.008410376831333224e+02 1.395888511992362055e+03 1.089700000000000000e+04
2.669257370896960690e+00 1.541756146412915950e+04 1.303437928404343211e+03 2.213896025984844982e+03 1.130100000000000000e+04
2.732423343141155758e+00 1.494153902478358214e+04 1.862962051822116564e+03 3.944554471174912123e+03 1.202500000000000000e+04
2.795529680084416047e+00 1.453979205311455371e+04 2.345505650302025060e+03 4.988754743428632537e+03 1.242300000000000000e+04
2.858366292314493240e+00 1.423351713189924703e+04 2.938026985489024810e+03 6.049835507849166788e+03 1.302100000000000000e+04
2.920876271394311718e+00 1.392422688176291740e+04 3.369820487812251486e+03 8.001535542230541978e+03 1.340500000000000000e+04
2.983449844439822751e+00 1.387139193687874285e+04 3.762640221525823108e+03 9.566493068640296769e+03 1.424700000000000000e+04
3.046384918400867114e+00 1.376178110002311951e+04 3.183760500840475743e+03 9.095536969601598685e+03 1.427500000000000000e+04
3.109279688161210142e+00 1.361630503250447509e+04 1.855626632464330896e+03 5.591581248173820313e+03 1.410000000000000000e+04
3.172087338483245755e+00 1.312930460785328614e+04 7.180201458211014369e+02 1.835211696012323955e+03 1.351600000000000000e+04
3.235077053285361881e+00 1.249559060287974535e+04 -2.486806905877442375e+02 -1.663697983288410114e+03 1.349200000000000000e+04
3.297974619160294107e+00 1.182796250183153279e+04 -9.667955185237776732e+02 -5.213871741664514957e+03 1.270200000000000000e+04
3.360979404794635528e+00 1.125964066472335799e+04 -1.652654994629309385e+03 -7.560799582087694034e+03 1.263400000000000000e+04
3.423687966102657132e+00 1.097863932550158279e+04 -2.174016212589415773e+03 -9.636984491970841191e+03 1.180200000000000000e+04
3.486367717614779593e+00 1.071116608019942578e+04 -2.485360336060352438e+03 -1.132619466759783245e+04 1.159000000000000000e+04
3.549237455189846013e+00 1.053304307590038297e+04 -2.659069006997489851e+03 -1.276406322723039011e+04 1.100400000000000000e+04
3.611466567116090154e+00 1.038992092414137551e+04 -2.502114535799206351e+03 -1.436961367351289300e+04 1.025800000000000000e+04
3.674175279485516032e+00 1.048549724501291348e+04 -2.554370181622933615e+03 -1.517445150582324641e+04 1.013800000000000000e+04
3.737325177637534246e+00 1.053352413155319846e+04 -2.125780606056883244e+03 -1.690419509994976033e+04 9.282000000000000000e+03
3.800314856493150373e+00 1.082003427744520559e+04 -2.078097698607187795e+03 -1.787314855902230192e+04 8.824000000000000000e+03
3.863228937922256190e+00 1.136768746780899710e+04 -1.763759899719594159e+03 -1.987182302841083583e+04 8.130000000000000000e+03
3.925673163149277833e+00 1.200588762953187688e+04 -1.311008704446532420e+03 -2.233796027703366781e+04 7.330000000000000000e+03
3.988379144029963186e+00 1.319409270100143476e+04 -1.677196479137210872e+03 -2.406632326619434389e+04 6.960000000000000000e+03
4.051365442737894007e+00 1.387727901170414953e+04 -3.182541839408044666e+02 -2.917760053765561679e+04 5.944000000000000000e+03
4.114073661208438537e+00 1.547059311300316040e+04 -1.035931358249761843e+03 -3.119502172076757779e+04 5.482000000000000000e+03
4.176398926321660099e+00 1.567611162743642308e+04 6.573756024077347320e+02 -3.704161959632905928e+04 4.458000000000000000e+03
4.238428652338137148e+00 1.574271664063728713e+04 1.554129945301921452e+03 -4.112093211338074616e+04 3.892000000000000000e+03
4.301987060447956424e+00 1.471532422047436194e+04 1.879660662033842527e+03 -4.290313239150910522e+04 3.165000000000000000e+03
4.365598466856841497e+00 1.415445880430206489e+04 9.470297283973339972e+02 -4.223820765104710154e+04 2.617000000000000000e+03
4.427107359730706015e+00 1.358320101591300045e+04 -3.610125983156855796e+02 -4.017406330453309783e+04 2.037000000000000000e+03
4.489602987092925268e+00 1.261550831030705376e+04 -1.401766583529091122e+03 -3.717483259740612993e+04 1.831000000000000000e+03
4.554125500073445743e+00 1.176375163359313956e+04 -1.882115129929951763e+03 -3.488295923432502605e+04 1.435000000000000000e+03
4.616430240049651523e+00 1.066521708274260709e+04 -1.717834264110328377e+03 -3.247093012483460552e+04 1.119000000000000000e+03
4.677252312221349406e+00 9.637687949205192126e+03 -1.280657194952959571e+03 -3.034370982100406400e+04 8.800000000000000000e+02
4.741981513824780059e+00 8.485993799304176719e+03 -6.925354559419484985e+02 -2.776951870142419648e+04 7.470000000000000000e+02
4.809273072599613563e+00 7.597949242040313038e+03 -3.027575400406992117e+02 -2.557134561574179679e+04 5.200000000000000000e+02
4.871546600533164906e+00 7.035021536459600611e+03 -9.648790196169348121e+01 -2.406410464612039141e+04 3.280000000000000000e+02
4.925260063653622566e+00 6.736765855991715398e+03 6.967485021487958363e+01 -2.333717902629781383e+04 2.160000000000000000e+02
4.988369355351538026e+00 6.356180124476375568e+03 8.558405846399627137e+01 -2.219282523409811620e+04 1.720000000000000000e+02
5.058296331193474771e+00 6.416963948901721778e+03 5.458134341713871862e+01 -2.244111052968644435e+04 8.400000000000000000e+01
5.124330000078495928e+00 6.771648354347391432e+03 1.959497830048917066e+01 -2.368820790873332953e+04 2.500000000000000000e+01
5.169965902813741465e+00 7.307998893544777275e+03 1.591404194379414605e+01 -2.556382890678783224e+04 6.000000000000000000e+00
5.223742168994547797e+00 7.993084721119660571e+03 0.000000000000000000e+00 -2.797579652391880518e+04 1.000000000000000000e+00
