8.899641224696955288e-02 9.805359220592249185e+05 -1.592490408539960299e+03 -4.402313600123807555e+05 1.300000000000000000e+01
1.507912216506557823e-01 9.466057781602700707e+05 -7.258167287358307476e+03 1.528764566023251100e+05 3.300000000000000000e+01
2.144790186456836945e-01 8.958861531301231589e+05 -1.293530345698218662e+04 -1.693293238064800389e+05 7.900000000000000000e+01
2.783660776489276789e-01 8.326559316255847225e+05 -2.084269998189971375e+04 -2.735997869265642294e+04 1.170000000000000000e+02
3.435099785803411021e-01 7.589924471770132659e+05 -2.773398503860915662e+04 -3.834131058049161948e+04 2.050000000000000000e+02
4.047886761425745772e-01 6.850432537445437629e+05 -3.522659286155313021e+04 4.678936522157642321e+04 2.350000000000000000e+02
4.676716683575679601e-01 6.085268060143366456e+05 -3.756723817050008802e+04 -5.363474950713246653e+04 3.690000000000000000e+02
5.308225101765952081e-01 5.331852034312852193e+05 -4.086193343411708338e+04 -1.508408665822465264e+04 4.330000000000000000e+02
5.945362440940590298e-01 4.620221200790611911e+05 -4.083528085837935942e+04 -3.473459095277947927e+04 5.850000000000000000e+02
6.576224814588792489e-01 3.969806771249606390e+05 -3.990601281131801079e+04 -2.468813793665913181e+03 6.790000000000000000e+02
7.196632906698736676e-01 3.414007000317508355e+05 -3.552859871000135172e+04 -7.204933940839547722e+04 8.130000000000000000e+02
7.827860915688348298e-01 2.918561924520144821e+05 -3.014202904040744761e+04 -7.883213173005972931e+04 9.850000000000000000e+02
8.470398945834540783e-01 2.467299526953983877e+05 -2.852939312916888593e+04 -3.859343488889143919e+04 1.183000000000000000e+03
9.096854620527370372e-01 2.112422044301412243e+05 -2.320561408084075811e+04 -5.609016355859731993e+04 1.269000000000000000e+03
9.720789776830213169e-01 1.819712522738008702e+05 -1.840958886628826804e+04 -6.920994741880100628e+04 1.537000000000000000e+03
1.034763038959366499e+00 1.565584992356142902e+05 -1.572678442828061816e+04 -6.492343541244655353e+04 1.653000000000000000e+03
1.097576444254559247e+00 1.360853399799832841e+05 -1.213118612297495019e+04 -6.206857716333006829e+04 1.963000000000000000e+03
1.160543084780093270e+00 1.188023835169511585e+05 -1.016958701327895687e+04 -6.101531830481306679e+04 2.121000000000000000e+03
1.223669666537485323e+00 1.045984256700140249e+05 -8.207619122199201229e+03 -5.801209961148084403e+04 2.413000000000000000e+03
1.286817263090294094e+00 9.305613735145391547e+04 -6.655853195512580896e+03 -5.737408381844765972e+04 2.635000000000000000e+03
1.349500801664080818e+00 8.251835919167048996e+04 -6.169829431932250372e+03 -4.595896836604963028e+04 2.877000000000000000e+03
1.411949558842147567e+00 7.489721682039620646e+04 -5.323505301112940288e+03 -4.793906419376262056e+04 3.169000000000000000e+03
1.475133575747468395e+00 6.772392112891520082e+04 -5.248151304182766580e+03 -4.340203266116231680e+04 3.507000000000000000e+03
1.537865074252268593e+00 6.188402639303489559e+04 -5.232234634940779870e+03 -3.976100310220954998e+04 3.685000000000000000e+03
1.600657544051110381e+00 5.650140345444050763e+04 -5.758837366903224392e+03 -3.382955195627026842e+04 4.165000000000000000e+03
1.663991168687080524e+00 5.204355385138415295e+04 -6.360293885637678613e+03 -3.052537058249630718e+04 4.377000000000000000e+03
1.727195645776442801e+00 4.851627826889887365e+04 -6.840128081112997279e+03 -2.825234289495381017e+04 4.855000000000000000e+03
1.789765213377084718e+00 4.504694208617751428e+04 -7.685915282918820594e+03 -2.265216064020194608e+04 4.929000000000000000e+03
1.852353690647852158e+00 4.254541538037513965e+04 -8.273285532738833354e+03 -2.067962701380356521e+04 5.581000000000000000e+03
1.914806787341157390e+00 4.003244343674569245e+04 -9.158076763209184719e+03 -1.668231269717662872e+04 5.679000000000000000e+03
1.977889868651535599e+00 3.825672360597307124e+04 -9.495809690380950997e+03 -1.479573670902428967e+04 6.385000000000000000e+03
2.040937735447724499e+00 3.650949595952391974e+04 -1.013175763079215903e+04 -1.094786342084296484e+04 6.553000000000000000e+03
2.103939302609846074e+00 3.520957359632336738e+04 -1.052498935601856647e+04 -8.949883283037532237e+03 7.125000000000000000e+03
2.166909709822301799e+00 3.412690486814500764e+04 -1.087390977980878597e+04 -7.375065006026841729e+03 7.447000000000000000e+03
2.229700281216152380e+00 3.323078536293083744e+04 -1.111379374077217835e+04 -5.429344096003716913e+03 7.929000000000000000e+03
2.292620027086342382e+00 3.244287942410894902e+04 -1.143201861170470329e+04 -3.720181284479170699e+03 8.353000000000000000e+03
2.355141508366812353e+00 3.183313802393973674e+04 -1.186592515759380512e+04 -1.608689429051850539e+03 8.775000000000000000e+03
2.417910583817858949e+00 3.127973411529581426e+04 -1.207674903113550681e+04 1.600547018012062779e+02 9.313000000000000000e+03
2.480856539439619368e+00 3.082259912206032459e+04 -1.249671763511015160e+04 1.475338041574662384e+03 9.841000000000000000e+03
2.543492256872954549e+00 3.052407814982355558e+04 -1.305105033121460292e+04 3.749652402776234794e+03 1.019100000000000000e+04
2.606334251884805386e+00 3.007848289419784123e+04 -1.357291222985615423e+04 5.208522228257440474e+03 1.089700000000000000e+04
2.669257370896960690e+00 2.997096109473590332e+04 -1.412917457876326080e+04 6.986820967434382510e+03 1.130100000000000000e+04
2.732423343141155758e+00 2.985383335654714028e+04 -1.501436134683083765e+04 1.028763423752854214e+04 1.202500000000000000e+04
2.795529680084416047e+00 2.984220188866916942e+04 -1.573542167639547915e+04 1.227871835481461130e+04 1.242300000000000000e+04
2.858366292314493240e+00 3.001606024797403734e+04 -1.654219783523717706e+04 1.433146852598752594e+04 1.302100000000000000e+04
2.920876271394311718e+00 3.025544718780688709e+04 -1.745787375891436750e+04 1.769703434192319764e+04 1.340500000000000000e+04
2.983449844439822751e+00 3.083977544024565577e+04 -1.828341689070639404e+04 2.018014230568308994e+04 1.424700000000000000e+04
3.046384918400867114e+00 3.081791307382133891e+04 -1.789776101855795059e+04 1.758160318638091121e+04 1.427500000000000000e+04
3.109279688161210142e+00 3.015769466847203148e+04 -1.595721829066562714e+04 8.564199010399041072e+03 1.410000000000000000e+04
3.172087338483245755e+00 2.899493873444014025e+04 -1.315975848650828630e+04 -3.017183525764946808e+02 1.351600000000000000e+04
3.235077053285361881e+00 2.782821694719569132e+04 -1.053625358785896606e+04 -8.668051613430889120e+03 1.349200000000000000e+04
3.297974619160294107e+00 2.666632991335829502e+04 -8.328005753078790804e+03 -1.679789042695030730e+04 1.270200000000000000e+04
3.360979404794635528e+00 2.592708346863472980e+04 -6.872757971070393978e+03 -2.294962292709365647e+04 1.263400000000000000e+04
3.423687966102657132e+00 2.556114520570168679e+04 -5.932583860635774727e+03 -2.801757727819288266e+04 1.180200000000000000e+04
3.486367717614779593e+00 2.533340551675478855e+04 -5.064485072678248798e+03 -3.255195012339423556e+04 1.159000000000000000e+04
3.549237455189846013e+00 2.535494606534816194e+04 -4.263142940698437087e+03 -3.687816722694331111e+04 1.100400000000000000e+04
3.611466567116090154e+00 2.530817344690518439e+04 -3.405673343809262406e+03 -4.092621858662968589e+04 1.025800000000000000e+04
3.674175279485516032e+00 2.570006594293750459e+04 -2.547882347371602918e+03 -4.433337516367026547e+04 1.013800000000000000e+04
3.737325177637534246e+00 2.575853225110753556e+04 -1.552100663668757079e+03 -4.822421755017395481e+04 9.282000000000000000e+03
3.800314856493150373e+00 2.606853095235649744e+04 -6.005678302416476981e+02 -5.199665095110311813e+04 8.824000000000000000e+03
3.863228937922256190e+00 2.647345898801657677e+04 2.089076924484976132e+02 -5.556383586280087184e+04 8.130000000000000000e+03
3.925673163149277833e+00 2.646934056442894507e+04 1.073362008950517520e+03 -5.892697990199169726e+04 7.330000000000000000e+03
3.988379144029963186e+00 2.709993097857972680e+04 2.038250995481413611e+03 -6.272021572238510998e+04 6.960000000000000000e+03
4.051365442737894007e+00 2.669103877290956734e+04 2.257200742792558685e+03 -6.555142501074619940e+04 5.944000000000000000e+03
4.114073661208438537e+00 2.743853679162119442e+04 2.892400525500838739e+03 -6.884811209394356410e+04 5.482000000000000000e+03
4.176398926321660099e+00 2.647688250734930261e+04 2.281383701431736881e+03 -6.983106809957479709e+04 4.458000000000000000e+03
4.238428652338137148e+00 2.558317168347539700e+04 1.511589120107969620e+03 -7.014932806570305547e+04 3.892000000000000000e+03
4.301987060447956424e+00 2.375105372193052972e+04 -5.731409783090414578e+01 -6.808053987748546933e+04 3.165000000000000000e+03
4.365598466856841497e+00 2.314644367016563774e+04 -6.238060248045841263e+02 -6.870000020148414478e+04 2.617000000000000000e+03
4.427107359730706015e+00 2.320558382156210428e+04 -3.833207025007070001e+02 -7.132584338092850521e+04 2.037000000000000000e+03
4.489602987092925268e+00 2.311784849364132970e+04 3.602476045102512785e+02 -7.392210572193522239e+04 1.831000000000000000e+03
4.554125500073445743e+00 2.311811260537341514e+04 1.146104527669107711e+03 -7.622469929761698586e+04 1.435000000000000000e+03
4.616430240049651523e+00 2.271019339623087217e+04 1.688413561550984923e+03 -7.672121482890639163e+04 1.119000000000000000e+03
4.677252312221349406e+00 2.177722488778097977e+04 1.922596650854753989e+03 -7.486881533883301017e+04 8.800000000000000000e+02
4.741981513824780059e+00 1.880313401640456868e+04 1.565701740539091361e+03 -6.532763665529726859e+04 7.470000000000000000e+02
4.809273072599613563e+00 1.570396698841460056e+04 1.213844388010490775e+03 -5.492901544120573817e+04 5.200000000000000000e+02
4.871546600533164906e+00 1.302949008703477921e+04 9.561942185020193392e+02 -4.574621656337074819e+04 3.280000000000000000e+02
4.925260063653622566e+00 1.088574579330329470e+04 7.112153280628477887e+02 -3.831449011786650954e+04 2.160000000000000000e+02
4.988369355351538026e+00 6.875252573400834990e+03 2.920327111870668091e+02 -2.419095551897738551e+04 1.720000000000000000e+02
5.058296331193474771e+00 4.225586165173384870e+03 1.179939105733349010e+02 -1.485372061608009790e+04 8.400000000000000000e+01
5.124330000078495928e+00 2.422909107469658011e+03 3.255277545507161818e+01 -8.499603020929322156e+03 2.500000000000000000e+01
5.169965902813741465e+00 1.988109379259568414e+03 2.417841272470472802e+01 -6.974043992967580380e+03 6.000000000000000000e+00
5.223742168994547797e+00 1.300024772145790848e+03 0.000000000000000000e+00 -4.550086702510267060e+03 1.000000000000000000e+00
