8.899641224696955288e-02 9.725458369884701679e+05 -2.683532247893411295e+03 -4.275795289465197711e+05 1.300000000000000000e+01
1.507912216506557823e-01 9.256215997441911604e+05 -1.179921669697281686e+04 1.558526929352206935e+05 3.300000000000000000e+01
2.144790186456836945e-01 8.579242362458285643e+05 -2.010786446578688265e+04 -1.601878195416023955e+05 7.900000000000000000e+01
2.783660776489276789e-01 7.773548282350392547e+05 -3.112435032437627524e+04 -2.816716075583823476e+04 1.170000000000000000e+02
3.435099785803411021e-01 6.890864172540754080e+05 -3.699799728024641081e+04 -4.621653209082503599e+04 2.050000000000000000e+02
4.047886761425745772e-01 6.060497710544414585e+05 -4.474887164175898943e+04 1.616707837822806687e+04 2.350000000000000000e+02
4.676716683575679601e-01 5.271198217238436919e+05 -4.147320950698639354e+04 -8.323083138339807920e+04 3.690000000000000000e+02
5.308225101765952081e-01 4.548715813236028189e+05 -4.087949711867493170e+04 -6.493912172898260906e+04 4.330000000000000000e+02
5.945362440940590298e-01 3.925591490461796056e+05 -3.603945623623677238e+04 -9.046878345610765973e+04 5.850000000000000000e+02
6.576224814588792489e-01 3.386163006150660804e+05 -2.879298573547561682e+04 -7.379780845884300652e+04 6.790000000000000000e+02
7.196632906698736676e-01 2.986853424521806301e+05 -2.233629717245138454e+04 -1.372755252169230080e+05 8.130000000000000000e+02
7.827860915688348298e-01 2.634785888087871135e+05 -1.039936264106062117e+04 -1.515339861104536685e+05 9.850000000000000000e+02
8.470398945834540783e-01 2.325396592968328914e+05 -9.504483521629323150e+03 -1.094646966112872615e+05 1.183000000000000000e+03
9.096854620527370372e-01 2.104823769627811271e+05 -6.673306093686903750e+02 -1.242654997292406188e+05 1.269000000000000000e+03
9.720789776830213169e-01 1.934003482449555886e+05 6.940911033242007761e+03 -1.376429253557249904e+05 1.537000000000000000e+03
1.034763038959366499e+00 1.793507933756028360e+05 9.475391233523410847e+03 -1.270210333071217028e+05 1.653000000000000000e+03
1.097576444254559247e+00 1.661616277871364146e+05 1.645401467685151511e+04 -1.218964835802627786e+05 1.963000000000000000e+03
1.160543084780093270e+00 1.568608871680634038e+05 1.760153701925678615e+04 -1.143046743767032604e+05 2.121000000000000000e+03
1.223669666537485323e+00 1.474118431548196822e+05 1.944666945316916099e+04 -1.060860852596307668e+05 2.413000000000000000e+03
1.286817263090294094e+00 1.392346251384322532e+05 1.963425153567052985e+04 -9.922814514310754021e+04 2.635000000000000000e+03
1.349500801664080818e+00 1.295899275541420939e+05 1.790018383437816374e+04 -7.370722147680734633e+04 2.877000000000000000e+03
1.411949558842147567e+00 1.224930859190266783e+05 1.595980107291098648e+04 -7.350312008629037882e+04 3.169000000000000000e+03
1.475133575747468395e+00 1.152023639480626298e+05 1.306443167042602181e+04 -6.201335722752883157e+04 3.507000000000000000e+03
1.537865074252268593e+00 1.074795479012161377e+05 1.028400264053378669e+04 -5.177850292610302859e+04 3.685000000000000000e+03
1.600657544051110381e+00 1.009970371012364922e+05 7.451515255591274581e+03 -3.962124184269661055e+04 4.165000000000000000e+03
1.663991168687080524e+00 9.592580938232345216e+04 4.829582306535906355e+03 -3.501384305940684135e+04 4.377000000000000000e+03
1.727195645776442801e+00 9.079119370354946295e+04 3.371616841024109362e+03 -3.314411772722186288e+04 4.855000000000000000e+03
1.789765213377084718e+00 8.630755780451760802e+04 2.193703757576369298e+03 -2.494244510273001288e+04 4.929000000000000000e+03
1.852353690647852158e+00 8.270119914480276930e+04 7.649439981156601789e+02 -2.495494619829010480e+04 5.581000000000000000e+03
1.914806787341157390e+00 8.037011978698110033e+04 1.052686072332818412e+03 -2.256506836987340648e+04 5.679000000000000000e+03
1.977889868651535599e+00 7.782555500777461566e+04 1.117739718931960851e+03 -2.391253774255924145e+04 6.385000000000000000e+03
2.040937735447724499e+00 7.598189545162692957e+04 1.790456490664617831e+03 -2.094875405001349645e+04 6.553000000000000000e+03
2.103939302609846074e+00 7.495802560980682028e+04 2.888207450695362240e+03 -2.246318878960134680e+04 7.125000000000000000e+03
2.166909709822301799e+00 7.428999616800372314e+04 4.553973754820235627e+03 -2.515993637156272598e+04 7.447000000000000000e+03
2.229700281216152380e+00 7.358915058955899440e+04 6.210490271836549255e+03 -2.551013232455406614e+04 7.929000000000000000e+03
2.292620027086342382e+00 7.303852391945121053e+04 7.079718627074083088e+03 -2.533174558793132746e+04 8.353000000000000000e+03
2.355141508366812353e+00 7.292513947525701951e+04 8.826129646329876778e+03 -2.489026502324495232e+04 8.775000000000000000e+03
2.417910583817858949e+00 7.237977177225108608e+04 1.036193963127118150e+04 -2.311608548825597609e+04 9.313000000000000000e+03
2.480856539439619368e+00 7.193801299615637981e+04 1.180957080729565496e+04 -2.286040194321250965e+04 9.841000000000000000e+03
2.543492256872954549e+00 7.163929881855688291e+04 1.297941114936987651e+04 -1.857581792598644461e+04 1.019100000000000000e+04
2.606334251884805386e+00 7.152975290468934691e+04 1.415523365110237137e+04 -1.774317297334363320e+04 1.089700000000000000e+04
2.669257370896960690e+00 7.132940328235294146e+04 1.619760705099219376e+04 -1.491575137458835343e+04 1.130100000000000000e+04
2.732423343141155758e+00 7.102513616733462550e+04 1.842664770782577034e+04 -8.429000496609858601e+03 1.202500000000000000e+04
2.795529680084416047e+00 7.137942417347678565e+04 2.076173640698441886e+04 -5.691230011280456893e+03 1.242300000000000000e+04
2.858366292314493240e+00 7.234260684090647555e+04 2.323295437167879572e+04 -3.368953647544871274e+03 1.302100000000000000e+04
2.920876271394311718e+00 7.304015746949450113e+04 2.626035654317425360e+04 2.519199987663254433e+03 1.340500000000000000e+04
2.983449844439822751e+00 7.466353523643266817e+04 2.963943280554742523e+04 6.290275820913568168e+03 1.424700000000000000e+04
3.046384918400867114e+00 7.628074363539769547e+04 3.412336096812294272e+04 -3.427597219763871635e+03 1.427500000000000000e+04
3.109279688161210142e+00 7.794700763043831103e+04 3.756549585340796330e+04 -2.882062147998820728e+04 1.410000000000000000e+04
3.172087338483245755e+00 7.991658898117612989e+04 3.675799445290597941e+04 -5.390089331855494675e+04 1.351600000000000000e+04
3.235077053285361881e+00 8.249935846653713088e+04 3.365641591227591562e+04 -7.841426107519652578e+04 1.349200000000000000e+04
3.297974619160294107e+00 8.564024233537499094e+04 3.081353245291059648e+04 -1.069695211703328532e+05 1.270200000000000000e+04
3.360979404794635528e+00 8.891430688683369954e+04 2.871631673849323852e+04 -1.308381541776269150e+05 1.263400000000000000e+04
3.423687966102657132e+00 9.298352979754706030e+04 2.766726181863916281e+04 -1.534983003188282019e+05 1.180200000000000000e+04
3.486367717614779593e+00 9.736951404993759934e+04 2.689785418849243069e+04 -1.773495591308997246e+05 1.159000000000000000e+04
3.549237455189846013e+00 1.021499130641621159e+05 2.590722087791438389e+04 -2.005612176151251479e+05 1.100400000000000000e+04
3.611466567116090154e+00 1.075672044955655729e+05 2.531452152739449230e+04 -2.265345089849731303e+05 1.025800000000000000e+04
3.674175279485516032e+00 1.134931338770954026e+05 2.534346540161445955e+04 -2.488738478081310750e+05 1.013800000000000000e+04
3.737325177637534246e+00 1.198508568064073479e+05 2.583059314281008119e+04 -2.780992490719695925e+05 9.282000000000000000e+03
3.800314856493150373e+00 1.264658219866398576e+05 2.650086459468655812e+04 -3.057922191888447851e+05 8.824000000000000000e+03
3.863228937922256190e+00 1.344932671657603350e+05 2.837467445707981824e+04 -3.365020798233826645e+05 8.130000000000000000e+03
3.925673163149277833e+00 1.427756654690222058e+05 3.100332029157040597e+04 -3.727324803858486121e+05 7.330000000000000000e+03
3.988379144029963186e+00 1.521999170887272630e+05 3.359297722176794923e+04 -4.065207183295325958e+05 6.960000000000000000e+03
4.051365442737894007e+00 1.626650618670518743e+05 3.641502935010787769e+04 -4.544082254249104299e+05 5.944000000000000000e+03
4.114073661208438537e+00 1.753412109656097309e+05 3.900907335132194567e+04 -4.960302324100937112e+05 5.482000000000000000e+03
4.176398926321660099e+00 1.883689661895698810e+05 3.962839451652501884e+04 -5.538126081975195557e+05 4.458000000000000000e+03
4.238428652338137148e+00 2.022377501511022274e+05 3.838887095678583137e+04 -6.127837331788875163e+05 3.892000000000000000e+03
4.301987060447956424e+00 2.174439071506270266e+05 3.209718731472949730e+04 -6.776577604877945269e+05 3.165000000000000000e+03
4.365598466856841497e+00 2.353914045982666139e+05 2.646668833326544336e+04 -7.451719266596918460e+05 2.617000000000000000e+03
4.427107359730706015e+00 2.550504603660484136e+05 2.154103977822206070e+04 -8.171775922883986495e+05 2.037000000000000000e+03
4.489602987092925268e+00 2.749193739355167490e+05 1.687645504289483870e+04 -8.953199131823802600e+05 1.831000000000000000e+03
4.554125500073445743e+00 2.996934618300131406e+05 1.500890066858854698e+04 -9.903773988904200960e+05 1.435000000000000000e+03
4.616430240049651523e+00 3.244600307331078802e+05 1.478767732062200957e+04 -1.088374127515784232e+06 1.119000000000000000e+03
4.677252312221349406e+00 3.524957280532534933e+05 1.533406648714136281e+04 -1.197032945416704286e+06 8.800000000000000000e+02
4.741981513824780059e+00 3.831493225616476266e+05 1.339471226811006272e+04 -1.315868783947360236e+06 7.470000000000000000e+02
4.809273072599613563e+00 4.249094608544866205e+05 1.169876052852414614e+04 -1.469297195302970707e+06 5.200000000000000000e+02
4.871546600533164906e+00 4.734075708987317630e+05 1.034644682696845302e+04 -1.642780725319473073e+06 3.280000000000000000e+02
4.925260063653622566e+00 5.223261157360580401e+05 9.425853634597109703e+03 -1.815639544517199742e+06 2.160000000000000000e+02
4.988369355351538026e+00 5.869149531893695239e+05 4.847935030910098249e+03 -2.046603648852826562e+06 1.720000000000000000e+02
5.058296331193474771e+00 6.776546274192515993e+05 2.366023769251744397e+03 -2.366530902536709327e+06 8.400000000000000000e+01
5.124330000078495928e+00 7.810717994444296928e+05 7.565017225335545845e+02 -2.730818394371571019e+06 2.500000000000000000e+01
5.169965902813741465e+00 8.651053499353007646e+05 5.933280018888980294e+02 -3.024882933856289834e+06 6.000000000000000000e+00
5.223742168994547797e+00 9.757780737558794208e+05 0.000000000000000000e+00 -3.415223258145577274e+06 1.000000000000000000e+00
