8.899641224696955288e-02 2.350800282325762382e+05 -1.016181370315678942e+05 -2.343464926467562327e+04 1.300000000000000000e+01
1.507912216506557823e-01 2.145876955808683415e+05 -6.542451903352534828e+03 8.853972025700499944e+04 3.300000000000000000e+01
2.144790186456836945e-01 1.860089899562229984e+05 -1.341582519650398717e+04 -2.298151485247108212e+04 7.900000000000000000e+01
2.783660776489276789e-01 1.772898623780889320e+05 -3.155326573084536358e+04 -2.886302301499209989e+03 1.170000000000000000e+02
3.435099785803411021e-01 1.459707102103182697e+05 -3.532650468303074740e+04 -1.186570080187242820e+04 2.050000000000000000e+02
4.047886761425745772e-01 1.248781992534312158e+05 -3.894297928170799423e+04 7.932000163201319992e+03 2.350000000000000000e+02
4.676716683575679601e-01 1.042800046266885329e+05 -4.907648953255666856e+04 -2.186298645954969470e+04 3.690000000000000000e+02
5.308225101765952081e-01 8.557531586392028839e+04 -4.404630375899641513e+04 -9.666387003577865471e+03 4.330000000000000000e+02
5.945362440940590298e-01 6.635095617294863041e+04 -4.636911861903365207e+04 -7.109038215183301872e+03 5.850000000000000000e+02
6.576224814588792489e-01 5.082953912862396828e+04 -4.966895298232881032e+04 -1.614971054626409114e+03 6.790000000000000000e+02
7.196632906698736676e-01 3.658588050971081248e+04 -4.592872595286440628e+04 -1.376859374951115751e+04 8.130000000000000000e+02
7.827860915688348298e-01 2.801423204235527737e+04 -3.562576518201405270e+04 -9.430916697997428855e+03 9.850000000000000000e+02
8.470398945834540783e-01 2.120243308051173153e+04 -3.370534205721928447e+04 -1.469912956501023109e+04 1.183000000000000000e+03
9.096854620527370372e-01 1.610817935128284626e+04 -2.486006658211685863e+04 -1.509318494405350248e+04 1.269000000000000000e+03
9.720789776830213169e-01 1.273150362944146400e+04 -1.609200433770508607e+04 -1.490593791311061977e+04 1.537000000000000000e+03
1.034763038959366499e+00 1.138553111559543140e+04 -1.198601289721616740e+04 -1.612582774267696004e+04 1.653000000000000000e+03
1.097576444254559247e+00 1.039751148838401241e+04 -6.170779993215441209e+03 -1.498553313494485701e+04 1.963000000000000000e+03
1.160543084780093270e+00 9.718824631393345044e+03 -2.338356808298817668e+03 -1.543484383024381532e+04 2.121000000000000000e+03
1.223669666537485323e+00 9.386718990720548391e+03 1.778864703500618134e+02 -1.547714903231093558e+04 2.413000000000000000e+03
1.286817263090294094e+00 9.064867806398118773e+03 1.616762115851169028e+03 -1.563912461194533898e+04 2.635000000000000000e+03
1.349500801664080818e+00 8.512286314003569714e+03 2.044554348219837266e+03 -1.508622214070545124e+04 2.877000000000000000e+03
1.411949558842147567e+00 7.835118598686142832e+03 1.419037742852853626e+03 -1.436085656935216139e+04 3.169000000000000000e+03
1.475133575747468395e+00 6.969507802148393239e+03 4.641820065318510729e+02 -1.336709219058681629e+04 3.507000000000000000e+03
1.537865074252268593e+00 6.307122501016214301e+03 -4.844461312332894067e+02 -1.268715229548626303e+04 3.685000000000000000e+03
1.600657544051110381e+00 5.342892593467546249e+03 -1.485617156586123428e+03 -1.074948283709898169e+04 4.165000000000000000e+03
1.663991168687080524e+00 4.406257669162137063e+03 -2.144534805619081908e+03 -9.142159641854092115e+03 4.377000000000000000e+03
1.727195645776442801e+00 3.772836698325279940e+03 -2.466930020754739871e+03 -7.622440075602906290e+03 4.855000000000000000e+03
1.789765213377084718e+00 3.150443718676923254e+03 -2.856598826423048649e+03 -5.990643537359927905e+03 4.929000000000000000e+03
1.852353690647852158e+00 2.751849500346158948e+03 -2.638695247957075026e+03 -3.733141069151778083e+03 5.581000000000000000e+03
1.914806787341157390e+00 2.301722687217880321e+03 -2.436891327584198734e+03 -2.270653628461069275e+03 5.679000000000000000e+03
1.977889868651535599e+00 2.169331041480835665e+03 -2.038999968843893157e+03 -6.332664009955826714e+02 6.385000000000000000e+03
2.040937735447724499e+00 1.954973487775064768e+03 -1.493691383288580937e+03 4.892034472089625865e+02 6.553000000000000000e+03
2.103939302609846074e+00 1.863357549052515878e+03 -9.542593265899521384e+02 1.354131926237017069e+03 7.125000000000000000e+03
2.166909709822301799e+00 1.884035228811729667e+03 -6.952889828780068910e+02 1.794016270433085310e+03 7.447000000000000000e+03
2.229700281216152380e+00 1.911842706120721914e+03 -2.394829531364159436e+02 1.748736615745805921e+03 7.929000000000000000e+03
2.292620027086342382e+00 1.941800438523524917e+03 -1.989723274014190793e+02 1.475478562010186351e+03 8.353000000000000000e+03
2.355141508366812353e+00 2.014615908956002613e+03 -2.446268110632726334e+01 1.243862954999814747e+03 8.775000000000000000e+03
2.417910583817858949e+00 2.033401545304435558e+03 1.763266291383255009e+02 1.103864460013978032e+03 9.313000000000000000e+03
2.480856539439619368e+00 1.963963341514391459e+03 1.028189817959090533e+02 5.136358049942934940e+02 9.841000000000000000e+03
2.543492256872954549e+00 1.995304167443345705e+03 1.074673598167358222e+02 4.142292631579434214e+02 1.019100000000000000e+04
2.606334251884805386e+00 2.051097476217874828e+03 1.367948303092055085e+02 4.323022940260047449e+02 1.089700000000000000e+04
2.669257370896960690e+00 1.979754286792459880e+03 5.099007365931201008e+01 -1.814128085684958691e+01 1.130100000000000000e+04
2.732423343141155758e+00 2.050437488853517607e+03 2.372954870963751830e+02 3.373519534555368296e+02 1.202500000000000000e+04
2.795529680084416047e+00 2.127138079948974337e+03 1.818431078450277028e+02 4.329404497728710339e+02 1.242300000000000000e+04
2.858366292314493240e+00 2.149097399914573998e+03 1.357943328733527721e+02 5.288841858555318822e+02 1.302100000000000000e+04
2.920876271394311718e+00 2.230673281674925875e+03 5.313521151454231131e+02 1.379284335427895257e+03 1.340500000000000000e+04
2.983449844439822751e+00 2.284805600951890483e+03 1.262703894738103827e+02 1.313844243628920822e+03 1.424700000000000000e+04
3.046384918400867114e+00 2.391968979022590247e+03 4.057993846795621380e+02 1.886405548265971902e+03 1.427500000000000000e+04
3.109279688161210142e+00 2.425770405206276791e+03 5.527861390434295572e+02 1.866853587688521429e+03 1.410000000000000000e+04
3.172087338483245755e+00 2.358967109092857754e+03 7.133916595993725878e+02 1.427821575397967763e+03 1.351600000000000000e+04
3.235077053285361881e+00 2.196416299227199943e+03 5.855989989376926133e+02 6.714680587672335150e+02 1.349200000000000000e+04
3.297974619160294107e+00 2.019830521532491275e+03 6.090512478550457445e+02 -2.829994229277214224e+00 1.270200000000000000e+04
3.360979404794635528e+00 1.869880583519768379e+03 5.414428584885297369e+02 -3.536533372229465613e+02 1.263400000000000000e+04
3.423687966102657132e+00 1.749911178169497589e+03 4.595549963921270660e+02 -9.373884492652679228e+02 1.180200000000000000e+04
3.486367717614779593e+00 1.679629002009043006e+03 4.299833196144812746e+02 -1.503333285559483556e+03 1.159000000000000000e+04
3.549237455189846013e+00 1.671965471412734132e+03 2.561039471350813983e+02 -1.976017325082605794e+03 1.100400000000000000e+04
3.611466567116090154e+00 1.647029434111356750e+03 9.178836829829805311e+01 -2.283366430466111069e+03 1.025800000000000000e+04
3.674175279485516032e+00 1.700020759036608069e+03 9.904065368589971285e+01 -2.830199918362847711e+03 1.013800000000000000e+04
3.737325177637534246e+00 1.736987696770400817e+03 3.568196902450517172e+01 -3.131120869008362206e+03 9.282000000000000000e+03
3.800314856493150373e+00 1.735356487263577492e+03 6.679930321224580325e+01 -3.458292730972164009e+03 8.824000000000000000e+03
3.863228937922256190e+00 1.750346685536047517e+03 8.243003872939921450e+01 -3.566146937273422736e+03 8.130000000000000000e+03
3.925673163149277833e+00 1.671070377285281438e+03 -1.570606055895828312e+01 -3.397650487295148650e+03 7.330000000000000000e+03
3.988379144029963186e+00 1.635427833839560208e+03 6.876762922172174797e+01 -3.548807096035751783e+03 6.960000000000000000e+03
4.051365442737894007e+00 1.634731159202344998e+03 -2.259857685764496864e+02 -3.181747273587079235e+03 5.944000000000000000e+03
4.114073661208438537e+00 1.478511394168343713e+03 -1.228164559172977910e+01 -3.404032042660702700e+03 5.482000000000000000e+03
4.176398926321660099e+00 1.542887623449793637e+03 -3.448895517612956496e+02 -3.158054850403009823e+03 4.458000000000000000e+03
4.238428652338137148e+00 1.598642027905481882e+03 -2.915372831489740406e+02 -3.674598815651477253e+03 3.892000000000000000e+03
4.301987060447956424e+00 1.645589923433680497e+03 -2.043690796256130682e+01 -4.680726640539764958e+03 3.165000000000000000e+03
4.365598466856841497e+00 1.857791798925359444e+03 1.053055239445793632e+02 -5.912033805896593549e+03 2.617000000000000000e+03
4.427107359730706015e+00 2.244971592827797394e+03 1.811636271290420552e+02 -7.451853747120184380e+03 2.037000000000000000e+03
4.489602987092925268e+00 2.631194871113581030e+03 5.969245114327840440e+01 -8.696310210402449229e+03 1.831000000000000000e+03
4.554125500073445743e+00 3.142854170549565879e+03 -3.434850666945313264e+02 -9.912223497927028802e+03 1.435000000000000000e+03
4.616430240049651523e+00 3.374501383937046739e+03 -4.876428897618636711e+02 -1.063793923004662793e+04 1.119000000000000000e+03
4.677252312221349406e+00 3.458264676779752790e+03 -6.089083867034714785e+02 -1.089618626618231247e+04 8.800000000000000000e+02
4.741981513824780059e+00 3.612513481081491136e+03 -6.951569641932526338e+02 -1.144422594423006012e+04 7.470000000000000000e+02
4.809273072599613563e+00 3.259479776794883037e+03 -5.615518634741371216e+02 -1.051246068281909356e+04 5.200000000000000000e+02
4.871546600533164906e+00 3.004229173136999179e+03 -5.443631375707695952e+02 -9.725810559414190720e+03 3.280000000000000000e+02
4.925260063653622566e+00 3.115136720924612291e+03 -4.151121246741740265e+02 -1.027369893711887198e+04 2.160000000000000000e+02
4.988369355351538026e+00 2.467815689758127519e+03 -2.583580957294559539e+02 -8.274385555394967014e+03 1.720000000000000000e+02
5.058296331193474771e+00 1.144821581003767960e+03 -1.635285807700516898e+02 -3.810900245492371141e+03 8.400000000000000000e+01
5.124330000078495928e+00 9.995146246639061474e+02 -5.284343046081712458e+01 -3.447244784334787255e+03 2.500000000000000000e+01
5.169965902813741465e+00 1.139968839848464768e+03 2.710547371956490537e+01 -4.012705457479822144e+03 6.000000000000000000e+00
5.223742168994547797e+00 -1.249438037233721616e+03 0.000000000000000000e+00 4.373033130318024632e+03 1.000000000000000000e+00
