8.899641224696955288e-02 9.848022099834408145e+05 -1.585232411358878835e+03 -4.467297575558113167e+05 1.300000000000000000e+01
1.507912216506557823e-01 9.579637896610926837e+05 -7.420357226125252964e+03 1.515349513232972531e+05 3.300000000000000000e+01
2.144790186456836945e-01 9.169309723776755854e+05 -1.371500493603906034e+04 -1.748070128397197986e+05 7.900000000000000000e+01
2.783660776489276789e-01 8.642324173272940097e+05 -2.302095288102782797e+04 -2.943996794724245774e+04 1.170000000000000000e+02
3.435099785803411021e-01 8.003010043396316469e+05 -3.297774727785029972e+04 -3.756178984624987788e+04 2.050000000000000000e+02
4.047886761425745772e-01 7.333442519711091882e+05 -4.437180712994749774e+04 5.725793887150475348e+04 2.350000000000000000e+02
4.676716683575679601e-01 6.600179558371102903e+05 -5.190259873650629743e+04 -4.513483095459393371e+04 3.690000000000000000e+02
5.308225101765952081e-01 5.839680509550224524e+05 -6.153941922568016162e+04 3.196351825537086370e+03 4.330000000000000000e+02
5.945362440940590298e-01 5.073904898118056008e+05 -6.789315338651754428e+04 -1.304565863378952417e+04 5.850000000000000000e+02
6.576224814588792489e-01 4.334073090412453748e+05 -7.469952580025614589e+04 2.952970041671338186e+04 6.790000000000000000e+02
7.196632906698736676e-01 3.652144950961304130e+05 -7.347636825829409645e+04 -4.237372955093626661e+04 8.130000000000000000e+02
7.827860915688348298e-01 3.010232023502581869e+05 -7.250241021699825069e+04 -4.026135389243698592e+04 9.850000000000000000e+02
8.470398945834540783e-01 2.413491506217218412e+05 -7.357365594252644223e+04 -2.331420679667462991e+03 1.183000000000000000e+03
9.096854620527370372e-01 1.910300790865668387e+05 -6.784097807792843378e+04 -1.830672934590392470e+04 1.269000000000000000e+03
9.720789776830213169e-01 1.482909688971192227e+05 -6.039397110944896122e+04 -2.875828571272628324e+04 1.537000000000000000e+03
1.034763038959366499e+00 1.119197572981077392e+05 -5.332440664124981413e+04 -2.809209068261411812e+04 1.653000000000000000e+03
1.097576444254559247e+00 8.257158841631533869e+04 -4.498920451396540739e+04 -2.425305336788624118e+04 1.963000000000000000e+03
1.160543084780093270e+00 5.923376284811626101e+04 -3.634802171145358443e+04 -2.484554878013340567e+04 2.121000000000000000e+03
1.223669666537485323e+00 4.142624595950038929e+04 -2.792347266081119960e+04 -2.185439127694324270e+04 2.413000000000000000e+03
1.286817263090294094e+00 2.841356541360068150e+04 -2.001935180185785794e+04 -1.885813429532540977e+04 2.635000000000000000e+03
1.349500801664080818e+00 1.888134002595491984e+04 -1.352651497244820348e+04 -1.282898334126924601e+04 2.877000000000000000e+03
1.411949558842147567e+00 1.295777336630811806e+04 -7.668710879907604976e+03 -9.643958268758322447e+03 3.169000000000000000e+03
1.475133575747468395e+00 8.946766373190626837e+03 -3.178977202483032215e+03 -5.051121088714968209e+03 3.507000000000000000e+03
1.537865074252268593e+00 6.707640510050106968e+03 -1.639188168660499301e+01 -5.648630636083952368e+02 3.685000000000000000e+03
1.600657544051110381e+00 5.493283150611393467e+03 2.123147958220028158e+03 3.320963981382539259e+03 4.165000000000000000e+03
1.663991168687080524e+00 5.081149878279142285e+03 3.262886919897067855e+03 6.478423610321759043e+03 4.377000000000000000e+03
1.727195645776442801e+00 4.941964206170582656e+03 3.274208998434221030e+03 8.522964934392264695e+03 4.855000000000000000e+03
1.789765213377084718e+00 5.055762827784226829e+03 2.898579630902238932e+03 1.048044066811435550e+04 4.929000000000000000e+03
1.852353690647852158e+00 5.044958019836350104e+03 1.897913939725878436e+03 1.068717114539027170e+04 5.581000000000000000e+03
1.914806787341157390e+00 5.132087942007717174e+03 7.482000974452157607e+02 1.114452282236253996e+04 5.679000000000000000e+03
1.977889868651535599e+00 4.925420114372359421e+03 -4.769279982898738695e+02 1.013200501254137635e+04 6.385000000000000000e+03
2.040937735447724499e+00 4.810819919121032399e+03 -1.722245404729279016e+03 9.557035508113584001e+03 6.553000000000000000e+03
2.103939302609846074e+00 4.520131713983477312e+03 -2.778467123049427300e+03 8.348655165664378728e+03 7.125000000000000000e+03
2.166909709822301799e+00 4.149133816306736662e+03 -3.523305772062436063e+03 6.923843674362086858e+03 7.447000000000000000e+03
2.229700281216152380e+00 3.772884746219680892e+03 -3.959160240364943547e+03 5.722977683632520893e+03 7.929000000000000000e+03
2.292620027086342382e+00 3.428516882174747479e+03 -4.114784062513857862e+03 4.727756346091486193e+03 8.353000000000000000e+03
2.355141508366812353e+00 3.193699435914219976e+03 -4.146005313836766618e+03 4.262310286018088846e+03 8.775000000000000000e+03
2.417910583817858949e+00 2.867782445181073854e+03 -3.588544902306121003e+03 3.754387279807058349e+03 9.313000000000000000e+03
2.480856539439619368e+00 2.664720530264240551e+03 -2.919341098306989352e+03 3.706716320417488532e+03 9.841000000000000000e+03
2.543492256872954549e+00 2.549099573165935908e+03 -2.109002985666463246e+03 4.195990884338450087e+03 1.019100000000000000e+04
2.606334251884805386e+00 2.469519830800284581e+03 -1.072889716597798952e+03 4.775909491958533181e+03 1.089700000000000000e+04
2.669257370896960690e+00 2.419459977265808448e+03 4.995053636930882135e+01 5.640844227641817270e+03 1.130100000000000000e+04
2.732423343141155758e+00 2.465298934680118236e+03 1.250082943420615038e+03 6.878380773041948487e+03 1.202500000000000000e+04
2.795529680084416047e+00 2.492002013197170527e+03 2.399849325567980031e+03 7.959727544702134765e+03 1.242300000000000000e+04
2.858366292314493240e+00 2.580274103763722906e+03 3.610950475257644484e+03 9.360048573691463389e+03 1.302100000000000000e+04
2.920876271394311718e+00 2.673791581238763229e+03 4.626723997863326986e+03 1.057120105962162961e+04 1.340500000000000000e+04
2.983449844439822751e+00 2.721602126813570976e+03 5.427359850329171422e+03 1.149140973852899333e+04 1.424700000000000000e+04
3.046384918400867114e+00 2.323381659206296263e+03 4.491957164098083013e+03 8.840398725504928734e+03 1.427500000000000000e+04
3.109279688161210142e+00 1.563017122370366451e+03 2.309319526267331184e+03 3.795878050623422951e+03 1.410000000000000000e+04
3.172087338483245755e+00 1.087698816888735109e+03 1.017508620986166079e+03 1.264726920681776846e+03 1.351600000000000000e+04
3.235077053285361881e+00 8.130756764399047825e+02 3.392627505798512288e+02 1.100316547555288196e+02 1.349200000000000000e+04
3.297974619160294107e+00 6.626652383695437720e+02 3.745384380577366557e+01 -3.674871038803161127e+02 1.270200000000000000e+04
3.360979404794635528e+00 5.927226407774766130e+02 -8.793051028368527966e+01 -6.263602378814086933e+02 1.263400000000000000e+04
3.423687966102657132e+00 5.508280156950264654e+02 -1.339482741524801099e+02 -7.647987719033393432e+02 1.180200000000000000e+04
3.486367717614779593e+00 5.388932814426150344e+02 -1.228144475022598385e+02 -9.044736730680657502e+02 1.159000000000000000e+04
3.549237455189846013e+00 5.355147983763113189e+02 -8.184761764370655612e+01 -1.033585390057311542e+03 1.100400000000000000e+04
3.611466567116090154e+00 5.293121584366895149e+02 -3.884368916289032825e+01 -1.136186647430504081e+03 1.025800000000000000e+04
3.674175279485516032e+00 5.509724395992773225e+02 4.659856082299909730e+01 -1.315070740282820680e+03 1.013800000000000000e+04
3.737325177637534246e+00 5.459313233601460524e+02 1.043115902553178245e+02 -1.397554032373521295e+03 9.282000000000000000e+03
3.800314856493150373e+00 5.636580996271447930e+02 1.937725103728044473e+02 -1.552316322888993682e+03 8.824000000000000000e+03
3.863228937922256190e+00 5.714415453595892131e+02 2.534139960800459619e+02 -1.647732633083365954e+03 8.130000000000000000e+03
3.925673163149277833e+00 5.703696916761092552e+02 3.011104582269160801e+02 -1.712848180069209548e+03 7.330000000000000000e+03
3.988379144029963186e+00 6.133411473968377550e+02 3.901991317985985575e+02 -1.920005926351123207e+03 6.960000000000000000e+03
4.051365442737894007e+00 5.740672106167528455e+02 3.580230802357348239e+02 -1.836794508432044495e+03 5.944000000000000000e+03
4.114073661208438537e+00 6.335241759478097947e+02 4.333330222900179933e+02 -2.070725431457151899e+03 5.482000000000000000e+03
4.176398926321660099e+00 5.693930529137202257e+02 3.445932823361725355e+02 -1.892787700403035160e+03 4.458000000000000000e+03
4.238428652338137148e+00 5.350312525799379273e+02 2.683652898336291628e+02 -1.796427717491356134e+03 3.892000000000000000e+03
4.301987060447956424e+00 4.788392097987940588e+02 1.450065797584670406e+02 -1.605809011214389784e+03 3.165000000000000000e+03
4.365598466856841497e+00 4.883445991658954313e+02 8.017949032622411210e+01 -1.617267518022314107e+03 2.617000000000000000e+03
4.427107359730706015e+00 5.250822246905771635e+02 3.636043700909684873e+01 -1.713780758923481926e+03 2.037000000000000000e+03
4.489602987092925268e+00 5.770059302155332261e+02 -4.318843911955132953e+00 -1.866849756002116010e+03 1.831000000000000000e+03
4.554125500073445743e+00 6.328300287550306393e+02 -4.014154901245572660e+01 -2.031267502901343050e+03 1.435000000000000000e+03
4.616430240049651523e+00 6.980210435568843650e+02 -6.677627019142963150e+01 -2.241367887444157986e+03 1.119000000000000000e+03
4.677252312221349406e+00 7.667181273128730936e+02 -8.450264678535532425e+01 -2.474931325843396735e+03 8.800000000000000000e+02
4.741981513824780059e+00 8.481334064594258280e+02 -7.692814568803257202e+01 -2.795207835069737484e+03 7.470000000000000000e+02
4.809273072599613563e+00 9.416868779135774048e+02 -6.658085528166908773e+01 -3.153164315501653618e+03 5.200000000000000000e+02
4.871546600533164906e+00 1.042075530943885724e+03 -5.738075019675924437e+01 -3.525860386605337681e+03 3.280000000000000000e+02
4.925260063653622566e+00 1.145939663934625514e+03 -4.880878180009021605e+01 -3.906259779709519989e+03 2.160000000000000000e+02
4.988369355351538026e+00 1.276252399516064543e+03 -2.338587735483957530e+01 -4.413596758624457834e+03 1.720000000000000000e+02
5.058296331193474771e+00 1.454702613584227947e+03 -1.080389241370064113e+01 -5.063245141458414764e+03 8.400000000000000000e+01
5.124330000078495928e+00 1.659343557029489602e+03 -3.317175697642514631e+00 -5.796323426501831818e+03 2.500000000000000000e+01
5.169965902813741465e+00 1.831655950916682514e+03 -2.564703832337999589e+00 -6.400465697820271089e+03 6.000000000000000000e+00
5.223742168994547797e+00 2.057225603032583876e+03 0.000000000000000000e+00 -7.200289610614044250e+03 1.000000000000000000e+00
