8.899641224696955288e-02 2.343350326330766256e+05 -9.799388602320937207e+04 -4.693074698303938931e+04 1.300000000000000000e+01
1.507912216506557823e-01 2.034296246401259850e+05 -1.942264981285625254e+04 1.116826017641753569e+05 3.300000000000000000e+01
2.144790186456836945e-01 1.726412631889246695e+05 1.017172203746486957e+04 6.528747211744836022e+03 7.900000000000000000e+01
2.783660776489276789e-01 1.577383879332015349e+05 -2.473307325674320600e+04 -7.976608501569354303e+03 1.170000000000000000e+02
3.435099785803411021e-01 1.334409152891310223e+05 -2.117734492794757898e+04 -1.112997152401220228e+04 2.050000000000000000e+02
4.047886761425745772e-01 1.136450266409588221e+05 -8.027697086206681888e+03 1.083230297410146704e+04 2.350000000000000000e+02
4.676716683575679601e-01 9.981762157319893595e+04 -2.278072848725034055e+04 -4.159791811845898337e+04 3.690000000000000000e+02
5.308225101765952081e-01 8.644795204294910945e+04 -1.340985880868877211e+04 -1.681025575504962762e+04 4.330000000000000000e+02
5.945362440940590298e-01 7.811645970843810937e+04 -1.338410887372210527e+04 -2.745084596303179205e+04 5.850000000000000000e+02
6.576224814588792489e-01 6.707373051569101517e+04 -1.438705536063382169e+04 -2.994868377614298151e+04 6.790000000000000000e+02
7.196632906698736676e-01 6.098743196070004342e+04 -8.520840991532904809e+03 -3.863092481681181380e+04 8.130000000000000000e+02
7.827860915688348298e-01 5.635941672891820781e+04 -4.284402891527618522e+03 -3.713412744183317409e+04 9.850000000000000000e+02
8.470398945834540783e-01 5.164630468377445504e+04 -7.383458848110509280e+03 -3.162075308038425283e+04 1.183000000000000000e+03
9.096854620527370372e-01 4.969494228477631259e+04 -3.168448998077862598e+03 -3.109678241907552365e+04 1.269000000000000000e+03
9.720789776830213169e-01 4.741404337616451812e+04 -4.665812452632545728e+02 -3.382094885057302599e+04 1.537000000000000000e+03
1.034763038959366499e+00 4.625182826338874293e+04 -3.280699098588037486e+03 -3.477742908642016846e+04 1.653000000000000000e+03
1.097576444254559247e+00 4.579319183140155656e+04 2.896766800025398879e+03 -2.998372540792165091e+04 1.963000000000000000e+03
1.160543084780093270e+00 4.584508807401384547e+04 2.712966998061413960e+03 -2.884484549753951433e+04 2.121000000000000000e+03
1.223669666537485323e+00 4.406599442203140643e+04 1.030741264193909956e+03 -3.090771190533027402e+04 2.413000000000000000e+03
1.286817263090294094e+00 4.399819939479840104e+04 3.761234028735041647e+03 -2.459792274374193948e+04 2.635000000000000000e+03
1.349500801664080818e+00 4.321179765827532538e+04 1.967604237690183027e+03 -1.881100058578028256e+04 2.877000000000000000e+03
1.411949558842147567e+00 4.232903213741663785e+04 -7.120976678555486217e-01 -1.889786878284037812e+04 3.169000000000000000e+03
1.475133575747468395e+00 4.173802678516894230e+04 -7.007384502488835096e+02 -1.245686146360361272e+04 3.507000000000000000e+03
1.537865074252268593e+00 4.012434570207772776e+04 -2.369847096096691530e+03 -9.898072126857412513e+03 3.685000000000000000e+03
1.600657544051110381e+00 3.903524148978076119e+04 -4.282979091026420065e+03 -6.427781425465979737e+03 4.165000000000000000e+03
1.663991168687080524e+00 3.792320600916389230e+04 -5.070435616182857302e+03 -1.933283218489478486e+03 4.377000000000000000e+03
1.727195645776442801e+00 3.668107554200039885e+04 -7.259447491273703235e+03 -3.424863326202666940e+03 4.855000000000000000e+03
1.789765213377084718e+00 3.605226742782713700e+04 -7.640136989855714091e+03 -8.791668152666427432e+02 4.929000000000000000e+03
1.852353690647852158e+00 3.547872146768670791e+04 -7.504238162985069721e+03 -8.776986202296763295e+00 5.581000000000000000e+03
1.914806787341157390e+00 3.576819160414912767e+04 -8.310165276241623360e+03 -4.638878614342056039e+02 5.679000000000000000e+03
1.977889868651535599e+00 3.586422286415677081e+04 -8.760598884689869010e+03 -1.974807711061260989e+03 6.385000000000000000e+03
2.040937735447724499e+00 3.660860175289642939e+04 -8.005291970147320171e+03 -8.461970818351655907e+02 6.553000000000000000e+03
2.103939302609846074e+00 3.701706378141461755e+04 -9.311278010158943289e+03 -4.084677534219997597e+03 7.125000000000000000e+03
2.166909709822301799e+00 3.806744742339677759e+04 -8.880233063665771624e+03 -5.006409001632951004e+03 7.447000000000000000e+03
2.229700281216152380e+00 3.967468039176634920e+04 -8.446027763033376687e+03 -5.658211055525268421e+03 7.929000000000000000e+03
2.292620027086342382e+00 4.079612017112953617e+04 -1.054065205969675117e+04 -8.417757607382280185e+03 8.353000000000000000e+03
2.355141508366812353e+00 4.231353342265795072e+04 -1.026601421098009268e+04 -7.045032080709705042e+03 8.775000000000000000e+03
2.417910583817858949e+00 4.420408498467886238e+04 -1.030981631911046134e+04 -6.686538175190983566e+03 9.313000000000000000e+03
2.480856539439619368e+00 4.605499965719765896e+04 -1.261966129644064677e+04 -8.480379509402968324e+03 9.841000000000000000e+03
2.543492256872954549e+00 4.827678878325480036e+04 -1.330223119747696910e+04 -4.730512117396595386e+03 1.019100000000000000e+04
2.606334251884805386e+00 5.034449841889645177e+04 -1.420619112542223957e+04 -4.422181473970401385e+03 1.089700000000000000e+04
2.669257370896960690e+00 5.242825236324195430e+04 -1.548805496881128602e+04 -4.161766673620089023e+03 1.130100000000000000e+04
2.732423343141155758e+00 5.518256512522550474e+04 -1.606288496883587868e+04 1.515695509771832803e+03 1.202500000000000000e+04
2.795529680084416047e+00 5.756965214137682779e+04 -1.791566405842566382e+04 2.743384477457399953e+03 1.242300000000000000e+04
2.858366292314493240e+00 6.072571345474855480e+04 -1.904263047581448700e+04 4.037036873332988307e+03 1.302100000000000000e+04
2.920876271394311718e+00 6.403135323765654903e+04 -1.907535875664571722e+04 1.026897598204045062e+04 1.340500000000000000e+04
2.983449844439822751e+00 6.748939760552741063e+04 -2.153016006537923386e+04 1.254635199660673788e+04 1.424700000000000000e+04
3.046384918400867114e+00 7.026134230706808739e+04 -2.004416720864830859e+04 5.323731075350249739e+03 1.427500000000000000e+04
3.109279688161210142e+00 7.280433131246711127e+04 -1.660798764359289999e+04 -1.470417954027455016e+04 1.410000000000000000e+04
3.172087338483245755e+00 7.583861805429900414e+04 -1.710279330176285657e+04 -3.425093689929708489e+04 1.351600000000000000e+04
3.235077053285361881e+00 7.980956398341379827e+04 -1.857038313305747579e+04 -5.304688006723199942e+04 1.349200000000000000e+04
3.297974619160294107e+00 8.496584714695496950e+04 -1.852570821830457498e+04 -7.719343759326938016e+04 1.270200000000000000e+04
3.360979404794635528e+00 9.041633863896122784e+04 -1.940153378724419963e+04 -9.660584748329115973e+04 1.263400000000000000e+04
3.423687966102657132e+00 9.733213298787565145e+04 -1.862640032648174019e+04 -1.204000623915303440e+05 1.180200000000000000e+04
3.486367717614779593e+00 1.045636321119239146e+05 -1.837600419835505090e+04 -1.439248884781169472e+05 1.159000000000000000e+04
3.549237455189846013e+00 1.130807849055024417e+05 -1.847662502295000013e+04 -1.693266824153038324e+05 1.100400000000000000e+04
3.611466567116090154e+00 1.227346908730745345e+05 -1.777162719279649900e+04 -2.021217571658056695e+05 1.025800000000000000e+04
3.674175279485516032e+00 1.334669188948553638e+05 -1.925107439280999824e+04 -2.282915320879205829e+05 1.013800000000000000e+04
3.737325177637534246e+00 1.455901997989109077e+05 -1.829812602869954208e+04 -2.688028458113324014e+05 9.282000000000000000e+03
3.800314856493150373e+00 1.572961222141236358e+05 -1.965591905979884177e+04 -3.027439829188734875e+05 8.824000000000000000e+03
3.863228937922256190e+00 1.713056984268537781e+05 -2.042859605022625328e+04 -3.433943336392000201e+05 8.130000000000000000e+03
3.925673163149277833e+00 1.848955841762348427e+05 -2.068212844845567815e+04 -3.894983988158594002e+05 7.330000000000000000e+03
3.988379144029963186e+00 1.994623967309014697e+05 -2.431508737871854100e+04 -4.271037319795198855e+05 6.960000000000000000e+03
4.051365442737894007e+00 2.151713847111584037e+05 -2.203376356849960212e+04 -4.954270129185235710e+05 5.944000000000000000e+03
4.114073661208438537e+00 2.322955583288630587e+05 -2.607503646468263469e+04 -5.388284058347910177e+05 5.482000000000000000e+03
4.176398926321660099e+00 2.527006312741894217e+05 -2.089959733013719597e+04 -6.344058222428617300e+05 4.458000000000000000e+03
4.238428652338137148e+00 2.738456453908038093e+05 -1.703654664910066640e+04 -7.329858578228482511e+05 3.892000000000000000e+03
4.301987060447956424e+00 3.017424789732001373e+05 -9.663594674949110413e+03 -8.704618320103010628e+05 3.165000000000000000e+03
4.365598466856841497e+00 3.348914715575448936e+05 -7.199856297036223623e+03 -1.007104506441015983e+06 2.617000000000000000e+03
4.427107359730706015e+00 3.723257596685179160e+05 -8.106827018860665703e+03 -1.148851606268875767e+06 2.037000000000000000e+03
4.489602987092925268e+00 4.126375172352287336e+05 -1.014932528123672819e+04 -1.305924993795937393e+06 1.831000000000000000e+03
4.554125500073445743e+00 4.571194179467740469e+05 -1.198042328021133108e+04 -1.473614293492823839e+06 1.435000000000000000e+03
4.616430240049651523e+00 5.045458152137086727e+05 -1.124195205022176378e+04 -1.655358008185024373e+06 1.119000000000000000e+03
4.677252312221349406e+00 5.554355223482585279e+05 -7.862945404148568741e+03 -1.850033805898622843e+06 8.800000000000000000e+02
4.741981513824780059e+00 6.158565799650230911e+05 -2.233044142694343464e+03 -2.088332552627016325e+06 7.470000000000000000e+02
4.809273072599613563e+00 6.949391457536080852e+05 8.407288269013167792e+02 -2.383198111214478035e+06 5.200000000000000000e+02
4.871546600533164906e+00 7.875098570625358261e+05 4.116007210527759526e+03 -2.718647782778293360e+06 3.280000000000000000e+02
4.925260063653622566e+00 8.710398119950771797e+05 6.468001739366669653e+02 -3.011127007412680425e+06 2.160000000000000000e+02
4.988369355351538026e+00 9.868282879338533385e+05 -9.629255618626410751e+02 -3.431173685375774279e+06 1.720000000000000000e+02
5.058296331193474771e+00 1.099574784690321656e+06 -2.422729553468660924e+03 -3.833407297038368881e+06 8.400000000000000000e+01
5.124330000078495928e+00 1.229539585748926736e+06 -3.577926318666318934e+02 -4.297044066950844601e+06 2.500000000000000000e+01
5.169965902813741465e+00 1.375249781464302912e+06 1.876684813520273849e+02 -4.808194142029950395e+06 6.000000000000000000e+00
5.223742168994547797e+00 1.257152131759678246e+06 0.000000000000000000e+00 -4.400032461158872582e+06 1.000000000000000000e+00
