8.899641224696955288e-02 2.240465053923322994e+05 -9.852132907109380176e+04 -4.183194730211534625e+04 1.300000000000000000e+01
1.507912216506557823e-01 1.942680305970689515e+05 -1.832085745209114248e+04 1.100840962666836131e+05 3.300000000000000000e+01
2.144790186456836945e-01 1.646783294040394539e+05 1.171413275913468351e+04 7.517242747378621061e+03 7.900000000000000000e+01
2.783660776489276789e-01 1.507088812389024533e+05 -2.281431343499810464e+04 -7.692151742540323539e+03 1.170000000000000000e+02
3.435099785803411021e-01 1.270075802330984588e+05 -1.825545487640715146e+04 -9.511032333115008441e+03 2.050000000000000000e+02
4.047886761425745772e-01 1.085959570998295385e+05 -5.853698290246333272e+03 1.090339646844679555e+04 2.350000000000000000e+02
4.676716683575679601e-01 9.499599896240250382e+04 -2.015751521912182216e+04 -3.858515384277343401e+04 3.690000000000000000e+02
5.308225101765952081e-01 8.211840618031113991e+04 -1.012056610348164031e+04 -1.317407180651248564e+04 4.330000000000000000e+02
5.945362440940590298e-01 7.363932842827755667e+04 -1.018213199354324934e+04 -2.391512374279708092e+04 5.850000000000000000e+02
6.576224814588792489e-01 6.232831645236433542e+04 -1.145188129290974757e+04 -2.534138801748420155e+04 6.790000000000000000e+02
7.196632906698736676e-01 5.606660812928125961e+04 -5.586213888670340566e+03 -3.207682695820670051e+04 8.130000000000000000e+02
7.827860915688348298e-01 5.125431130250563729e+04 -2.049256150119204449e+03 -3.016534173979736443e+04 9.850000000000000000e+02
8.470398945834540783e-01 4.635141623568569776e+04 -4.967807688091402269e+03 -2.515281162003235295e+04 1.183000000000000000e+03
9.096854620527370372e-01 4.414132990188351687e+04 -7.816973240284197573e+02 -2.392929170358459305e+04 1.269000000000000000e+03
9.720789776830213169e-01 4.139509935061193391e+04 1.025496125150679518e+03 -2.685782627908892027e+04 1.537000000000000000e+03
1.034763038959366499e+00 3.963572111717558437e+04 -1.421404296550919526e+03 -2.736560478355918531e+04 1.653000000000000000e+03
1.097576444254559247e+00 3.886754633128972637e+04 4.729413666620272124e+03 -2.305400921866537828e+04 1.963000000000000000e+03
1.160543084780093270e+00 3.831776847128420923e+04 3.685350703329184398e+03 -2.315292434099472302e+04 2.121000000000000000e+03
1.223669666537485323e+00 3.630310473473156890e+04 2.817555331380401185e+03 -2.421210001545168052e+04 2.413000000000000000e+03
1.286817263090294094e+00 3.628936904240420699e+04 5.417611059548107733e+03 -1.943135600485630857e+04 2.635000000000000000e+03
1.349500801664080818e+00 3.541188979903159634e+04 3.423836359735275892e+03 -1.591726201409119130e+04 2.877000000000000000e+03
1.411949558842147567e+00 3.459445835221491870e+04 1.850052585975282909e+03 -1.564555408385953888e+04 3.169000000000000000e+03
1.475133575747468395e+00 3.400823890528374613e+04 1.328136479438278457e+03 -1.070303956532976372e+04 3.507000000000000000e+03
1.537865074252268593e+00 3.245108621130286338e+04 -6.229612533560846543e+01 -9.774612822051916737e+03 3.685000000000000000e+03
1.600657544051110381e+00 3.145604276553813907e+04 -9.429252528142768597e+02 -6.181115350147804747e+03 4.165000000000000000e+03
1.663991168687080524e+00 3.003207385695662742e+04 -2.285654272442664023e+03 -2.888173075168826472e+03 4.377000000000000000e+03
1.727195645776442801e+00 2.881013038662251347e+04 -3.732094818220676643e+03 -4.033288139121918903e+03 4.855000000000000000e+03
1.789765213377084718e+00 2.804868553881461412e+04 -3.565807117470500998e+03 -1.459028381374558194e+03 4.929000000000000000e+03
1.852353690647852158e+00 2.720279819735691126e+04 -3.309671886006406112e+03 -5.643502681472169797e+02 5.581000000000000000e+03
1.914806787341157390e+00 2.708084333658163450e+04 -4.043494096856542455e+03 -6.939975118107194021e+02 5.679000000000000000e+03
1.977889868651535599e+00 2.667508870392669996e+04 -3.738801250436235023e+03 -1.537221510585296301e+03 6.385000000000000000e+03
2.040937735447724499e+00 2.665413754467981562e+04 -2.756278020639463648e+03 -4.244923852913744611e+01 6.553000000000000000e+03
2.103939302609846074e+00 2.634448242384922924e+04 -3.514029744249472515e+03 -1.604233067783714205e+03 7.125000000000000000e+03
2.166909709822301799e+00 2.644256783318495582e+04 -2.989733863298992219e+03 -1.695044297231703013e+03 7.447000000000000000e+03
2.229700281216152380e+00 2.696443606549811739e+04 -2.444674421366348270e+03 -1.410516996965860699e+03 7.929000000000000000e+03
2.292620027086342382e+00 2.714240792921588218e+04 -3.851907859066105175e+03 -2.675398730312460884e+03 8.353000000000000000e+03
2.355141508366812353e+00 2.759991621488129022e+04 -3.616608741389627994e+03 -7.566375612565093434e+02 8.775000000000000000e+03
2.417910583817858949e+00 2.849988744169896017e+04 -3.859140148087942634e+03 -4.735542912138113252e+02 9.313000000000000000e+03
2.480856539439619368e+00 2.928582631406837754e+04 -5.654412806929616636e+03 -1.348293701453909762e+03 9.841000000000000000e+03
2.543492256872954549e+00 3.039209828608325915e+04 -6.283430344310999317e+03 9.841624651750635167e+02 1.019100000000000000e+04
2.606334251884805386e+00 3.140598777259303461e+04 -7.287352107011390217e+03 1.169723297501447632e+03 1.089700000000000000e+04
2.669257370896960690e+00 3.273942935640848373e+04 -8.690335004141630634e+03 1.445412414034234416e+03 1.130100000000000000e+04
2.732423343141155758e+00 3.442394254318039748e+04 -9.343425910812376969e+03 5.411032311329599906e+03 1.202500000000000000e+04
2.795529680084416047e+00 3.574429752189067221e+04 -1.091698188472678157e+04 6.229395154450291557e+03 1.242300000000000000e+04
2.858366292314493240e+00 3.755519575453638390e+04 -1.236902477553974495e+04 8.027399487802639669e+03 1.302100000000000000e+04
2.920876271394311718e+00 3.954307412651203776e+04 -1.260999225100134208e+04 1.284160585330945651e+04 1.340500000000000000e+04
2.983449844439822751e+00 4.122051295080445561e+04 -1.450176957043446419e+04 1.489376840879145311e+04 1.424700000000000000e+04
3.046384918400867114e+00 4.188180491294500098e+04 -1.323012262318734065e+04 9.794672682275975603e+03 1.427500000000000000e+04
3.109279688161210142e+00 4.171801158591719286e+04 -9.596108239606719508e+03 -2.863627465000557550e+03 1.410000000000000000e+04
3.172087338483245755e+00 4.172476057640185172e+04 -7.250071920012635019e+03 -1.366750449092495728e+04 1.351600000000000000e+04
3.235077053285361881e+00 4.273668133432521427e+04 -5.568520220246341523e+03 -2.253080106923980202e+04 1.349200000000000000e+04
3.297974619160294107e+00 4.389539883199414180e+04 -4.148902858878327606e+03 -3.243719158655537467e+04 1.270200000000000000e+04
3.360979404794635528e+00 4.482415995888516045e+04 -4.723094384412620457e+03 -3.945425179739200394e+04 1.263400000000000000e+04
3.423687966102657132e+00 4.619186970408859634e+04 -4.678982180839673674e+03 -4.853139993290278653e+04 1.180200000000000000e+04
3.486367717614779593e+00 4.735793546710008377e+04 -5.922801386615898991e+03 -5.575241447629829054e+04 1.159000000000000000e+04
3.549237455189846013e+00 4.869259136616019532e+04 -7.069342860611061951e+03 -6.322217899901786586e+04 1.100400000000000000e+04
3.611466567116090154e+00 5.008365412271602690e+04 -8.092845901434830921e+03 -7.268575892222003313e+04 1.025800000000000000e+04
3.674175279485516032e+00 5.231527238863815728e+04 -9.930708215111073514e+03 -7.866086984543598373e+04 1.013800000000000000e+04
3.737325177637534246e+00 5.490316050632642873e+04 -1.067091618442803338e+04 -9.001108100128993101e+04 9.282000000000000000e+03
3.800314856493150373e+00 5.746081814353594382e+04 -1.185628046666992486e+04 -9.830070962993262219e+04 8.824000000000000000e+03
3.863228937922256190e+00 6.086686182126188214e+04 -1.169684778932532572e+04 -1.106822801463940268e+05 8.130000000000000000e+03
3.925673163149277833e+00 6.364438064233539626e+04 -1.075882868251990476e+04 -1.244132614382643078e+05 7.330000000000000000e+03
3.988379144029963186e+00 6.791874297313811257e+04 -1.158082289439533270e+04 -1.357819074692781433e+05 6.960000000000000000e+03
4.051365442737894007e+00 7.097780549210158642e+04 -1.001742323933246917e+04 -1.541840802598863083e+05 5.944000000000000000e+03
4.114073661208438537e+00 7.584895598375247209e+04 -1.174852761564382308e+04 -1.641500828119031794e+05 5.482000000000000000e+03
4.176398926321660099e+00 7.925893554044024495e+04 -1.041742572643453786e+04 -1.864521125603081018e+05 4.458000000000000000e+03
4.238428652338137148e+00 8.217742702793216449e+04 -1.022207354798191591e+04 -2.056734273327349802e+05 3.892000000000000000e+03
4.301987060447956424e+00 8.458690355803842249e+04 -8.564066431495979486e+03 -2.305825752607379982e+05 3.165000000000000000e+03
4.365598466856841497e+00 8.940376750282738067e+04 -7.955451845981598126e+03 -2.558682855877021793e+05 2.617000000000000000e+03
4.427107359730706015e+00 9.489398328346993367e+04 -6.985343065085548915e+03 -2.824579791170291719e+05 2.037000000000000000e+03
4.489602987092925268e+00 9.938326246448242455e+04 -5.435910583706830039e+03 -3.080161554581011878e+05 1.831000000000000000e+03
4.554125500073445743e+00 1.038954727699722280e+05 -4.289679171234332898e+03 -3.310388270260927384e+05 1.435000000000000000e+03
4.616430240049651523e+00 1.104279486125308176e+05 -2.207402297027622808e+03 -3.616857746850971598e+05 1.119000000000000000e+03
4.677252312221349406e+00 1.178796897760779975e+05 -8.820961586435661275e+02 -3.931953648870961624e+05 8.800000000000000000e+02
4.741981513824780059e+00 1.249436888543056994e+05 1.160792366085798449e+03 -4.251969315208035405e+05 7.470000000000000000e+02
4.809273072599613563e+00 1.323797317522224330e+05 1.339156785381090231e+03 -4.550525348463933915e+05 5.200000000000000000e+02
4.871546600533164906e+00 1.476911323535792180e+05 2.241234885991789724e+03 -5.110769693895608070e+05 3.280000000000000000e+02
4.925260063653622566e+00 1.563908116080880864e+05 8.793110318758855328e+02 -5.411254957715948112e+05 2.160000000000000000e+02
4.988369355351538026e+00 1.712592933540189115e+05 -3.871522228928198501e+02 -5.951912305317756254e+05 1.720000000000000000e+02
5.058296331193474771e+00 1.824996796571106534e+05 -9.011465064358113750e+02 -6.356861537778717466e+05 8.400000000000000000e+01
5.124330000078495928e+00 1.898225700090304017e+05 7.292947759208982461e+02 -6.641970159435153473e+05 2.500000000000000000e+01
5.169965902813741465e+00 2.227667240829060611e+05 3.780620558772338882e+03 -7.827742659445293248e+05 6.000000000000000000e+00
5.223742168994547797e+00 1.993877247052410967e+05 0.000000000000000000e+00 -6.978570364683438092e+05 1.000000000000000000e+00
