8.899641224696955288e-02 1.728227203090328258e+05 -9.904171063821572170e+04 -1.344817017612930795e+04 1.300000000000000000e+01
1.507912216506557823e-01 1.474418428595407458e+05 -1.915864539579892880e+04 9.527153938954004843e+04 3.300000000000000000e+01
2.144790186456836945e-01 1.258720405892513081e+05 1.073790779792236754e+04 7.493011797707940786e+03 7.900000000000000000e+01
2.783660776489276789e-01 1.161892290207535552e+05 -2.287591638799065186e+04 -3.877961673889516533e+03 1.170000000000000000e+02
3.435099785803411021e-01 9.524039107726317889e+04 -1.830116054152611105e+04 -4.964237551979341333e+03 2.050000000000000000e+02
4.047886761425745772e-01 8.320029588720932952e+04 -1.295632170790061537e+04 5.788588547824705529e+03 2.350000000000000000e+02
4.676716683575679601e-01 6.993142328140913742e+04 -2.365285735926788038e+04 -2.532641445689509783e+04 3.690000000000000000e+02
5.308225101765952081e-01 6.046162506016920815e+04 -1.422782664730646866e+04 -6.452747670922508405e+03 4.330000000000000000e+02
5.945362440940590298e-01 5.173383628355880501e+04 -1.416558431471072981e+04 -1.420398040538741770e+04 5.850000000000000000e+02
6.576224814588792489e-01 4.082659347854663793e+04 -1.701137522049153631e+04 -1.111502394971519607e+04 6.790000000000000000e+02
7.196632906698736676e-01 3.597996126957295928e+04 -1.353295847665338988e+04 -1.450541414601299039e+04 8.130000000000000000e+02
7.827860915688348298e-01 3.143834168456530097e+04 -8.259826795331984613e+03 -1.120237081083086377e+04 9.850000000000000000e+02
8.470398945834540783e-01 2.700769137172804039e+04 -8.915844911939722806e+03 -1.281999996290563286e+04 1.183000000000000000e+03
9.096854620527370372e-01 2.450705099415206496e+04 -4.524409992998311282e+03 -1.162918360886594564e+04 1.269000000000000000e+03
9.720789776830213169e-01 2.211625004394536882e+04 -2.010978026345370381e+03 -1.393935047769241646e+04 1.537000000000000000e+03
1.034763038959366499e+00 2.001253830960868436e+04 -3.509359502054131781e+02 -1.428815958910602785e+04 1.653000000000000000e+03
1.097576444254559247e+00 1.967050451955254175e+04 2.726649351286783713e+03 -1.217460724179419049e+04 1.963000000000000000e+03
1.160543084780093270e+00 1.826709646551400510e+04 1.349250953136023782e+03 -1.271828736441789988e+04 2.121000000000000000e+03
1.223669666537485323e+00 1.721840261579324579e+04 2.720330927811553920e+03 -1.177588335398460913e+04 2.413000000000000000e+03
1.286817263090294094e+00 1.667056142629082024e+04 3.461449598183243779e+03 -1.045133210234237413e+04 2.635000000000000000e+03
1.349500801664080818e+00 1.524648864074600351e+04 2.733360208091547975e+03 -7.692229715603001750e+03 2.877000000000000000e+03
1.411949558842147567e+00 1.458893612893525460e+04 2.307776164263347709e+03 -8.326993096807014808e+03 3.169000000000000000e+03
1.475133575747468395e+00 1.340551135386971328e+04 1.659664568580197511e+03 -7.010308165621927401e+03 3.507000000000000000e+03
1.537865074252268593e+00 1.228600238838115365e+04 1.224394053026113397e+03 -5.168620417408431422e+03 3.685000000000000000e+03
1.600657544051110381e+00 1.147022441796772910e+04 3.346618387403804604e+02 -3.998960433632992590e+03 4.165000000000000000e+03
1.663991168687080524e+00 1.078879718971466900e+04 -1.094502177176972509e+03 -3.901858183468406423e+03 4.377000000000000000e+03
1.727195645776442801e+00 1.017314286863220150e+04 -1.247142227162064955e+03 -3.206293068264919384e+03 4.855000000000000000e+03
1.789765213377084718e+00 9.659034343894487392e+03 -2.271126958881133760e+03 -2.680870109973394847e+03 4.929000000000000000e+03
1.852353690647852158e+00 9.329262416616242263e+03 -2.207389786859144351e+03 -2.572677015586632933e+03 5.581000000000000000e+03
1.914806787341157390e+00 8.933549438320353147e+03 -3.012571157822945224e+03 -1.811398276851171204e+03 5.679000000000000000e+03
1.977889868651535599e+00 8.634965041165271032e+03 -3.050622921514397149e+03 -1.844879901699456013e+03 6.385000000000000000e+03
2.040937735447724499e+00 8.485026577479571642e+03 -2.980815187760480057e+03 -4.273031743984724358e+02 6.553000000000000000e+03
2.103939302609846074e+00 8.308836907839477135e+03 -3.385343312774721653e+03 -3.480001177680139790e+02 7.125000000000000000e+03
2.166909709822301799e+00 8.119348051917712837e+03 -3.311915977271522024e+03 -1.429235387381579301e+02 7.447000000000000000e+03
2.229700281216152380e+00 8.140687613695856271e+03 -3.290469445263443959e+03 -1.753916211924143909e+02 7.929000000000000000e+03
2.292620027086342382e+00 8.188142837184140262e+03 -3.014644486474920086e+03 -2.208733659423519100e+02 8.353000000000000000e+03
2.355141508366812353e+00 8.114088075097458386e+03 -2.938879257177927684e+03 -5.355601762176685376e+00 8.775000000000000000e+03
2.417910583817858949e+00 8.207233680650286260e+03 -2.892885972141073580e+03 3.585929365387094663e+02 9.313000000000000000e+03
2.480856539439619368e+00 8.289027666845955537e+03 -2.841333787667134402e+03 1.056273725778574089e+03 9.841000000000000000e+03
2.543492256872954549e+00 8.199239717574366296e+03 -2.866826713240107892e+03 1.583293122506944428e+03 1.019100000000000000e+04
2.606334251884805386e+00 8.052766582237782131e+03 -2.923611398680759976e+03 2.356865485807132700e+03 1.089700000000000000e+04
2.669257370896960690e+00 8.079361552127625146e+03 -2.831298853716527447e+03 3.139852758295402509e+03 1.130100000000000000e+04
2.732423343141155758e+00 7.922646361524164604e+03 -2.950360315160457048e+03 4.269164840677356551e+03 1.202500000000000000e+04
2.795529680084416047e+00 7.917116557996454503e+03 -2.841099802333234948e+03 4.972528040047626746e+03 1.242300000000000000e+04
2.858366292314493240e+00 8.096907960753474072e+03 -2.749975356887452563e+03 5.976636848526934955e+03 1.302100000000000000e+04
2.920876271394311718e+00 8.181846442484069485e+03 -3.042200683272857532e+03 6.360524875861493456e+03 1.340500000000000000e+04
2.983449844439822751e+00 8.334645654192952861e+03 -3.011997619676954400e+03 7.527740558684415191e+03 1.424700000000000000e+04
3.046384918400867114e+00 8.313368958173075953e+03 -3.064662557917014055e+03 6.360387153973753811e+03 1.427500000000000000e+04
3.109279688161210142e+00 8.142135703114893658e+03 -2.923008578617311287e+03 3.527146469775200330e+03 1.410000000000000000e+04
3.172087338483245755e+00 7.734592097184557133e+03 -2.243137802493414256e+03 9.799721909781153499e+02 1.351600000000000000e+04
3.235077053285361881e+00 7.399003411757405047e+03 -1.428399412073180656e+03 -1.512262816277537695e+03 1.349200000000000000e+04
3.297974619160294107e+00 7.057810051602207750e+03 -8.311830092445981109e+02 -4.122856519543741342e+03 1.270200000000000000e+04
3.360979404794635528e+00 6.786535667011678015e+03 -2.444660443539768551e+02 -6.509799028785707378e+03 1.263400000000000000e+04
3.423687966102657132e+00 6.701424436789879110e+03 2.644789193967660026e+02 -8.524227644831897123e+03 1.180200000000000000e+04
3.486367717614779593e+00 6.538304356805050702e+03 6.793137253333239869e+02 -1.007586803280554159e+04 1.159000000000000000e+04
3.549237455189846013e+00 6.387859398996604796e+03 1.279348849135515138e+03 -1.166207249256346586e+04 1.100400000000000000e+04
3.611466567116090154e+00 6.181803536075565717e+03 1.540563942738312107e+03 -1.288531984524221662e+04 1.025800000000000000e+04
3.674175279485516032e+00 6.072989554757661608e+03 1.714266111580303459e+03 -1.360728660665697680e+04 1.013800000000000000e+04
3.737325177637534246e+00 5.848866170242872613e+03 1.950665252081254266e+03 -1.416870056298356758e+04 9.282000000000000000e+03
3.800314856493150373e+00 5.836122497058331646e+03 2.114403711286473481e+03 -1.506018549094263835e+04 8.824000000000000000e+03
3.863228937922256190e+00 5.754030850952778565e+03 2.358694924521497342e+03 -1.572440055492891588e+04 8.130000000000000000e+03
3.925673163149277833e+00 5.703818460935023722e+03 2.701375953436164764e+03 -1.676324531166801171e+04 7.330000000000000000e+03
3.988379144029963186e+00 5.864755438031778795e+03 3.057881028030906691e+03 -1.804073069188996669e+04 6.960000000000000000e+03
4.051365442737894007e+00 5.703401647631712876e+03 2.868724446005835489e+03 -1.821116066082139150e+04 5.944000000000000000e+03
4.114073661208438537e+00 5.901973389431803298e+03 3.289646215484935965e+03 -1.947577314674361696e+04 5.482000000000000000e+03
4.176398926321660099e+00 5.593012186776458293e+03 2.744695072646755307e+03 -1.880311975717402674e+04 4.458000000000000000e+03
4.238428652338137148e+00 5.354681467854091352e+03 2.262566213352264185e+03 -1.837845562954520210e+04 3.892000000000000000e+03
4.301987060447956424e+00 5.094899962692952613e+03 1.444846431508582100e+03 -1.757901649833741612e+04 3.165000000000000000e+03
4.365598466856841497e+00 5.066167770550118803e+03 1.126446083857582607e+03 -1.763593442175393284e+04 2.617000000000000000e+03
4.427107359730706015e+00 5.678449879643926579e+03 1.188587642242842549e+03 -1.974263722835522640e+04 2.037000000000000000e+03
4.489602987092925268e+00 6.415894186953437384e+03 1.405610953501276072e+03 -2.268125597090748488e+04 1.831000000000000000e+03
4.554125500073445743e+00 6.880775945470705665e+03 1.506143873421084436e+03 -2.453147329906117739e+04 1.435000000000000000e+03
4.616430240049651523e+00 7.440509794928453630e+03 1.309639827996797749e+03 -2.635611165790177984e+04 1.119000000000000000e+03
4.677252312221349406e+00 7.915054629904197100e+03 1.361489521291452547e+03 -2.816356255738372784e+04 8.800000000000000000e+02
4.741981513824780059e+00 7.987818348807153598e+03 1.097271402659715704e+03 -2.833329678872269142e+04 7.470000000000000000e+02
4.809273072599613563e+00 7.511602559274299892e+03 8.588817768365260008e+02 -2.660289716433082867e+04 5.200000000000000000e+02
4.871546600533164906e+00 6.740482432356096979e+03 5.286467666454001346e+02 -2.373658622606055360e+04 3.280000000000000000e+02
4.925260063653622566e+00 5.979129998550768505e+03 3.681869929993277992e+02 -2.103396141792006165e+04 2.160000000000000000e+02
4.988369355351538026e+00 4.454344818229309567e+03 2.116812001141538246e+02 -1.569281893330445382e+04 1.720000000000000000e+02
5.058296331193474771e+00 2.807157216824142324e+03 4.100559640225088742e+01 -9.834509961353007384e+03 8.400000000000000000e+01
5.124330000078495928e+00 1.464120989750140552e+03 1.991153371863523347e+01 -5.136973994237338957e+03 2.500000000000000000e+01
5.169965902813741465e+00 2.117269120519354601e+03 9.312066963034455114e+01 -7.494324869415459034e+03 6.000000000000000000e+00
5.223742168994547797e+00 2.194638374826811003e+02 0.000000000000000000e+00 -7.681234311893838367e+02 1.000000000000000000e+00
