8.899641224696955288e-02 9.848340146498921094e+05 -1.602283443317667661e+03 -4.467653153240924585e+05 1.300000000000000000e+01
1.507912216506557823e-01 9.580403933954684762e+05 -7.503536445709188229e+03 1.515505257063836325e+05 3.300000000000000000e+01
2.144790186456836945e-01 9.170510598194400081e+05 -1.387787032462083698e+04 -1.748028599587925419e+05 7.900000000000000000e+01
2.783660776489276789e-01 8.643676384810461896e+05 -2.331359563953186444e+04 -2.940111734185613750e+04 1.170000000000000000e+02
3.435099785803411021e-01 8.003866831921604462e+05 -3.343375483742346842e+04 -3.740054070956401847e+04 2.050000000000000000e+02
4.047886761425745772e-01 7.333083841110732174e+05 -4.503843172900483478e+04 5.748524138918584504e+04 2.350000000000000000e+02
4.676716683575679601e-01 6.597361291156302905e+05 -5.275378294889941753e+04 -4.471689661852810968e+04 3.690000000000000000e+02
5.308225101765952081e-01 5.833402226390801370e+05 -6.264049103440994804e+04 3.774035586517667980e+03 4.330000000000000000e+02
5.945362440940590298e-01 5.062925590581872384e+05 -6.921461219552550756e+04 -1.227305788389895133e+04 5.850000000000000000e+02
6.576224814588792489e-01 4.317727036979300319e+05 -7.627303276345289487e+04 3.033998926657496122e+04 6.790000000000000000e+02
7.196632906698736676e-01 3.629507149532213807e+05 -7.513356012545317935e+04 -4.101788830135430180e+04 8.130000000000000000e+02
7.827860915688348298e-01 2.981010984278480755e+05 -7.422692147233578726e+04 -3.842804954335688672e+04 9.850000000000000000e+02
8.470398945834540783e-01 2.378744182313161145e+05 -7.540627933995782223e+04 -9.599558469829855767e+02 1.183000000000000000e+03
9.096854620527370372e-01 1.870188011238119798e+05 -6.956457555528654484e+04 -1.655834231257598731e+04 1.269000000000000000e+03
9.720789776830213169e-01 1.438518144908383547e+05 -6.190293559414272022e+04 -2.653591352845014990e+04 1.537000000000000000e+03
1.034763038959366499e+00 1.072644435103795549e+05 -5.458973526316048810e+04 -2.574560178463588090e+04 1.653000000000000000e+03
1.097576444254559247e+00 7.781693388704760582e+04 -4.588236554961890215e+04 -2.172783495977312850e+04 1.963000000000000000e+03
1.160543084780093270e+00 5.461171162368744262e+04 -3.683945751549857960e+04 -2.199694944832901092e+04 2.121000000000000000e+03
1.223669666537485323e+00 3.709126247720844549e+04 -2.796897957632609541e+04 -1.865417933287204869e+04 2.413000000000000000e+03
1.286817263090294094e+00 2.450827231993973692e+04 -1.962810274650894644e+04 -1.513483776537327321e+04 2.635000000000000000e+03
1.349500801664080818e+00 1.560147731957667020e+04 -1.270373429213659256e+04 -8.966461959606416713e+03 2.877000000000000000e+03
1.411949558842147567e+00 1.026611211415211619e+04 -6.509314569672899779e+03 -5.081413528314717041e+03 3.169000000000000000e+03
1.475133575747468395e+00 6.961669288507490819e+03 -1.742915506622430712e+03 3.658282735038051214e+01 3.507000000000000000e+03
1.537865074252268593e+00 5.353931189978899965e+03 1.597264529945871118e+03 5.008198153787661795e+03 3.685000000000000000e+03
1.600657544051110381e+00 4.807108329161141228e+03 3.840139727450512510e+03 9.343492237350728828e+03 4.165000000000000000e+03
1.663991168687080524e+00 4.952285500385944033e+03 4.983266067440206825e+03 1.301569595509503051e+04 4.377000000000000000e+03
1.727195645776442801e+00 5.176931044845016004e+03 4.869976360913466124e+03 1.514974660709209638e+04 4.855000000000000000e+03
1.789765213377084718e+00 5.648190653341424877e+03 4.372899918977765083e+03 1.729383675025572666e+04 4.929000000000000000e+03
1.852353690647852158e+00 5.733161697461212498e+03 3.149354528405975088e+03 1.719237721342389705e+04 5.581000000000000000e+03
1.914806787341157390e+00 5.932367716727308107e+03 1.819132218600375836e+03 1.751420565795340372e+04 5.679000000000000000e+03
1.977889868651535599e+00 5.619756035745544978e+03 3.618370687393730805e+02 1.579545669265702418e+04 6.385000000000000000e+03
2.040937735447724499e+00 5.407473388445988348e+03 -1.051787183942029287e+03 1.462503619226272713e+04 6.553000000000000000e+03
2.103939302609846074e+00 4.919405154215171024e+03 -2.263436778172673712e+03 1.256407243136965553e+04 7.125000000000000000e+03
2.166909709822301799e+00 4.295830992849861104e+03 -3.127633649151071040e+03 1.018834904165308581e+04 7.447000000000000000e+03
2.229700281216152380e+00 3.695400763932904738e+03 -3.647078044416171451e+03 8.022162790536100147e+03 7.929000000000000000e+03
2.292620027086342382e+00 3.119392471837044013e+03 -3.854385613148768698e+03 6.112629318967921790e+03 8.353000000000000000e+03
2.355141508366812353e+00 2.695720334562642165e+03 -3.922308830371157001e+03 4.845415944902479168e+03 8.775000000000000000e+03
2.417910583817858949e+00 2.230848424911082020e+03 -3.409715194064964180e+03 3.664849766315599936e+03 9.313000000000000000e+03
2.480856539439619368e+00 1.933364357431370081e+03 -2.790726334217037220e+03 3.143223418802567721e+03 9.841000000000000000e+03
2.543492256872954549e+00 1.777629254751740064e+03 -2.073779679401360227e+03 3.318697520511421772e+03 1.019100000000000000e+04
2.606334251884805386e+00 1.721222643447243172e+03 -1.157010058806333745e+03 3.828493652257917347e+03 1.089700000000000000e+04
2.669257370896960690e+00 1.736437166661751462e+03 -1.978170370332188384e+02 4.803747465608147650e+03 1.130100000000000000e+04
2.732423343141155758e+00 1.884535255313482139e+03 7.884236879233890249e+02 6.255504268025475540e+03 1.202500000000000000e+04
2.795529680084416047e+00 2.040224110411787478e+03 1.711285398328323708e+03 7.703237046731552255e+03 1.242300000000000000e+04
2.858366292314493240e+00 2.273476676760715691e+03 2.647278111199903833e+03 9.511285084062419628e+03 1.302100000000000000e+04
2.920876271394311718e+00 2.498870221005453914e+03 3.409897048265579542e+03 1.109294295724970834e+04 1.340500000000000000e+04
2.983449844439822751e+00 2.648573352192801394e+03 4.002572746056788674e+03 1.229072756878516884e+04 1.424700000000000000e+04
3.046384918400867114e+00 2.163961076594210226e+03 3.266077077080403797e+03 9.368714404776281299e+03 1.427500000000000000e+04
3.109279688161210142e+00 1.206843198425326136e+03 1.602311840182662081e+03 3.789672156910363356e+03 1.410000000000000000e+04
3.172087338483245755e+00 6.742375550488968656e+02 6.380395842051528916e+02 1.235272153923310270e+03 1.351600000000000000e+04
3.235077053285361881e+00 4.209197114490420972e+02 1.697918005169384514e+02 2.108465769500720057e+02 1.349200000000000000e+04
3.297974619160294107e+00 3.172625928044004127e+02 6.874888643588406900e+00 -1.426658251520007354e+02 1.270200000000000000e+04
3.360979404794635528e+00 2.829043619059683010e+02 -3.913308701934366240e+01 -2.826512389234594593e+02 1.263400000000000000e+04
3.423687966102657132e+00 2.664242474498362299e+02 -3.005490748565967962e+01 -3.438886389149376441e+02 1.180200000000000000e+04
3.486367717614779593e+00 2.574687822131667758e+02 -1.029227280785390519e+01 -3.807371542563308822e+02 1.159000000000000000e+04
3.549237455189846013e+00 2.481529560320460632e+02 1.132141046906636106e+01 -4.094198596309896061e+02 1.100400000000000000e+04
3.611466567116090154e+00 2.331737813212292281e+02 2.440348130576810703e+01 -4.260200400221959285e+02 1.025800000000000000e+04
3.674175279485516032e+00 2.302314302825930383e+02 4.441605431349383792e+01 -4.705833143919991244e+02 1.013800000000000000e+04
3.737325177637534246e+00 2.197192876770521082e+02 5.503526636812472361e+01 -4.930175908897907675e+02 9.282000000000000000e+03
3.800314856493150373e+00 2.281775462521230509e+02 8.153293144069162679e+01 -5.665938636136061177e+02 8.824000000000000000e+03
3.863228937922256190e+00 2.371916590409101104e+02 1.002851904351646510e+02 -6.243145783073850907e+02 8.130000000000000000e+03
3.925673163149277833e+00 2.501500590321464585e+02 1.201491748317966568e+02 -6.935482548864670207e+02 7.330000000000000000e+03
3.988379144029963186e+00 2.903288550892470994e+02 1.637055418084309792e+02 -8.386245453261815328e+02 6.960000000000000000e+03
4.051365442737894007e+00 2.818377067116347234e+02 1.456380384961537402e+02 -8.210366096752804879e+02 5.944000000000000000e+03
4.114073661208438537e+00 3.334689229930823444e+02 1.913607921765694471e+02 -9.902126471298345223e+02 5.482000000000000000e+03
4.176398926321660099e+00 2.927169644676918097e+02 1.334054643517575869e+02 -8.637356685737587441e+02 4.458000000000000000e+03
4.238428652338137148e+00 2.611589701148882341e+02 8.470531962022501205e+01 -7.667256712583997569e+02 3.892000000000000000e+03
4.301987060447956424e+00 2.091628412510252133e+02 1.530296297901536740e+01 -6.089199625967619340e+02 3.165000000000000000e+03
4.365598466856841497e+00 2.016111257323077552e+02 -8.084783133989086323e+00 -5.942551605951358624e+02 2.617000000000000000e+03
4.427107359730706015e+00 2.125905837119736077e+02 -1.242810011642202461e+01 -6.422086589015472100e+02 2.037000000000000000e+03
4.489602987092925268e+00 2.296973979986775589e+02 -1.243197249665908188e+01 -7.164391321027703725e+02 1.831000000000000000e+03
4.554125500073445743e+00 2.486975176572620398e+02 -1.426006615972987390e+01 -7.911066120994678386e+02 1.435000000000000000e+03
4.616430240049651523e+00 2.709883650904230308e+02 -1.560190023336770793e+01 -8.775105988046423136e+02 1.119000000000000000e+03
4.677252312221349406e+00 2.975392418267920789e+02 -1.853574504579430027e+01 -9.751504693861855912e+02 8.800000000000000000e+02
4.741981513824780059e+00 3.413713712242103497e+02 -1.789965439941977010e+01 -1.140075487921550348e+03 7.470000000000000000e+02
4.809273072599613563e+00 4.030398303867486334e+02 -1.671152522451766842e+01 -1.363981894728279485e+03 5.200000000000000000e+02
4.871546600533164906e+00 4.768788681334980311e+02 -1.551813568798431398e+01 -1.627279839475038443e+03 3.280000000000000000e+02
4.925260063653622566e+00 5.516322225545096671e+02 -1.403684632166477364e+01 -1.891770725902480763e+03 2.160000000000000000e+02
4.988369355351538026e+00 6.731841660893427388e+02 -7.170793746684754666e+00 -2.334098898452958565e+03 1.720000000000000000e+02
5.058296331193474771e+00 8.239373454578125120e+02 -3.499897384939550715e+00 -2.870796154714583281e+03 8.400000000000000000e+01
5.124330000078495928e+00 9.876993978956440969e+02 -1.114243180053290594e+00 -3.451133795523045592e+03 2.500000000000000000e+01
5.169965902813741465e+00 1.106220046299607475e+03 -8.770103307999080888e-01 -3.866266197848890897e+03 6.000000000000000000e+00
5.223742168994547797e+00 1.265601295652550561e+03 0.000000000000000000e+00 -4.429604534783926283e+03 1.000000000000000000e+00
