8.899641224696955288e-02 9.847574306956670480e+05 -1.576484160607013337e+03 -4.466651877442647237e+05 1.300000000000000000e+01
1.507912216506557823e-01 9.578436096321085934e+05 -7.375654245082648231e+03 1.515375755122461705e+05 3.300000000000000000e+01
2.144790186456836945e-01 9.167150804262853926e+05 -1.362285729181228999e+04 -1.747687167075820907e+05 7.900000000000000000e+01
2.783660776489276789e-01 8.639257300800316734e+05 -2.284627238775296064e+04 -2.944446259604218358e+04 1.170000000000000000e+02
3.435099785803411021e-01 7.999379497089948272e+05 -3.268780565630749697e+04 -3.765105252987580752e+04 2.050000000000000000e+02
4.047886761425745772e-01 7.329778724855324253e+05 -4.392598084439295781e+04 5.705326845282559952e+04 2.350000000000000000e+02
4.676716683575679601e-01 6.597387369263642468e+05 -5.130227421948366828e+04 -4.542802301293290657e+04 3.690000000000000000e+02
5.308225101765952081e-01 5.838544634265508503e+05 -6.072650229565079644e+04 2.726524790001792553e+03 4.330000000000000000e+02
5.945362440940590298e-01 5.075456665656459518e+05 -6.687464323551535199e+04 -1.366273716872095792e+04 5.850000000000000000e+02
6.576224814588792489e-01 4.338968227968361462e+05 -7.343538958355563227e+04 2.877827909744172575e+04 6.790000000000000000e+02
7.196632906698736676e-01 3.661297909996529343e+05 -7.209650591100625752e+04 -4.342175906402694818e+04 8.130000000000000000e+02
7.827860915688348298e-01 3.024096603741283761e+05 -7.100731044440164987e+04 -4.167476788294816652e+04 9.850000000000000000e+02
8.470398945834540783e-01 2.431510581069624750e+05 -7.192751915683133120e+04 -3.523338046468072662e+03 1.183000000000000000e+03
9.096854620527370372e-01 1.932662822998246993e+05 -6.622149728380265879e+04 -1.975224280502335387e+04 1.269000000000000000e+03
9.720789776830213169e-01 1.509075574289372598e+05 -5.889559623388866021e+04 -3.051565902123248816e+04 1.537000000000000000e+03
1.034763038959366499e+00 1.147820394141607103e+05 -5.198206263184749696e+04 -2.991282079532889838e+04 1.653000000000000000e+03
1.097576444254559247e+00 8.561928775904790382e+04 -4.391069969771159958e+04 -2.620124969952042375e+04 1.963000000000000000e+03
1.160543084780093270e+00 6.230900249093167076e+04 -3.558107342328706727e+04 -2.696195699253442945e+04 2.121000000000000000e+03
1.223669666537485323e+00 4.442870320926576824e+04 -2.751365051266875889e+04 -2.417297971248711474e+04 2.413000000000000000e+03
1.286817263090294094e+00 3.124113992989711551e+04 -1.997502456129416532e+04 -2.149049171967039365e+04 2.635000000000000000e+03
1.349500801664080818e+00 2.139200669826371814e+04 -1.384277746609564565e+04 -1.548155788513658263e+04 2.877000000000000000e+03
1.411949558842147567e+00 1.516171216866715258e+04 -8.286649188469793444e+03 -1.273917407541291868e+04 3.169000000000000000e+03
1.475133575747468395e+00 1.074583719720623048e+04 -4.043045504826993238e+03 -8.449583845673971155e+03 3.507000000000000000e+03
1.537865074252268593e+00 8.134189474907471777e+03 -1.043848389494730100e+03 -4.263861815089454467e+03 3.685000000000000000e+03
1.600657544051110381e+00 6.497595204821247535e+03 1.009511482580026950e+03 -6.350830469966323335e+02 4.165000000000000000e+03
1.663991168687080524e+00 5.712462796668488409e+03 2.158299274618268555e+03 2.192794078929860461e+03 4.377000000000000000e+03
1.727195645776442801e+00 5.308749437600786223e+03 2.294374147337181967e+03 4.140682907678380616e+03 4.855000000000000000e+03
1.789765213377084718e+00 5.138731531182756953e+03 2.078185545026834006e+03 5.960243254551953214e+03 4.929000000000000000e+03
1.852353690647852158e+00 5.005049514838487084e+03 1.314570887837664486e+03 6.303729568518012456e+03 5.581000000000000000e+03
1.914806787341157390e+00 4.934615798586248275e+03 4.165077685229130680e+02 6.789152348536887985e+03 5.679000000000000000e+03
1.977889868651535599e+00 4.715897463455862635e+03 -5.332088290357883125e+02 6.144372276552280709e+03 6.385000000000000000e+03
2.040937735447724499e+00 4.566291806126781012e+03 -1.506872057286805330e+03 5.860395237682287188e+03 6.553000000000000000e+03
2.103939302609846074e+00 4.309627091369870868e+03 -2.314767874859292533e+03 5.094273286595240279e+03 7.125000000000000000e+03
2.166909709822301799e+00 4.020675823197346290e+03 -2.867032773789233943e+03 4.177351091251569414e+03 7.447000000000000000e+03
2.229700281216152380e+00 3.713339012896918121e+03 -3.144939419129259022e+03 3.507981426218679644e+03 7.929000000000000000e+03
2.292620027086342382e+00 3.458794892988832089e+03 -3.196970326646082412e+03 3.015339627740999276e+03 8.353000000000000000e+03
2.355141508366812353e+00 3.284138647451959514e+03 -3.123021647575456882e+03 2.973929039900211137e+03 8.775000000000000000e+03
2.417910583817858949e+00 3.028594720622924797e+03 -2.565643570164258108e+03 2.887734416378067181e+03 9.313000000000000000e+03
2.480856539439619368e+00 2.879460796264444980e+03 -1.910651741480486407e+03 3.136684937245828223e+03 9.841000000000000000e+03
2.543492256872954549e+00 2.784783676048791676e+03 -1.088917934556711543e+03 3.841049726289200862e+03 1.019100000000000000e+04
2.606334251884805386e+00 2.716509890401308439e+03 -9.242982365818791379e+01 4.524264360421349011e+03 1.089700000000000000e+04
2.669257370896960690e+00 2.661496702389004440e+03 9.966195024467360781e+02 5.420933580749566318e+03 1.130100000000000000e+04
2.732423343141155758e+00 2.684117511545124216e+03 2.193851338627904170e+03 6.629749671964666959e+03 1.202500000000000000e+04
2.795529680084416047e+00 2.682220448889372165e+03 3.329130690100242646e+03 7.617484585575877645e+03 1.242300000000000000e+04
2.858366292314493240e+00 2.730944936323709044e+03 4.565918313708587448e+03 8.901005995085703034e+03 1.302100000000000000e+04
2.920876271394311718e+00 2.790322107447285816e+03 5.623711266808682012e+03 9.997005515192729945e+03 1.340500000000000000e+04
2.983449844439822751e+00 2.819103634858604437e+03 6.457852702409355516e+03 1.087075303490799160e+04 1.424700000000000000e+04
3.046384918400867114e+00 2.489103381562058530e+03 5.446762084502821381e+03 8.428159300649882425e+03 1.427500000000000000e+04
3.109279688161210142e+00 1.851764347924952517e+03 3.043973746877917620e+03 3.729990563676009515e+03 1.410000000000000000e+04
3.172087338483245755e+00 1.425114027334816001e+03 1.567204340107044800e+03 1.196374911027443204e+03 1.351600000000000000e+04
3.235077053285361881e+00 1.156483176356136255e+03 7.347718075724416167e+02 -6.769560460260034063e+01 1.349200000000000000e+04
3.297974619160294107e+00 9.942655749002872199e+02 3.056318419901609218e+02 -6.607009370310104259e+02 1.270200000000000000e+04
3.360979404794635528e+00 9.127609746752042383e+02 1.065428441348599904e+02 -1.053431771523960606e+03 1.263400000000000000e+04
3.423687966102657132e+00 8.664591916648275856e+02 -6.368961264547243317e+00 -1.272126040143536557e+03 1.180200000000000000e+04
3.486367717614779593e+00 8.517153030016764887e+02 -2.360174522443666234e+01 -1.507709905328563536e+03 1.159000000000000000e+04
3.549237455189846013e+00 8.527459331629173676e+02 3.252566211345322422e+00 -1.718861721640468886e+03 1.100400000000000000e+04
3.611466567116090154e+00 8.504758123553668838e+02 3.200633500795608199e+01 -1.872884615260564033e+03 1.025800000000000000e+04
3.674175279485516032e+00 8.818388169654158446e+02 1.303243137433549350e+02 -2.123929992297497847e+03 1.013800000000000000e+04
3.737325177637534246e+00 8.882620583760153750e+02 1.802611929257531642e+02 -2.239862510907638352e+03 9.282000000000000000e+03
3.800314856493150373e+00 9.157513969031306260e+02 2.758171758730440501e+02 -2.436751395303027039e+03 8.824000000000000000e+03
3.863228937922256190e+00 9.429145352049916937e+02 3.339126076076554455e+02 -2.573909353752967036e+03 8.130000000000000000e+03
3.925673163149277833e+00 9.588678019613756760e+02 3.773190446017470663e+02 -2.681695731580120537e+03 7.330000000000000000e+03
3.988379144029963186e+00 1.023732209327439477e+03 4.812244854011381108e+02 -2.964020365442833281e+03 6.960000000000000000e+03
4.051365442737894007e+00 1.016620735913099793e+03 4.472840759202699701e+02 -2.978457358072501393e+03 5.944000000000000000e+03
4.114073661208438537e+00 1.097198877089579355e+03 5.423467344892333131e+02 -3.305282751125878349e+03 5.482000000000000000e+03
4.176398926321660099e+00 1.062699714376684142e+03 4.684092737435858567e+02 -3.264348793018487868e+03 4.458000000000000000e+03
4.238428652338137148e+00 1.041658859113710605e+03 4.080941526511040820e+02 -3.276259221252134921e+03 3.892000000000000000e+03
4.301987060447956424e+00 9.604805133432375897e+02 2.883012607966800260e+02 -3.108949743483797192e+03 3.165000000000000000e+03
4.365598466856841497e+00 9.328002527140436086e+02 2.087664935688226535e+02 -3.064236143519564394e+03 2.617000000000000000e+03
4.427107359730706015e+00 9.225692737189657464e+02 1.335490017722066511e+02 -3.032928955106277499e+03 2.037000000000000000e+03
4.489602987092925268e+00 9.079199230375747902e+02 4.832310996309660567e+01 -2.959352605268619754e+03 1.831000000000000000e+03
4.554125500073445743e+00 9.046065083797728903e+02 -2.235846969991400712e+01 -2.911637594045291735e+03 1.435000000000000000e+03
4.616430240049651523e+00 8.973313602282431702e+02 -7.315089604121078537e+01 -2.871568079026696068e+03 1.119000000000000000e+03
4.677252312221349406e+00 8.888675685114241105e+02 -9.723793374397284595e+01 -2.853211255416832046e+03 8.800000000000000000e+02
4.741981513824780059e+00 8.376838340697995591e+02 -8.132853540779478863e+01 -2.740276739673148768e+03 7.470000000000000000e+02
4.809273072599613563e+00 7.859430939244542742e+02 -6.203060006650535030e+01 -2.613636831154285574e+03 5.200000000000000000e+02
4.871546600533164906e+00 7.415885288958540968e+02 -4.634879240994035143e+01 -2.494386649902383851e+03 3.280000000000000000e+02
4.925260063653622566e+00 7.101616040391860452e+02 -3.205466448211053887e+01 -2.415139060165024603e+03 2.160000000000000000e+02
4.988369355351538026e+00 6.065925338565220954e+02 -1.161737329388432194e+01 -2.095666041696536467e+03 1.720000000000000000e+02
5.058296331193474771e+00 5.413890222492470912e+02 -3.923673036153849214e+00 -1.883882428115124412e+03 8.400000000000000000e+01
5.124330000078495928e+00 5.007208893004531660e+02 -8.909901090182344996e-01 -1.749049232673762617e+03 2.500000000000000000e+01
5.169965902813741465e+00 5.155222075572414724e+02 -5.848036296146920110e-01 -1.801488835911653723e+03 6.000000000000000000e+00
5.223742168994547797e+00 5.255707800437112382e+02 0.000000000000000000e+00 -1.839497730152989107e+03 1.000000000000000000e+00
