8.899641224696955288e-02 7.912411546247781953e+05 -7.604688943855385878e+04 -2.916525061972052790e+05 1.300000000000000000e+01
1.507912216506557823e-01 7.386455313108309638e+05 -2.351308298179471967e+04 8.854780320540200046e+04 3.300000000000000000e+01
2.144790186456836945e-01 7.100784551262714667e+05 -2.563697762272756518e+04 -1.597150850158255780e+05 7.900000000000000000e+01
2.783660776489276789e-01 6.515281166206103517e+05 -6.678706769385255757e+04 -1.343324596800897780e+04 1.170000000000000000e+02
3.435099785803411021e-01 5.944945749790187692e+05 -7.064564263736883004e+04 -2.078432728789024986e+04 2.050000000000000000e+02
4.047886761425745772e-01 5.337897845902615227e+05 -9.177390774356738257e+04 2.567230174293278469e+04 2.350000000000000000e+02
4.676716683575679601e-01 4.687253247907201294e+05 -1.053998761945879669e+05 -3.418155344515218894e+04 3.690000000000000000e+02
5.308225101765952081e-01 4.020365425321434159e+05 -1.189418495685238449e+05 -3.429447600422919095e+03 4.330000000000000000e+02
5.945362440940590298e-01 3.423288097080760635e+05 -1.229131712679358461e+05 -1.685789640688159488e+04 5.850000000000000000e+02
6.576224814588792489e-01 2.818442986676361761e+05 -1.296170882931105589e+05 2.365797840626025209e+04 6.790000000000000000e+02
7.196632906698736676e-01 2.315372656527564686e+05 -1.229540006682227831e+05 -3.500097167321996676e+04 8.130000000000000000e+02
7.827860915688348298e-01 1.908956158042235766e+05 -1.052794987358155631e+05 -3.691219271930101968e+04 9.850000000000000000e+02
8.470398945834540783e-01 1.516001227965033904e+05 -9.845394928571676428e+04 -1.612148028423572759e+04 1.183000000000000000e+03
9.096854620527370372e-01 1.210918060720633075e+05 -8.187907928189162340e+04 -2.775571686523358221e+04 1.269000000000000000e+03
9.720789776830213169e-01 9.883532692443583801e+04 -6.222001701446554216e+04 -3.549556166374004533e+04 1.537000000000000000e+03
1.034763038959366499e+00 7.829978763373929542e+04 -4.997859594949059829e+04 -3.559691941763985233e+04 1.653000000000000000e+03
1.097576444254559247e+00 6.348326808967621764e+04 -3.394970809179862408e+04 -3.376270418122577394e+04 1.963000000000000000e+03
1.160543084780093270e+00 5.177115069744757056e+04 -2.214321215382928131e+04 -3.831494821222899191e+04 2.121000000000000000e+03
1.223669666537485323e+00 4.252677165472626075e+04 -1.329724699443400095e+04 -3.758205038765013887e+04 2.413000000000000000e+03
1.286817263090294094e+00 3.559717487057049584e+04 -7.916506931481928405e+03 -4.023958049448619568e+04 2.635000000000000000e+03
1.349500801664080818e+00 2.889129542768881583e+04 -5.449301926102954894e+03 -3.812174608808865014e+04 2.877000000000000000e+03
1.411949558842147567e+00 2.389878111206596077e+04 -5.467227690130719566e+03 -3.909880024882227735e+04 3.169000000000000000e+03
1.475133575747468395e+00 1.904145433674254673e+04 -7.314763667069510120e+03 -3.894050696019548923e+04 3.507000000000000000e+03
1.537865074252268593e+00 1.525278727746341974e+04 -9.532208467721007764e+03 -3.829171725159820926e+04 3.685000000000000000e+03
1.600657544051110381e+00 1.108876632851013346e+04 -1.308746714878986495e+04 -3.629076520023067133e+04 4.165000000000000000e+03
1.663991168687080524e+00 8.159988193499999397e+03 -1.519250299091971647e+04 -3.462900374770987401e+04 4.377000000000000000e+03
1.727195645776442801e+00 5.859784116480732337e+03 -1.696547421213598500e+04 -3.166770193827903495e+04 4.855000000000000000e+03
1.789765213377084718e+00 3.547906710376516003e+03 -1.801981052174359866e+04 -2.798579760821330274e+04 4.929000000000000000e+03
1.852353690647852158e+00 2.518113814077347342e+03 -1.700992686634190977e+04 -2.364530385376313643e+04 5.581000000000000000e+03
1.914806787341157390e+00 1.345561942537489813e+03 -1.577647201672003575e+04 -1.949449154766102947e+04 5.679000000000000000e+03
1.977889868651535599e+00 1.068885106486739460e+03 -1.271744975567610527e+04 -1.371123801630847447e+04 6.385000000000000000e+03
2.040937735447724499e+00 1.026571353683824782e+03 -9.480784851611693739e+03 -9.280672757170455952e+03 6.553000000000000000e+03
2.103939302609846074e+00 1.307207948220459230e+03 -5.771559369933738708e+03 -4.652104098199797590e+03 7.125000000000000000e+03
2.166909709822301799e+00 1.696219922586780285e+03 -2.472943628356681984e+03 -2.013461898671746724e+02 7.447000000000000000e+03
2.229700281216152380e+00 2.327677019467245373e+03 1.016470973673510912e+03 2.340599519611118012e+03 7.929000000000000000e+03
2.292620027086342382e+00 2.843767652246633133e+03 3.542322678137918047e+03 5.160393505602170990e+03 8.353000000000000000e+03
2.355141508366812353e+00 3.136444879422931535e+03 5.712679081651841443e+03 7.251628267343523476e+03 8.775000000000000000e+03
2.417910583817858949e+00 3.620934599008535315e+03 7.077386755146429095e+03 7.372703587497936496e+03 9.313000000000000000e+03
2.480856539439619368e+00 3.779864175522052847e+03 7.356054004092670766e+03 7.397010917682920990e+03 9.841000000000000000e+03
2.543492256872954549e+00 3.863097517492693441e+03 7.752284557834824227e+03 6.934120702540011735e+03 1.019100000000000000e+04
2.606334251884805386e+00 3.888746100551572908e+03 7.357715374674055056e+03 6.050384811874702791e+03 1.089700000000000000e+04
2.669257370896960690e+00 3.826315044829388626e+03 7.082292699857163825e+03 4.464903832259197770e+03 1.130100000000000000e+04
2.732423343141155758e+00 3.827797931900904587e+03 6.696540101994659381e+03 4.047421313433580963e+03 1.202500000000000000e+04
2.795529680084416047e+00 3.870796149538331520e+03 6.522724344516266683e+03 2.896652010822683678e+03 1.242300000000000000e+04
2.858366292314493240e+00 3.911464495572403848e+03 6.658026873667385189e+03 2.156394904326984488e+03 1.302100000000000000e+04
2.920876271394311718e+00 4.111460054521726306e+03 7.303455192795654511e+03 2.435932354241758730e+03 1.340500000000000000e+04
2.983449844439822751e+00 4.543119466232134073e+03 8.692473995186774118e+03 3.034473442870964845e+03 1.424700000000000000e+04
3.046384918400867114e+00 5.114798288401985701e+03 1.019031796751026377e+04 3.855275985709969518e+03 1.427500000000000000e+04
3.109279688161210142e+00 5.767978268431063952e+03 1.136443604168307138e+04 3.612631383073304733e+03 1.410000000000000000e+04
3.172087338483245755e+00 6.072884494079031356e+03 1.036986150527475183e+04 3.589315231074288590e+02 1.351600000000000000e+04
3.235077053285361881e+00 6.081535360687023058e+03 8.662595821609296763e+03 -3.738709004277914119e+03 1.349200000000000000e+04
3.297974619160294107e+00 6.011172520312898087e+03 6.982423155172939914e+03 -7.133829504429048029e+03 1.270200000000000000e+04
3.360979404794635528e+00 6.060846097410432776e+03 5.408161330541634015e+03 -1.053782531388490861e+04 1.263400000000000000e+04
3.423687966102657132e+00 6.234382681707485972e+03 4.323407163432816560e+03 -1.311704764327394332e+04 1.180200000000000000e+04
3.486367717614779593e+00 6.417933219992361046e+03 3.352918549513939070e+03 -1.544160084687709968e+04 1.159000000000000000e+04
3.549237455189846013e+00 6.640412340522021623e+03 2.980577456380518015e+03 -1.779470955900891931e+04 1.100400000000000000e+04
3.611466567116090154e+00 6.711126927929893100e+03 2.571363250901952142e+03 -1.903038234250061578e+04 1.025800000000000000e+04
3.674175279485516032e+00 6.838932417511175117e+03 2.663437291034694681e+03 -2.032458277872160397e+04 1.013800000000000000e+04
3.737325177637534246e+00 6.786110139183868341e+03 2.673943277269276678e+03 -2.078647956337255164e+04 9.282000000000000000e+03
3.800314856493150373e+00 6.600882022457871244e+03 2.792264431077389872e+03 -2.064476566388018909e+04 8.824000000000000000e+03
3.863228937922256190e+00 6.507724364982580482e+03 2.999369856167161288e+03 -2.062786146130875932e+04 8.130000000000000000e+03
3.925673163149277833e+00 6.283007542519874733e+03 2.869151975854985267e+03 -1.979925019433666603e+04 7.330000000000000000e+03
3.988379144029963186e+00 6.309666402058406675e+03 3.084798183915121626e+03 -2.001807748647134940e+04 6.960000000000000000e+03
4.051365442737894007e+00 6.437457043631664419e+03 2.883601581924508992e+03 -2.030042923502307167e+04 5.944000000000000000e+03
4.114073661208438537e+00 6.822447872531271059e+03 2.780993040710187415e+03 -2.104076967303517085e+04 5.482000000000000000e+03
4.176398926321660099e+00 7.209603029582519412e+03 2.401785047366297931e+03 -2.225517170531532611e+04 4.458000000000000000e+03
4.238428652338137148e+00 7.800427808060154348e+03 1.822417298103626308e+03 -2.339124288374928437e+04 3.892000000000000000e+03
4.301987060447956424e+00 7.970851611208794566e+03 7.651547270663202198e+02 -2.324209229196534216e+04 3.165000000000000000e+03
4.365598466856841497e+00 7.994772005460356013e+03 -5.406836782248585394e+01 -2.289157434599632688e+04 2.617000000000000000e+03
4.427107359730706015e+00 7.620867653618945042e+03 -6.607337204932252916e+02 -2.177259019115547562e+04 2.037000000000000000e+03
4.489602987092925268e+00 6.391736901394619963e+03 -1.208165659155286676e+03 -1.790517538076826895e+04 1.831000000000000000e+03
4.554125500073445743e+00 5.258922022216427649e+03 -1.612129535824902632e+03 -1.417256767733413835e+04 1.435000000000000000e+03
4.616430240049651523e+00 3.636002861049717012e+03 -1.695341428053989830e+03 -9.195238717477555838e+03 1.119000000000000000e+03
4.677252312221349406e+00 1.737924119460330076e+03 -1.428741808549917778e+03 -3.576791252336598973e+03 8.800000000000000000e+02
4.741981513824780059e+00 -1.145202057011117631e+03 -7.544577238967320909e+02 5.197965575774813260e+03 7.470000000000000000e+02
4.809273072599613563e+00 -3.605878988228900653e+03 -2.125239842735708180e+02 1.284566917303382616e+04 5.200000000000000000e+02
4.871546600533164906e+00 -5.292674579524781620e+03 4.112830256677413843e+01 1.833955530508634911e+04 3.280000000000000000e+02
4.925260063653622566e+00 -7.119747315492448251e+03 3.659918722530129003e+02 2.423272632955082008e+04 2.160000000000000000e+02
4.988369355351538026e+00 -8.301126914671251143e+03 2.672784297203707524e+02 2.859319588199748250e+04 1.720000000000000000e+02
5.058296331193474771e+00 -9.907821295721847491e+03 1.908524521041391040e+02 3.435970058116492874e+04 8.400000000000000000e+01
5.124330000078495928e+00 -1.057425470707186832e+04 7.186254507845882245e+01 3.688621451247495133e+04 2.500000000000000000e+01
5.169965902813741465e+00 -1.131731681910025509e+04 3.755631686145601833e+00 3.956047684171701258e+04 6.000000000000000000e+00
5.223742168994547797e+00 -1.508314757126048971e+04 0.000000000000000000e+00 5.279101649941171490e+04 1.000000000000000000e+00
