8.899641224696955288e-02 9.721827179471384734e+05 -2.852024622525930681e+03 -4.269290532248261734e+05 1.300000000000000000e+01
1.507912216506557823e-01 9.246533458935952513e+05 -1.252838453374103119e+04 1.560965635734461248e+05 3.300000000000000000e+01
2.144790186456836945e-01 8.561877242756459164e+05 -2.131686748403776801e+04 -1.597185429170506250e+05 7.900000000000000000e+01
2.783660776489276789e-01 7.748588630983171752e+05 -3.291324832722043357e+04 -2.838894934766990627e+04 1.170000000000000000e+02
3.435099785803411021e-01 6.859813888495928841e+05 -3.906152808932493645e+04 -4.659855259566531458e+04 2.050000000000000000e+02
4.047886761425745772e-01 6.025746849573114887e+05 -4.705442529159174592e+04 1.440207154014061234e+04 2.350000000000000000e+02
4.676716683575679601e-01 5.235699025906865136e+05 -4.351217596446390235e+04 -8.482370922930912639e+04 3.690000000000000000e+02
5.308225101765952081e-01 4.514155976076723309e+05 -4.268990557015644299e+04 -6.755157154660126253e+04 4.330000000000000000e+02
5.945362440940590298e-01 3.893829845741617028e+05 -3.746119083971164218e+04 -9.330196543432641192e+04 5.850000000000000000e+02
6.576224814588792489e-01 3.357275048473284114e+05 -2.973278845950536925e+04 -7.715337514268937230e+04 6.790000000000000000e+02
7.196632906698736676e-01 2.962689366412268137e+05 -2.280892704164258976e+04 -1.403475787072920648e+05 8.130000000000000000e+02
7.827860915688348298e-01 2.614436164615969465e+05 -1.031562355900710827e+04 -1.545737609879748779e+05 9.850000000000000000e+02
8.470398945834540783e-01 2.307875429837027041e+05 -8.971690901338983167e+03 -1.126311230614000087e+05 1.183000000000000000e+03
9.096854620527370372e-01 2.090637633086417336e+05 4.564353875347483154e+02 -1.271040204192067176e+05 1.269000000000000000e+03
9.720789776830213169e-01 1.922912075860628975e+05 8.589434044071162134e+03 -1.402644722301896254e+05 1.537000000000000000e+03
1.034763038959366499e+00 1.784464045315363910e+05 1.163144128621540949e+04 -1.292784090441702137e+05 1.653000000000000000e+03
1.097576444254559247e+00 1.653653301896443591e+05 1.906806054484715423e+04 -1.237809793545967987e+05 1.963000000000000000e+03
1.160543084780093270e+00 1.561178858722733567e+05 2.054201723120035240e+04 -1.156180317834881571e+05 2.121000000000000000e+03
1.223669666537485323e+00 1.466266339941277693e+05 2.267150036804280899e+04 -1.070152831778762920e+05 2.413000000000000000e+03
1.286817263090294094e+00 1.383371614749896107e+05 2.297240906574549808e+04 -9.958099453423883824e+04 2.635000000000000000e+03
1.349500801664080818e+00 1.284950556978412642e+05 2.145805024813767886e+04 -7.363233666105662996e+04 2.877000000000000000e+03
1.411949558842147567e+00 1.212525735637544421e+05 1.949776572497633970e+04 -7.327062617459008470e+04 3.169000000000000000e+03
1.475133575747468395e+00 1.137839583686422702e+05 1.667560881349482224e+04 -6.156615718448618281e+04 3.507000000000000000e+03
1.537865074252268593e+00 1.059045172366365441e+05 1.395650836057559354e+04 -5.135460144787063473e+04 3.685000000000000000e+03
1.600657544051110381e+00 9.924110503305244492e+04 1.123260814487807329e+04 -3.914608076099838217e+04 4.165000000000000000e+03
1.663991168687080524e+00 9.404334521394182229e+04 8.729776567818495096e+03 -3.467181623223324277e+04 4.377000000000000000e+03
1.727195645776442801e+00 8.872887408205647080e+04 7.231531044982369167e+03 -3.280101274906715116e+04 4.855000000000000000e+03
1.789765213377084718e+00 8.404626182665438682e+04 6.205853445913689029e+03 -2.458718035031694308e+04 4.929000000000000000e+03
1.852353690647852158e+00 8.026967780930268054e+04 4.867447357434387413e+03 -2.470530144848723285e+04 5.581000000000000000e+03
1.914806787341157390e+00 7.775044139453132811e+04 5.448320360230622100e+03 -2.230879085375735667e+04 5.679000000000000000e+03
1.977889868651535599e+00 7.496303094683130621e+04 5.718010781102924739e+03 -2.356326863236996724e+04 6.385000000000000000e+03
2.040937735447724499e+00 7.285969879208589555e+04 6.875435533753012351e+03 -2.052383892183502758e+04 6.553000000000000000e+03
2.103939302609846074e+00 7.154075629325563204e+04 8.444877444392332109e+03 -2.183536592249789464e+04 7.125000000000000000e+03
2.166909709822301799e+00 7.054771066866099136e+04 1.057102310799241059e+04 -2.441106304110055862e+04 7.447000000000000000e+03
2.229700281216152380e+00 6.941689844342117431e+04 1.284385408016637848e+04 -2.425556510800122487e+04 7.929000000000000000e+03
2.292620027086342382e+00 6.837523354572114476e+04 1.427175587202704264e+04 -2.377218514172098367e+04 8.353000000000000000e+03
2.355141508366812353e+00 6.771130499182046333e+04 1.664386281812333982e+04 -2.297506933226289038e+04 8.775000000000000000e+03
2.417910583817858949e+00 6.652869126085221069e+04 1.874808914568680484e+04 -2.075862533363712282e+04 9.313000000000000000e+03
2.480856539439619368e+00 6.539529085074571049e+04 2.062926939695934198e+04 -2.012221417256054701e+04 9.841000000000000000e+03
2.543492256872954549e+00 6.432288435153639875e+04 2.251919521282277492e+04 -1.562582554350815190e+04 1.019100000000000000e+04
2.606334251884805386e+00 6.346602568690066983e+04 2.408387424799828659e+04 -1.461356232922326853e+04 1.089700000000000000e+04
2.669257370896960690e+00 6.241972970589372562e+04 2.668424268083732750e+04 -1.164872314755964908e+04 1.130100000000000000e+04
2.732423343141155758e+00 6.123924045387760270e+04 2.952379659569704381e+04 -5.451598731228983524e+03 1.202500000000000000e+04
2.795529680084416047e+00 6.072261605599060567e+04 3.242791430831583421e+04 -2.803339804081465900e+03 1.242300000000000000e+04
2.858366292314493240e+00 6.073550509941786731e+04 3.554827453851069004e+04 -5.472121310394653619e+02 1.302100000000000000e+04
2.920876271394311718e+00 6.053084877009441698e+04 3.919043451450923021e+04 4.685455988625998543e+03 1.340500000000000000e+04
2.983449844439822751e+00 6.116547309245962970e+04 4.336229986908851424e+04 8.216916787554037001e+03 1.424700000000000000e+04
3.046384918400867114e+00 6.198691638972052897e+04 4.679749988474976271e+04 -4.544490805688985233e+02 1.427500000000000000e+04
3.109279688161210142e+00 6.291765150267597346e+04 4.820118845683839027e+04 -2.238897554688510354e+04 1.410000000000000000e+04
3.172087338483245755e+00 6.406707249859948206e+04 4.707912938411147479e+04 -4.351496973763874121e+04 1.351600000000000000e+04
3.235077053285361881e+00 6.571562342118279776e+04 4.437603176678603631e+04 -6.403777005582026322e+04 1.349200000000000000e+04
3.297974619160294107e+00 6.757227562562969979e+04 4.119316698711906065e+04 -8.732278571412077872e+04 1.270200000000000000e+04
3.360979404794635528e+00 6.938579300069111923e+04 3.850708629156507232e+04 -1.068338082589841069e+05 1.263400000000000000e+04
3.423687966102657132e+00 7.157977689114722307e+04 3.654769336309513892e+04 -1.241113315393280645e+05 1.180200000000000000e+04
3.486367717614779593e+00 7.381215314571403724e+04 3.451421705889488658e+04 -1.417859850855215918e+05 1.159000000000000000e+04
3.549237455189846013e+00 7.613882978129202093e+04 3.219431324438127922e+04 -1.579992836392463068e+05 1.100400000000000000e+04
3.611466567116090154e+00 7.875584739499936404e+04 3.017768713441619548e+04 -1.750492565668126626e+05 1.025800000000000000e+04
3.674175279485516032e+00 8.164768307066558918e+04 2.923511139981253655e+04 -1.893228563643243397e+05 1.013800000000000000e+04
3.737325177637534246e+00 8.473762659067791537e+04 2.844942644964496867e+04 -2.074384474611361511e+05 9.282000000000000000e+03
3.800314856493150373e+00 8.823264320293838682e+04 2.856746024943572411e+04 -2.252584922867765126e+05 8.824000000000000000e+03
3.863228937922256190e+00 9.274855276817578124e+04 2.982306850500882138e+04 -2.448123411297895655e+05 8.130000000000000000e+03
3.925673163149277833e+00 9.764536657849361654e+04 3.180882966253926861e+04 -2.685613057792842155e+05 7.330000000000000000e+03
3.988379144029963186e+00 1.037475767207632307e+05 3.466237764416817663e+04 -2.926679583923919708e+05 6.960000000000000000e+03
4.051365442737894007e+00 1.104334054665679287e+05 3.634180964977489930e+04 -3.235877594379214570e+05 5.944000000000000000e+03
4.114073661208438537e+00 1.192088506195085647e+05 3.977838171499368764e+04 -3.543626375727605191e+05 5.482000000000000000e+03
4.176398926321660099e+00 1.271848259080373682e+05 3.889012692965547467e+04 -3.886708743710436393e+05 4.458000000000000000e+03
4.238428652338137148e+00 1.355556818627367320e+05 3.694206711207870103e+04 -4.234053469741867157e+05 3.892000000000000000e+03
4.301987060447956424e+00 1.437401317229077395e+05 3.033185297761533729e+04 -4.569668420487431576e+05 3.165000000000000000e+03
4.365598466856841497e+00 1.534298467500910047e+05 2.566432245726967449e+04 -4.933372869161869166e+05 2.617000000000000000e+03
4.427107359730706015e+00 1.633898504071955686e+05 2.213952854278782615e+04 -5.311277177929346217e+05 2.037000000000000000e+03
4.489602987092925268e+00 1.721848730663801252e+05 1.856249915181708275e+04 -5.685213344775812002e+05 1.831000000000000000e+03
4.554125500073445743e+00 1.838909912789694208e+05 1.702838321246217311e+04 -6.158286256446009502e+05 1.435000000000000000e+03
4.616430240049651523e+00 1.950767016858600837e+05 1.609786958699393290e+04 -6.622017710253774421e+05 1.119000000000000000e+03
4.677252312221349406e+00 2.088164293660072726e+05 1.578918776192347650e+04 -7.166437797560108593e+05 8.800000000000000000e+02
4.741981513824780059e+00 2.244884523240198905e+05 1.322593526071955239e+04 -7.769916839173600310e+05 7.470000000000000000e+02
4.809273072599613563e+00 2.478622032593256445e+05 1.120003073987144307e+04 -8.620056486335548107e+05 5.200000000000000000e+02
4.871546600533164906e+00 2.762948911564854207e+05 9.745916969118328780e+03 -9.629842612417245982e+05 3.280000000000000000e+02
4.925260063653622566e+00 3.051729624846570077e+05 8.702098240059294767e+03 -1.064367722065464361e+06 2.160000000000000000e+02
4.988369355351538026e+00 3.445081112311028992e+05 4.434741725192828198e+03 -1.203050930109839421e+06 1.720000000000000000e+02
5.058296331193474771e+00 3.999303470690625836e+05 2.159005795779698929e+03 -1.397469269998269388e+06 8.400000000000000000e+01
5.124330000078495928e+00 4.629605900926372269e+05 6.897266900587270584e+02 -1.618877484839986544e+06 2.500000000000000000e+01
5.169965902813741465e+00 5.134679626545084757e+05 5.412181306293994112e+02 -1.795564826365625486e+06 6.000000000000000000e+00
5.223742168994547797e+00 5.801632598191290163e+05 0.000000000000000000e+00 -2.030571409366951324e+06 1.000000000000000000e+00
