8.899641224696955288e-02 1.243476864612977806e+04 -7.861868340776138211e+03 -2.737228601085091100e+02 1.300000000000000000e+01
1.507912216506557823e-01 7.165737315788012893e+03 -2.683674553925189684e+03 8.506318646924226414e+03 3.300000000000000000e+01
2.144790186456836945e-01 5.228055848092106316e+03 7.927354070256402565e+02 1.675844062102610678e+03 7.900000000000000000e+01
2.783660776489276789e-01 4.217234625297009188e+03 -7.528153652634118771e+02 9.091902409642621308e+01 1.170000000000000000e+02
3.435099785803411021e-01 3.359408326166007555e+03 -3.794902929507841804e+02 -4.766879897375724795e+02 2.050000000000000000e+02
4.047886761425745772e-01 2.666000170084847923e+03 -2.105605112719020156e+01 6.834005148984726929e+01 2.350000000000000000e+02
4.676716683575679601e-01 2.263477200753984562e+03 -3.818376497575830513e+02 -1.258826349016207814e+03 3.690000000000000000e+02
5.308225101765952081e-01 1.844794050571456410e+03 -8.650567806157642536e+00 -3.479879805641202211e+02 4.330000000000000000e+02
5.945362440940590298e-01 1.661606988755644124e+03 -9.883535255669384867e+01 -8.090977608561133820e+02 5.850000000000000000e+02
6.576224814588792489e-01 1.323567420295274360e+03 -1.523971543245208409e+02 -6.196023979993091189e+02 6.790000000000000000e+02
7.196632906698736676e-01 1.150580771884016713e+03 6.990730156459046718e+00 -6.967591628728467867e+02 8.130000000000000000e+02
7.827860915688348298e-01 1.026210681240590247e+03 -3.492794761245783519e+01 -5.944493615903194268e+02 9.850000000000000000e+02
8.470398945834540783e-01 8.768427272538991701e+02 -1.230651458197375518e+02 -4.872193995408346154e+02 1.183000000000000000e+03
9.096854620527370372e-01 7.944054970845797925e+02 -6.042126346328167585e+01 -4.325561991332102139e+02 1.269000000000000000e+03
9.720789776830213169e-01 7.080509063839491546e+02 -3.796195331400343065e+01 -4.924178500616721976e+02 1.537000000000000000e+03
1.034763038959366499e+00 6.511166050280719446e+02 -8.684753796227997213e+01 -4.703665683159627520e+02 1.653000000000000000e+03
1.097576444254559247e+00 6.009087953085262370e+02 -1.379326212156021292e+01 -4.415263288769735368e+02 1.963000000000000000e+03
1.160543084780093270e+00 5.666030483708701695e+02 -2.777456850878991546e+01 -4.059299974700762732e+02 2.121000000000000000e+03
1.223669666537485323e+00 5.057627278830320847e+02 -2.258971612487989589e+01 -4.258691867407621316e+02 2.413000000000000000e+03
1.286817263090294094e+00 4.876498049895818099e+02 2.525320212608013293e+01 -3.568717207395770288e+02 2.635000000000000000e+03
1.349500801664080818e+00 4.583743973301486108e+02 2.824091880361855544e+01 -3.190537898040266782e+02 2.877000000000000000e+03
1.411949558842147567e+00 4.323897445024505259e+02 1.655939297846112268e+01 -3.045669202461164105e+02 3.169000000000000000e+03
1.475133575747468395e+00 4.086171629065183879e+02 6.227370058337285741e+00 -2.405240675197641167e+02 3.507000000000000000e+03
1.537865074252268593e+00 3.852154920785234253e+02 2.518169724789027342e+00 -2.236431576238831269e+02 3.685000000000000000e+03
1.600657544051110381e+00 3.662051123208052559e+02 -7.057651168019107857e+00 -1.956408420294022790e+02 4.165000000000000000e+03
1.663991168687080524e+00 3.445559734129943763e+02 -1.100523356196469038e+01 -1.371229356987062147e+02 4.377000000000000000e+03
1.727195645776442801e+00 3.301549365548264063e+02 -4.903871721736433642e+01 -1.468484983327589077e+02 4.855000000000000000e+03
1.789765213377084718e+00 3.130086435494102943e+02 -4.861608264625706255e+01 -8.978897035155081596e+01 4.929000000000000000e+03
1.852353690647852158e+00 2.934919373124620847e+02 -4.354134784496982036e+01 -8.488224997300206098e+01 5.581000000000000000e+03
1.914806787341157390e+00 2.887233763345798820e+02 -5.149568941337767569e+01 -7.393599784870563951e+01 5.679000000000000000e+03
1.977889868651535599e+00 2.785877715733479363e+02 -4.844185544265587140e+01 -6.470591971671734655e+01 6.385000000000000000e+03
2.040937735447724499e+00 2.716395893087307059e+02 -4.687840666321305605e+01 -4.777258679231423599e+01 6.553000000000000000e+03
2.103939302609846074e+00 2.600213341020404982e+02 -5.633073810632088652e+01 -6.636972490900703292e+01 7.125000000000000000e+03
2.166909709822301799e+00 2.528633710761463931e+02 -4.713764503548301121e+01 -5.445908342722048445e+01 7.447000000000000000e+03
2.229700281216152380e+00 2.544350071940203009e+02 -5.053095074981325752e+01 -5.361286941687526308e+01 7.929000000000000000e+03
2.292620027086342382e+00 2.471050744533884824e+02 -5.550185509796526162e+01 -6.002726272463713286e+01 8.353000000000000000e+03
2.355141508366812353e+00 2.433382585633771953e+02 -5.093991601005028969e+01 -4.805759314985908759e+01 8.775000000000000000e+03
2.417910583817858949e+00 2.404837763967929618e+02 -4.374999200540259636e+01 -4.742901030311963950e+01 9.313000000000000000e+03
2.480856539439619368e+00 2.421507747813020899e+02 -6.051853997003480856e+01 -5.227282291501812495e+01 9.841000000000000000e+03
2.543492256872954549e+00 2.420989379156068537e+02 -5.857958974258306739e+01 -3.111473230240900278e+01 1.019100000000000000e+04
2.606334251884805386e+00 2.427768610031830576e+02 -6.575482922651163165e+01 -3.322507016391428891e+01 1.089700000000000000e+04
2.669257370896960690e+00 2.421852117766069625e+02 -6.578601171197173869e+01 -3.867368314539255181e+01 1.130100000000000000e+04
2.732423343141155758e+00 2.467094228084031329e+02 -7.152924085450769098e+01 -3.946309669830913691e+00 1.202500000000000000e+04
2.795529680084416047e+00 2.488833023936174413e+02 -8.074506681800953345e+01 -2.221777324492983929e+00 1.242300000000000000e+04
2.858366292314493240e+00 2.573392085235685158e+02 -8.621602019921218130e+01 6.452688813318226302e+00 1.302100000000000000e+04
2.920876271394311718e+00 2.647650428776070726e+02 -8.239747389901405938e+01 3.027637118981136055e+01 1.340500000000000000e+04
2.983449844439822751e+00 2.761848277306040700e+02 -9.858480482233693465e+01 4.068632647300075433e+01 1.424700000000000000e+04
3.046384918400867114e+00 2.776063298503448209e+02 -9.092573289103029310e+01 1.859349320850230569e+01 1.427500000000000000e+04
3.109279688161210142e+00 2.777025630141444594e+02 -7.052645327168627887e+01 -5.512406059062364960e+01 1.410000000000000000e+04
3.172087338483245755e+00 2.772253247757330428e+02 -5.590794843253757307e+01 -1.301758049760741187e+02 1.351600000000000000e+04
3.235077053285361881e+00 2.852284492614043643e+02 -4.918975866784075635e+01 -1.924175359590069831e+02 1.349200000000000000e+04
3.297974619160294107e+00 2.971119157569661411e+02 -3.775717248912774693e+01 -2.677779797835993918e+02 1.270200000000000000e+04
3.360979404794635528e+00 3.055210180186492721e+02 -4.566717348302108803e+01 -3.261715112088012347e+02 1.263400000000000000e+04
3.423687966102657132e+00 3.187628318370242937e+02 -4.182433965614875149e+01 -4.043585050976612365e+02 1.180200000000000000e+04
3.486367717614779593e+00 3.293629984636212384e+02 -4.876371028895574966e+01 -4.539470415155977321e+02 1.159000000000000000e+04
3.549237455189846013e+00 3.472877840759308015e+02 -5.155171332684077612e+01 -5.161369956068258489e+02 1.100400000000000000e+04
3.611466567116090154e+00 3.612982976563160378e+02 -5.227679058955386893e+01 -5.913299348494141441e+02 1.025800000000000000e+04
3.674175279485516032e+00 3.792089422637316147e+02 -6.600322179744888729e+01 -6.314075059964357024e+02 1.013800000000000000e+04
3.737325177637534246e+00 3.992864644725316339e+02 -5.902424658679746017e+01 -7.280754596148218525e+02 9.282000000000000000e+03
3.800314856493150373e+00 4.158950777482170906e+02 -6.175041740904933363e+01 -7.863462296683021577e+02 8.824000000000000000e+03
3.863228937922256190e+00 4.425479737665096991e+02 -6.227774746374041115e+01 -8.748800370701098927e+02 8.130000000000000000e+03
3.925673163149277833e+00 4.645714300230583831e+02 -5.820277762562669466e+01 -9.636895347864784753e+02 7.330000000000000000e+03
3.988379144029963186e+00 4.917285026708071882e+02 -6.669787387373328613e+01 -1.034357370954358430e+03 6.960000000000000000e+03
4.051365442737894007e+00 5.225686490282206478e+02 -6.202466516872505053e+01 -1.182362845982593626e+03 5.944000000000000000e+03
4.114073661208438537e+00 5.595924812177017884e+02 -6.657843014338730825e+01 -1.276877907814710625e+03 5.482000000000000000e+03
4.176398926321660099e+00 6.038636055360109367e+02 -4.887858305624821753e+01 -1.501984538890438898e+03 4.458000000000000000e+03
4.238428652338137148e+00 6.503363710605686947e+02 -3.338122581784617893e+01 -1.736182412844454348e+03 3.892000000000000000e+03
4.301987060447956424e+00 7.069018093171500823e+02 -1.063754275364004354e+00 -2.058410151388608028e+03 3.165000000000000000e+03
4.365598466856841497e+00 7.785906043613307475e+02 1.841008614478800709e+01 -2.383051694187250177e+03 2.617000000000000000e+03
4.427107359730706015e+00 8.647566647964669073e+02 1.322429674024871993e+01 -2.707073030333064708e+03 2.037000000000000000e+03
4.489602987092925268e+00 9.452558823139667084e+02 4.212165137230121204e+00 -3.024874961885695484e+03 1.831000000000000000e+03
4.554125500073445743e+00 1.025042954498800782e+03 -1.339078421514646955e+01 -3.320422805254654577e+03 1.435000000000000000e+03
4.616430240049651523e+00 1.109158662533953702e+03 -1.802399930628771685e+01 -3.649361669153462117e+03 1.119000000000000000e+03
4.677252312221349406e+00 1.199531906502256788e+03 -1.160366418441400072e+01 -4.002836006900421125e+03 8.800000000000000000e+02
4.741981513824780059e+00 1.324314880464533871e+03 9.684364230696180798e+00 -4.508933013825215312e+03 7.470000000000000000e+02
4.809273072599613563e+00 1.507902353473055200e+03 8.204998352646210691e+00 -5.181251244925275387e+03 5.200000000000000000e+02
4.871546600533164906e+00 1.732315505353989693e+03 1.982627232690217056e+01 -5.994763152566736608e+03 3.280000000000000000e+02
4.925260063653622566e+00 1.919408434500016483e+03 5.402861889253562921e+00 -6.638814794286359756e+03 2.160000000000000000e+02
4.988369355351538026e+00 2.172140736615455353e+03 -3.516502437497737166e-01 -7.554350973599312965e+03 1.720000000000000000e+02
5.058296331193474771e+00 2.355331686932623597e+03 1.770370087301678330e+00 -8.218716051523386341e+03 8.400000000000000000e+01
5.124330000078495928e+00 2.560916800490842888e+03 -2.216792968745183945e+00 -8.948139284335373304e+03 2.500000000000000000e+01
5.169965902813741465e+00 3.208560465927916084e+03 1.885745905229519082e+01 -1.123780195259622997e+04 6.000000000000000000e+00
5.223742168994547797e+00 1.711050152940455064e+03 0.000000000000000000e+00 -5.988675535291591586e+03 1.000000000000000000e+00
