8.899641224696955288e-02 4.268970782415671238e+03 -7.166723090995295706e+02 -1.562691804754604618e+03 1.300000000000000000e+01
1.507912216506557823e-01 3.798623898196253322e+03 -1.991228332599972362e+01 1.131209197925768422e+03 3.300000000000000000e+01
2.144790186456836945e-01 3.499025319764380129e+03 1.848458998312748491e+01 -5.410505541640850424e+02 7.900000000000000000e+01
2.783660776489276789e-01 3.212737550190505772e+03 -8.331603642660985543e+01 -1.088224001897755358e+02 1.170000000000000000e+02
3.435099785803411021e-01 2.863023332669615229e+03 -1.628379636993755355e+02 -1.177372339411787436e+02 2.050000000000000000e+02
4.047886761425745772e-01 2.537357796762234102e+03 -1.599374212372460704e+02 1.406116341102359684e+02 2.350000000000000000e+02
4.676716683575679601e-01 2.175291155279087889e+03 -2.230210761849025118e+02 -1.506635753879140225e+02 3.690000000000000000e+02
5.308225101765952081e-01 1.831694513720611212e+03 -2.005335864394614021e+02 -3.664225529510233770e+01 4.330000000000000000e+02
5.945362440940590298e-01 1.510291004722923617e+03 -2.195466236527681474e+02 -8.544890860508570540e+01 5.850000000000000000e+02
6.576224814588792489e-01 1.219644780121805525e+03 -2.523480534099462318e+02 3.457590436623704733e+01 6.790000000000000000e+02
7.196632906698736676e-01 9.757655825599691752e+02 -2.265771947555076906e+02 -1.814087971896391309e+02 8.130000000000000000e+02
7.827860915688348298e-01 7.637140974128205926e+02 -2.172798150873509826e+02 -1.697467510837657869e+02 9.850000000000000000e+02
8.470398945834540783e-01 5.756966766838492049e+02 -2.029115477165409231e+02 -7.493190624708634573e+01 1.183000000000000000e+03
9.096854620527370372e-01 4.326064875338550451e+02 -1.752405018539524519e+02 -1.072843890783790357e+02 1.269000000000000000e+03
9.720789776830213169e-01 3.202845493901714349e+02 -1.474802121626138103e+02 -1.212053505467839187e+02 1.537000000000000000e+03
1.034763038959366499e+00 2.293296364249266048e+02 -1.227261911102902445e+02 -1.117175979298775275e+02 1.653000000000000000e+03
1.097576444254559247e+00 1.624030409122453307e+02 -9.625413733922732717e+01 -8.792742013587505312e+01 1.963000000000000000e+03
1.160543084780093270e+00 1.122931461772699890e+02 -7.142932793050162843e+01 -7.929863358679568819e+01 2.121000000000000000e+03
1.223669666537485323e+00 7.662090701340929400e+01 -5.113819408720711834e+01 -6.049602191781855964e+01 2.413000000000000000e+03
1.286817263090294094e+00 5.166651374998286883e+01 -3.271162871797441341e+01 -4.484754964273042788e+01 2.635000000000000000e+03
1.349500801664080818e+00 3.434632216025723750e+01 -1.841901276348181327e+01 -2.590091471943083334e+01 2.877000000000000000e+03
1.411949558842147567e+00 2.456826305390471532e+01 -7.430784196501696748e+00 -1.493281569630226358e+01 3.169000000000000000e+03
1.475133575747468395e+00 1.827619169808374266e+01 2.329427074725086699e-01 -2.577353071055729306e+00 3.507000000000000000e+03
1.537865074252268593e+00 1.505947104614073595e+01 4.573015575796543608e+00 7.386216579749161681e+00 3.685000000000000000e+03
1.600657544051110381e+00 1.331776536263893362e+01 7.065099500805821719e+00 1.526384259566288470e+01 4.165000000000000000e+03
1.663991168687080524e+00 1.280292764077542955e+01 7.514504729204904976e+00 2.089091693242186665e+01 4.377000000000000000e+03
1.727195645776442801e+00 1.245087954460241164e+01 5.760884628196500046e+00 2.326096306793652957e+01 4.855000000000000000e+03
1.789765213377084718e+00 1.239396612349011839e+01 3.665308709669846454e+00 2.561234525850472821e+01 4.929000000000000000e+03
1.852353690647852158e+00 1.191793681755687473e+01 1.083360845464745426e+00 2.407462518998401890e+01 5.581000000000000000e+03
1.914806787341157390e+00 1.154868076695045076e+01 -1.654914633629639420e+00 2.338625638376705140e+01 5.679000000000000000e+03
1.977889868651535599e+00 1.060847133824802135e+01 -3.754605461133890820e+00 2.003294535594204717e+01 6.385000000000000000e+03
2.040937735447724499e+00 9.943814316863987202e+00 -5.924544118717335550e+00 1.779284534961841047e+01 6.553000000000000000e+03
2.103939302609846074e+00 8.965541690349688508e+00 -7.188920975462298912e+00 1.474200909156497374e+01 7.125000000000000000e+03
2.166909709822301799e+00 7.924504624979183731e+00 -7.811317743851826201e+00 1.175523214594963761e+01 7.447000000000000000e+03
2.229700281216152380e+00 6.991540664725317100e+00 -7.748178151651292644e+00 9.398300522736253271e+00 7.929000000000000000e+03
2.292620027086342382e+00 6.206704891985439509e+00 -7.244727191344522588e+00 7.678443970765547633e+00 8.353000000000000000e+03
2.355141508366812353e+00 5.619928365031142015e+00 -6.567500958654587606e+00 6.922268688804562586e+00 8.775000000000000000e+03
2.417910583817858949e+00 4.992445153272749181e+00 -5.090451704285260170e+00 6.288443893860176992e+00 9.313000000000000000e+03
2.480856539439619368e+00 4.583187042933147382e+00 -3.649178979569157377e+00 6.347924246080985711e+00 9.841000000000000000e+03
2.543492256872954549e+00 4.342043694652100605e+00 -2.206361511455764646e+00 7.181283996292773253e+00 1.019100000000000000e+04
2.606334251884805386e+00 4.218698388810586231e+00 -6.072424443618532619e-01 8.147499056062496692e+00 1.089700000000000000e+04
2.669257370896960690e+00 4.141290544338317225e+00 8.466009493001712682e-01 9.348066546334107940e+00 1.130100000000000000e+04
2.732423343141155758e+00 4.225079363626948137e+00 2.320217794424896507e+00 1.110853730556222629e+01 1.202500000000000000e+04
2.795529680084416047e+00 4.285955653840226809e+00 3.582946343158131874e+00 1.254087032996632622e+01 1.242300000000000000e+04
2.858366292314493240e+00 4.426309275329604276e+00 4.977819852665946954e+00 1.438708303561444168e+01 1.302100000000000000e+04
2.920876271394311718e+00 4.616405075693089444e+00 6.161922229137840823e+00 1.615589699337783003e+01 1.340500000000000000e+04
2.983449844439822751e+00 4.705157753814598109e+00 7.120719169795726167e+00 1.738510317750835199e+01 1.424700000000000000e+04
3.046384918400867114e+00 4.114642668105172874e+00 6.217676854920966889e+00 1.367895456884214589e+01 1.427500000000000000e+04
3.109279688161210142e+00 2.930510675119599728e+00 3.784948547529985774e+00 6.377435990871529903e+00 1.410000000000000000e+04
3.172087338483245755e+00 2.149680914877659443e+00 1.948578628311454120e+00 2.353571716329258656e+00 1.351600000000000000e+04
3.235077053285361881e+00 1.645345662009001453e+00 7.446927259783930886e-01 2.457729547300650519e-01 1.349200000000000000e+04
3.297974619160294107e+00 1.326488618419674248e+00 1.401595191462124412e-01 -6.763288318726994319e-01 1.270200000000000000e+04
3.360979404794635528e+00 1.170846273532346826e+00 -1.716409720165712471e-01 -1.172320906728831158e+00 1.263400000000000000e+04
3.423687966102657132e+00 1.066102089961225907e+00 -2.829553562280821000e-01 -1.429597537192009549e+00 1.180200000000000000e+04
3.486367717614779593e+00 1.042655079751254821e+00 -2.563938689224865008e-01 -1.698568562414224159e+00 1.159000000000000000e+04
3.549237455189846013e+00 1.033878020451302504e+00 -1.693338791756878736e-01 -1.942823079163439770e+00 1.100400000000000000e+04
3.611466567116090154e+00 1.017454119362780185e+00 -6.284578096878283560e-02 -2.160283475017725330e+00 1.025800000000000000e+04
3.674175279485516032e+00 1.069857649066414673e+00 1.125642511575328658e-01 -2.532070127549686411e+00 1.013800000000000000e+04
3.737325177637534246e+00 1.059901915298789410e+00 2.399302467035268338e-01 -2.739994881836917084e+00 9.282000000000000000e+03
3.800314856493150373e+00 1.104945647211605264e+00 4.035875488727975746e-01 -3.055357115585576988e+00 8.824000000000000000e+03
3.863228937922256190e+00 1.120877260070568093e+00 5.183040838280099649e-01 -3.264179405799381595e+00 8.130000000000000000e+03
3.925673163149277833e+00 1.133585434079550591e+00 6.137024241699748917e-01 -3.439301969956610083e+00 7.330000000000000000e+03
3.988379144029963186e+00 1.226564921562437238e+00 7.755203105112997708e-01 -3.836420523369249658e+00 6.960000000000000000e+03
4.051365442737894007e+00 1.146550190051517371e+00 6.967497517875006485e-01 -3.650279839412228000e+00 5.944000000000000000e+03
4.114073661208438537e+00 1.281906461399388242e+00 8.438274753817399665e-01 -4.137842387499388153e+00 5.482000000000000000e+03
4.176398926321660099e+00 1.139961284444434897e+00 6.328252645559772072e-01 -3.700154851847564874e+00 4.458000000000000000e+03
4.238428652338137148e+00 1.060314588456533036e+00 4.418753380489096050e-01 -3.428483108163376425e+00 3.892000000000000000e+03
4.301987060447956424e+00 9.576817626520131022e-01 1.791432149156718667e-01 -3.046185688744325937e+00 3.165000000000000000e+03
4.365598466856841497e+00 9.937332257331635832e-01 4.754641967863824925e-02 -3.115268176222145247e+00 2.617000000000000000e+03
4.427107359730706015e+00 1.111790774297518825e+00 -1.904086973712256631e-02 -3.478385036451010937e+00 2.037000000000000000e+03
4.489602987092925268e+00 1.214808394588731799e+00 -6.313482581385362891e-02 -3.838330623880828796e+00 1.831000000000000000e+03
4.554125500073445743e+00 1.322428856208484493e+00 -1.190605893219498085e-01 -4.183121229034178157e+00 1.435000000000000000e+03
4.616430240049651523e+00 1.434856012609230236e+00 -1.753750659193508421e-01 -4.547187905049849377e+00 1.119000000000000000e+03
4.677252312221349406e+00 1.512376302290934449e+00 -2.017329821962078051e-01 -4.830216712485081665e+00 8.800000000000000000e+02
4.741981513824780059e+00 1.576090794054832323e+00 -1.742191282462944024e-01 -5.151501956147733985e+00 7.470000000000000000e+02
4.809273072599613563e+00 1.673494530541906888e+00 -1.548587630469003273e-01 -5.557850387037333917e+00 5.200000000000000000e+02
4.871546600533164906e+00 1.754554649786302489e+00 -1.150085619580556162e-01 -5.912628527008526369e+00 3.280000000000000000e+02
4.925260063653622566e+00 1.905269294782372613e+00 -1.288274637773085263e-01 -6.439139355197708525e+00 2.160000000000000000e+02
4.988369355351538026e+00 1.922921798353421696e+00 -5.105522868101469020e-02 -6.631970767888486051e+00 1.720000000000000000e+02
5.058296331193474771e+00 2.125121980164760060e+00 -2.549420850280774767e-02 -7.384497081170196431e+00 8.400000000000000000e+01
5.124330000078495928e+00 2.482029592588045563e+00 -2.171714114869740392e-02 -8.653454727736981766e+00 2.500000000000000000e+01
5.169965902813741465e+00 2.118054543186965510e+00 -1.636313914849499285e-02 -7.387406762435682950e+00 6.000000000000000000e+00
5.223742168994547797e+00 2.310310612207988612e+00 0.000000000000000000e+00 -8.086087142727958366e+00 1.000000000000000000e+00
