8.899641224696955288e-02 1.374532840613005646e+04 -8.714247198071670937e+03 -2.260930098245204931e+02 1.300000000000000000e+01
1.507912216506557823e-01 8.028440727976677408e+03 -2.992484675128247545e+03 9.450780098425640972e+03 3.300000000000000000e+01
2.144790186456836945e-01 5.875777894276924599e+03 8.112320439659907834e+02 1.865313944421955057e+03 7.900000000000000000e+01
2.783660776489276789e-01 4.749506221903649021e+03 -9.269567537048822032e+02 1.244685098647576922e+02 1.170000000000000000e+02
3.435099785803411021e-01 3.802473130577930533e+03 -4.908140791016824664e+02 -5.339929828261805369e+02 2.050000000000000000e+02
4.047886761425745772e-01 3.009524985515882690e+03 -6.374401594746978361e+01 1.217906588630049924e+02 2.350000000000000000e+02
4.676716683575679601e-01 2.574401775643832934e+03 -4.992014302695954484e+02 -1.473347358619801525e+03 3.690000000000000000e+02
5.308225101765952081e-01 2.100695933384056843e+03 -6.710740430450979943e+01 -4.357970829769969896e+02 4.330000000000000000e+02
5.945362440940590298e-01 1.910114745613768946e+03 -1.517259427846234701e+02 -9.544198135448017410e+02 5.850000000000000000e+02
6.576224814588792489e-01 1.541190292728231270e+03 -2.116443050591931581e+02 -7.944629150029684297e+02 6.790000000000000000e+02
7.196632906698736676e-01 1.351639612826829079e+03 -1.072674944892824556e+01 -8.634377357830605888e+02 8.130000000000000000e+02
7.827860915688348298e-01 1.211735802683214615e+03 -5.800775491887400648e+01 -7.503797024448620050e+02 9.850000000000000000e+02
8.470398945834540783e-01 1.046012259729163816e+03 -1.559218144574313669e+02 -6.161498577935485628e+02 1.183000000000000000e+03
9.096854620527370372e-01 9.547130410179510136e+02 -7.799401416257002495e+01 -5.535192033325809007e+02 1.269000000000000000e+03
9.720789776830213169e-01 8.600463562128960575e+02 -4.904386511648843339e+01 -6.188311027134953974e+02 1.537000000000000000e+03
1.034763038959366499e+00 8.006219223640886185e+02 -1.055639709358156466e+02 -5.972343901415833898e+02 1.653000000000000000e+03
1.097576444254559247e+00 7.487202088012281820e+02 -1.563031570052984165e+01 -5.570540681758986921e+02 1.963000000000000000e+03
1.160543084780093270e+00 7.153324432239135149e+02 -2.318104821586604558e+01 -5.116795208369328520e+02 2.121000000000000000e+03
1.223669666537485323e+00 6.471945205457003567e+02 -3.159473482517661935e+01 -5.558728114081740159e+02 2.413000000000000000e+03
1.286817263090294094e+00 6.225019514233754307e+02 3.000744858209812094e+01 -4.494513782914290800e+02 2.635000000000000000e+03
1.349500801664080818e+00 5.932347194505939569e+02 3.833739817924180215e+01 -3.984652268309236547e+02 2.877000000000000000e+03
1.411949558842147567e+00 5.606643892176446116e+02 2.475109761320824475e+01 -3.905436199902780459e+02 3.169000000000000000e+03
1.475133575747468395e+00 5.311393307987927983e+02 2.231409529755597987e+01 -2.924288174178616941e+02 3.507000000000000000e+03
1.537865074252268593e+00 5.018601772011552953e+02 1.233550436004709105e+01 -2.724160292171257538e+02 3.685000000000000000e+03
1.600657544051110381e+00 4.759485415882382426e+02 -1.007721186301936989e+01 -2.327597336459365920e+02 4.165000000000000000e+03
1.663991168687080524e+00 4.522550432835095080e+02 4.473245256564736816e-01 -1.522557498010829136e+02 4.377000000000000000e+03
1.727195645776442801e+00 4.325445442347555627e+02 -4.876841554128294121e+01 -1.715817868366793846e+02 4.855000000000000000e+03
1.789765213377084718e+00 4.112440961164155624e+02 -4.849841578931965813e+01 -1.031010522959729059e+02 4.929000000000000000e+03
1.852353690647852158e+00 3.879681386273109638e+02 -4.661740796567814016e+01 -9.835294918520237673e+01 5.581000000000000000e+03
1.914806787341157390e+00 3.810655425660803530e+02 -4.673649221741793269e+01 -7.939083261714978335e+01 5.679000000000000000e+03
1.977889868651535599e+00 3.674183566230250335e+02 -4.628146804964376315e+01 -7.129829152550452420e+01 6.385000000000000000e+03
2.040937735447724499e+00 3.601877473810952779e+02 -3.764754961167405867e+01 -5.170015048600552632e+01 6.553000000000000000e+03
2.103939302609846074e+00 3.459679945807263834e+02 -5.000759738509479746e+01 -8.307687084754761031e+01 7.125000000000000000e+03
2.166909709822301799e+00 3.376809230522787288e+02 -3.643825623627929389e+01 -7.209593732474769467e+01 7.447000000000000000e+03
2.229700281216152380e+00 3.424214430715907156e+02 -3.369670916877974776e+01 -6.980925314441698504e+01 7.929000000000000000e+03
2.292620027086342382e+00 3.330969473419259543e+02 -4.225715733655450634e+01 -8.907348250113119548e+01 8.353000000000000000e+03
2.355141508366812353e+00 3.295390694417457667e+02 -2.993433122271235902e+01 -7.537806759400443468e+01 8.775000000000000000e+03
2.417910583817858949e+00 3.266025698334967728e+02 -1.423404067374656989e+01 -7.218034428769495037e+01 9.313000000000000000e+03
2.480856539439619368e+00 3.277673080992294672e+02 -3.483716715083659210e+01 -8.788201326553360104e+01 9.841000000000000000e+03
2.543492256872954549e+00 3.297542375684342915e+02 -2.447199291750131067e+01 -4.687706764989319907e+01 1.019100000000000000e+04
2.606334251884805386e+00 3.306096680627846354e+02 -2.964000425989936716e+01 -5.161798342477298007e+01 1.089700000000000000e+04
2.669257370896960690e+00 3.265292715713757161e+02 -2.321658762588501546e+01 -5.911374951021561941e+01 1.130100000000000000e+04
2.732423343141155758e+00 3.322895167438992416e+02 -2.227073131946539419e+01 -1.031457756018115290e+01 1.202500000000000000e+04
2.795529680084416047e+00 3.341085978340054226e+02 -3.048978204495616851e+01 -1.281645735094691751e+01 1.242300000000000000e+04
2.858366292314493240e+00 3.435481475705589105e+02 -2.716491909161400642e+01 1.934714055119046261e+00 1.302100000000000000e+04
2.920876271394311718e+00 3.520974092971594018e+02 -1.126968106976188722e+01 3.729348574121242876e+01 1.340500000000000000e+04
2.983449844439822751e+00 3.658936245671645224e+02 -2.440310021506967786e+01 4.743221902065699425e+01 1.424700000000000000e+04
3.046384918400867114e+00 3.696745717886848865e+02 -1.250077541079674504e+01 1.570890037655439819e+01 1.427500000000000000e+04
3.109279688161210142e+00 3.704469960601942375e+02 7.064293739524318383e+00 -8.784324061841695652e+01 1.410000000000000000e+04
3.172087338483245755e+00 3.724772675673434605e+02 1.430254836449995004e+01 -1.974037694635574667e+02 1.351600000000000000e+04
3.235077053285361881e+00 3.793966370456791424e+02 1.049214083856451296e+01 -2.972541388873906953e+02 1.349200000000000000e+04
3.297974619160294107e+00 3.960086149118723711e+02 1.526621057375901991e+01 -4.154708793860741594e+02 1.270200000000000000e+04
3.360979404794635528e+00 4.085999131912626581e+02 4.134842127660383504e+00 -5.088683732522790706e+02 1.263400000000000000e+04
3.423687966102657132e+00 4.295296828861978611e+02 1.183617574862144828e+01 -6.273548906310171560e+02 1.180200000000000000e+04
3.486367717614779593e+00 4.442400329225824862e+02 1.282819095150086497e+01 -7.167558092590882097e+02 1.159000000000000000e+04
3.549237455189846013e+00 4.713524219549703389e+02 8.777328665597528001e+00 -8.123918865936726661e+02 1.100400000000000000e+04
3.611466567116090154e+00 4.953096802171354511e+02 1.512638078039087475e+01 -9.333745246652885044e+02 1.025800000000000000e+04
3.674175279485516032e+00 5.242652920636360250e+02 8.175218250775207807e+00 -1.021308368955301603e+03 1.013800000000000000e+04
3.737325177637534246e+00 5.570765855876041996e+02 2.001651603296987858e+01 -1.167613987930579924e+03 9.282000000000000000e+03
3.800314856493150373e+00 5.806909064671001488e+02 2.486091500760993611e+01 -1.269533772010123585e+03 8.824000000000000000e+03
3.863228937922256190e+00 6.167351228238210297e+02 2.679863812515421628e+01 -1.394133414754745218e+03 8.130000000000000000e+03
3.925673163149277833e+00 6.467746519440769362e+02 3.338025897573654532e+01 -1.517302623648887902e+03 7.330000000000000000e+03
3.988379144029963186e+00 6.750850785887113261e+02 2.658955748824389786e+01 -1.605089579182386387e+03 6.960000000000000000e+03
4.051365442737894007e+00 7.137724056308112495e+02 3.187203884192880565e+01 -1.797438947047383408e+03 5.944000000000000000e+03
4.114073661208438537e+00 7.519229077552593026e+02 3.054659109344560974e+01 -1.908326648169706004e+03 5.482000000000000000e+03
4.176398926321660099e+00 8.086736727081661229e+02 4.458244328071705098e+01 -2.181299468210074792e+03 4.458000000000000000e+03
4.238428652338137148e+00 8.614744502441697023e+02 6.555928134961980902e+01 -2.466478274879730634e+03 3.892000000000000000e+03
4.301987060447956424e+00 9.477988798397470873e+02 8.871204841182708378e+01 -2.889806089856388098e+03 3.165000000000000000e+03
4.365598466856841497e+00 1.047893924371720232e+03 1.014254781905943616e+02 -3.313943527009977970e+03 2.617000000000000000e+03
4.427107359730706015e+00 1.179018362374140679e+03 7.541053594594410470e+01 -3.767002993082555349e+03 2.037000000000000000e+03
4.489602987092925268e+00 1.300716376961221613e+03 4.927639995971662756e+01 -4.217288095672568488e+03 1.831000000000000000e+03
4.554125500073445743e+00 1.429732949560730049e+03 5.948226958699246225e+00 -4.661350085523299640e+03 1.435000000000000000e+03
4.616430240049651523e+00 1.561692445665099285e+03 -1.638401477868446676e+01 -5.139015618690520569e+03 1.119000000000000000e+03
4.677252312221349406e+00 1.668612779766613357e+03 -1.630785474261667289e+01 -5.557844868196935749e+03 8.800000000000000000e+02
4.741981513824780059e+00 1.811747090902718355e+03 7.282692343060573670e+00 -6.151007387607294731e+03 7.470000000000000000e+02
4.809273072599613563e+00 2.008929593676794866e+03 1.078099326494244004e+01 -6.897031646003003516e+03 5.200000000000000000e+02
4.871546600533164906e+00 2.277002060648917904e+03 3.038329259944229221e+01 -7.879568436591819591e+03 3.280000000000000000e+02
4.925260063653622566e+00 2.543773849992409851e+03 -1.302622962867024281e+00 -8.790045283446437679e+03 2.160000000000000000e+02
4.988369355351538026e+00 2.763500417358619416e+03 5.036719119367477626e-01 -9.612312143092283804e+03 1.720000000000000000e+02
5.058296331193474771e+00 2.884448855375036601e+03 -7.093330413272230572e+00 -1.005669453647115006e+04 8.400000000000000000e+01
5.124330000078495928e+00 3.080195466673320425e+03 -2.019469599549649885e+01 -1.074555774733406543e+04 2.500000000000000000e+01
5.169965902813741465e+00 3.660683741718982674e+03 -1.757506868728121319e+01 -1.278034771887809075e+04 6.000000000000000000e+00
5.223742168994547797e+00 1.816097941984009822e+03 0.000000000000000000e+00 -6.356342796944034490e+03 1.000000000000000000e+00
