8.899641224696955288e-02 2.142441276231445954e+04 -1.474712022983871248e+04 2.364271276074329307e+03 1.300000000000000000e+01
1.507912216506557823e-01 1.399054448375747052e+04 -4.250213406848119121e+03 1.452831302112420235e+04 3.300000000000000000e+01
2.144790186456836945e-01 1.070333243146958739e+04 1.628612806183480416e+03 2.172362596803617180e+03 7.900000000000000000e+01
2.783660776489276789e-01 9.167564464431532542e+03 -1.749110423931061177e+03 -2.417206676932481741e+02 1.170000000000000000e+02
3.435099785803411021e-01 7.279242729803214388e+03 -1.191051075093319923e+03 -7.396122650193490244e+02 2.050000000000000000e+02
4.047886761425745772e-01 6.133893951042473418e+03 -4.837869318335344246e+02 -2.144074724952704614e+01 2.350000000000000000e+02
4.676716683575679601e-01 5.184136439955264905e+03 -1.472333274809626346e+03 -2.506271857604485831e+03 3.690000000000000000e+02
5.308225101765952081e-01 4.433816764302210686e+03 -5.894706641306770507e+02 -7.711940873199014277e+02 4.330000000000000000e+02
5.945362440940590298e-01 3.924339286943253683e+03 -6.413689956704406541e+02 -1.474961025363245653e+03 5.850000000000000000e+02
6.576224814588792489e-01 3.147715136544003144e+03 -7.602418861370257446e+02 -9.895881536753896626e+02 6.790000000000000000e+02
7.196632906698736676e-01 2.763330477359815177e+03 -4.391813879962048190e+02 -1.131751130517511228e+03 8.130000000000000000e+02
7.827860915688348298e-01 2.519670894143099304e+03 -3.563984900803707774e+02 -9.533572838832343450e+02 9.850000000000000000e+02
8.470398945834540783e-01 2.198402435020068424e+03 -4.529610049481565852e+02 -9.428930750546603576e+02 1.183000000000000000e+03
9.096854620527370372e-01 2.019424738340399017e+03 -6.030137210278720516e+01 -7.957190011516219101e+02 1.269000000000000000e+03
9.720789776830213169e-01 1.819924706175982237e+03 -2.660720823530171586e+01 -1.051097575586328730e+03 1.537000000000000000e+03
1.034763038959366499e+00 1.648763659513268294e+03 -4.031618079248577402e+01 -9.425888315649140168e+02 1.653000000000000000e+03
1.097576444254559247e+00 1.598649537049034734e+03 2.519265554547842783e+02 -9.029719671221705539e+02 1.963000000000000000e+03
1.160543084780093270e+00 1.507848518010870066e+03 1.241260146823707515e+02 -8.158910036247909829e+02 2.121000000000000000e+03
1.223669666537485323e+00 1.427207799915053783e+03 1.801822913260273822e+02 -8.567847444201478311e+02 2.413000000000000000e+03
1.286817263090294094e+00 1.452969135494765169e+03 3.193985502354565824e+02 -7.523895665650602496e+02 2.635000000000000000e+03
1.349500801664080818e+00 1.358593359151647519e+03 1.728619484702926457e+02 -6.326058562749288967e+02 2.877000000000000000e+03
1.411949558842147567e+00 1.340335984597366178e+03 1.388053807843618017e+02 -6.167727288530429632e+02 3.169000000000000000e+03
1.475133575747468395e+00 1.278387102112689718e+03 1.247597367146301082e+02 -4.942134177683986422e+02 3.507000000000000000e+03
1.537865074252268593e+00 1.199994396176166902e+03 3.984257756583809140e+01 -3.835615107933525110e+02 3.685000000000000000e+03
1.600657544051110381e+00 1.165832455505854796e+03 4.019536423382582768e+01 -2.246898542401275449e+02 4.165000000000000000e+03
1.663991168687080524e+00 1.099265105471195739e+03 -1.112062803254661674e+02 -2.108453678728680813e+02 4.377000000000000000e+03
1.727195645776442801e+00 1.058057920763090806e+03 -1.515558848943768169e+02 -1.564647799816869167e+02 4.855000000000000000e+03
1.789765213377084718e+00 1.042342656867471760e+03 -1.667087451615049360e+02 -6.409821394536224659e+01 4.929000000000000000e+03
1.852353690647852158e+00 1.021021719719096950e+03 -1.779558072129178470e+02 -1.175915889296540655e+02 5.581000000000000000e+03
1.914806787341157390e+00 1.022625629021156442e+03 -2.452680276692447023e+02 -8.339102985207171059e+01 5.679000000000000000e+03
1.977889868651535599e+00 9.937135404882518515e+02 -2.356609867331109456e+02 -1.011529522060381794e+02 6.385000000000000000e+03
2.040937735447724499e+00 9.728624116769432248e+02 -2.296548860004563437e+02 2.811895611037360965e+01 6.553000000000000000e+03
2.103939302609846074e+00 9.767991865371686799e+02 -2.656550375169774156e+02 1.249400909386116076e+01 7.125000000000000000e+03
2.166909709822301799e+00 9.672586510049325170e+02 -2.705000698997496897e+02 6.658261482469268344e+01 7.447000000000000000e+03
2.229700281216152380e+00 9.682953550167238745e+02 -3.057990203047095861e+02 6.510854161304690990e+01 7.929000000000000000e+03
2.292620027086342382e+00 9.706064320068728648e+02 -2.877507012910576236e+02 5.533820972954743667e+01 8.353000000000000000e+03
2.355141508366812353e+00 9.677657676839530723e+02 -2.814514389612094760e+02 6.476622959372768662e+01 8.775000000000000000e+03
2.417910583817858949e+00 9.801897616177200234e+02 -2.751555296887534610e+02 7.864142138268910287e+01 9.313000000000000000e+03
2.480856539439619368e+00 9.821060255349673298e+02 -2.896495991560730658e+02 1.156875904542763891e+02 9.841000000000000000e+03
2.543492256872954549e+00 9.800833629020302169e+02 -3.324552296078954328e+02 1.592864677343398512e+02 1.019100000000000000e+04
2.606334251884805386e+00 9.691949239612943074e+02 -3.337782134985619109e+02 1.650623365584647786e+02 1.089700000000000000e+04
2.669257370896960690e+00 1.003398411849230456e+03 -3.463253080249152731e+02 2.363681116534448563e+02 1.130100000000000000e+04
2.732423343141155758e+00 9.898671270715444734e+02 -3.717697700778232388e+02 3.361989774822613981e+02 1.202500000000000000e+04
2.795529680084416047e+00 9.895272065824721039e+02 -3.943149507525436093e+02 3.780077865867025366e+02 1.242300000000000000e+04
2.858366292314493240e+00 1.001337315191570156e+03 -3.793272658331570710e+02 4.561455131948448525e+02 1.302100000000000000e+04
2.920876271394311718e+00 1.027977516264973474e+03 -4.337140230033681974e+02 4.877510214081609092e+02 1.340500000000000000e+04
2.983449844439822751e+00 1.063388090565358425e+03 -4.574505580934309137e+02 5.804944106955505276e+02 1.424700000000000000e+04
3.046384918400867114e+00 1.102478985459567411e+03 -4.772230482291380440e+02 4.291017099096903280e+02 1.427500000000000000e+04
3.109279688161210142e+00 1.134524778245007155e+03 -4.787558988504234776e+02 1.761606507902614638e+01 1.410000000000000000e+04
3.172087338483245755e+00 1.140964657216816704e+03 -4.331070822185879479e+02 -2.650511742774653499e+02 1.351600000000000000e+04
3.235077053285361881e+00 1.188415519539826846e+03 -4.259080767196412580e+02 -5.444365048616821241e+02 1.349200000000000000e+04
3.297974619160294107e+00 1.214486424861620435e+03 -3.810004873858372889e+02 -8.655884811691659024e+02 1.270200000000000000e+04
3.360979404794635528e+00 1.272868999130756265e+03 -3.963224063270477586e+02 -1.130012504403941648e+03 1.263400000000000000e+04
3.423687966102657132e+00 1.320698094306476378e+03 -4.239267745644851857e+02 -1.394981357200877255e+03 1.180200000000000000e+04
3.486367717614779593e+00 1.397041316470963920e+03 -4.703974685187466207e+02 -1.659789983729203868e+03 1.159000000000000000e+04
3.549237455189846013e+00 1.498418534869298128e+03 -4.753404740926555974e+02 -2.000504137385547892e+03 1.100400000000000000e+04
3.611466567116090154e+00 1.567063077604213504e+03 -4.684809211385605181e+02 -2.308010048322829789e+03 1.025800000000000000e+04
3.674175279485516032e+00 1.679123559157527097e+03 -5.203907354988014049e+02 -2.516287648509561222e+03 1.013800000000000000e+04
3.737325177637534246e+00 1.778282117858115271e+03 -5.621071558696377224e+02 -2.786507431645387896e+03 9.282000000000000000e+03
3.800314856493150373e+00 1.879798495057924811e+03 -5.925803528391679720e+02 -3.052519409550515775e+03 8.824000000000000000e+03
3.863228937922256190e+00 1.988870199943417219e+03 -6.450313736902913888e+02 -3.244442127704638096e+03 8.130000000000000000e+03
3.925673163149277833e+00 2.107993327852328548e+03 -6.732236729878953838e+02 -3.558201752944155487e+03 7.330000000000000000e+03
3.988379144029963186e+00 2.265320758504751211e+03 -7.130596040087991696e+02 -3.838631769822665774e+03 6.960000000000000000e+03
4.051365442737894007e+00 2.313912701692855990e+03 -6.568832591839061479e+02 -4.279562041141655754e+03 5.944000000000000000e+03
4.114073661208438537e+00 2.482150308942078482e+03 -6.460704635359378472e+02 -4.672686780790121702e+03 5.482000000000000000e+03
4.176398926321660099e+00 2.571479017355859014e+03 -5.125999356774842681e+02 -5.504107360577939289e+03 4.458000000000000000e+03
4.238428652338137148e+00 2.640756333079684282e+03 -3.779904202391468289e+02 -6.344536121480707152e+03 3.892000000000000000e+03
4.301987060447956424e+00 2.702547678191603609e+03 -1.627905018026369817e+02 -7.459221172766550808e+03 3.165000000000000000e+03
4.365598466856841497e+00 2.875274020760770327e+03 -4.454945031516587761e+01 -8.585185276799724306e+03 2.617000000000000000e+03
4.427107359730706015e+00 3.062991319592246327e+03 2.813524653144393994e+01 -9.537044984241714701e+03 2.037000000000000000e+03
4.489602987092925268e+00 3.171524293392754316e+03 2.877758796431198363e+01 -1.015971333545989364e+04 1.831000000000000000e+03
4.554125500073445743e+00 3.230068486917174141e+03 8.278861165398940614e+01 -1.058667362372745083e+04 1.435000000000000000e+03
4.616430240049651523e+00 3.318592152554909717e+03 1.271372520480390733e+01 -1.098951009308078574e+04 1.119000000000000000e+03
4.677252312221349406e+00 3.515912569004076431e+03 5.369596621244036783e+01 -1.184235285615035536e+04 8.800000000000000000e+02
4.741981513824780059e+00 3.973058641397778956e+03 -3.801307839035993652e+01 -1.344928778239197709e+04 7.470000000000000000e+02
4.809273072599613563e+00 4.370570176247777454e+03 3.391958764207090748e+00 -1.497609066869678827e+04 5.200000000000000000e+02
4.871546600533164906e+00 4.855992415027420975e+03 -5.674001688783941688e+01 -1.665164750198258844e+04 3.280000000000000000e+02
4.925260063653622566e+00 5.374343646255028034e+03 -5.789633729170860477e+01 -1.850030415935296696e+04 2.160000000000000000e+02
4.988369355351538026e+00 5.037982724499372125e+03 -7.277328757568041340e+01 -1.744120824410522255e+04 1.720000000000000000e+02
5.058296331193474771e+00 4.526330904684547932e+03 -3.168051148077421786e+01 -1.575602831154588057e+04 8.400000000000000000e+01
5.124330000078495928e+00 3.957084102364227419e+03 -7.244705493824277198e+01 -1.376216102890526054e+04 2.500000000000000000e+01
5.169965902813741465e+00 4.883354303398383308e+03 2.932811714704738648e+01 -1.709786735484631936e+04 6.000000000000000000e+00
5.223742168994547797e+00 5.772607178113992632e+03 0.000000000000000000e+00 -2.020412512339897148e+04 1.000000000000000000e+00
