8.899641224696955288e-02 1.755647697440093543e+04 -1.126726832920239394e+04 1.788893489129231739e+03 1.300000000000000000e+01
1.507912216506557823e-01 1.332157465981610221e+04 -1.516264366025234722e+03 9.230861986783676912e+03 3.300000000000000000e+01
2.144790186456836945e-01 1.071879399725203803e+04 8.172314958881941038e+00 -4.437570757240106900e+02 7.900000000000000000e+01
2.783660776489276789e-01 9.988191239764093552e+03 -1.748636909687551679e+03 -1.474995234566163163e+02 1.170000000000000000e+02
3.435099785803411021e-01 7.896563478224260507e+03 -2.000363088084026003e+03 -9.135998817587176291e+02 2.050000000000000000e+02
4.047886761425745772e-01 6.655469534636930803e+03 -1.916147308472433224e+03 1.703280759175493131e+02 2.350000000000000000e+02
4.676716683575679601e-01 5.361936464428153158e+03 -2.659620562337904175e+03 -1.333987094708329096e+03 3.690000000000000000e+02
5.308225101765952081e-01 4.348462804262419922e+03 -2.044759724932421705e+03 -6.534124581807706136e+02 4.330000000000000000e+02
5.945362440940590298e-01 3.281297890026102323e+03 -2.156303344667868259e+03 -3.992528869140456891e+02 5.850000000000000000e+02
6.576224814588792489e-01 2.489238596215451253e+03 -2.319080293028790493e+03 -5.654929125918106703e-01 6.790000000000000000e+02
7.196632906698736676e-01 1.799948360143703894e+03 -2.120034129969450532e+03 -5.678460880798254493e+02 8.130000000000000000e+02
7.827860915688348298e-01 1.370932720068251911e+03 -1.563102415717742360e+03 -4.230252630878187574e+02 9.850000000000000000e+02
8.470398945834540783e-01 1.041821264004541035e+03 -1.403925456287954148e+03 -6.289284126252288161e+02 1.183000000000000000e+03
9.096854620527370372e-01 8.145396310270460845e+02 -9.998454932394422485e+02 -6.299206874982119189e+02 1.269000000000000000e+03
9.720789776830213169e-01 6.752279512116019760e+02 -6.178184141025932377e+02 -6.353702766251655021e+02 1.537000000000000000e+03
1.034763038959366499e+00 6.161529847853629462e+02 -4.370819978121482450e+02 -6.944932317251186760e+02 1.653000000000000000e+03
1.097576444254559247e+00 5.625428305143262833e+02 -2.038381435378334459e+02 -6.416911409474324728e+02 1.963000000000000000e+03
1.160543084780093270e+00 5.284372595051778490e+02 -6.501711724642196089e+01 -6.997101656476655762e+02 2.121000000000000000e+03
1.223669666537485323e+00 5.089529756233347371e+02 8.660816186833685038e+00 -7.130303324533946352e+02 2.413000000000000000e+03
1.286817263090294094e+00 4.871173564750146738e+02 7.608900942592728711e+01 -7.293472935504314592e+02 2.635000000000000000e+03
1.349500801664080818e+00 4.552742642996360019e+02 6.224691415089887414e+01 -7.152498932857143927e+02 2.877000000000000000e+03
1.411949558842147567e+00 4.285808447164819768e+02 4.615996187046834365e+01 -6.826790150403078314e+02 3.169000000000000000e+03
1.475133575747468395e+00 3.928407894185558575e+02 1.895050028636918071e+01 -6.353211335357634653e+02 3.507000000000000000e+03
1.537865074252268593e+00 3.622628065246759093e+02 -2.206606005186959862e+01 -5.835162028854601886e+02 3.685000000000000000e+03
1.600657544051110381e+00 3.236508490392374142e+02 -4.938394140763281115e+01 -4.828962935094065188e+02 4.165000000000000000e+03
1.663991168687080524e+00 2.865032812776227615e+02 -5.457667817914256148e+01 -3.549896970168003349e+02 4.377000000000000000e+03
1.727195645776442801e+00 2.605234812510990992e+02 -6.221290251903020163e+01 -2.941516217545355403e+02 4.855000000000000000e+03
1.789765213377084718e+00 2.331038199868422112e+02 -8.284578521886245994e+01 -2.102922932147466781e+02 4.929000000000000000e+03
1.852353690647852158e+00 2.153559518163086466e+02 -7.377356311456462379e+01 -1.001350633133384491e+02 5.581000000000000000e+03
1.914806787341157390e+00 1.967811245343552855e+02 -7.280777523636018600e+01 -2.748970707262294511e+01 5.679000000000000000e+03
1.977889868651535599e+00 1.893617430934040158e+02 -6.813269893042523506e+01 2.543068998522793578e+01 6.385000000000000000e+03
2.040937735447724499e+00 1.766468024150857161e+02 -4.794898601511963676e+01 7.778218623280075406e+01 6.553000000000000000e+03
2.103939302609846074e+00 1.694046582894256971e+02 -4.137443958588258397e+01 1.024551129271717400e+02 7.125000000000000000e+03
2.166909709822301799e+00 1.657474409658084937e+02 -3.692483988659603966e+01 1.173296175463589179e+02 7.447000000000000000e+03
2.229700281216152380e+00 1.649915801118961838e+02 -1.716755546014442757e+01 1.062429914210935493e+02 7.929000000000000000e+03
2.292620027086342382e+00 1.612034099253085344e+02 -3.096528643384467827e+01 7.663897996026379644e+01 8.353000000000000000e+03
2.355141508366812353e+00 1.631834117120903045e+02 -1.668436390450027673e+01 7.512149391290390099e+01 8.775000000000000000e+03
2.417910583817858949e+00 1.600808922488233463e+02 -2.657068919997044087e+00 6.670315358224713975e+01 9.313000000000000000e+03
2.480856539439619368e+00 1.513386577015594696e+02 -4.370612554720319842e+00 3.349005509841264683e+01 9.841000000000000000e+03
2.543492256872954549e+00 1.505636071207292730e+02 4.629084274238829400e-01 3.140412594300572025e+01 1.019100000000000000e+04
2.606334251884805386e+00 1.529071308891930983e+02 7.814302622132822229e+00 3.046012586126315824e+01 1.089700000000000000e+04
2.669257370896960690e+00 1.482036623245130329e+02 8.224657338252070460e+00 5.150809685250254510e+00 1.130100000000000000e+04
2.732423343141155758e+00 1.505224115398387141e+02 1.897272780941337800e+01 2.575128099792734204e+01 1.202500000000000000e+04
2.795529680084416047e+00 1.549326278312775003e+02 2.425896296447543321e+01 2.108962930882274378e+01 1.242300000000000000e+04
2.858366292314493240e+00 1.550917712532787505e+02 2.857795769728299007e+01 1.989506854757112819e+01 1.302100000000000000e+04
2.920876271394311718e+00 1.596046860346928895e+02 5.178385308696044831e+01 5.327794996874408895e+01 1.340500000000000000e+04
2.983449844439822751e+00 1.635742600914306877e+02 2.968659300535538392e+01 4.991846494427428382e+01 1.424700000000000000e+04
3.046384918400867114e+00 1.690150355710685233e+02 3.800065173207288893e+01 5.339398856539542493e+01 1.427500000000000000e+04
3.109279688161210142e+00 1.740128701318839148e+02 4.418281307570844518e+01 3.087389358717084420e+01 1.410000000000000000e+04
3.172087338483245755e+00 1.735822079415746373e+02 4.601064049834062786e+01 -3.617505077401165003e+00 1.351600000000000000e+04
3.235077053285361881e+00 1.696730848097017486e+02 3.450973178418463050e+01 -4.772180880675437464e+01 1.349200000000000000e+04
3.297974619160294107e+00 1.657093070423124459e+02 3.661914714250200831e+01 -1.010475806731808888e+02 1.270200000000000000e+04
3.360979404794635528e+00 1.592820754415339195e+02 3.788036935627247459e+01 -1.328784015436326627e+02 1.263400000000000000e+04
3.423687966102657132e+00 1.550672870155459009e+02 3.658289897750313457e+01 -1.723510147558261281e+02 1.180200000000000000e+04
3.486367717614779593e+00 1.505068980906284537e+02 4.227620013547236510e+01 -2.154787620624594808e+02 1.159000000000000000e+04
3.549237455189846013e+00 1.504265082007029832e+02 3.549171933152447167e+01 -2.526446314678549072e+02 1.100400000000000000e+04
3.611466567116090154e+00 1.464478418481850781e+02 2.942612427048304014e+01 -2.705253235320873841e+02 1.025800000000000000e+04
3.674175279485516032e+00 1.547167474019480835e+02 3.874858679607093848e+01 -3.214752266602023383e+02 1.013800000000000000e+04
3.737325177637534246e+00 1.542777806202654176e+02 3.868342738948599902e+01 -3.421606075963767353e+02 9.282000000000000000e+03
3.800314856493150373e+00 1.543716469272199276e+02 3.761026837940687528e+01 -3.580231090974328367e+02 8.824000000000000000e+03
3.863228937922256190e+00 1.537823485881870340e+02 3.680754938695017131e+01 -3.637475549799733017e+02 8.130000000000000000e+03
3.925673163149277833e+00 1.519393664756521218e+02 3.209977386086152507e+01 -3.644631423872876894e+02 7.330000000000000000e+03
3.988379144029963186e+00 1.533252090621558068e+02 3.372882074851480638e+01 -3.754682854071107840e+02 6.960000000000000000e+03
4.051365442737894007e+00 1.519727571214009458e+02 1.884285039094145375e+01 -3.596476351572047179e+02 5.944000000000000000e+03
4.114073661208438537e+00 1.493336923631967750e+02 3.567110630573077401e+01 -3.904767157407344484e+02 5.482000000000000000e+03
4.176398926321660099e+00 1.517547289892237075e+02 1.963871361952892514e+01 -3.881512284987568933e+02 4.458000000000000000e+03
4.238428652338137148e+00 1.501149061208897706e+02 1.578457625841535261e+01 -4.058080783239287257e+02 3.892000000000000000e+03
4.301987060447956424e+00 1.507920565920143474e+02 2.686543669273689261e+01 -4.641791042615632250e+02 3.165000000000000000e+03
4.365598466856841497e+00 1.574085443677464298e+02 2.683683166077549842e+01 -5.179692468759919848e+02 2.617000000000000000e+03
4.427107359730706015e+00 1.794635795009105266e+02 2.332851966452921033e+01 -6.011592808761214428e+02 2.037000000000000000e+03
4.489602987092925268e+00 2.022096781671795611e+02 8.045040469116266024e+00 -6.647815513641246525e+02 1.831000000000000000e+03
4.554125500073445743e+00 2.240534869545558649e+02 -1.382210280356986054e+01 -7.162063537880235344e+02 1.435000000000000000e+03
4.616430240049651523e+00 2.290785440973937170e+02 -2.069803082750786061e+01 -7.337833624342860048e+02 1.119000000000000000e+03
4.677252312221349406e+00 2.326576558377568347e+02 -3.084984992413480498e+01 -7.438130812823497990e+02 8.800000000000000000e+02
4.741981513824780059e+00 2.259582431004268130e+02 -3.362478502551205395e+01 -7.267973279058760454e+02 7.470000000000000000e+02
4.809273072599613563e+00 1.971234458846058430e+02 -2.959677112384473219e+01 -6.406029286333879327e+02 5.200000000000000000e+02
4.871546600533164906e+00 1.728065115942996499e+02 -2.384165082035088190e+01 -5.665665428526402820e+02 3.280000000000000000e+02
4.925260063653622566e+00 1.767602579111901662e+02 -2.265414326108707854e+01 -5.835560368758145842e+02 2.160000000000000000e+02
4.988369355351538026e+00 1.362424672645240662e+02 -1.347992519767636743e+01 -4.576198371925004267e+02 1.720000000000000000e+02
5.058296331193474771e+00 8.933946933158365766e+01 -7.834976395511962899e+00 -3.023414706610104190e+02 8.400000000000000000e+01
5.124330000078495928e+00 6.342376902962843843e+01 2.597214037653937879e+00 -2.243528780192185650e+02 2.500000000000000000e+01
5.169965902813741465e+00 6.652096767913343456e+01 -3.392938887623572874e+00 -2.293501364100369813e+02 6.000000000000000000e+00
5.223742168994547797e+00 -1.191380934056226266e+02 0.000000000000000000e+00 4.169833269196790866e+02 1.000000000000000000e+00
