8.899641224696955288e-02 9.117938264135624195e+03 -5.545730886551275944e+03 -4.722014074307292617e+02 1.300000000000000000e+01
1.507912216506557823e-01 5.721334126772783748e+03 -1.345715998856957412e+03 5.711115792628220333e+03 3.300000000000000000e+01
2.144790186456836945e-01 4.420345682960858539e+03 7.524393311220957230e+02 7.621126540940163068e+02 7.900000000000000000e+01
2.783660776489276789e-01 3.811148720712616523e+03 -3.489833484324425399e+02 -1.248770675044872434e+02 1.170000000000000000e+02
3.435099785803411021e-01 3.082846730297549129e+03 -1.857083728238496008e+02 -3.376259682253657957e+02 2.050000000000000000e+02
4.047886761425745772e-01 2.637389927155482383e+03 -9.933000349739097956e+00 -1.216195856632202350e+02 2.350000000000000000e+02
4.676716683575679601e-01 2.205089660701648882e+03 -2.597860208218651223e+02 -7.071829049022144318e+02 3.690000000000000000e+02
5.308225101765952081e-01 1.868806229474650763e+03 -4.296857395383264588e+01 -1.654936907337658170e+02 4.330000000000000000e+02
5.945362440940590298e-01 1.576678766567107004e+03 -6.178232747696712579e+01 -4.353451312747243946e+02 5.850000000000000000e+02
6.576224814588792489e-01 1.235050706040773548e+03 -1.622781975641481722e+02 -1.309746364732610573e+02 6.790000000000000000e+02
7.196632906698736676e-01 1.059713083818966652e+03 -1.049118749417748546e+02 -3.196587435888761775e+02 8.130000000000000000e+02
7.827860915688348298e-01 9.007234023489179435e+02 -8.123082361860045353e+01 -2.576655633174248692e+02 9.850000000000000000e+02
8.470398945834540783e-01 7.371829681829511856e+02 -1.214440057614642399e+02 -2.632484000788476806e+02 1.183000000000000000e+03
9.096854620527370372e-01 6.246639914182876510e+02 -4.203861045200718394e+01 -2.403348536708867869e+02 1.269000000000000000e+03
9.720789776830213169e-01 5.325927607728175417e+02 -3.244137345383671800e+01 -2.913772850321184364e+02 1.537000000000000000e+03
1.034763038959366499e+00 4.525854599500930817e+02 -3.155061727486314638e+01 -2.539189077910218657e+02 1.653000000000000000e+03
1.097576444254559247e+00 4.062737341899220382e+02 9.635606079515357081e+00 -2.569266245903137360e+02 1.963000000000000000e+03
1.160543084780093270e+00 3.686213380488845814e+02 -6.509679502887428804e+00 -2.290840693023775998e+02 2.121000000000000000e+03
1.223669666537485323e+00 3.329426424338843162e+02 7.539888067323303744e+00 -2.292232845039819722e+02 2.413000000000000000e+03
1.286817263090294094e+00 3.133056173216642151e+02 2.271191603472261278e+01 -2.040494355604697034e+02 2.635000000000000000e+03
1.349500801664080818e+00 2.819053880975331481e+02 1.176444625989322468e+01 -1.592693929874536707e+02 2.877000000000000000e+03
1.411949558842147567e+00 2.638253999918557042e+02 1.468141548550946496e+01 -1.675049485563225744e+02 3.169000000000000000e+03
1.475133575747468395e+00 2.405302692706671621e+02 1.397134327215527705e+01 -1.397198839930927647e+02 3.507000000000000000e+03
1.537865074252268593e+00 2.218166606378357244e+02 9.797664326129032375e+00 -1.079783984946468678e+02 3.685000000000000000e+03
1.600657544051110381e+00 2.053843508715558812e+02 9.576116866727192090e+00 -8.802979469462815132e+01 4.165000000000000000e+03
1.663991168687080524e+00 1.904415247740980703e+02 -5.569883053142453910e+00 -8.409162937578344099e+01 4.377000000000000000e+03
1.727195645776442801e+00 1.808906845696478740e+02 -3.858968635908250899e+00 -6.989720354851213813e+01 4.855000000000000000e+03
1.789765213377084718e+00 1.723218429925856867e+02 -1.575310906196986593e+01 -5.654303603613924167e+01 4.929000000000000000e+03
1.852353690647852158e+00 1.639334735245385275e+02 -1.631712904210633042e+01 -5.073564896717196859e+01 5.581000000000000000e+03
1.914806787341157390e+00 1.581169967266576748e+02 -2.632659291072117469e+01 -3.616428368121339787e+01 5.679000000000000000e+03
1.977889868651535599e+00 1.488934249968656047e+02 -2.228429717585255077e+01 -3.886537484634713735e+01 6.385000000000000000e+03
2.040937735447724499e+00 1.430038637617687129e+02 -2.404299148378027340e+01 -1.196297905396644801e+01 6.553000000000000000e+03
2.103939302609846074e+00 1.394269101988328430e+02 -3.050302911833484032e+01 -1.105571942200258384e+01 7.125000000000000000e+03
2.166909709822301799e+00 1.343295917421052081e+02 -3.085961641222882790e+01 -5.552362994414523634e+00 7.447000000000000000e+03
2.229700281216152380e+00 1.323673560641651648e+02 -3.334072028120619535e+01 -6.356392113309909497e+00 7.929000000000000000e+03
2.292620027086342382e+00 1.306523551063515640e+02 -2.990427247777849473e+01 -7.651218525736999787e+00 8.353000000000000000e+03
2.355141508366812353e+00 1.278201550070632493e+02 -2.634266063456022167e+01 -3.474101358094360492e+00 8.775000000000000000e+03
2.417910583817858949e+00 1.259406540073954091e+02 -2.812196599262694008e+01 -2.268964643848171425e-01 9.313000000000000000e+03
2.480856539439619368e+00 1.249806060410264763e+02 -3.118561894405400992e+01 1.012114606661909200e+01 9.841000000000000000e+03
2.543492256872954549e+00 1.230877363143630276e+02 -3.315076513444065398e+01 1.458813982588663549e+01 1.019100000000000000e+04
2.606334251884805386e+00 1.210394908914481817e+02 -3.499390133812455161e+01 2.076313250410787603e+01 1.089700000000000000e+04
2.669257370896960690e+00 1.213185940573093546e+02 -3.527987439425109528e+01 2.940378670877668199e+01 1.130100000000000000e+04
2.732423343141155758e+00 1.182486375225382034e+02 -3.864424990629100165e+01 4.096170727706942216e+01 1.202500000000000000e+04
2.795529680084416047e+00 1.158984051557142294e+02 -3.721577055258698863e+01 5.002794680736429456e+01 1.242300000000000000e+04
2.858366292314493240e+00 1.184279251649588787e+02 -3.852324562836695776e+01 6.489622742019693646e+01 1.302100000000000000e+04
2.920876271394311718e+00 1.191610219350844204e+02 -4.491684029419043611e+01 7.104620480135233151e+01 1.340500000000000000e+04
2.983449844439822751e+00 1.214875078906757722e+02 -4.506914973188144558e+01 8.703687955182489588e+01 1.424700000000000000e+04
3.046384918400867114e+00 1.204063679808489837e+02 -4.464904245089503121e+01 6.775788010428904329e+01 1.427500000000000000e+04
3.109279688161210142e+00 1.171665602138563713e+02 -4.165475722768497491e+01 2.583441279696722503e+01 1.410000000000000000e+04
3.172087338483245755e+00 1.115931043436116710e+02 -3.394594653397384576e+01 -1.030420625146308211e+01 1.351600000000000000e+04
3.235077053285361881e+00 1.090223513961463766e+02 -2.556643382900551487e+01 -4.093263952987823728e+01 1.349200000000000000e+04
3.297974619160294107e+00 1.055564101087010300e+02 -1.983659401243863840e+01 -7.284512762183450718e+01 1.270200000000000000e+04
3.360979404794635528e+00 1.046073287820693452e+02 -1.533845593609416902e+01 -1.020491928126244829e+02 1.263400000000000000e+04
3.423687966102657132e+00 1.056688613749925594e+02 -1.097668934206989277e+01 -1.273614496778039893e+02 1.180200000000000000e+04
3.486367717614779593e+00 1.065427681046297153e+02 -9.509094221556861015e+00 -1.479860839909998447e+02 1.159000000000000000e+04
3.549237455189846013e+00 1.062184449645590263e+02 -4.329896119082244255e+00 -1.690883388993095195e+02 1.100400000000000000e+04
3.611466567116090154e+00 1.064969036501468622e+02 3.542062433038101754e-01 -1.900583270559596656e+02 1.025800000000000000e+04
3.674175279485516032e+00 1.073926162641147499e+02 -2.148589764347188069e+00 -1.974465451765059925e+02 1.013800000000000000e+04
3.737325177637534246e+00 1.102533403215009855e+02 -1.275841385563675434e+00 -2.152901835260161079e+02 9.282000000000000000e+03
3.800314856493150373e+00 1.115259335486538816e+02 -2.594746281794958698e+00 -2.250785742248612848e+02 8.824000000000000000e+03
3.863228937922256190e+00 1.121232912778839363e+02 -8.204974948698465775e-01 -2.355074309665106682e+02 8.130000000000000000e+03
3.925673163149277833e+00 1.133771901183927042e+02 4.554848053836256128e+00 -2.547028587184635740e+02 7.330000000000000000e+03
3.988379144029963186e+00 1.145076840364116890e+02 9.081572992606803396e+00 -2.685197157646995265e+02 6.960000000000000000e+03
4.051365442737894007e+00 1.132100833494039591e+02 9.899862993030293268e+00 -2.821902547138879527e+02 5.944000000000000000e+03
4.114073661208438537e+00 1.182316105504015695e+02 1.169824085597757168e+01 -2.971915868272239436e+02 5.482000000000000000e+03
4.176398926321660099e+00 1.187062350530752042e+02 8.170185287401649177e+00 -3.106148406707603158e+02 4.458000000000000000e+03
4.238428652338137148e+00 1.154992152710284472e+02 3.648914716251027368e+00 -3.122696807850545042e+02 3.892000000000000000e+03
4.301987060447956424e+00 1.094236199100370328e+02 4.863071580191897225e-01 -3.154862230198054931e+02 3.165000000000000000e+03
4.365598466856841497e+00 1.072722015706274732e+02 -2.133390169995366570e+00 -3.207210541272340265e+02 2.617000000000000000e+03
4.427107359730706015e+00 1.124549918564872542e+02 -5.583380183534327745e-01 -3.482979473082926347e+02 2.037000000000000000e+03
4.489602987092925268e+00 1.151986609989406389e+02 4.303346515127222993e+00 -3.728624310507414066e+02 1.831000000000000000e+03
4.554125500073445743e+00 1.179290702213343991e+02 6.131151889105651343e+00 -3.905272833830685499e+02 1.435000000000000000e+03
4.616430240049651523e+00 1.213877189402590062e+02 3.799148426492484631e+00 -4.057524336203896382e+02 1.119000000000000000e+03
4.677252312221349406e+00 1.231771776154269702e+02 4.379596480570216777e+00 -4.175689457576564223e+02 8.800000000000000000e+02
4.741981513824780059e+00 1.295331435254402095e+02 5.479006165439019860e+00 -4.447209315080321517e+02 7.470000000000000000e+02
4.809273072599613563e+00 1.195019223918074971e+02 3.855878495029166686e+00 -4.117823397139662802e+02 5.200000000000000000e+02
4.871546600533164906e+00 1.162187174156647842e+02 1.394347770931638753e+00 -4.001332916718120032e+02 3.280000000000000000e+02
4.925260063653622566e+00 1.068786496792115059e+02 1.643505713948648195e+00 -3.705261824462290861e+02 2.160000000000000000e+02
4.988369355351538026e+00 8.800443798074141455e+01 1.255594718584967628e+00 -3.071324203334980893e+02 1.720000000000000000e+02
5.058296331193474771e+00 9.226800298118818944e+01 1.414793876003328510e-01 -3.219795258882531925e+02 8.400000000000000000e+01
5.124330000078495928e+00 7.152003571076738808e+01 1.020265845553972150e+00 -2.510475885912410945e+02 2.500000000000000000e+01
5.169965902813741465e+00 1.625070156239430617e+02 6.197278949253335334e+00 -5.742601275766794515e+02 6.000000000000000000e+00
5.223742168994547797e+00 1.054182804225614944e+02 0.000000000000000000e+00 -3.689639814789651382e+02 1.000000000000000000e+00
