8.899641224696955288e-02 5.488342833264526234e+03 -2.286111773917040409e+03 -1.185730987034962936e+03 1.300000000000000000e+01
1.507912216506557823e-01 4.179807307896433485e+03 -2.162172954820791517e+02 2.432829133117426409e+03 3.300000000000000000e+01
2.144790186456836945e-01 3.626299504241153045e+03 2.541855787510078244e+02 -2.106489156904623599e+02 7.900000000000000000e+01
2.783660776489276789e-01 3.299752333249683943e+03 -9.957092237080068742e+01 -1.253727249006780085e+02 1.170000000000000000e+02
3.435099785803411021e-01 2.863813544820739935e+03 -1.826984431194952379e+02 -1.481069986492711905e+02 2.050000000000000000e+02
4.047886761425745772e-01 2.549077610858883872e+03 -1.133897723142286225e+02 2.272558925460118928e+01 2.350000000000000000e+02
4.676716683575679601e-01 2.164239256226068392e+03 -2.660349804322958676e+02 -2.097434854702347877e+02 3.690000000000000000e+02
5.308225101765952081e-01 1.820132267210301961e+03 -1.498545846105997725e+02 -7.535031736302506999e+01 4.330000000000000000e+02
5.945362440940590298e-01 1.488194891586306767e+03 -1.521492383592201350e+02 -1.336070584754186825e+02 5.850000000000000000e+02
6.576224814588792489e-01 1.205522978423138738e+03 -2.444868679579722937e+02 3.309921978166870105e+01 6.790000000000000000e+02
7.196632906698736676e-01 9.733810403736293893e+02 -2.040064585893390188e+02 -1.890489202113754175e+02 8.130000000000000000e+02
7.827860915688348298e-01 7.695011527945559919e+02 -1.812625384773089650e+02 -1.985249540746340529e+02 9.850000000000000000e+02
8.470398945834540783e-01 5.974921411220470873e+02 -1.800008143523023136e+02 -1.203215155199554687e+02 1.183000000000000000e+03
9.096854620527370372e-01 4.641390680915982898e+02 -1.463568155980475183e+02 -1.411217131229209087e+02 1.269000000000000000e+03
9.720789776830213169e-01 3.629651076261667981e+02 -1.167849672257483320e+02 -1.576489108523610128e+02 1.537000000000000000e+03
1.034763038959366499e+00 2.802009062734335316e+02 -1.016319421787564607e+02 -1.587056215209196637e+02 1.653000000000000000e+03
1.097576444254559247e+00 2.174388525942961508e+02 -7.866160770322092333e+01 -1.319977727246613881e+02 1.963000000000000000e+03
1.160543084780093270e+00 1.683753282662684967e+02 -5.654565704984660357e+01 -1.290446944077361877e+02 2.121000000000000000e+03
1.223669666537485323e+00 1.331141361965722467e+02 -3.997091427025225840e+01 -1.135874499115253968e+02 2.413000000000000000e+03
1.286817263090294094e+00 1.058917960876262470e+02 -2.851650026688848882e+01 -1.026818476515164917e+02 2.635000000000000000e+03
1.349500801664080818e+00 8.368691823650621586e+01 -1.775494309256408698e+01 -8.230078373858866314e+01 2.877000000000000000e+03
1.411949558842147567e+00 7.005696212651952237e+01 -1.194826279258645663e+01 -7.650340199100607208e+01 3.169000000000000000e+03
1.475133575747468395e+00 5.840638722298112384e+01 -5.806614621066494841e+00 -6.628290652841324970e+01 3.507000000000000000e+03
1.537865074252268593e+00 5.084871109261951005e+01 -2.756120900811863894e+00 -5.834129841085940882e+01 3.685000000000000000e+03
1.600657544051110381e+00 4.332164365304182496e+01 -5.433060583027553569e-01 -4.786723622624894148e+01 4.165000000000000000e+03
1.663991168687080524e+00 3.833655474434572596e+01 5.324664886887762183e-01 -4.164759394246286917e+01 4.377000000000000000e+03
1.727195645776442801e+00 3.484337872183007079e+01 1.555522276410306493e+00 -3.710212290921062106e+01 4.855000000000000000e+03
1.789765213377084718e+00 3.089525647067643277e+01 8.122643629806488574e-01 -3.026370625791794566e+01 4.929000000000000000e+03
1.852353690647852158e+00 2.884994982805762831e+01 8.049444875193284554e-01 -2.529085651224294651e+01 5.581000000000000000e+03
1.914806787341157390e+00 2.623739215730355312e+01 3.690753172090055489e-01 -2.082004707526229481e+01 5.679000000000000000e+03
1.977889868651535599e+00 2.505464007943777460e+01 2.306747082112827196e-01 -1.728987079774838875e+01 6.385000000000000000e+03
2.040937735447724499e+00 2.329363529196623617e+01 1.890916574609815548e-01 -1.207866982300437719e+01 6.553000000000000000e+03
2.103939302609846074e+00 2.195578313266593540e+01 1.041733976771451048e-01 -7.755609667188687162e+00 7.125000000000000000e+03
2.166909709822301799e+00 2.109121591385592254e+01 -2.741055802323930091e-01 -4.904508223965025948e+00 7.447000000000000000e+03
2.229700281216152380e+00 2.036746222326252465e+01 4.241400149483990911e-01 -1.037736534757618845e+00 7.929000000000000000e+03
2.292620027086342382e+00 1.978311852189902709e+01 -5.795148568364820729e-01 1.627666022698241788e+00 8.353000000000000000e+03
2.355141508366812353e+00 1.930152521829079859e+01 2.225093238206000412e-01 5.001511146387692008e+00 8.775000000000000000e+03
2.417910583817858949e+00 1.882498780119526316e+01 8.462298769837424128e-01 8.008562738396244995e+00 9.313000000000000000e+03
2.480856539439619368e+00 1.830461837495002442e+01 6.784813006360516097e-01 1.006081392152885456e+01 9.841000000000000000e+03
2.543492256872954549e+00 1.800011969880805296e+01 1.762515852462853472e+00 1.261183113377444442e+01 1.019100000000000000e+04
2.606334251884805386e+00 1.794727770170726444e+01 2.052405708754622360e+00 1.537054245582297796e+01 1.089700000000000000e+04
2.669257370896960690e+00 1.751181836089734745e+01 2.479931413394813600e+00 1.626730162352730602e+01 1.130100000000000000e+04
2.732423343141155758e+00 1.762771022671319443e+01 3.163056114509297245e+00 2.020856241445063972e+01 1.202500000000000000e+04
2.795529680084416047e+00 1.771784790725207159e+01 3.881454801007625743e+00 2.183070105743254885e+01 1.242300000000000000e+04
2.858366292314493240e+00 1.781184824928156729e+01 4.822096937814385420e+00 2.377561496906306715e+01 1.302100000000000000e+04
2.920876271394311718e+00 1.812804825633656947e+01 6.213915063556344265e+00 2.794129095787842587e+01 1.340500000000000000e+04
2.983449844439822751e+00 1.835863744670552933e+01 6.470379845232995919e+00 2.957635602158222099e+01 1.424700000000000000e+04
3.046384918400867114e+00 1.777523528544902476e+01 6.129843255883265840e+00 2.608115407764364235e+01 1.427500000000000000e+04
3.109279688161210142e+00 1.676315359411408679e+01 4.048266095309180912e+00 1.688554433605829175e+01 1.410000000000000000e+04
3.172087338483245755e+00 1.554914395398587956e+01 2.009974134038232219e+00 9.586021013165245463e+00 1.351600000000000000e+04
3.235077053285361881e+00 1.415701435020979204e+01 -4.292656173992832058e-01 3.608393801027046432e+00 1.349200000000000000e+04
3.297974619160294107e+00 1.303482024894636737e+01 -1.827203553955991655e+00 -1.157401809730653097e+00 1.270200000000000000e+04
3.360979404794635528e+00 1.223067324684509671e+01 -2.944133102560896997e+00 -3.666018805006455938e+00 1.263400000000000000e+04
3.423687966102657132e+00 1.160681577087879823e+01 -3.202942078281917127e+00 -6.530952297196535916e+00 1.180200000000000000e+04
3.486367717614779593e+00 1.113576473961872182e+01 -3.380098204491507552e+00 -8.146493883943103143e+00 1.159000000000000000e+04
3.549237455189846013e+00 1.100399068606730246e+01 -3.839718618812927975e+00 -9.446281541954324013e+00 1.100400000000000000e+04
3.611466567116090154e+00 1.070683825817584456e+01 -3.632813278071234109e+00 -1.108417694431030398e+01 1.025800000000000000e+04
3.674175279485516032e+00 1.118409334525578736e+01 -3.700350286532072541e+00 -1.289840975051460426e+01 1.013800000000000000e+04
3.737325177637534246e+00 1.118193896679086130e+01 -3.311207626790052760e+00 -1.479389564216468678e+01 9.282000000000000000e+03
3.800314856493150373e+00 1.148356688164161810e+01 -3.463741868969268722e+00 -1.605239494720114024e+01 8.824000000000000000e+03
3.863228937922256190e+00 1.166024496638355856e+01 -3.451030141249165073e+00 -1.738122504472004692e+01 8.130000000000000000e+03
3.925673163149277833e+00 1.166595984996171609e+01 -3.403755328752309239e+00 -1.846460753297393609e+01 7.330000000000000000e+03
3.988379144029963186e+00 1.195514042971809765e+01 -3.591401164404498303e+00 -1.917536135637843842e+01 6.960000000000000000e+03
4.051365442737894007e+00 1.175789616773011126e+01 -3.133362027845092435e+00 -2.094319002876172675e+01 5.944000000000000000e+03
4.114073661208438537e+00 1.198287296057437246e+01 -3.029801499512070340e+00 -2.226167409023856791e+01 5.482000000000000000e+03
4.176398926321660099e+00 1.186796879785843650e+01 -2.213414824214525733e+00 -2.517657980627027214e+01 4.458000000000000000e+03
4.238428652338137148e+00 1.185698580257286494e+01 -1.728830215922253721e+00 -2.787503921468784540e+01 3.892000000000000000e+03
4.301987060447956424e+00 1.168990912724275688e+01 -3.238110516300492583e-03 -3.280193064753406418e+01 3.165000000000000000e+03
4.365598466856841497e+00 1.188039247458860181e+01 8.184032353911653290e-01 -3.658367251177807589e+01 2.617000000000000000e+03
4.427107359730706015e+00 1.244288057139886128e+01 9.091574839123747198e-01 -3.965073850179359027e+01 2.037000000000000000e+03
4.489602987092925268e+00 1.307544870562846029e+01 1.005800344871268903e+00 -4.302889601112068618e+01 1.831000000000000000e+03
4.554125500073445743e+00 1.361170192100873422e+01 7.028650719884635967e-01 -4.511395320858860458e+01 1.435000000000000000e+03
4.616430240049651523e+00 1.382124187612513389e+01 4.785894774093545911e-01 -4.617707643902370052e+01 1.119000000000000000e+03
4.677252312221349406e+00 1.401000764077881300e+01 6.176355881030068384e-02 -4.694351192071678014e+01 8.800000000000000000e+02
4.741981513824780059e+00 1.351868184067474843e+01 -2.191312694273278294e-01 -4.557111103683151754e+01 7.470000000000000000e+02
4.809273072599613563e+00 1.302622399938340259e+01 -3.465286378199808337e-01 -4.418233680885951031e+01 5.200000000000000000e+02
4.871546600533164906e+00 1.169783554076725984e+01 -5.316711994536029717e-01 -3.965786450217526493e+01 3.280000000000000000e+02
4.925260063653622566e+00 1.190380059567263693e+01 -4.489145691270804983e-01 -4.056003252154768290e+01 2.160000000000000000e+02
4.988369355351538026e+00 1.056415058894139491e+01 -3.036501203162105256e-01 -3.635637053761924165e+01 1.720000000000000000e+02
5.058296331193474771e+00 9.464529394922870154e+00 -2.560678779208834799e-01 -3.269388510679671356e+01 8.400000000000000000e+01
5.124330000078495928e+00 8.713934508454613592e+00 -4.482983878105482878e-02 -3.041559914598117942e+01 2.500000000000000000e+01
5.169965902813741465e+00 1.382770571723052555e+01 1.366350217984726445e-01 -4.848662165869943408e+01 6.000000000000000000e+00
5.223742168994547797e+00 3.585167813077278254e+01 0.000000000000000000e+00 -1.254808734577047460e+02 1.000000000000000000e+00
