8.899641224696955288e-02 5.594230042383523141e+03 -2.403639237289557968e+03 -1.155553036937296611e+03 1.300000000000000000e+01
1.507912216506557823e-01 4.217746166731788435e+03 -2.419458695480565780e+02 2.537261099781513167e+03 3.300000000000000000e+01
2.144790186456836945e-01 3.641104301582119206e+03 2.735601544605697768e+02 -1.813453029703527477e+02 7.900000000000000000e+01
2.783660776489276789e-01 3.309101874609680181e+03 -1.042174643321567942e+02 -1.259837086631269045e+02 1.170000000000000000e+02
3.435099785803411021e-01 2.864204292869324945e+03 -1.830692289474006316e+02 -1.530030902646506661e+02 2.050000000000000000e+02
4.047886761425745772e-01 2.548963842409976678e+03 -1.103100432737140437e+02 1.476994375602664178e+01 2.350000000000000000e+02
4.676716683575679601e-01 2.162492143871122153e+03 -2.688061722661272483e+02 -2.195249271856975213e+02 3.690000000000000000e+02
5.308225101765952081e-01 1.819293569197266834e+03 -1.475064390770041314e+02 -7.812863073075907039e+01 4.330000000000000000e+02
5.945362440940590298e-01 1.486700052477083091e+03 -1.479331088107332448e+02 -1.390206387877988163e+02 5.850000000000000000e+02
6.576224814588792489e-01 1.204026594710143399e+03 -2.443548767609628953e+02 3.230534748761311192e+01 6.790000000000000000e+02
7.196632906698736676e-01 9.738778058993730156e+02 -2.036170395088545320e+02 -1.893320339648377058e+02 8.130000000000000000e+02
7.827860915688348298e-01 7.701568537495046485e+02 -1.783422353884207894e+02 -1.996312485202576852e+02 9.850000000000000000e+02
8.470398945834540783e-01 5.993427303366711385e+02 -1.785967431301381509e+02 -1.245465346653207348e+02 1.183000000000000000e+03
9.096854620527370372e-01 4.670307997101284059e+02 -1.446486511547374505e+02 -1.437193275502294796e+02 1.269000000000000000e+03
9.720789776830213169e-01 3.668421826814637825e+02 -1.148406060095491625e+02 -1.604910018214592640e+02 1.537000000000000000e+03
1.034763038959366499e+00 2.848448168924437596e+02 -9.982466788414343739e+01 -1.622455381323749180e+02 1.653000000000000000e+03
1.097576444254559247e+00 2.227740657871406995e+02 -7.764144557781163769e+01 -1.356283355874246581e+02 1.963000000000000000e+03
1.160543084780093270e+00 1.737055625240440975e+02 -5.550540811179636336e+01 -1.326904070273362493e+02 2.121000000000000000e+03
1.223669666537485323e+00 1.384792866406398275e+02 -3.903705473581509011e+01 -1.175677189600996968e+02 2.413000000000000000e+03
1.286817263090294094e+00 1.111595915532097791e+02 -2.782458817909835957e+01 -1.070677157645651363e+02 2.635000000000000000e+03
1.349500801664080818e+00 8.874992070351103735e+01 -1.739581636228846762e+01 -8.640012505435345247e+01 2.877000000000000000e+03
1.411949558842147567e+00 7.485939218826794672e+01 -1.178840809035363968e+01 -8.134544763082040220e+01 3.169000000000000000e+03
1.475133575747468395e+00 6.289794636504220193e+01 -5.781167110174974866e+00 -7.041330294421992164e+01 3.507000000000000000e+03
1.537865074252268593e+00 5.502991136931731120e+01 -2.887535711829493312e+00 -6.278698198468249103e+01 3.685000000000000000e+03
1.600657544051110381e+00 4.714303624239285284e+01 -3.934818926704319320e-01 -5.189577105598222317e+01 4.165000000000000000e+03
1.663991168687080524e+00 4.183344899695077856e+01 6.753012871231580672e-01 -4.526527607915195262e+01 4.377000000000000000e+03
1.727195645776442801e+00 3.813234910548469259e+01 1.616879205727465463e+00 -4.045791382383869461e+01 4.855000000000000000e+03
1.789765213377084718e+00 3.390201228572134085e+01 9.913771840482116238e-01 -3.348739390344098865e+01 4.929000000000000000e+03
1.852353690647852158e+00 3.163247163992968325e+01 1.019529282562173345e+00 -2.779377025586519778e+01 5.581000000000000000e+03
1.914806787341157390e+00 2.882309689635311045e+01 5.458459101782420220e-01 -2.277142991804800687e+01 5.679000000000000000e+03
1.977889868651535599e+00 2.755733546861520011e+01 2.893964529920484141e-01 -1.896455802881487074e+01 6.385000000000000000e+03
2.040937735447724499e+00 2.569359582310444878e+01 2.568001997455738317e-01 -1.307874651054301474e+01 6.553000000000000000e+03
2.103939302609846074e+00 2.424175284799073182e+01 5.803160334545896804e-02 -8.452610270781645951e+00 7.125000000000000000e+03
2.166909709822301799e+00 2.327993083682316566e+01 -4.218324930916648174e-01 -5.288535753664325156e+00 7.447000000000000000e+03
2.229700281216152380e+00 2.250621978343841434e+01 3.360001434575440871e-01 -1.158570058631552824e+00 7.929000000000000000e+03
2.292620027086342382e+00 2.186683106414002964e+01 -8.951445198008606274e-01 1.541655641092912088e+00 8.353000000000000000e+03
2.355141508366812353e+00 2.128897576160082039e+01 5.329348850053482883e-02 5.209690006409301688e+00 8.775000000000000000e+03
2.417910583817858949e+00 2.071822917111307305e+01 7.470057993184424650e-01 8.235073965364541948e+00 9.313000000000000000e+03
2.480856539439619368e+00 2.009641069481682507e+01 5.623225072010502590e-01 1.012204920121665097e+01 9.841000000000000000e+03
2.543492256872954549e+00 1.972806258350446740e+01 1.780146781133947753e+00 1.263055907770587893e+01 1.019100000000000000e+04
2.606334251884805386e+00 1.966366421812674048e+01 2.091146324268584156e+00 1.538414754307299681e+01 1.089700000000000000e+04
2.669257370896960690e+00 1.914015873312028404e+01 2.574809897844153372e+00 1.591434398860867994e+01 1.130100000000000000e+04
2.732423343141155758e+00 1.921894533511370184e+01 3.418282427328180439e+00 2.014713826865054358e+01 1.202500000000000000e+04
2.795529680084416047e+00 1.928876470444871671e+01 4.076579159143999931e+00 2.160772185784863453e+01 1.242300000000000000e+04
2.858366292314493240e+00 1.936934315099078319e+01 4.993388745424576669e+00 2.337249905421597518e+01 1.302100000000000000e+04
2.920876271394311718e+00 1.972824526080731289e+01 6.626610541837496982e+00 2.780187635773016552e+01 1.340500000000000000e+04
2.983449844439822751e+00 1.997072277061343115e+01 6.563183425323496856e+00 2.940426728177337168e+01 1.424700000000000000e+04
3.046384918400867114e+00 1.947022123047145570e+01 6.134989066415734271e+00 2.601103975210008556e+01 1.427500000000000000e+04
3.109279688161210142e+00 1.866083293413676003e+01 3.960784400374514735e+00 1.700042604338649710e+01 1.410000000000000000e+04
3.172087338483245755e+00 1.754432044052852646e+01 1.689171518931498639e+00 9.482248698887872251e+00 1.351600000000000000e+04
3.235077053285361881e+00 1.618987761559844429e+01 -8.276364833517122488e-01 3.200179025250931897e+00 1.349200000000000000e+04
3.297974619160294107e+00 1.500563426249033228e+01 -2.182653662317723509e+00 -2.162384493603264346e+00 1.270200000000000000e+04
3.360979404794635528e+00 1.415925684319055300e+01 -3.128076869501290158e+00 -5.059334439654172400e+00 1.263400000000000000e+04
3.423687966102657132e+00 1.357021902568390637e+01 -3.301338378513010596e+00 -8.287921362362991928e+00 1.180200000000000000e+04
3.486367717614779593e+00 1.312337687474779990e+01 -3.283241829130785217e+00 -1.063937865885142031e+01 1.159000000000000000e+04
3.549237455189846013e+00 1.301249591386970828e+01 -3.672329321151888593e+00 -1.242170038087408557e+01 1.100400000000000000e+04
3.611466567116090154e+00 1.271765827574915519e+01 -3.434439680336295986e+00 -1.427303868761138084e+01 1.025800000000000000e+04
3.674175279485516032e+00 1.334178003573167004e+01 -3.366032143639339225e+00 -1.663854841680029750e+01 1.013800000000000000e+04
3.737325177637534246e+00 1.334119165939333662e+01 -2.872933810032455959e+00 -1.882246433862403023e+01 9.282000000000000000e+03
3.800314856493150373e+00 1.370580284467695442e+01 -3.083798250899926874e+00 -2.013633087228626195e+01 8.824000000000000000e+03
3.863228937922256190e+00 1.392020233262324780e+01 -3.131999177129436429e+00 -2.152417557089028577e+01 8.130000000000000000e+03
3.925673163149277833e+00 1.392887348052164143e+01 -3.095145814453678756e+00 -2.273978803527269221e+01 7.330000000000000000e+03
3.988379144029963186e+00 1.440912707406498505e+01 -3.514016850044130447e+00 -2.331853926433892354e+01 6.960000000000000000e+03
4.051365442737894007e+00 1.408555034983118937e+01 -3.100692628374658533e+00 -2.504233980574182183e+01 5.944000000000000000e+03
4.114073661208438537e+00 1.460118870127467794e+01 -3.110996226241972362e+00 -2.657128819455995483e+01 5.482000000000000000e+03
4.176398926321660099e+00 1.428126905111641243e+01 -1.961834470500811500e+00 -3.033726659664904091e+01 4.458000000000000000e+03
4.238428652338137148e+00 1.411900037497552596e+01 -1.273919944422186479e+00 -3.363605248344117626e+01 3.892000000000000000e+03
4.301987060447956424e+00 1.387271073163431012e+01 8.264870102939854135e-01 -4.004833119295675203e+01 3.165000000000000000e+03
4.365598466856841497e+00 1.441862556356486103e+01 1.840707143671206136e+00 -4.574109910665969636e+01 2.617000000000000000e+03
4.427107359730706015e+00 1.555323763515315072e+01 1.894809689401050878e+00 -5.084721221643940936e+01 2.037000000000000000e+03
4.489602987092925268e+00 1.693919645391204298e+01 1.822305317213664733e+00 -5.657351423010341307e+01 1.831000000000000000e+03
4.554125500073445743e+00 1.801849408295952770e+01 1.265295857584882944e+00 -6.022784953633283322e+01 1.435000000000000000e+03
4.616430240049651523e+00 1.868104925846067843e+01 9.019968272690835898e-01 -6.274942008662251425e+01 1.119000000000000000e+03
4.677252312221349406e+00 1.915139309664905198e+01 3.542753707386115947e-01 -6.451660911288031741e+01 8.800000000000000000e+02
4.741981513824780059e+00 1.850911814593047566e+01 -1.658040479135498846e-01 -6.258683816166129077e+01 7.470000000000000000e+02
4.809273072599613563e+00 1.830771566412967388e+01 -4.749524289363753482e-01 -6.212733662530847312e+01 5.200000000000000000e+02
4.871546600533164906e+00 1.680109276483903358e+01 -6.726926135541475560e-01 -5.705050960647081837e+01 3.280000000000000000e+02
4.925260063653622566e+00 1.679001975656381163e+01 -5.835613873057502454e-01 -5.726102550198398689e+01 2.160000000000000000e+02
4.988369355351538026e+00 1.512656947148218478e+01 -3.226664318820786637e-01 -5.218341334257359421e+01 1.720000000000000000e+02
5.058296331193474771e+00 1.270064117108237411e+01 -4.275446561662618050e-01 -4.378051257200887392e+01 8.400000000000000000e+01
5.124330000078495928e+00 1.216265170787106342e+01 -2.732841043853078550e-02 -4.248696261974187394e+01 2.500000000000000000e+01
5.169965902813741465e+00 1.835259135473799219e+01 6.019513019951830413e-02 -6.423617910266190734e+01 6.000000000000000000e+00
5.223742168994547797e+00 3.603411539274967623e+01 0.000000000000000000e+00 -1.261194038746238419e+02 1.000000000000000000e+00
