8.899641224696955288e-02 1.574014245663577640e+04 -1.105326810264866981e+04 1.811382080345563509e+03 1.300000000000000000e+01
1.507912216506557823e-01 1.166921426763203272e+04 -1.744434405756320302e+03 9.299473710151256455e+03 3.300000000000000000e+01
2.144790186456836945e-01 9.040112298502974227e+03 5.760479343449537737e+02 2.489836434932105647e+02 7.900000000000000000e+01
2.783660776489276789e-01 8.240623910043257638e+03 -1.537437367762921667e+03 -1.289294991566849831e+02 1.170000000000000000e+02
3.435099785803411021e-01 6.488167444818452168e+03 -1.686874387256801356e+03 -8.096621290133568891e+02 2.050000000000000000e+02
4.047886761425745772e-01 5.435648238946723723e+03 -1.441044117814304627e+03 1.052464300633972982e+02 2.350000000000000000e+02
4.676716683575679601e-01 4.292478442984934190e+03 -2.148943393645736705e+03 -1.335007407471202441e+03 3.690000000000000000e+02
5.308225101765952081e-01 3.491198051163696164e+03 -1.544005523167096499e+03 -7.328992323594881100e+02 4.330000000000000000e+02
5.945362440940590298e-01 2.653229321358813650e+03 -1.569032837180389834e+03 -4.324792574273012065e+02 5.850000000000000000e+02
6.576224814588792489e-01 2.000011355958728245e+03 -1.771316241426671695e+03 -1.356651741184478510e+02 6.790000000000000000e+02
7.196632906698736676e-01 1.478582438245662615e+03 -1.619299029383189009e+03 -5.481748998307779175e+02 8.130000000000000000e+02
7.827860915688348298e-01 1.141035943896026993e+03 -1.129542446197357776e+03 -4.228559509912149679e+02 9.850000000000000000e+02
8.470398945834540783e-01 8.904283630435787700e+02 -1.044244609896352358e+03 -6.538880066160800197e+02 1.183000000000000000e+03
9.096854620527370372e-01 7.145046858134152217e+02 -7.089717949372866315e+02 -6.199930806722123862e+02 1.269000000000000000e+03
9.720789776830213169e-01 6.114330885194212897e+02 -3.912696344278549532e+02 -6.518831388240065507e+02 1.537000000000000000e+03
1.034763038959366499e+00 5.711686026420541111e+02 -2.685150958674998947e+02 -6.586199461834991098e+02 1.653000000000000000e+03
1.097576444254559247e+00 5.408878270330584428e+02 -1.096051838562409557e+02 -6.350221357046028743e+02 1.963000000000000000e+03
1.160543084780093270e+00 5.114875862723832256e+02 -5.882298883792661748e+00 -6.650922704757221027e+02 2.121000000000000000e+03
1.223669666537485323e+00 4.877196585558718311e+02 4.675925563815425789e+01 -6.545353111086629951e+02 2.413000000000000000e+03
1.286817263090294094e+00 4.657942987217945756e+02 1.032952378685317427e+02 -6.463456136089587289e+02 2.635000000000000000e+03
1.349500801664080818e+00 4.338858332367821049e+02 9.013287350748124993e+01 -6.203366025315638126e+02 2.877000000000000000e+03
1.411949558842147567e+00 4.139738293183771134e+02 7.136161599842736791e+01 -6.016263087337628122e+02 3.169000000000000000e+03
1.475133575747468395e+00 3.868260020252639606e+02 5.349074710234553010e+01 -5.324822619807637238e+02 3.507000000000000000e+03
1.537865074252268593e+00 3.569219391677385147e+02 1.276446758199685583e+01 -4.870494017591304896e+02 3.685000000000000000e+03
1.600657544051110381e+00 3.306708771725596421e+02 -2.196574031560359241e+00 -4.138684748054519673e+02 4.165000000000000000e+03
1.663991168687080524e+00 3.013875144878151104e+02 -6.591879684125784067e+00 -2.872347662068863201e+02 4.377000000000000000e+03
1.727195645776442801e+00 2.773148022844634397e+02 -3.354355317127406977e+01 -2.391940084458111642e+02 4.855000000000000000e+03
1.789765213377084718e+00 2.516313109472455665e+02 -5.306821245765888051e+01 -1.736437151997097885e+02 4.929000000000000000e+03
1.852353690647852158e+00 2.366726056359239863e+02 -5.663774574170790999e+01 -9.403193351279769274e+01 5.581000000000000000e+03
1.914806787341157390e+00 2.214696056639824917e+02 -7.188801304112772073e+01 -3.322473602629059286e+01 5.679000000000000000e+03
1.977889868651535599e+00 2.124458596021378014e+02 -8.103025173728052266e+01 -2.733313262439073466e+00 6.385000000000000000e+03
2.040937735447724499e+00 2.002428883904527765e+02 -7.048420273099851840e+01 4.147952615514340380e+01 6.553000000000000000e+03
2.103939302609846074e+00 1.946225824540971701e+02 -7.330351200426257208e+01 5.344054844813192062e+01 7.125000000000000000e+03
2.166909709822301799e+00 1.904732466248868263e+02 -7.534508595000615117e+01 6.643179881608753590e+01 7.447000000000000000e+03
2.229700281216152380e+00 1.887291141061905648e+02 -5.736105210830976375e+01 6.386923211563986058e+01 7.929000000000000000e+03
2.292620027086342382e+00 1.847223424504381910e+02 -6.757627941042846942e+01 3.682496332745213152e+01 8.353000000000000000e+03
2.355141508366812353e+00 1.861766543489011667e+02 -4.564878651022812761e+01 4.411460000909505652e+01 8.775000000000000000e+03
2.417910583817858949e+00 1.863498973450661254e+02 -2.964025219321357341e+01 4.830782046854933753e+01 9.313000000000000000e+03
2.480856539439619368e+00 1.779741485503125205e+02 -3.370220325043604248e+01 2.794885565610125511e+01 9.841000000000000000e+03
2.543492256872954549e+00 1.751901770268367216e+02 -1.479036080322781466e+01 2.970076435377950830e+01 1.019100000000000000e+04
2.606334251884805386e+00 1.794941550887275241e+02 -9.475310834639927293e-02 1.897100468326287270e+01 1.089700000000000000e+04
2.669257370896960690e+00 1.784039940822718791e+02 4.532839615901171904e+00 -1.847917965468635515e+00 1.130100000000000000e+04
2.732423343141155758e+00 1.821282717691269681e+02 2.026350046977812269e+01 2.182004755107206506e+01 1.202500000000000000e+04
2.795529680084416047e+00 1.866289110421711257e+02 2.893285638390299397e+01 1.625348108690917925e+01 1.242300000000000000e+04
2.858366292314493240e+00 1.872429017110400196e+02 3.525158373922504040e+01 2.158569993735155901e+00 1.302100000000000000e+04
2.920876271394311718e+00 1.946910041812883208e+02 6.700525579878666349e+01 2.919117392526987942e+01 1.340500000000000000e+04
2.983449844439822751e+00 1.950591126957541519e+02 4.635635910808151294e+01 2.841791054307960707e+01 1.424700000000000000e+04
3.046384918400867114e+00 2.005336522859918489e+02 4.283010022254853766e+01 1.611281321227945984e+00 1.427500000000000000e+04
3.109279688161210142e+00 2.088241915949012650e+02 4.586363091930284241e+01 -5.275966479518896080e+01 1.410000000000000000e+04
3.172087338483245755e+00 2.149486860891337585e+02 3.596201705147271355e+01 -1.075563977021059117e+02 1.351600000000000000e+04
3.235077053285361881e+00 2.213503813823720634e+02 3.118367841961262243e+01 -1.619372706148736256e+02 1.349200000000000000e+04
3.297974619160294107e+00 2.191812770386596583e+02 3.954712861946372726e+01 -2.327622663889193859e+02 1.270200000000000000e+04
3.360979404794635528e+00 2.176614049165229403e+02 5.853458459333739938e+01 -2.947469742955792071e+02 1.263400000000000000e+04
3.423687966102657132e+00 2.157417023211891944e+02 6.769135560314053635e+01 -3.434910485354887442e+02 1.180200000000000000e+04
3.486367717614779593e+00 2.110266059662557154e+02 8.251484715017710414e+01 -4.036471064763582604e+02 1.159000000000000000e+04
3.549237455189846013e+00 2.083182508247308249e+02 7.970010256126748516e+01 -4.492507983055929799e+02 1.100400000000000000e+04
3.611466567116090154e+00 2.083422455395319162e+02 7.705006095931864252e+01 -4.796480541582542401e+02 1.025800000000000000e+04
3.674175279485516032e+00 2.194836208476585568e+02 9.498081176432152972e+01 -5.454792982766782643e+02 1.013800000000000000e+04
3.737325177637534246e+00 2.151144732396112715e+02 9.527135515749847627e+01 -5.556308517891609426e+02 9.282000000000000000e+03
3.800314856493150373e+00 2.203507774949231361e+02 9.537097865536411234e+01 -5.821898547124785637e+02 8.824000000000000000e+03
3.863228937922256190e+00 2.205605257763782276e+02 9.198713735779803358e+01 -5.874489391098376245e+02 8.130000000000000000e+03
3.925673163149277833e+00 2.274312273386810546e+02 9.789099559023482300e+01 -6.288987405584977068e+02 7.330000000000000000e+03
3.988379144029963186e+00 2.397417503645780528e+02 1.038570940889023859e+02 -6.606404379790532175e+02 6.960000000000000000e+03
4.051365442737894007e+00 2.364359596025713870e+02 8.825344845466841548e+01 -6.471608460492100221e+02 5.944000000000000000e+03
4.114073661208438537e+00 2.496501514419243506e+02 1.197862579886796084e+02 -7.199712102006467376e+02 5.482000000000000000e+03
4.176398926321660099e+00 2.456761799955820607e+02 1.023194326553883542e+02 -7.158393363487564329e+02 4.458000000000000000e+03
4.238428652338137148e+00 2.243555656555508619e+02 7.748168254816083333e+01 -6.715241517072064426e+02 3.892000000000000000e+03
4.301987060447956424e+00 2.030345019550426855e+02 5.930601968718324457e+01 -6.525949458968783574e+02 3.165000000000000000e+03
4.365598466856841497e+00 2.070393321000086644e+02 5.076032114139706408e+01 -6.962741341672925728e+02 2.617000000000000000e+03
4.427107359730706015e+00 2.108992423273608665e+02 4.387320539109945372e+01 -7.186624236836780710e+02 2.037000000000000000e+03
4.489602987092925268e+00 2.116640122379217814e+02 3.025007814500099812e+01 -7.184345895505647377e+02 1.831000000000000000e+03
4.554125500073445743e+00 1.901492765901669770e+02 1.170326280671774555e+01 -6.353628376484659839e+02 1.435000000000000000e+03
4.616430240049651523e+00 1.706452223894144140e+02 3.299776993357093513e+00 -5.670777058369521910e+02 1.119000000000000000e+03
4.677252312221349406e+00 1.388267283530391296e+02 7.108471151885765060e+00 -4.733697506185031330e+02 8.800000000000000000e+02
4.741981513824780059e+00 9.956761423346418383e+01 9.778691441193805289e-01 -3.379898817424564186e+02 7.470000000000000000e+02
4.809273072599613563e+00 6.223347231481999131e+01 -9.400163461415690591e+00 -2.037453045903852455e+02 5.200000000000000000e+02
4.871546600533164906e+00 1.902456185446144588e+01 -4.823494164990224320e+00 -5.961798097537020880e+01 3.280000000000000000e+02
4.925260063653622566e+00 8.338304215485690563e+00 -2.685752168930600980e+00 -2.527753608821464582e+01 2.160000000000000000e+02
4.988369355351538026e+00 -8.172046974184895873e+01 5.958842943282532723e+00 2.792551758731229370e+02 1.720000000000000000e+02
5.058296331193474771e+00 -1.213122414020311197e+02 -3.518589752904957901e+00 4.271066195757758237e+02 8.400000000000000000e+01
5.124330000078495928e+00 -1.846701609631631982e+02 -5.593562556969216892e+00 6.512961609992414651e+02 2.500000000000000000e+01
5.169965902813741465e+00 -4.099959907858079760e+02 8.039116872327861429e+00 1.424692617437731997e+03 6.000000000000000000e+00
5.223742168994547797e+00 -5.453733995701819595e+02 0.000000000000000000e+00 1.908806898495636688e+03 1.000000000000000000e+00
