8.899641224696955288e-02 9.910744928479165537e+03 -6.162544837139949777e+03 -4.106066696239553835e+02 1.300000000000000000e+01
1.507912216506557823e-01 5.943736496012429598e+03 -1.738565794353619594e+03 6.484290098905906234e+03 3.300000000000000000e+01
2.144790186456836945e-01 4.463785978600149065e+03 8.006533347054427168e+02 1.078688145559155600e+03 7.900000000000000000e+01
2.783660776489276789e-01 3.751925635179793971e+03 -4.183964344414155789e+02 -8.178921703367117857e+01 1.170000000000000000e+02
3.435099785803411021e-01 2.997725700071327992e+03 -1.858534887310507031e+02 -3.893998330047346030e+02 2.050000000000000000e+02
4.047886761425745772e-01 2.492896478366820702e+03 3.203038313252111635e+01 -9.551299278248689006e+01 2.350000000000000000e+02
4.676716683575679601e-01 2.084422493762435352e+03 -2.135027419041371104e+02 -8.563687747045045171e+02 3.690000000000000000e+02
5.308225101765952081e-01 1.743433508220959084e+03 2.801498117595371440e+01 -1.978521977581461897e+02 4.330000000000000000e+02
5.945362440940590298e-01 1.501097200079474078e+03 -3.005188794490851834e+01 -5.373566451568483444e+02 5.850000000000000000e+02
6.576224814588792489e-01 1.168021572703215952e+03 -1.027203029252318345e+02 -2.473498464739999747e+02 6.790000000000000000e+02
7.196632906698736676e-01 1.002823421803724386e+03 -2.418334614218279199e+01 -3.972310004683579336e+02 8.130000000000000000e+02
7.827860915688348298e-01 8.701864392389687737e+02 -3.141907473830149300e+01 -3.189733381084930670e+02 9.850000000000000000e+02
8.470398945834540783e-01 7.230010957624169805e+02 -9.203239957338536215e+01 -2.917494053392085220e+02 1.183000000000000000e+03
9.096854620527370372e-01 6.281728508718563262e+02 -2.092734568619633961e+01 -2.650492737573439399e+02 1.269000000000000000e+03
9.720789776830213169e-01 5.383675443746175233e+02 -6.316259126468470875e+00 -3.206657987486541401e+02 1.537000000000000000e+03
1.034763038959366499e+00 4.674390236428865251e+02 -2.966757290948801540e+01 -2.794689671396273525e+02 1.653000000000000000e+03
1.097576444254559247e+00 4.161683258407453536e+02 3.366581291519533181e+01 -2.796880243620011584e+02 1.963000000000000000e+03
1.160543084780093270e+00 3.781280174559100260e+02 1.007295739385585165e+01 -2.429368859727557037e+02 2.121000000000000000e+03
1.223669666537485323e+00 3.396710507856129198e+02 2.961697218420869504e+01 -2.486167076903328734e+02 2.413000000000000000e+03
1.286817263090294094e+00 3.268548840836821796e+02 5.777431617879292247e+01 -2.244889774440237602e+02 2.635000000000000000e+03
1.349500801664080818e+00 2.968166510872256367e+02 3.419455909575818708e+01 -1.858026672501378016e+02 2.877000000000000000e+03
1.411949558842147567e+00 2.835659904317903397e+02 2.450291904194236992e+01 -1.812681497287688615e+02 3.169000000000000000e+03
1.475133575747468395e+00 2.617534296400622793e+02 2.735113609115033029e+01 -1.504364566156019691e+02 3.507000000000000000e+03
1.537865074252268593e+00 2.411565685039380469e+02 2.547653202538045392e+01 -1.312418204724062321e+02 3.685000000000000000e+03
1.600657544051110381e+00 2.259866021525411668e+02 2.613531177860241428e+01 -1.011616246770739025e+02 4.165000000000000000e+03
1.663991168687080524e+00 2.073337668984256368e+02 2.480224401810290136e+00 -8.491332485580046807e+01 4.377000000000000000e+03
1.727195645776442801e+00 1.933837117825847258e+02 -2.334465081887529436e+00 -8.324305235794460600e+01 4.855000000000000000e+03
1.789765213377084718e+00 1.815501747212871066e+02 1.207815520837785872e+00 -5.488008252713699164e+01 4.929000000000000000e+03
1.852353690647852158e+00 1.714198800620208090e+02 1.308313885596263049e+00 -5.567430410813916097e+01 5.581000000000000000e+03
1.914806787341157390e+00 1.679585057975032782e+02 -5.821858254451909076e+00 -5.166781807967295492e+01 5.679000000000000000e+03
1.977889868651535599e+00 1.588621401896989482e+02 -2.652463386710383730e+00 -5.556199487301461204e+01 6.385000000000000000e+03
2.040937735447724499e+00 1.483816654303671783e+02 -1.021987593910052672e+00 -3.676185151402234652e+01 6.553000000000000000e+03
2.103939302609846074e+00 1.425514043538379099e+02 -2.828377035835330844e+00 -4.436599792964219091e+01 7.125000000000000000e+03
2.166909709822301799e+00 1.370139812909887098e+02 -4.813459480070326202e-01 -3.039597886288644091e+01 7.447000000000000000e+03
2.229700281216152380e+00 1.326961132179178549e+02 -5.701264697627993483e-01 -2.915289695922740876e+01 7.929000000000000000e+03
2.292620027086342382e+00 1.268098578190652432e+02 2.272079315614089268e+00 -3.345844601306564670e+01 8.353000000000000000e+03
2.355141508366812353e+00 1.217268600240975758e+02 8.898952074047288718e+00 -2.742249060936334004e+01 8.775000000000000000e+03
2.417910583817858949e+00 1.187926476285860105e+02 1.033925955611156411e+01 -2.756376897334582665e+01 9.313000000000000000e+03
2.480856539439619368e+00 1.154539763805015440e+02 1.266486304812467800e+01 -2.330951132257561298e+01 9.841000000000000000e+03
2.543492256872954549e+00 1.111526489277719350e+02 7.687681436863533335e+00 -1.943947476789610107e+01 1.019100000000000000e+04
2.606334251884805386e+00 1.062813125371618952e+02 8.763421294384309945e+00 -1.948568689652529073e+01 1.089700000000000000e+04
2.669257370896960690e+00 1.071642977142395665e+02 9.886958414377760462e+00 -1.506563063998469154e+01 1.130100000000000000e+04
2.732423343141155758e+00 1.029509230160215054e+02 1.146864764641403234e+01 -3.242032846818092562e+00 1.202500000000000000e+04
2.795529680084416047e+00 1.022272560937237671e+02 1.064706655206809316e+01 -4.083641520930756941e-01 1.242300000000000000e+04
2.858366292314493240e+00 9.912552759976206573e+01 1.236499428094662711e+01 5.673539525380792981e+00 1.302100000000000000e+04
2.920876271394311718e+00 9.838261872090046722e+01 1.273594422053014874e+01 1.192596564573220874e+01 1.340500000000000000e+04
2.983449844439822751e+00 9.835184750531954023e+01 1.428129460871953071e+01 2.285183579820670374e+01 1.424700000000000000e+04
3.046384918400867114e+00 9.871733722001216904e+01 1.129568137372448788e+01 7.464490544319933640e+00 1.427500000000000000e+04
3.109279688161210142e+00 9.842520607885744255e+01 9.809363933598811869e+00 -3.404662616749824622e+01 1.410000000000000000e+04
3.172087338483245755e+00 9.711984879964222728e+01 1.421536092263648321e+01 -6.039107409469148990e+01 1.351600000000000000e+04
3.235077053285361881e+00 9.841259258651164998e+01 1.478432045817954155e+01 -8.321421148651253930e+01 1.349200000000000000e+04
3.297974619160294107e+00 9.752116999214172210e+01 1.832493521525948310e+01 -1.089223685230738283e+02 1.270200000000000000e+04
3.360979404794635528e+00 9.851509541542759507e+01 1.999899483484779239e+01 -1.301561304403944632e+02 1.263400000000000000e+04
3.423687966102657132e+00 9.846621236416784484e+01 1.794733725296749682e+01 -1.476934232492922661e+02 1.180200000000000000e+04
3.486367717614779593e+00 9.921367994390035960e+01 1.480991886593779228e+01 -1.636382865459166567e+02 1.159000000000000000e+04
3.549237455189846013e+00 1.024048450490821267e+02 1.476813529900088007e+01 -1.856777117353790914e+02 1.100400000000000000e+04
3.611466567116090154e+00 1.043149687380891208e+02 1.384389740478682462e+01 -2.067918157255702170e+02 1.025800000000000000e+04
3.674175279485516032e+00 1.064075778757377009e+02 1.236236243157173753e+01 -2.186967094446937665e+02 1.013800000000000000e+04
3.737325177637534246e+00 1.067265188571787604e+02 1.238431366143191781e+01 -2.332375372951053123e+02 9.282000000000000000e+03
3.800314856493150373e+00 1.093778306754181244e+02 1.431191142311934783e+01 -2.507981147663227262e+02 8.824000000000000000e+03
3.863228937922256190e+00 1.113213093834293943e+02 1.341198298460380123e+01 -2.613535799877352019e+02 8.130000000000000000e+03
3.925673163149277833e+00 1.141191858068962119e+02 1.248531481770962870e+01 -2.733664929552421654e+02 7.330000000000000000e+03
3.988379144029963186e+00 1.181703586810749016e+02 1.345956221903977834e+01 -2.872100948002333212e+02 6.960000000000000000e+03
4.051365442737894007e+00 1.220793481272798857e+02 1.288200045784136805e+01 -3.088446152245832650e+02 5.944000000000000000e+03
4.114073661208438537e+00 1.257839916611379607e+02 1.727499943003738991e+01 -3.285026489475068274e+02 5.482000000000000000e+03
4.176398926321660099e+00 1.294674250124992056e+02 2.093843309148405041e+01 -3.601052226411226229e+02 4.458000000000000000e+03
4.238428652338137148e+00 1.307918352671741786e+02 2.144849722577838591e+01 -3.812159294221841037e+02 3.892000000000000000e+03
4.301987060447956424e+00 1.324719019721119082e+02 2.218538003390744962e+01 -4.079095253805402308e+02 3.165000000000000000e+03
4.365598466856841497e+00 1.353034737834471173e+02 2.448703053426946141e+01 -4.385883736596473454e+02 2.617000000000000000e+03
4.427107359730706015e+00 1.420408672015059892e+02 2.121531537344937490e+01 -4.682802561867238751e+02 2.037000000000000000e+03
4.489602987092925268e+00 1.427918494263974196e+02 1.786663604179316778e+01 -4.779083807327612590e+02 1.831000000000000000e+03
4.554125500073445743e+00 1.456019589737239528e+02 1.465029229805735866e+01 -4.911630697182340555e+02 1.435000000000000000e+03
4.616430240049651523e+00 1.428432685624041198e+02 9.158883090887124823e+00 -4.836398386761297274e+02 1.119000000000000000e+03
4.677252312221349406e+00 1.501468580189750526e+02 1.082330135782722458e+01 -5.148729512304930722e+02 8.800000000000000000e+02
4.741981513824780059e+00 1.543996951515765090e+02 4.297959935965047329e+00 -5.296131395772033557e+02 7.470000000000000000e+02
4.809273072599613563e+00 1.716745896350965950e+02 6.025356500720960184e+00 -5.957458865581949112e+02 5.200000000000000000e+02
4.871546600533164906e+00 1.981601826827731827e+02 9.970839707594393309e-01 -6.831759535225651234e+02 3.280000000000000000e+02
4.925260063653622566e+00 2.250917901301544930e+02 1.347068906401782007e+00 -7.792230437873766959e+02 2.160000000000000000e+02
4.988369355351538026e+00 2.195590433397981940e+02 1.665073745608151246e+00 -7.652294968435344344e+02 1.720000000000000000e+02
5.058296331193474771e+00 1.859965356521876174e+02 -1.063052774038079351e-01 -6.486654524996733926e+02 8.400000000000000000e+01
5.124330000078495928e+00 1.741469474546935032e+02 -1.600645503757901933e+00 -6.070452501294868171e+02 2.500000000000000000e+01
5.169965902813741465e+00 2.184906852217532389e+02 -5.484580639543963354e-01 -7.631022978846381193e+02 6.000000000000000000e+00
5.223742168994547797e+00 1.698538920386387474e+02 0.000000000000000000e+00 -5.944886221352355733e+02 1.000000000000000000e+00
