8.899641224696955288e-02 9.584957482816900665e+03 -5.926394338529141351e+03 -4.411747841969868773e+02 1.300000000000000000e+01
1.507912216506557823e-01 5.793843849308214885e+03 -1.614181807532756011e+03 6.212063202587417436e+03 3.300000000000000000e+01
2.144790186456836945e-01 4.376127358147587074e+03 7.857811993625041396e+02 9.926741913278546008e+02 7.900000000000000000e+01
2.783660776489276789e-01 3.700300180701628051e+03 -3.857374221917116870e+02 -9.563275450260289290e+01 1.170000000000000000e+02
3.435099785803411021e-01 2.963924325572031194e+03 -1.715382631093858095e+02 -3.739194556248908725e+02 2.050000000000000000e+02
4.047886761425745772e-01 2.482859693024486660e+03 3.085065797254382503e+01 -1.070719563055190662e+02 2.350000000000000000e+02
4.676716683575679601e-01 2.075261176309348684e+03 -2.076460579581940351e+02 -8.038232800187139446e+02 3.690000000000000000e+02
5.308225101765952081e-01 1.742478808096526791e+03 1.941708504519369427e+01 -1.821146152845907125e+02 4.330000000000000000e+02
5.945362440940590298e-01 1.492401358026359503e+03 -2.896679557883085110e+01 -5.026453027324204754e+02 5.850000000000000000e+02
6.576224814588792489e-01 1.161539832145668470e+03 -1.083688464118655617e+02 -2.084785575461905580e+02 6.790000000000000000e+02
7.196632906698736676e-01 9.976950873000726006e+02 -3.757767692948699079e+01 -3.668475686743262827e+02 8.130000000000000000e+02
7.827860915688348298e-01 8.613770237258435145e+02 -3.962629499562389412e+01 -2.924155507032049854e+02 9.850000000000000000e+02
8.470398945834540783e-01 7.128829704089206416e+02 -9.614429860228844404e+01 -2.757545063454654155e+02 1.183000000000000000e+03
9.096854620527370372e-01 6.149387853435283660e+02 -2.316750212668573994e+01 -2.507691010534149143e+02 1.269000000000000000e+03
9.720789776830213169e-01 5.254783135077401539e+02 -1.182929611437126383e+01 -3.050970261528363494e+02 1.537000000000000000e+03
1.034763038959366499e+00 4.531342996300568871e+02 -2.892457879688199540e+01 -2.638618602179345203e+02 1.653000000000000000e+03
1.097576444254559247e+00 4.033658882943835238e+02 2.830467962736557297e+01 -2.669159517662411645e+02 1.963000000000000000e+03
1.160543084780093270e+00 3.662651455593708079e+02 5.470789367035600925e+00 -2.329771145340617693e+02 2.121000000000000000e+03
1.223669666537485323e+00 3.303696305347025941e+02 2.381174609291321076e+01 -2.377192893019840199e+02 2.413000000000000000e+03
1.286817263090294094e+00 3.166294505274937592e+02 4.696047322059548890e+01 -2.151670265521678118e+02 2.635000000000000000e+03
1.349500801664080818e+00 2.870518731008691589e+02 2.489480053790992642e+01 -1.759744032094836825e+02 2.877000000000000000e+03
1.411949558842147567e+00 2.737119541635528321e+02 1.821606699979385624e+01 -1.738443351713842162e+02 3.169000000000000000e+03
1.475133575747468395e+00 2.518166736621816995e+02 2.210610200534992131e+01 -1.459352394513214506e+02 3.507000000000000000e+03
1.537865074252268593e+00 2.322450866627779646e+02 1.706297501488807811e+01 -1.235560369078310146e+02 3.685000000000000000e+03
1.600657544051110381e+00 2.177004978611638819e+02 1.773885965255914954e+01 -9.527687881300136041e+01 4.165000000000000000e+03
1.663991168687080524e+00 2.002267896755555512e+02 -2.899295317946598782e+00 -8.505735047486513167e+01 4.377000000000000000e+03
1.727195645776442801e+00 1.874179350220790639e+02 -5.807232169075379424e+00 -7.886996787335384340e+01 4.855000000000000000e+03
1.789765213377084718e+00 1.773437782992659209e+02 -5.266293278658794819e+00 -5.376107750936641594e+01 4.929000000000000000e+03
1.852353690647852158e+00 1.684579997276681809e+02 -7.057929724048407572e+00 -5.534384735462622018e+01 5.581000000000000000e+03
1.914806787341157390e+00 1.652576661336561870e+02 -1.585162737778083475e+01 -4.964082883157727366e+01 5.679000000000000000e+03
1.977889868651535599e+00 1.564956188361341560e+02 -1.255590081849628881e+01 -5.115137352600664400e+01 6.385000000000000000e+03
2.040937735447724499e+00 1.474226067672033764e+02 -1.239565742970042983e+01 -3.141249396870373545e+01 6.553000000000000000e+03
2.103939302609846074e+00 1.428465598420075366e+02 -1.478318293510921322e+01 -3.536777844337760968e+01 7.125000000000000000e+03
2.166909709822301799e+00 1.378623797012293721e+02 -1.449749210270228339e+01 -2.269606595008735184e+01 7.447000000000000000e+03
2.229700281216152380e+00 1.344007070254259872e+02 -1.594105218811966118e+01 -2.215430328625504330e+01 7.929000000000000000e+03
2.292620027086342382e+00 1.304091619571525484e+02 -1.324971256084820936e+01 -2.560757258236137801e+01 8.353000000000000000e+03
2.355141508366812353e+00 1.268237708466244271e+02 -8.996830707939684757e+00 -2.058265553686049287e+01 8.775000000000000000e+03
2.417910583817858949e+00 1.247463327041979539e+02 -8.336248976100204544e+00 -2.202187249331374730e+01 9.313000000000000000e+03
2.480856539439619368e+00 1.224041576744524775e+02 -7.501441950675618919e+00 -1.405481378888437050e+01 9.841000000000000000e+03
2.543492256872954549e+00 1.191654965278220573e+02 -1.432898832579615345e+01 -1.009584580624730066e+01 1.019100000000000000e+04
2.606334251884805386e+00 1.149537234183430883e+02 -1.359499208038420903e+01 -9.730567993740560695e+00 1.089700000000000000e+04
2.669257370896960690e+00 1.174162715883286268e+02 -1.410344869861688721e+01 -3.667227521913953847e+00 1.130100000000000000e+04
2.732423343141155758e+00 1.137753427377749205e+02 -1.549334000278729029e+01 8.950101454812809720e+00 1.202500000000000000e+04
2.795529680084416047e+00 1.128252663977898749e+02 -1.802325810234828296e+01 1.367828541386743169e+01 1.242300000000000000e+04
2.858366292314493240e+00 1.111048923101569983e+02 -1.568616485673348748e+01 2.266310271163989398e+01 1.302100000000000000e+04
2.920876271394311718e+00 1.117554424065360479e+02 -2.013612490138339695e+01 2.844921742318074465e+01 1.340500000000000000e+04
2.983449844439822751e+00 1.132848806125864201e+02 -2.055926844062415526e+01 4.139599954687975725e+01 1.424700000000000000e+04
3.046384918400867114e+00 1.146121294981846717e+02 -2.250641245839043947e+01 2.421554603138688933e+01 1.427500000000000000e+04
3.109279688161210142e+00 1.146251251078578406e+02 -2.216986232929469836e+01 -2.200369057111546311e+01 1.410000000000000000e+04
3.172087338483245755e+00 1.133428800387292483e+02 -1.665953165386060064e+01 -5.083968745295747738e+01 1.351600000000000000e+04
3.235077053285361881e+00 1.160919997392256420e+02 -1.532560916498301573e+01 -7.841899244962974080e+01 1.349200000000000000e+04
3.297974619160294107e+00 1.158600149424001557e+02 -9.985042213722394422e+00 -1.090659789471809091e+02 1.270200000000000000e+04
3.360979404794635528e+00 1.194238381068418846e+02 -9.520197834410577542e+00 -1.337591785462097107e+02 1.263400000000000000e+04
3.423687966102657132e+00 1.217498080148904904e+02 -1.123153119981921755e+01 -1.571252818594886094e+02 1.180200000000000000e+04
3.486367717614779593e+00 1.257486123998314724e+02 -1.456016205386478291e+01 -1.789308200296300981e+02 1.159000000000000000e+04
3.549237455189846013e+00 1.323307348759703927e+02 -1.443121022528301189e+01 -2.081683794748501271e+02 1.100400000000000000e+04
3.611466567116090154e+00 1.362931255826898678e+02 -1.407203241558157991e+01 -2.349750561145777112e+02 1.025800000000000000e+04
3.674175279485516032e+00 1.422469944167623339e+02 -1.758574042256072545e+01 -2.494339179892448328e+02 1.013800000000000000e+04
3.737325177637534246e+00 1.468980964059503265e+02 -1.782808825769339123e+01 -2.723119943930956879e+02 9.282000000000000000e+03
3.800314856493150373e+00 1.517935719769249943e+02 -1.616800608598531497e+01 -2.949877720421952176e+02 8.824000000000000000e+03
3.863228937922256190e+00 1.571234426007100069e+02 -1.905411677099804990e+01 -3.083230759945506634e+02 8.130000000000000000e+03
3.925673163149277833e+00 1.629100689561676916e+02 -1.936251735556346887e+01 -3.281782621077403519e+02 7.330000000000000000e+03
3.988379144029963186e+00 1.723799559992274624e+02 -2.011531833645999257e+01 -3.496237595853694415e+02 6.960000000000000000e+03
4.051365442737894007e+00 1.750800543800609148e+02 -1.836003422362641047e+01 -3.767655393184892887e+02 5.944000000000000000e+03
4.114073661208438537e+00 1.822518432871423499e+02 -1.366115166898514133e+01 -4.033060638755442824e+02 5.482000000000000000e+03
4.176398926321660099e+00 1.868589012158170704e+02 -5.652192671899568310e+00 -4.534850044296329656e+02 4.458000000000000000e+03
4.238428652338137148e+00 1.866866091957015215e+02 1.334339752367178222e-01 -4.901926742399664931e+02 3.892000000000000000e+03
4.301987060447956424e+00 1.869807782472968540e+02 9.835139387987087645e+00 -5.437602230321299430e+02 3.165000000000000000e+03
4.365598466856841497e+00 1.935668966844611987e+02 1.594527492726034978e+01 -6.019630303185933826e+02 2.617000000000000000e+03
4.427107359730706015e+00 2.046940363280078827e+02 1.691029606228201132e+01 -6.577421878641827107e+02 2.037000000000000000e+03
4.489602987092925268e+00 2.077801951569860250e+02 1.527984827335497897e+01 -6.833052986519993510e+02 1.831000000000000000e+03
4.554125500073445743e+00 2.156208922509339629e+02 1.492577554190199685e+01 -7.195396065390010563e+02 1.435000000000000000e+03
4.616430240049651523e+00 2.163170370230189690e+02 8.265040201501843597e+00 -7.252884809796632908e+02 1.119000000000000000e+03
4.677252312221349406e+00 2.261176728794925452e+02 8.223310123202713484e+00 -7.665631053106972104e+02 8.800000000000000000e+02
4.741981513824780059e+00 2.403361989158411518e+02 5.239689249636980684e-01 -8.169354229235767662e+02 7.470000000000000000e+02
4.809273072599613563e+00 2.628732932550161081e+02 3.020537686919956055e+00 -9.045806857443996023e+02 5.200000000000000000e+02
4.871546600533164906e+00 2.850573290714702352e+02 -5.704127005640852177e-01 -9.808250288987090926e+02 3.280000000000000000e+02
4.925260063653622566e+00 3.173136316335044285e+02 -1.325218204334850824e+00 -1.095017021960026568e+03 2.160000000000000000e+02
4.988369355351538026e+00 3.023846625592723285e+02 -1.754235743308885098e+00 -1.049771103890525410e+03 1.720000000000000000e+02
5.058296331193474771e+00 2.615554893848995448e+02 -2.183384764857267069e+00 -9.100511623334068645e+02 8.400000000000000000e+01
5.124330000078495928e+00 2.459288924344450038e+02 -3.714726426429521666e+00 -8.558947167126850673e+02 2.500000000000000000e+01
5.169965902813741465e+00 3.112488223551543456e+02 1.034494568351857158e+00 -1.089055045994536385e+03 6.000000000000000000e+00
5.223742168994547797e+00 3.456419429298326804e+02 0.000000000000000000e+00 -1.209746800254414211e+03 1.000000000000000000e+00
