8.899641224696955288e-02 1.636349032038070800e+04 -1.118356474598874229e+04 1.660302728531566800e+03 1.300000000000000000e+01
1.507912216506557823e-01 1.224813495664573384e+04 -1.606332644032712324e+03 9.283159252295799888e+03 3.300000000000000000e+01
2.144790186456836945e-01 9.564505144021428350e+03 4.220574401831794376e+02 1.804810562327401513e+01 7.900000000000000000e+01
2.783660776489276789e-01 8.794332129884247479e+03 -1.575536061091155716e+03 -7.917848159947094189e+01 1.170000000000000000e+02
3.435099785803411021e-01 6.948986531300347451e+03 -1.779671019965421692e+03 -8.735209661910023442e+02 2.050000000000000000e+02
4.047886761425745772e-01 5.858310787848332438e+03 -1.610544877719908072e+03 8.561337760015194931e+01 2.350000000000000000e+02
4.676716683575679601e-01 4.662399495851555912e+03 -2.284230946084103834e+03 -1.339945573911916654e+03 3.690000000000000000e+02
5.308225101765952081e-01 3.811143011937919255e+03 -1.693482900118322732e+03 -7.369972348774156217e+02 4.330000000000000000e+02
5.945362440940590298e-01 2.894980606105224979e+03 -1.723467638452578740e+03 -4.226135983150302877e+02 5.850000000000000000e+02
6.576224814588792489e-01 2.199490229952914888e+03 -1.918802180701924044e+03 -1.054284261913983443e+02 6.790000000000000000e+02
7.196632906698736676e-01 1.623815923663318472e+03 -1.754349418312966236e+03 -5.546458189653975523e+02 8.130000000000000000e+02
7.827860915688348298e-01 1.253571500043111882e+03 -1.243608644732100629e+03 -4.217254702242197482e+02 9.850000000000000000e+02
8.470398945834540783e-01 9.733925929062681917e+02 -1.144466172895119598e+03 -6.516171175160098983e+02 1.183000000000000000e+03
9.096854620527370372e-01 7.769789964954748029e+02 -7.832376973223944105e+02 -6.253965303195107026e+02 1.269000000000000000e+03
9.720789776830213169e-01 6.581534597481589799e+02 -4.474085358875486236e+02 -6.521887503467579563e+02 1.537000000000000000e+03
1.034763038959366499e+00 6.085311960969785332e+02 -3.107068463487819372e+02 -6.773904615940303984e+02 1.653000000000000000e+03
1.097576444254559247e+00 5.689370496616605806e+02 -1.328298381479282568e+02 -6.440163193693008452e+02 1.963000000000000000e+03
1.160543084780093270e+00 5.347933878738002704e+02 -2.050510501881629466e+01 -6.826800558683105464e+02 2.121000000000000000e+03
1.223669666537485323e+00 5.088797502097972938e+02 3.617622209611239015e+01 -6.788838986289331388e+02 2.413000000000000000e+03
1.286817263090294094e+00 4.836430148281398829e+02 9.568849681532311990e+01 -6.769006167820544988e+02 2.635000000000000000e+03
1.349500801664080818e+00 4.494932093029918860e+02 8.292153793034231057e+01 -6.540129353728664228e+02 2.877000000000000000e+03
1.411949558842147567e+00 4.264226286270264836e+02 6.394315832897389384e+01 -6.306784289540225927e+02 3.169000000000000000e+03
1.475133575747468395e+00 3.965439341727715146e+02 4.454743038443250214e+01 -5.691816783942547318e+02 3.507000000000000000e+03
1.537865074252268593e+00 3.652547543797485332e+02 5.207975177863861660e+00 -5.230278565513556259e+02 3.685000000000000000e+03
1.600657544051110381e+00 3.343062276004393425e+02 -1.266528843195892051e+01 -4.409446139375297093e+02 4.165000000000000000e+03
1.663991168687080524e+00 3.026999963556828561e+02 -1.651159510470211700e+01 -3.125561052304578880e+02 4.377000000000000000e+03
1.727195645776442801e+00 2.773248025175344083e+02 -3.694868661163388168e+01 -2.588434774195292789e+02 4.855000000000000000e+03
1.789765213377084718e+00 2.511382516450424021e+02 -5.757104754762955423e+01 -1.893376724197629528e+02 4.929000000000000000e+03
1.852353690647852158e+00 2.348179900424532605e+02 -5.741501864543031530e+01 -9.933161486173354149e+01 5.581000000000000000e+03
1.914806787341157390e+00 2.181606159612470606e+02 -6.783802627876102065e+01 -3.589528540869426365e+01 5.679000000000000000e+03
1.977889868651535599e+00 2.098526507670515002e+02 -7.457150844409272850e+01 2.197002744423002807e-01 6.385000000000000000e+03
2.040937735447724499e+00 1.968495666487839344e+02 -6.153885802721113407e+01 4.987844739085721102e+01 6.553000000000000000e+03
2.103939302609846074e+00 1.903803718150858231e+02 -6.217034568357559010e+01 6.312693148747224114e+01 7.125000000000000000e+03
2.166909709822301799e+00 1.858222990585792331e+02 -6.195686810080157869e+01 7.735223675195993565e+01 7.447000000000000000e+03
2.229700281216152380e+00 1.837199648982646067e+02 -4.340236751775855595e+01 7.269387716841875147e+01 7.929000000000000000e+03
2.292620027086342382e+00 1.793096957060804471e+02 -5.555018773657230469e+01 4.486011808205252294e+01 8.353000000000000000e+03
2.355141508366812353e+00 1.810606125294573872e+02 -3.499525060408882382e+01 4.976237396199001495e+01 8.775000000000000000e+03
2.417910583817858949e+00 1.799632402182449198e+02 -1.909868786019603348e+01 5.122611783270762942e+01 9.313000000000000000e+03
2.480856539439619368e+00 1.713767941340537391e+02 -2.137586864261532682e+01 2.700551105706906085e+01 9.841000000000000000e+03
2.543492256872954549e+00 1.689098094221798476e+02 -5.770542672205288603e+00 2.917517659020521137e+01 1.019100000000000000e+04
2.606334251884805386e+00 1.730686308226855772e+02 6.963915214555808753e+00 2.256762183647382969e+01 1.089700000000000000e+04
2.669257370896960690e+00 1.707673629836828866e+02 1.041504169491215670e+01 2.018694159138187505e+00 1.130100000000000000e+04
2.732423343141155758e+00 1.741626526917035278e+02 2.490724866853895847e+01 2.638649036096519396e+01 1.202500000000000000e+04
2.795529680084416047e+00 1.784353141118653809e+02 3.269678858086119533e+01 2.053299895043912571e+01 1.242300000000000000e+04
2.858366292314493240e+00 1.790747162292005044e+02 3.843874276196251571e+01 1.175333337769654385e+01 1.302100000000000000e+04
2.920876271394311718e+00 1.856172706101451411e+02 6.897006252758752964e+01 4.261658050364549410e+01 1.340500000000000000e+04
2.983449844439822751e+00 1.867965447284834681e+02 4.594877512935463670e+01 3.915747309905543005e+01 1.424700000000000000e+04
3.046384918400867114e+00 1.924083228934177896e+02 4.515195813900975708e+01 2.127087137713329668e+01 1.427500000000000000e+04
3.109279688161210142e+00 1.988680146856127351e+02 4.641758700951826455e+01 -2.537395722953021959e+01 1.410000000000000000e+04
3.172087338483245755e+00 2.021315310469439908e+02 3.908753474183644983e+01 -7.550634850282160926e+01 1.351600000000000000e+04
3.235077053285361881e+00 2.047784713276522837e+02 3.149395823747127210e+01 -1.252270790502895323e+02 1.349200000000000000e+04
3.297974619160294107e+00 2.017863812916514803e+02 3.907349204707531243e+01 -1.914993979686305181e+02 1.270200000000000000e+04
3.360979404794635528e+00 1.983486398172442762e+02 5.396734923243067783e+01 -2.447285523770629538e+02 1.263400000000000000e+04
3.423687966102657132e+00 1.959287714527581556e+02 6.001499528494796465e+01 -2.897401987607878482e+02 1.180200000000000000e+04
3.486367717614779593e+00 1.905048276471783026e+02 7.277389742657196336e+01 -3.460685261945618549e+02 1.159000000000000000e+04
3.549237455189846013e+00 1.888983991878176312e+02 7.056414141051737943e+01 -3.930877404342849104e+02 1.100400000000000000e+04
3.611466567116090154e+00 1.872559965530252555e+02 6.705731888947200048e+01 -4.181636996134323567e+02 1.025800000000000000e+04
3.674175279485516032e+00 1.973609500968536281e+02 8.439069326090191225e+01 -4.819491858283377042e+02 1.013800000000000000e+04
3.737325177637534246e+00 1.944017419601644576e+02 8.470213832881458416e+01 -4.953499046768489507e+02 9.282000000000000000e+03
3.800314856493150373e+00 1.966568356574885001e+02 8.487930032682811543e+01 -5.158532161014232997e+02 8.824000000000000000e+03
3.863228937922256190e+00 1.957479262124475952e+02 8.178930667874216454e+01 -5.179082884032635548e+02 8.130000000000000000e+03
3.925673163149277833e+00 1.999182464468735247e+02 8.466211984627159381e+01 -5.466766088817378204e+02 7.330000000000000000e+03
3.988379144029963186e+00 2.083870468763572035e+02 8.924573161704040558e+01 -5.698591071617531725e+02 6.960000000000000000e+03
4.051365442737894007e+00 2.045568563509389435e+02 7.199989599785320138e+01 -5.480011735325713289e+02 5.944000000000000000e+03
4.114073661208438537e+00 2.127206048512474013e+02 1.007304793703361270e+02 -6.106062050065166886e+02 5.482000000000000000e+03
4.176398926321660099e+00 2.087685652312615048e+02 8.374126109498085668e+01 -6.022827635971843847e+02 4.458000000000000000e+03
4.238428652338137148e+00 1.942203944631303614e+02 6.464050827127095999e+01 -5.764710542527435564e+02 3.892000000000000000e+03
4.301987060447956424e+00 1.807849706281964188e+02 5.384861516064176357e+01 -5.812246376287270095e+02 3.165000000000000000e+03
4.365598466856841497e+00 1.860075850243576383e+02 4.612011446914507928e+01 -6.275091860279528646e+02 2.617000000000000000e+03
4.427107359730706015e+00 1.954539243123929850e+02 3.781307572147185425e+01 -6.666132383312650518e+02 2.037000000000000000e+03
4.489602987092925268e+00 2.035006038559820070e+02 1.873665001369606742e+01 -6.803372429448382945e+02 1.831000000000000000e+03
4.554125500073445743e+00 1.933181435508369077e+02 -4.281815440845170073e+00 -6.252066637834280982e+02 1.435000000000000000e+03
4.616430240049651523e+00 1.836856843711762792e+02 -1.480521623357165950e+01 -5.867399734303689911e+02 1.119000000000000000e+03
4.677252312221349406e+00 1.565662952494515991e+02 -1.371408909664473441e+01 -5.075385170711326737e+02 8.800000000000000000e+02
4.741981513824780059e+00 1.170921490841658255e+02 -2.011329213213171485e+01 -3.730120870643474973e+02 7.470000000000000000e+02
4.809273072599613563e+00 8.544835507755531978e+01 -2.324764707728517266e+01 -2.663546747008603575e+02 5.200000000000000000e+02
4.871546600533164906e+00 4.970091118663717822e+01 -2.136893794900974797e+01 -1.457613992618160239e+02 3.280000000000000000e+02
4.925260063653622566e+00 4.873483445542956360e+01 -1.806945502806439308e+01 -1.466520205694086485e+02 2.160000000000000000e+02
4.988369355351538026e+00 -4.031901519639792042e+01 -5.722447626111144992e+00 1.477786822463440330e+02 1.720000000000000000e+02
5.058296331193474771e+00 -1.002265859034674946e+02 -4.153630362604923576e+00 3.547869113499160676e+02 8.400000000000000000e+01
5.124330000078495928e+00 -1.588038110190906593e+02 9.350491556395769399e-02 5.552259748991428978e+02 2.500000000000000000e+01
5.169965902813741465e+00 -2.910547397416979152e+02 6.764027123458206781e+00 1.010227108664437651e+03 6.000000000000000000e+00
5.223742168994547797e+00 -5.545488989526068053e+02 0.000000000000000000e+00 1.940921146334123478e+03 1.000000000000000000e+00
