8.899641224696955288e-02 7.937810066483674746e+04 -3.541052046251162392e+04 -2.142160798834845991e+04 1.300000000000000000e+01
1.507912216506557823e-01 6.371120513103817211e+04 -2.548766520962604773e+03 4.150790035534150229e+04 3.300000000000000000e+01
2.144790186456836945e-01 5.519820748986084072e+04 3.675502457466021951e+03 5.242636781340613652e+02 7.900000000000000000e+01
2.783660776489276789e-01 5.131233890763697127e+04 -3.573560589067112687e+03 -1.961728495545296937e+03 1.170000000000000000e+02
3.435099785803411021e-01 4.402662436362072913e+04 -1.728696841844467599e+03 -3.181444066971544544e+03 2.050000000000000000e+02
4.047886761425745772e-01 3.900672650525909557e+04 -8.614533991959712012e+02 5.861885059753066116e+02 2.350000000000000000e+02
4.676716683575679601e-01 3.356147657833370613e+04 -2.584210858660984286e+03 -6.786901109169345546e+03 3.690000000000000000e+02
5.308225101765952081e-01 2.900510169874122221e+04 -1.251741462938162385e+03 -1.272583385111045345e+03 4.330000000000000000e+02
5.945362440940590298e-01 2.461028281922162932e+04 -1.189596973052813610e+03 -4.486890483907032831e+03 5.850000000000000000e+02
6.576224814588792489e-01 1.999252699463678073e+04 -2.295559259678774197e+03 -1.096636317729328766e+03 6.790000000000000000e+02
7.196632906698736676e-01 1.718475341744087564e+04 -1.680561483305086767e+03 -4.736503148315692670e+03 8.130000000000000000e+02
7.827860915688348298e-01 1.446210900643249443e+04 -1.345034846430138714e+03 -4.096847390330139206e+03 9.850000000000000000e+02
8.470398945834540783e-01 1.192775120529070773e+04 -1.657051338280525897e+03 -3.466046819021656574e+03 1.183000000000000000e+03
9.096854620527370372e-01 1.004347104557747116e+04 -9.064730125045510931e+02 -3.617777647109049212e+03 1.269000000000000000e+03
9.720789776830213169e-01 8.513945640426627506e+03 -8.400116175905588989e+02 -4.394068462799667032e+03 1.537000000000000000e+03
1.034763038959366499e+00 7.183596990888786422e+03 -7.181293394858646479e+02 -4.108978946681575508e+03 1.653000000000000000e+03
1.097576444254559247e+00 6.287225792965188703e+03 -1.511716086972497237e+02 -3.877683286601975851e+03 1.963000000000000000e+03
1.160543084780093270e+00 5.554027774877245974e+03 -3.601677014562324644e+02 -3.774290316024176718e+03 2.121000000000000000e+03
1.223669666537485323e+00 4.890737420409564038e+03 -2.009567502576687730e+02 -3.693575473952399534e+03 2.413000000000000000e+03
1.286817263090294094e+00 4.478426236950884231e+03 -2.921875927616529012e+01 -3.286237551814198468e+03 2.635000000000000000e+03
1.349500801664080818e+00 3.948502539301612615e+03 -1.096549251764319308e+02 -2.681459809162906822e+03 2.877000000000000000e+03
1.411949558842147567e+00 3.651090604082024583e+03 -7.902288141488304518e+01 -2.716731655675368074e+03 3.169000000000000000e+03
1.475133575747468395e+00 3.287762308081256833e+03 -5.559124223974629331e+01 -2.351259597885889889e+03 3.507000000000000000e+03
1.537865074252268593e+00 2.998053855658107295e+03 -6.966544281724495136e+01 -2.016930524532614754e+03 3.685000000000000000e+03
1.600657544051110381e+00 2.744512676194653068e+03 -1.191667273400074691e+02 -1.682601855337856250e+03 4.165000000000000000e+03
1.663991168687080524e+00 2.540873908717630457e+03 -2.432153882627025894e+02 -1.548776970471870527e+03 4.377000000000000000e+03
1.727195645776442801e+00 2.365075490513960176e+03 -2.524224123660403052e+02 -1.345910372468232708e+03 4.855000000000000000e+03
1.789765213377084718e+00 2.222311373147419090e+03 -3.714174481262222685e+02 -1.085514092227135279e+03 4.929000000000000000e+03
1.852353690647852158e+00 2.105251818159280447e+03 -3.781874564795107290e+02 -9.704140479362804399e+02 5.581000000000000000e+03
1.914806787341157390e+00 1.996415651269517866e+03 -5.039758018848113466e+02 -7.677101239524525909e+02 5.679000000000000000e+03
1.977889868651535599e+00 1.898593285104616371e+03 -4.909862520346778751e+02 -7.152422045251960299e+02 6.385000000000000000e+03
2.040937735447724499e+00 1.811087563537060305e+03 -5.049638300433437053e+02 -4.242870915159365950e+02 6.553000000000000000e+03
2.103939302609846074e+00 1.757637925387381983e+03 -5.630777807862212967e+02 -3.672738517259170408e+02 7.125000000000000000e+03
2.166909709822301799e+00 1.690312770225114718e+03 -5.843750045023142548e+02 -2.772044574389568652e+02 7.447000000000000000e+03
2.229700281216152380e+00 1.666446242903055236e+03 -5.964711134763532527e+02 -2.153002161364347842e+02 7.929000000000000000e+03
2.292620027086342382e+00 1.630910729812784894e+03 -5.927485129703946996e+02 -2.031037799959087522e+02 8.353000000000000000e+03
2.355141508366812353e+00 1.607088697715554417e+03 -5.621317111719085915e+02 -1.305515521028549699e+02 8.775000000000000000e+03
2.417910583817858949e+00 1.588510148085572609e+03 -5.934786568407063214e+02 -5.697719846965897972e+01 9.313000000000000000e+03
2.480856539439619368e+00 1.580434319324061107e+03 -6.156492338729542553e+02 4.999339124824413716e+01 9.841000000000000000e+03
2.543492256872954549e+00 1.561788387769411884e+03 -6.669659472355760954e+02 1.735256964989231960e+02 1.019100000000000000e+04
2.606334251884805386e+00 1.540717490404574392e+03 -6.990650423444100170e+02 2.515934778163512249e+02 1.089700000000000000e+04
2.669257370896960690e+00 1.548727586601987241e+03 -7.283376886569726594e+02 3.609092514004172472e+02 1.130100000000000000e+04
2.732423343141155758e+00 1.524996299311604162e+03 -7.941255713521526332e+02 5.435666155655954981e+02 1.202500000000000000e+04
2.795529680084416047e+00 1.514815531682948404e+03 -8.060418916322696532e+02 6.533171012851551041e+02 1.242300000000000000e+04
2.858366292314493240e+00 1.541169328835634133e+03 -8.540252065014933578e+02 8.215190403567231670e+02 1.302100000000000000e+04
2.920876271394311718e+00 1.567407946344887478e+03 -9.436227655441138040e+02 9.621156522389188694e+02 1.340500000000000000e+04
2.983449844439822751e+00 1.600054221694943180e+03 -9.791703473976288024e+02 1.120006676268543515e+03 1.424700000000000000e+04
3.046384918400867114e+00 1.593956179216175087e+03 -9.568844063516203278e+02 9.376589382605721994e+02 1.427500000000000000e+04
3.109279688161210142e+00 1.549536038288865939e+03 -8.628454705156016189e+02 4.002711089621757878e+02 1.410000000000000000e+04
3.172087338483245755e+00 1.486835689584451075e+03 -7.109045875302477953e+02 -3.115144865028302945e+01 1.351600000000000000e+04
3.235077053285361881e+00 1.442957515866471340e+03 -5.708989493823919474e+02 -4.437276069431197243e+02 1.349200000000000000e+04
3.297974619160294107e+00 1.399833172000744753e+03 -4.811366931727670249e+02 -8.467460748332813409e+02 1.270200000000000000e+04
3.360979404794635528e+00 1.394881762905469941e+03 -4.322681816271294792e+02 -1.181523286220352475e+03 1.263400000000000000e+04
3.423687966102657132e+00 1.410756544243771486e+03 -3.798726219955023566e+02 -1.494421706504777831e+03 1.180200000000000000e+04
3.486367717614779593e+00 1.430554036996670902e+03 -3.460483526820649445e+02 -1.761452354780489259e+03 1.159000000000000000e+04
3.549237455189846013e+00 1.458475472818920935e+03 -3.058671670699155811e+02 -2.033500599354569658e+03 1.100400000000000000e+04
3.611466567116090154e+00 1.473098831790598069e+03 -2.490333061148409115e+02 -2.303462154449242007e+03 1.025800000000000000e+04
3.674175279485516032e+00 1.517698812470929624e+03 -2.590545570342334827e+02 -2.458671256264981366e+03 1.013800000000000000e+04
3.737325177637534246e+00 1.567868741067790552e+03 -2.193474526233237611e+02 -2.744534933219921186e+03 9.282000000000000000e+03
3.800314856493150373e+00 1.602172778747909206e+03 -2.132412800456553441e+02 -2.922848344727401582e+03 8.824000000000000000e+03
3.863228937922256190e+00 1.634674382525344072e+03 -1.732431426827866972e+02 -3.125050982682279482e+03 8.130000000000000000e+03
3.925673163149277833e+00 1.654874163462634669e+03 -9.492317818156945464e+01 -3.397514713862587087e+03 7.330000000000000000e+03
3.988379144029963186e+00 1.708737266286272188e+03 -5.620288865644264575e+01 -3.616281537045974346e+03 6.960000000000000000e+03
4.051365442737894007e+00 1.686442696435902462e+03 3.122793593249063027e-01 -3.868515374049594811e+03 5.944000000000000000e+03
4.114073661208438537e+00 1.757700015866406375e+03 1.587183172269019948e+01 -4.070035866622157300e+03 5.482000000000000000e+03
4.176398926321660099e+00 1.737359435440509742e+03 7.741024937106956827e+00 -4.277695823416954227e+03 4.458000000000000000e+03
4.238428652338137148e+00 1.681220504487509288e+03 -1.476531909245750285e+01 -4.368226621358608099e+03 3.892000000000000000e+03
4.301987060447956424e+00 1.558839463334001493e+03 -6.797349082339547977e+01 -4.353051042763722762e+03 3.165000000000000000e+03
4.365598466856841497e+00 1.539316261504649674e+03 -1.020661146633089515e+02 -4.481997061910852608e+03 2.617000000000000000e+03
4.427107359730706015e+00 1.560986172366178153e+03 -7.189043323384541395e+01 -4.734830887938453088e+03 2.037000000000000000e+03
4.489602987092925268e+00 1.586266754072168624e+03 -3.165957933456621021e+00 -5.033573005741140150e+03 1.831000000000000000e+03
4.554125500073445743e+00 1.596674525324953720e+03 5.320167069511084890e+01 -5.231176497942352398e+03 1.435000000000000000e+03
4.616430240049651523e+00 1.585371506911754977e+03 5.398685917243440002e+01 -5.279438357959940731e+03 1.119000000000000000e+03
4.677252312221349406e+00 1.555286669284642812e+03 6.451847821185798182e+01 -5.262972177020719755e+03 8.800000000000000000e+02
4.741981513824780059e+00 1.445692873617381565e+03 6.892404589057306907e+01 -4.959918865629421816e+03 7.470000000000000000e+02
4.809273072599613563e+00 1.197695400361612201e+03 5.462227469051936168e+01 -4.137555640311558818e+03 5.200000000000000000e+02
4.871546600533164906e+00 1.018093214104499339e+03 4.423873363178994822e+01 -3.532643701753703681e+03 3.280000000000000000e+02
4.925260063653622566e+00 8.827838156137776195e+02 3.799339176068375679e+01 -3.083202306674788360e+03 2.160000000000000000e+02
4.988369355351538026e+00 4.776176661074100025e+02 2.062236047824061913e+01 -1.679086096915307735e+03 1.720000000000000000e+02
5.058296331193474771e+00 3.679740462790155107e+02 6.551461883757487392e+00 -1.289704112928070117e+03 8.400000000000000000e+01
5.124330000078495928e+00 1.811620406492450002e+02 -3.217116863386597636e-01 -6.331062875645310442e+02 2.500000000000000000e+01
5.169965902813741465e+00 2.701807649489434198e+02 5.723288388031448903e+00 -9.490555587536590565e+02 6.000000000000000000e+00
5.223742168994547797e+00 5.594215135461490718e+02 0.000000000000000000e+00 -1.957975297411521524e+03 1.000000000000000000e+00
