8.899641224696955288e-02 1.092591878157311112e+04 -6.869328238684993266e+03 -2.941196191589324371e+02 1.300000000000000000e+01
1.507912216506557823e-01 6.586960395516452991e+03 -1.992566670241856855e+03 7.232189786772320986e+03 3.300000000000000000e+01
2.144790186456836945e-01 4.938918584628881035e+03 8.561062447053456026e+02 1.231019366131116840e+03 7.900000000000000000e+01
2.783660776489276789e-01 4.142486018334050641e+03 -5.249925615668616956e+02 -7.681159457500980636e+01 1.170000000000000000e+02
3.435099785803411021e-01 3.307376897839827507e+03 -2.520687075188320421e+02 -4.309193775170949721e+02 2.050000000000000000e+02
4.047886761425745772e-01 2.735473096922715285e+03 1.189634609703846380e+01 -7.313952583810396391e+01 2.350000000000000000e+02
4.676716683575679601e-01 2.296382454501118900e+03 -2.829772302737775931e+02 -1.011613554052863606e+03 3.690000000000000000e+02
5.308225101765952081e-01 1.919570682957508552e+03 8.677152812923225156e+00 -2.474876969369825588e+02 4.330000000000000000e+02
5.945362440940590298e-01 1.668936412751002308e+03 -5.975741116781968287e+01 -6.341216719297987083e+02 5.850000000000000000e+02
6.576224814588792489e-01 1.307098041031115145e+03 -1.299157347708403449e+02 -3.392975938254358539e+02 6.790000000000000000e+02
7.196632906698736676e-01 1.125832740653598876e+03 -2.603603030357937342e+01 -4.834767779175261921e+02 8.130000000000000000e+02
7.827860915688348298e-01 9.870631495340255697e+02 -3.821787740182127635e+01 -3.956682893592691812e+02 9.850000000000000000e+02
8.470398945834540783e-01 8.291648908471772756e+02 -1.060440013047677752e+02 -3.521795207032493522e+02 1.183000000000000000e+03
9.096854620527370372e-01 7.318838539453842031e+02 -2.156567690311956653e+01 -3.181037655707506246e+02 1.269000000000000000e+03
9.720789776830213169e-01 6.342207299547205821e+02 -2.785408968704263355e+00 -3.863760772811336324e+02 1.537000000000000000e+03
1.034763038959366499e+00 5.585995516205457534e+02 -3.478474674811097600e+01 -3.428210134226661694e+02 1.653000000000000000e+03
1.097576444254559247e+00 5.044111464956347390e+02 5.003302503132061219e+01 -3.340702118855311369e+02 1.963000000000000000e+03
1.160543084780093270e+00 4.618570376215222950e+02 1.997169390908643294e+01 -2.923803590414622704e+02 2.121000000000000000e+03
1.223669666537485323e+00 4.153664100394043430e+02 4.289542826319576108e+01 -3.008240356337715298e+02 2.413000000000000000e+03
1.286817263090294094e+00 4.054646822327037512e+02 8.419307648434801195e+01 -2.662107213965524579e+02 2.635000000000000000e+03
1.349500801664080818e+00 3.705403309470012232e+02 5.347438852372091844e+01 -2.266393890845486396e+02 2.877000000000000000e+03
1.411949558842147567e+00 3.566653398771318280e+02 3.879849513871771194e+01 -2.159579754657383717e+02 3.169000000000000000e+03
1.475133575747468395e+00 3.330831933583681348e+02 3.892950101883756986e+01 -1.750698441383502768e+02 3.507000000000000000e+03
1.537865074252268593e+00 3.079310055524833842e+02 3.839183588094704902e+01 -1.587527840944276818e+02 3.685000000000000000e+03
1.600657544051110381e+00 2.906366261250070124e+02 4.041343554324446785e+01 -1.189186318604833588e+02 4.165000000000000000e+03
1.663991168687080524e+00 2.676582030051827132e+02 6.488798285859514792e+00 -9.076822561749814611e+01 4.377000000000000000e+03
1.727195645776442801e+00 2.507204917910506765e+02 -3.735102949127733662e+00 -9.457221703069399155e+01 4.855000000000000000e+03
1.789765213377084718e+00 2.354924902647111935e+02 3.610298032644033928e+00 -5.579396375874165415e+01 4.929000000000000000e+03
1.852353690647852158e+00 2.223958215978375108e+02 6.589457472385402248e+00 -5.711797999124016201e+01 5.581000000000000000e+03
1.914806787341157390e+00 2.189973473517887612e+02 -1.962353546105013447e+00 -5.369101254371687304e+01 5.679000000000000000e+03
1.977889868651535599e+00 2.078590024354443813e+02 2.425113481066198062e+00 -6.266605283953263239e+01 6.385000000000000000e+03
2.040937735447724499e+00 1.944379641798174703e+02 7.354936122585576719e+00 -3.852546743559378939e+01 6.553000000000000000e+03
2.103939302609846074e+00 1.863572420630616762e+02 3.614829520202118562e+00 -5.290429370001386644e+01 7.125000000000000000e+03
2.166909709822301799e+00 1.796209231266199993e+02 1.026255152366276491e+01 -3.660661188728835924e+01 7.447000000000000000e+03
2.229700281216152380e+00 1.747461501454885990e+02 1.063666969789334082e+01 -3.408039498242218457e+01 7.929000000000000000e+03
2.292620027086342382e+00 1.659093987502430991e+02 1.329378336236075953e+01 -3.918676930231065825e+01 8.353000000000000000e+03
2.355141508366812353e+00 1.583841354692393963e+02 2.430043328321908191e+01 -2.986526077271632218e+01 8.775000000000000000e+03
2.417910583817858949e+00 1.541673078857174914e+02 2.801507037866744199e+01 -2.642532007045845788e+01 9.313000000000000000e+03
2.480856539439619368e+00 1.485579424626947969e+02 3.221276718422756602e+01 -2.748559375593173471e+01 9.841000000000000000e+03
2.543492256872954549e+00 1.425360138624314743e+02 2.951784966164746393e+01 -1.955641540850668747e+01 1.019100000000000000e+04
2.606334251884805386e+00 1.366167362493274595e+02 3.037188904853004345e+01 -2.103064277805634674e+01 1.089700000000000000e+04
2.669257370896960690e+00 1.363251532679203706e+02 3.347635270464920865e+01 -1.581881040690922724e+01 1.130100000000000000e+04
2.732423343141155758e+00 1.312245789529328022e+02 3.906771889192350500e+01 6.220797895120580012e-01 1.202500000000000000e+04
2.795529680084416047e+00 1.303880727858053774e+02 3.951825450497241832e+01 2.245321216280819598e+00 1.242300000000000000e+04
2.858366292314493240e+00 1.263443658005823522e+02 4.132208644907152006e+01 7.957568910612117463e+00 1.302100000000000000e+04
2.920876271394311718e+00 1.250880649422177413e+02 4.767392840426685297e+01 1.865889056604637020e+01 1.340500000000000000e+04
2.983449844439822751e+00 1.239051752490399565e+02 5.031249754723799583e+01 2.971551359601328812e+01 1.424700000000000000e+04
3.046384918400867114e+00 1.236670901839396919e+02 4.649974776610241634e+01 9.587485811895506416e+00 1.427500000000000000e+04
3.109279688161210142e+00 1.229619275055739962e+02 4.216797144172452505e+01 -4.284395233703850892e+01 1.410000000000000000e+04
3.172087338483245755e+00 1.212519347137707371e+02 4.437466271506410465e+01 -7.979298488718649196e+01 1.351600000000000000e+04
3.235077053285361881e+00 1.207888463519035867e+02 4.563754906047961413e+01 -1.084108807323582226e+02 1.349200000000000000e+04
3.297974619160294107e+00 1.193910887737086171e+02 4.796741910080850602e+01 -1.395832725100665357e+02 1.270200000000000000e+04
3.360979404794635528e+00 1.184828260796917050e+02 4.935545096290928768e+01 -1.643413402699293613e+02 1.263400000000000000e+04
3.423687966102657132e+00 1.162158296767867824e+02 4.643844020999363664e+01 -1.833849354429829930e+02 1.180200000000000000e+04
3.486367717614779593e+00 1.143456062964497448e+02 4.218952997846443509e+01 -2.000106035639749678e+02 1.159000000000000000e+04
3.549237455189846013e+00 1.141886917129721155e+02 3.990174437684136421e+01 -2.187379460353853062e+02 1.100400000000000000e+04
3.611466567116090154e+00 1.140469327985487382e+02 3.678611021354074495e+01 -2.383456789811264116e+02 1.025800000000000000e+04
3.674175279485516032e+00 1.140043388606443528e+02 3.398063927372341908e+01 -2.499925934832356518e+02 1.013800000000000000e+04
3.737325177637534246e+00 1.126158718359691449e+02 3.223175811786016709e+01 -2.633386810461257710e+02 9.282000000000000000e+03
3.800314856493150373e+00 1.144963465413951553e+02 3.122113446261494829e+01 -2.784071890620284648e+02 8.824000000000000000e+03
3.863228937922256190e+00 1.149721649434268613e+02 3.159402379104680136e+01 -2.906183488244684554e+02 8.130000000000000000e+03
3.925673163149277833e+00 1.165853741888087995e+02 2.864963340217523324e+01 -3.008342810420078877e+02 7.330000000000000000e+03
3.988379144029963186e+00 1.183123477975245947e+02 3.017882841627867307e+01 -3.125459905562117910e+02 6.960000000000000000e+03
4.051365442737894007e+00 1.221791767091662706e+02 2.902209298498215162e+01 -3.350949226508656693e+02 5.944000000000000000e+03
4.114073661208438537e+00 1.256296290955855426e+02 3.277321151034554703e+01 -3.528969096945519368e+02 5.482000000000000000e+03
4.176398926321660099e+00 1.283998993352404625e+02 3.559380141047864754e+01 -3.816220544150681349e+02 4.458000000000000000e+03
4.238428652338137148e+00 1.311533255259676878e+02 3.496434118540767599e+01 -4.051967747975158431e+02 3.892000000000000000e+03
4.301987060447956424e+00 1.333716790320277994e+02 3.113711910968605423e+01 -4.248514481352169696e+02 3.165000000000000000e+03
4.365598466856841497e+00 1.347039091255669803e+02 3.102306477916218341e+01 -4.459979675728626489e+02 2.617000000000000000e+03
4.427107359730706015e+00 1.385500145862229715e+02 2.666987075637725013e+01 -4.631321494337664149e+02 2.037000000000000000e+03
4.489602987092925268e+00 1.396055829297828836e+02 2.036539259323550155e+01 -4.683768877746650787e+02 1.831000000000000000e+03
4.554125500073445743e+00 1.355562686624626849e+02 1.580706342308332069e+01 -4.588300911766174295e+02 1.435000000000000000e+03
4.616430240049651523e+00 1.288275916407980901e+02 9.556592032651064272e+00 -4.381653049418845285e+02 1.119000000000000000e+03
4.677252312221349406e+00 1.374868681870172509e+02 1.051785533292183139e+01 -4.716792537144726793e+02 8.800000000000000000e+02
4.741981513824780059e+00 1.397563629247115955e+02 3.487517206630411426e+00 -4.784016080983192296e+02 7.470000000000000000e+02
4.809273072599613563e+00 1.576221865003763298e+02 5.700117131641819768e+00 -5.463686619025777418e+02 5.200000000000000000e+02
4.871546600533164906e+00 1.857835740666786819e+02 2.242723182950595862e-01 -6.382887371684427080e+02 3.280000000000000000e+02
4.925260063653622566e+00 1.928199934585188373e+02 1.690316460379349683e+00 -6.674928496193679166e+02 2.160000000000000000e+02
4.988369355351538026e+00 2.011647385532779424e+02 4.206000135828637632e+00 -7.040375395650695509e+02 1.720000000000000000e+02
5.058296331193474771e+00 1.822877559938158640e+02 3.502155637705468560e+00 -6.396848434440169058e+02 8.400000000000000000e+01
5.124330000078495928e+00 1.947577285868671026e+02 1.110599164441983699e+00 -6.818414153072075123e+02 2.500000000000000000e+01
5.169965902813741465e+00 2.162060483643945190e+02 -2.139199511968644662e-01 -7.554853715403730803e+02 6.000000000000000000e+00
5.223742168994547797e+00 9.935181262034686256e+01 0.000000000000000000e+00 -3.477313441712139479e+02 1.000000000000000000e+00
