8.899641224696955288e-02 4.248213555463911689e+03 -6.830344573897798455e+02 -1.570749089751439442e+03 1.300000000000000000e+01
1.507912216506557823e-01 3.793857957774420356e+03 -1.899246849469133380e+01 1.105616843317970961e+03 3.300000000000000000e+01
2.144790186456836945e-01 3.498211761626565476e+03 1.421045062679914395e+01 -5.468571114137113227e+02 7.900000000000000000e+01
2.783660776489276789e-01 3.212023925526059884e+03 -8.387383599541988133e+01 -1.081873222732474318e+02 1.170000000000000000e+02
3.435099785803411021e-01 2.863259445853829220e+03 -1.619523478226418547e+02 -1.177532647752239967e+02 2.050000000000000000e+02
4.047886761425745772e-01 2.537022420381720167e+03 -1.610298991740990004e+02 1.432260260092214708e+02 2.350000000000000000e+02
4.676716683575679601e-01 2.175446569055690361e+03 -2.220867151488594970e+02 -1.507568223884607903e+02 3.690000000000000000e+02
5.308225101765952081e-01 1.831917861821152201e+03 -2.019530747482850472e+02 -3.571514846737505167e+01 4.330000000000000000e+02
5.945362440940590298e-01 1.510525714370279957e+03 -2.209189960621770581e+02 -8.485478676779720786e+01 5.850000000000000000e+02
6.576224814588792489e-01 1.219682563074911741e+03 -2.524902387319326067e+02 3.452146268907798543e+01 6.790000000000000000e+02
7.196632906698736676e-01 9.756200881940029603e+02 -2.271611857396540302e+02 -1.810829068846984740e+02 8.130000000000000000e+02
7.827860915688348298e-01 7.632303378092035473e+02 -2.176442462374064917e+02 -1.690366716033871910e+02 9.850000000000000000e+02
8.470398945834540783e-01 5.750048388166453606e+02 -2.033127754023765590e+02 -7.428581798368391276e+01 1.183000000000000000e+03
9.096854620527370372e-01 4.317555446837277486e+02 -1.757104699571590061e+02 -1.066704142693096031e+02 1.269000000000000000e+03
9.720789776830213169e-01 3.192514313709602334e+02 -1.478415121111485462e+02 -1.205133339584150605e+02 1.537000000000000000e+03
1.034763038959366499e+00 2.282224316466233631e+02 -1.228863336823488623e+02 -1.108108525778706621e+02 1.653000000000000000e+03
1.097576444254559247e+00 1.612697874847795276e+02 -9.640011324191100073e+01 -8.706598120485732295e+01 1.963000000000000000e+03
1.160543084780093270e+00 1.111701298552165582e+02 -7.150327146173896153e+01 -7.822896357417418756e+01 2.121000000000000000e+03
1.223669666537485323e+00 7.554988369719843888e+01 -5.106219211505953837e+01 -5.941895768692697999e+01 2.413000000000000000e+03
1.286817263090294094e+00 5.072398752394575894e+01 -3.254584607689726994e+01 -4.364135794693001458e+01 2.635000000000000000e+03
1.349500801664080818e+00 3.356927276831333984e+01 -1.817869866672054613e+01 -2.466717478997784596e+01 2.877000000000000000e+03
1.411949558842147567e+00 2.392777163384454298e+01 -7.133358869552912651e+00 -1.353852942702338780e+01 3.169000000000000000e+03
1.475133575747468395e+00 1.780237824987098705e+01 5.741299151117283950e-01 -1.073372134340640605e+00 3.507000000000000000e+03
1.537865074252268593e+00 1.472150158932856812e+01 4.941225134144574760e+00 8.954551228776171712e+00 3.685000000000000000e+03
1.600657544051110381e+00 1.313011363129147036e+01 7.430346775830748207e+00 1.689209595622728699e+01 4.165000000000000000e+03
1.663991168687080524e+00 1.273342305420654341e+01 7.849351615986173591e+00 2.255998623011748450e+01 4.377000000000000000e+03
1.727195645776442801e+00 1.244294069486628018e+01 6.063488149438089003e+00 2.487270870352268659e+01 4.855000000000000000e+03
1.789765213377084718e+00 1.245740962253796980e+01 3.922597492497952310e+00 2.717404956083760936e+01 4.929000000000000000e+03
1.852353690647852158e+00 1.198462387597196255e+01 1.286268583815833200e+00 2.550517291224818450e+01 5.581000000000000000e+03
1.914806787341157390e+00 1.163935938113423241e+01 -1.512451139834272595e+00 2.472409989106391492e+01 5.679000000000000000e+03
1.977889868651535599e+00 1.066910098740027024e+01 -3.674921387289121100e+00 2.115562544843498571e+01 6.385000000000000000e+03
2.040937735447724499e+00 9.988268274250328815e+00 -5.892720215035851083e+00 1.875799339510608021e+01 6.553000000000000000e+03
2.103939302609846074e+00 8.970987700794522013e+00 -7.204793405673140860e+00 1.550112139731947813e+01 7.125000000000000000e+03
2.166909709822301799e+00 7.889137000743644990e+00 -7.849562537933595152e+00 1.230703488646115318e+01 7.447000000000000000e+03
2.229700281216152380e+00 6.919881516021492374e+00 -7.806233775589833002e+00 9.763786571604054387e+00 7.929000000000000000e+03
2.292620027086342382e+00 6.098095421893641621e+00 -7.309189443417619891e+00 7.876737812618368473e+00 8.353000000000000000e+03
2.355141508366812353e+00 5.486037656319121325e+00 -6.638795956167705903e+00 6.988703798058050864e+00 8.775000000000000000e+03
2.417910583817858949e+00 4.838478963037846192e+00 -5.158361857182406141e+00 6.250536127259560537e+00 9.313000000000000000e+03
2.480856539439619368e+00 4.420538881372454654e+00 -3.722918586315790979e+00 6.256286816356212199e+00 9.841000000000000000e+03
2.543492256872954549e+00 4.177738016490599726e+00 -2.283625902117954798e+00 7.052716666605918228e+00 1.019100000000000000e+04
2.606334251884805386e+00 4.060126221894661214e+00 -7.043081801424952992e-01 8.014384157799691266e+00 1.089700000000000000e+04
2.669257370896960690e+00 3.994300445547586342e+00 7.373983425378899392e-01 9.250921195076465153e+00 1.130100000000000000e+04
2.732423343141155758e+00 4.094124960116725553e+00 2.178662960764785161e+00 1.104162503370042892e+01 1.202500000000000000e+04
2.795529680084416047e+00 4.172852825902223728e+00 3.405124016219880367e+00 1.252154823938939110e+01 1.242300000000000000e+04
2.858366292314493240e+00 4.335907084924919275e+00 4.755120494704766720e+00 1.442919676006824936e+01 1.302100000000000000e+04
2.920876271394311718e+00 4.542654534714307246e+00 5.896876167242225186e+00 1.623322717452493080e+01 1.340500000000000000e+04
2.983449844439822751e+00 4.645446340690046583e+00 6.813158598356456430e+00 1.749737117028869093e+01 1.424700000000000000e+04
3.046384918400867114e+00 4.032870980566888974e+00 5.946866881447177455e+00 1.373087760915672639e+01 1.427500000000000000e+04
3.109279688161210142e+00 2.811863840219095856e+00 3.616093756491926658e+00 6.348654548776197615e+00 1.410000000000000000e+04
3.172087338483245755e+00 2.022800544206150963e+00 1.847435886917810910e+00 2.345981514000006207e+00 1.351600000000000000e+04
3.235077053285361881e+00 1.525247409027941980e+00 6.881899412486386369e-01 2.831132915008167106e-01 1.349200000000000000e+04
3.297974619160294107e+00 1.218183516177621550e+00 1.172362422841536356e-01 -5.998899582860207635e-01 1.270200000000000000e+04
3.360979404794635528e+00 1.071271629171800965e+00 -1.736905830263527906e-01 -1.058652394521777396e+00 1.263400000000000000e+04
3.423687966102657132e+00 9.728930101847467204e-01 -2.685693662103711965e-01 -1.294290470461897380e+00 1.180200000000000000e+04
3.486367717614779593e+00 9.508058068923744832e-01 -2.368628847539090421e-01 -1.532494017721162560e+00 1.159000000000000000e+04
3.549237455189846013e+00 9.423745816093325178e-01 -1.513308403496152199e-01 -1.751845413207812951e+00 1.100400000000000000e+04
3.611466567116090154e+00 9.254152454781540138e-01 -4.982476142445669415e-02 -1.946988669183107756e+00 1.025800000000000000e+04
3.674175279485516032e+00 9.729862717767968627e-01 1.097704045642581422e-01 -2.283121671017282139e+00 1.013800000000000000e+04
3.737325177637534246e+00 9.623861557376284237e-01 2.252018020837205092e-01 -2.472364032925338240e+00 9.282000000000000000e+03
3.800314856493150373e+00 1.005406773016104927e+00 3.738491837727335176e-01 -2.768690728743323781e+00 8.824000000000000000e+03
3.863228937922256190e+00 1.022508778097123150e+00 4.782799086163295188e-01 -2.968004236484238056e+00 8.130000000000000000e+03
3.925673163149277833e+00 1.038163760900765675e+00 5.651293680683122655e-01 -3.139946771875003151e+00 7.330000000000000000e+03
3.988379144029963186e+00 1.130848152237647453e+00 7.173015784715076615e-01 -3.527521852250276257e+00 6.960000000000000000e+03
4.051365442737894007e+00 1.059653957343692943e+00 6.388248704622037089e-01 -3.354575543365460266e+00 5.944000000000000000e+03
4.114073661208438537e+00 1.191722922708457588e+00 7.780489758684657753e-01 -3.822788997825095070e+00 5.482000000000000000e+03
4.176398926321660099e+00 1.056826797375576055e+00 5.745381832413817280e-01 -3.397192732032062956e+00 4.458000000000000000e+03
4.238428652338137148e+00 9.784457402553037308e-01 3.916198544061988973e-01 -3.126632665197407679e+00 3.892000000000000000e+03
4.301987060447956424e+00 8.757572272890076226e-01 1.407074823548479514e-01 -2.743993749262727988e+00 3.165000000000000000e+03
4.365598466856841497e+00 9.085999243039299955e-01 1.999623283760145961e-02 -2.809159592798280869e+00 2.617000000000000000e+03
4.427107359730706015e+00 1.015064816891666721e+00 -3.564937714381298528e-02 -3.145031523475166679e+00 2.037000000000000000e+03
4.489602987092925268e+00 1.111125498101548148e+00 -6.858531190193738192e-02 -3.491542634386306077e+00 1.831000000000000000e+03
4.554125500073445743e+00 1.214394926695192334e+00 -1.153467427980376936e-01 -3.830403770491189519e+00 1.435000000000000000e+03
4.616430240049651523e+00 1.320913811688044781e+00 -1.626200143200015880e-01 -4.182387080913514410e+00 1.119000000000000000e+03
4.677252312221349406e+00 1.399814978336589633e+00 -1.819524893569730573e-01 -4.475830967040597130e+00 8.800000000000000000e+02
4.741981513824780059e+00 1.470238620397651852e+00 -1.575022375965994259e-01 -4.811849640142209061e+00 7.470000000000000000e+02
4.809273072599613563e+00 1.578002757853153470e+00 -1.403346155183714805e-01 -5.247850026831017978e+00 5.200000000000000000e+02
4.871546600533164906e+00 1.672101613107057627e+00 -1.055497930430775028e-01 -5.640210880717042130e+00 3.280000000000000000e+02
4.925260063653622566e+00 1.833605541751466950e+00 -1.169109974961569653e-01 -6.205493749056413044e+00 2.160000000000000000e+02
4.988369355351538026e+00 1.878417269678213097e+00 -4.648299513316408310e-02 -6.482384778311778284e+00 1.720000000000000000e+02
5.058296331193474771e+00 2.106039381963933366e+00 -2.439037078225275365e-02 -7.319451560709549831e+00 8.400000000000000000e+01
5.124330000078495928e+00 2.478459468163549229e+00 -2.083533165083304231e-02 -8.641908674191666861e+00 2.500000000000000000e+01
5.169965902813741465e+00 2.172213863564738556e+00 -1.242903957177833064e-02 -7.580900487712761482e+00 6.000000000000000000e+00
5.223742168994547797e+00 2.160483729758088778e+00 0.000000000000000000e+00 -7.561693054153310278e+00 1.000000000000000000e+00
