8.899641224696955288e-02 1.297644645482943270e+04 -8.236738841238387977e+03 -2.150643775805026507e+02 1.300000000000000000e+01
1.507912216506557823e-01 7.625484556840503501e+03 -2.727367761228918880e+03 8.867357859241890765e+03 3.300000000000000000e+01
2.144790186456836945e-01 5.606090449636795711e+03 8.463555425853592169e+02 1.706582826389961156e+03 7.900000000000000000e+01
2.783660776489276789e-01 4.575278666723136666e+03 -7.990518253544321396e+02 5.563737624786299563e+01 1.170000000000000000e+02
3.435099785803411021e-01 3.653629881535255208e+03 -4.113662077630787621e+02 -5.097466574271231252e+02 2.050000000000000000e+02
4.047886761425745772e-01 2.923513922738400197e+03 -2.728357680795399531e+01 6.551295078222038626e+01 2.350000000000000000e+02
4.676716683575679601e-01 2.486859843088515390e+03 -4.238935896801581862e+02 -1.356259916210141682e+03 3.690000000000000000e+02
5.308225101765952081e-01 2.043547564173240062e+03 -2.480759225331992823e+01 -3.749484571149516228e+02 4.330000000000000000e+02
5.945362440940590298e-01 1.839273095324820588e+03 -1.175172109819257713e+02 -8.657156610938590120e+02 5.850000000000000000e+02
6.576224814588792489e-01 1.470834053432744213e+03 -1.770995180883651301e+02 -6.564170977351141119e+02 6.790000000000000000e+02
7.196632906698736676e-01 1.283170272398035195e+03 -3.314802264538211141e+00 -7.463350077361367312e+02 8.130000000000000000e+02
7.827860915688348298e-01 1.147445737130659154e+03 -4.584865760032893434e+01 -6.402369355159219140e+02 9.850000000000000000e+02
8.470398945834540783e-01 9.849897270030352274e+02 -1.399721358463036722e+02 -5.294397538076908631e+02 1.183000000000000000e+03
9.096854620527370372e-01 8.975767765118629313e+02 -6.121942989786589351e+01 -4.668829812355917852e+02 1.269000000000000000e+03
9.720789776830213169e-01 8.018229150650681731e+02 -3.468179078681729521e+01 -5.449944934138718509e+02 1.537000000000000000e+03
1.034763038959366499e+00 7.393164982789297710e+02 -9.383336105134750937e+01 -5.233085850506364523e+02 1.653000000000000000e+03
1.097576444254559247e+00 6.872746732974010229e+02 1.872595791858423286e+00 -4.856231130009928734e+02 1.963000000000000000e+03
1.160543084780093270e+00 6.524464770801550912e+02 -2.022635933761954163e+01 -4.473529650699774152e+02 2.121000000000000000e+03
1.223669666537485323e+00 5.842073584611938486e+02 -1.242542740675118296e+01 -4.773426833545264572e+02 2.413000000000000000e+03
1.286817263090294094e+00 5.715539116551797179e+02 4.838978613107341431e+01 -3.959278396950675187e+02 2.635000000000000000e+03
1.349500801664080818e+00 5.391778870664870738e+02 4.103111520009988311e+01 -3.597442806573595249e+02 2.877000000000000000e+03
1.411949558842147567e+00 5.142530355279097876e+02 2.160309172913405362e+01 -3.375350765885933697e+02 3.169000000000000000e+03
1.475133575747468395e+00 4.916528775762357100e+02 7.051034301386583714e+00 -2.609670118643742853e+02 3.507000000000000000e+03
1.537865074252268593e+00 4.652145900878506382e+02 4.501491624937720815e+00 -2.465054042784792614e+02 3.685000000000000000e+03
1.600657544051110381e+00 4.454146715235628449e+02 -4.714035334523547505e+00 -2.114724469906605577e+02 4.165000000000000000e+03
1.663991168687080524e+00 4.202882760202717805e+02 -1.756036439537079019e+01 -1.363628042135570411e+02 4.377000000000000000e+03
1.727195645776442801e+00 4.032684168869377004e+02 -6.329564272439355932e+01 -1.549579481317218779e+02 4.855000000000000000e+03
1.789765213377084718e+00 3.839661241180618845e+02 -5.728637957930555302e+01 -8.543449665907762380e+01 4.929000000000000000e+03
1.852353690647852158e+00 3.621604341619612342e+02 -4.811307717749286184e+01 -7.764376045539160032e+01 5.581000000000000000e+03
1.914806787341157390e+00 3.600241015154328466e+02 -6.318003520093337499e+01 -7.020864980536200051e+01 5.679000000000000000e+03
1.977889868651535599e+00 3.495622876524682283e+02 -5.806260857997725111e+01 -6.582818392441210165e+01 6.385000000000000000e+03
2.040937735447724499e+00 3.429961092894966441e+02 -5.301674870233433268e+01 -3.973876544910188358e+01 6.553000000000000000e+03
2.103939302609846074e+00 3.285043226352322563e+02 -6.711117790356506418e+01 -6.458041582151230386e+01 7.125000000000000000e+03
2.166909709822301799e+00 3.220628102834744482e+02 -5.532792853098263208e+01 -4.905526160506452271e+01 7.447000000000000000e+03
2.229700281216152380e+00 3.251343148040189135e+02 -5.909321040144494219e+01 -4.602987702619262222e+01 7.929000000000000000e+03
2.292620027086342382e+00 3.180787490499717478e+02 -6.695762462401039272e+01 -5.710908161030575059e+01 8.353000000000000000e+03
2.355141508366812353e+00 3.143537612202378568e+02 -6.254886459166969104e+01 -3.780701301409398951e+01 8.775000000000000000e+03
2.417910583817858949e+00 3.147574399677887982e+02 -5.630393476439558498e+01 -3.566103863795883910e+01 9.313000000000000000e+03
2.480856539439619368e+00 3.180738142264093540e+02 -8.026312370268463781e+01 -4.455503213042197075e+01 9.841000000000000000e+03
2.543492256872954549e+00 3.206952297577151967e+02 -7.889359988250426170e+01 -1.546977974182310867e+01 1.019100000000000000e+04
2.606334251884805386e+00 3.235473562815317337e+02 -8.925654716627066421e+01 -1.993995912732046349e+01 1.089700000000000000e+04
2.669257370896960690e+00 3.271263149799871144e+02 -9.766207624184347935e+01 -2.591268585850163220e+01 1.130100000000000000e+04
2.732423343141155758e+00 3.365281757998889702e+02 -1.033866413958494093e+02 2.688722209293055698e+01 1.202500000000000000e+04
2.795529680084416047e+00 3.410265053349088475e+02 -1.190735340868564549e+02 2.918669361126348250e+01 1.242300000000000000e+04
2.858366292314493240e+00 3.546137975749868474e+02 -1.310362368689101231e+02 4.190363811341818945e+01 1.302100000000000000e+04
2.920876271394311718e+00 3.684097138348738554e+02 -1.259726557098628206e+02 8.377865777785036983e+01 1.340500000000000000e+04
2.983449844439822751e+00 3.828516718328480692e+02 -1.519390827967006317e+02 9.730276206089513380e+01 1.424700000000000000e+04
3.046384918400867114e+00 3.841686484496291882e+02 -1.409912942168136283e+02 6.196487135571207716e+01 1.427500000000000000e+04
3.109279688161210142e+00 3.820421274793346811e+02 -1.071775505652177429e+02 -4.066309698849590148e+01 1.410000000000000000e+04
3.172087338483245755e+00 3.782597757688412230e+02 -8.376936274841142449e+01 -1.492374712297743713e+02 1.351600000000000000e+04
3.235077053285361881e+00 3.890378917701605133e+02 -7.041188770000567843e+01 -2.315667604838869806e+02 1.349200000000000000e+04
3.297974619160294107e+00 4.025091335784219382e+02 -5.128448587554640881e+01 -3.267876573973829863e+02 1.270200000000000000e+04
3.360979404794635528e+00 4.103707180923835267e+02 -6.109836492419343301e+01 -3.970418082720215693e+02 1.263400000000000000e+04
3.423687966102657132e+00 4.243839311278513264e+02 -5.560626286057506462e+01 -4.931958927040132608e+02 1.180200000000000000e+04
3.486367717614779593e+00 4.370001411494409922e+02 -7.047220929025003500e+01 -5.510218253354172475e+02 1.159000000000000000e+04
3.549237455189846013e+00 4.549458617370290767e+02 -7.427999927669520730e+01 -6.263327467898989198e+02 1.100400000000000000e+04
3.611466567116090154e+00 4.671009415597839052e+02 -7.988655877058279486e+01 -7.132157848034113385e+02 1.025800000000000000e+04
3.674175279485516032e+00 4.860490619824770988e+02 -1.006969172766799261e+02 -7.544336801115730395e+02 1.013800000000000000e+04
3.737325177637534246e+00 5.081656132078928749e+02 -9.720950585060531068e+01 -8.645898802903357137e+02 9.282000000000000000e+03
3.800314856493150373e+00 5.267239437887845952e+02 -1.089526473259852963e+02 -9.204623417866085902e+02 8.824000000000000000e+03
3.863228937922256190e+00 5.567327309108000009e+02 -1.088641796153419250e+02 -1.029256407508749817e+03 8.130000000000000000e+03
3.925673163149277833e+00 5.781723271834011939e+02 -1.038996945270662877e+02 -1.133413020811028900e+03 7.330000000000000000e+03
3.988379144029963186e+00 6.118313459789646913e+02 -1.149791225314009893e+02 -1.219074878709992845e+03 6.960000000000000000e+03
4.051365442737894007e+00 6.411230082398478771e+02 -1.103749547607126971e+02 -1.377067804226314138e+03 5.944000000000000000e+03
4.114073661208438537e+00 6.832195109088223717e+02 -1.241938103747917239e+02 -1.467502165404766174e+03 5.482000000000000000e+03
4.176398926321660099e+00 7.268670916230216790e+02 -1.032766498552268928e+02 -1.717752273031710274e+03 4.458000000000000000e+03
4.238428652338137148e+00 7.658943314388020553e+02 -8.881016692894155540e+01 -1.950598456337341077e+03 3.892000000000000000e+03
4.301987060447956424e+00 8.107699180389153071e+02 -4.851349691488846361e+01 -2.278425356123163056e+03 3.165000000000000000e+03
4.365598466856841497e+00 8.785556765600076687e+02 -2.981775390512053647e+01 -2.606976681157907024e+03 2.617000000000000000e+03
4.427107359730706015e+00 9.571802960362415433e+02 -2.635285421470373990e+01 -2.933180473357975188e+03 2.037000000000000000e+03
4.489602987092925268e+00 1.029537218480686306e+03 -2.672018623101778800e+01 -3.248183865301102287e+03 1.831000000000000000e+03
4.554125500073445743e+00 1.093638309255144350e+03 -3.704055702200761857e+01 -3.507600712063795527e+03 1.435000000000000000e+03
4.616430240049651523e+00 1.174407860978472399e+03 -3.236598293739535137e+01 -3.845601817389709140e+03 1.119000000000000000e+03
4.677252312221349406e+00 1.264827228177446159e+03 -2.177889486409510056e+01 -4.209752683835515199e+03 8.800000000000000000e+02
4.741981513824780059e+00 1.374950210809390455e+03 7.790452102974610327e+00 -4.678784480008991522e+03 7.470000000000000000e+02
4.809273072599613563e+00 1.525672654786250405e+03 5.392812551741677396e+00 -5.238330311855262153e+03 5.200000000000000000e+02
4.871546600533164906e+00 1.741527371875814652e+03 1.998480241725377127e+01 -6.024752347970681512e+03 3.280000000000000000e+02
4.925260063653622566e+00 1.896463597160088057e+03 5.554827533816220075e+00 -6.556943728647774151e+03 2.160000000000000000e+02
4.988369355351538026e+00 2.132866133136071312e+03 -5.912789635058230964e+00 -7.411256403187173419e+03 1.720000000000000000e+02
5.058296331193474771e+00 2.247078820293717399e+03 -2.444321863909567405e+00 -7.836271135565362783e+03 8.400000000000000000e+01
5.124330000078495928e+00 2.359025550649240813e+03 8.338535184318230264e+00 -8.253565985354707664e+03 2.500000000000000000e+01
5.169965902813741465e+00 2.989324886808449264e+03 4.620293063759373098e+01 -1.049977073598165225e+04 6.000000000000000000e+00
5.223742168994547797e+00 1.093087740184124868e+03 0.000000000000000000e+00 -3.825807090644436812e+03 1.000000000000000000e+00
