8.899641224696955288e-02 8.923305767891710275e+04 -4.991332550163895939e+04 -2.162461211893452855e+04 1.300000000000000000e+01
1.507912216506557823e-01 6.806131914915969537e+04 -6.077083048875695567e+03 5.546634294630536897e+04 3.300000000000000000e+01
2.144790186456836945e-01 5.585069259137764311e+04 3.933029166051614538e+03 7.187567701202610806e+03 7.900000000000000000e+01
2.783660776489276789e-01 5.098561306572094327e+04 -7.718205311739714489e+03 -1.213190926461335948e+03 1.170000000000000000e+02
3.435099785803411021e-01 4.260597261353150679e+04 -3.589182044312582093e+03 -4.183426714887998969e+03 2.050000000000000000e+02
4.047886761425745772e-01 3.552058149972938554e+04 -9.201090340452807368e+02 1.509325306641978841e+03 2.350000000000000000e+02
4.676716683575679601e-01 3.034708424202951937e+04 -3.474269508489051987e+03 -1.292960005482070846e+04 3.690000000000000000e+02
5.308225101765952081e-01 2.558376759488050811e+04 -6.922434219232278565e+02 -4.545588102833301491e+03 4.330000000000000000e+02
5.945362440940590298e-01 2.225227343893206489e+04 -1.460602970151162481e+03 -8.613506779961795473e+03 5.850000000000000000e+02
6.576224814588792489e-01 1.812278460835051010e+04 -1.981022204718808780e+03 -7.120394613288344772e+03 6.790000000000000000e+02
7.196632906698736676e-01 1.566524394800204209e+04 -3.357500142656881508e+02 -9.823465677419060739e+03 8.130000000000000000e+02
7.827860915688348298e-01 1.368926895325143596e+04 8.366905930792076163e+01 -9.389093534976640512e+03 9.850000000000000000e+02
8.470398945834540783e-01 1.186884359206995214e+04 -7.099829727807068593e+02 -7.738421462795601656e+03 1.183000000000000000e+03
9.096854620527370372e-01 1.053511603819095581e+04 -1.149776642888728020e+02 -7.578211910283443103e+03 1.269000000000000000e+03
9.720789776830213169e-01 9.351986138717476933e+03 9.221602921251390228e+01 -7.943773498320312683e+03 1.537000000000000000e+03
1.034763038959366499e+00 8.558075804271175002e+03 -7.349661806235027370e+02 -7.917628814823493485e+03 1.653000000000000000e+03
1.097576444254559247e+00 7.894604947848102711e+03 3.821638991513621590e+02 -7.067650290099169069e+03 1.963000000000000000e+03
1.160543084780093270e+00 7.496426415013302176e+03 4.384336273323049795e+02 -6.735739418468478107e+03 2.121000000000000000e+03
1.223669666537485323e+00 6.780010074706528940e+03 2.863470881462897069e+02 -7.265296253480886662e+03 2.413000000000000000e+03
1.286817263090294094e+00 6.425800890444272227e+03 7.887501122352483662e+02 -6.215495825450264419e+03 2.635000000000000000e+03
1.349500801664080818e+00 6.080157775142042738e+03 6.616333881049208685e+02 -5.275344311615474908e+03 2.877000000000000000e+03
1.411949558842147567e+00 5.751719805146469298e+03 5.574788846240585372e+02 -5.233023413286779032e+03 3.169000000000000000e+03
1.475133575747468395e+00 5.455370469512356976e+03 3.718978932682804839e+02 -4.030659177827426902e+03 3.507000000000000000e+03
1.537865074252268593e+00 5.096363777125506203e+03 2.279863491298199278e+02 -3.564660512065292096e+03 3.685000000000000000e+03
1.600657544051110381e+00 4.823306253221981933e+03 1.482185250142000399e+01 -2.983906842080201386e+03 4.165000000000000000e+03
1.663991168687080524e+00 4.573942296537804395e+03 -1.379720420107972245e+02 -2.237527004588465843e+03 4.377000000000000000e+03
1.727195645776442801e+00 4.318709899947081794e+03 -4.576885750395331911e+02 -2.225820770765908037e+03 4.855000000000000000e+03
1.789765213377084718e+00 4.139642084364258153e+03 -4.640013624466030819e+02 -1.631179763772445085e+03 4.929000000000000000e+03
1.852353690647852158e+00 3.903934459069384957e+03 -4.967453965616248297e+02 -1.346378539322593497e+03 5.581000000000000000e+03
1.914806787341157390e+00 3.847009128738695381e+03 -6.484848447316875308e+02 -1.255785731142463646e+03 5.679000000000000000e+03
1.977889868651535599e+00 3.732899884921015655e+03 -6.686511952711024378e+02 -1.073946887867540454e+03 6.385000000000000000e+03
2.040937735447724499e+00 3.676478007954779514e+03 -6.125767649652865430e+02 -8.848615025187968968e+02 6.553000000000000000e+03
2.103939302609846074e+00 3.595110061909111664e+03 -7.202643346941442815e+02 -1.149414127097579467e+03 7.125000000000000000e+03
2.166909709822301799e+00 3.562207564792219273e+03 -6.517254806275700503e+02 -1.100502797954077778e+03 7.447000000000000000e+03
2.229700281216152380e+00 3.618639586257253086e+03 -5.743865100181437811e+02 -1.135870974219739310e+03 7.929000000000000000e+03
2.292620027086342382e+00 3.571764796526404098e+03 -7.203235744358145212e+02 -1.322446160211210099e+03 8.353000000000000000e+03
2.355141508366812353e+00 3.583709034998970765e+03 -6.184458925533449474e+02 -1.118330314836976868e+03 8.775000000000000000e+03
2.417910583817858949e+00 3.601333791738281889e+03 -4.973817259522449490e+02 -1.151497761021130145e+03 9.313000000000000000e+03
2.480856539439619368e+00 3.656766915945502205e+03 -6.855621037348302025e+02 -1.261014909656227019e+03 9.841000000000000000e+03
2.543492256872954549e+00 3.734313142281610453e+03 -6.244102500279801689e+02 -9.035997199865765879e+02 1.019100000000000000e+04
2.606334251884805386e+00 3.779049538193030003e+03 -6.661303972968674998e+02 -8.902448634032668906e+02 1.089700000000000000e+04
2.669257370896960690e+00 3.803745765752596071e+03 -6.360650648287081594e+02 -9.226454445464794389e+02 1.130100000000000000e+04
2.732423343141155758e+00 3.911868192968112908e+03 -6.336958749279332324e+02 -4.443881731451047017e+02 1.202500000000000000e+04
2.795529680084416047e+00 3.986298665849164081e+03 -7.453968680131092697e+02 -4.197270604859655236e+02 1.242300000000000000e+04
2.858366292314493240e+00 4.128618490652326727e+03 -6.974271118177254039e+02 -3.213300390725130455e+02 1.302100000000000000e+04
2.920876271394311718e+00 4.251822979396366463e+03 -6.038136939477211627e+02 1.446755793360112818e+02 1.340500000000000000e+04
2.983449844439822751e+00 4.448170234483219247e+03 -7.138107830889040315e+02 2.750784546530628063e+02 1.424700000000000000e+04
3.046384918400867114e+00 4.549622401464006543e+03 -5.192005834670297872e+02 -1.273553086268029091e+02 1.427500000000000000e+04
3.109279688161210142e+00 4.639381692986553389e+03 -2.165686682949713600e+02 -1.364937052140815467e+03 1.410000000000000000e+04
3.172087338483245755e+00 4.717502081577108584e+03 -1.343667825381654950e+02 -2.651623725099488183e+03 1.351600000000000000e+04
3.235077053285361881e+00 4.886366982373770043e+03 -1.945356216947832024e+02 -3.882862742797971805e+03 1.349200000000000000e+04
3.297974619160294107e+00 5.162112375607396643e+03 -1.580854788066235699e+02 -5.414485983095483789e+03 1.270200000000000000e+04
3.360979404794635528e+00 5.423009051584463123e+03 -2.865652687347459278e+02 -6.653081107152348523e+03 1.263400000000000000e+04
3.423687966102657132e+00 5.777901947178703267e+03 -2.353647094063930467e+02 -8.177665333423797165e+03 1.180200000000000000e+04
3.486367717614779593e+00 6.087276079836283316e+03 -2.663746827055043696e+02 -9.457034976983886736e+03 1.159000000000000000e+04
3.549237455189846013e+00 6.504950808693884028e+03 -3.081519071436928243e+02 -1.084604719923802804e+04 1.100400000000000000e+04
3.611466567116090154e+00 6.941106677435633173e+03 -2.610322794310067707e+02 -1.259617220586507574e+04 1.025800000000000000e+04
3.674175279485516032e+00 7.406234755104402211e+03 -3.351150694738462334e+02 -1.389778075179431471e+04 1.013800000000000000e+04
3.737325177637534246e+00 7.924181872462073443e+03 -2.137412452384743347e+02 -1.597834474364334710e+04 9.282000000000000000e+03
3.800314856493150373e+00 8.395962364489669199e+03 -2.090406373841023537e+02 -1.760762047511733908e+04 8.824000000000000000e+03
3.863228937922256190e+00 9.022567196231400885e+03 -1.697107180244147742e+02 -1.967032895825313608e+04 8.130000000000000000e+03
3.925673163149277833e+00 9.581579620018128480e+03 -7.206644253224295937e+01 -2.181782610222180301e+04 7.330000000000000000e+03
3.988379144029963186e+00 1.018248269692098074e+04 -1.774259413993682131e+02 -2.352358501211435214e+04 6.960000000000000000e+03
4.051365442737894007e+00 1.090057079542360225e+04 -2.347609146017296666e+01 -2.684268253260918209e+04 5.944000000000000000e+03
4.114073661208438537e+00 1.168360276921510740e+04 -5.791522379491086525e+01 -2.904920526208971933e+04 5.482000000000000000e+03
4.176398926321660099e+00 1.266713897627013648e+04 2.234737585555085388e+02 -3.372273857586065424e+04 4.458000000000000000e+03
4.238428652338137148e+00 1.372088513098228941e+04 4.760275237160897746e+02 -3.865486123402588419e+04 3.892000000000000000e+03
4.301987060447956424e+00 1.507850052490535927e+04 8.205719269306890737e+02 -4.530087632204326655e+04 3.165000000000000000e+03
4.365598466856841497e+00 1.670689167274653664e+04 9.629807995979359703e+02 -5.201428140301969688e+04 2.617000000000000000e+03
4.427107359730706015e+00 1.863185220428856337e+04 7.277993741758898523e+02 -5.894791945699909411e+04 2.037000000000000000e+03
4.489602987092925268e+00 2.057665491722758088e+04 4.677216507859261583e+02 -6.632846479115088005e+04 1.831000000000000000e+03
4.554125500073445743e+00 2.273076967778736434e+04 1.484880798550499890e+02 -7.416904642492542916e+04 1.435000000000000000e+03
4.616430240049651523e+00 2.499094252195423178e+04 5.707560659031312156e+00 -8.263650977371681074e+04 1.119000000000000000e+03
4.677252312221349406e+00 2.721464183623980352e+04 7.546060081049623136e+01 -9.116102409443713259e+04 8.800000000000000000e+02
4.741981513824780059e+00 2.997972296118854501e+04 2.892292833648787678e+02 -1.020968515597707737e+05 7.470000000000000000e+02
4.809273072599613563e+00 3.372971408476336364e+04 2.761271239842814680e+02 -1.159490231733333203e+05 5.200000000000000000e+02
4.871546600533164906e+00 3.833613439602186554e+04 4.359633645825449548e+02 -1.326095989319389337e+05 3.280000000000000000e+02
4.925260063653622566e+00 4.267030408313619409e+04 1.770295008926146920e+02 -1.476798147887002851e+05 2.160000000000000000e+02
4.988369355351538026e+00 4.747577629471901309e+04 8.411936068575937497e+01 -1.652182928493435902e+05 1.720000000000000000e+02
5.058296331193474771e+00 5.283963049698607938e+04 -5.060342586527573516e+00 -1.843402123372649949e+05 8.400000000000000000e+01
5.124330000078495928e+00 5.939529927207636501e+04 -1.599050637528156074e+02 -2.074351081522190652e+05 2.500000000000000000e+01
5.169965902813741465e+00 6.975712972073411220e+04 -6.130332075388476909e+00 -2.438692525743690785e+05 6.000000000000000000e+00
5.223742168994547797e+00 5.519424085744644253e+04 0.000000000000000000e+00 -1.931798430010625161e+05 1.000000000000000000e+00
