8.899641224696955288e-02 9.693236795546783469e+03 -6.005888678982190868e+03 -4.298248217426669839e+02 1.300000000000000000e+01
1.507912216506557823e-01 5.842675770583566191e+03 -1.656274289122151686e+03 6.303453303593119927e+03 3.300000000000000000e+01
2.144790186456836945e-01 4.403851471976805442e+03 7.908873218040999973e+02 1.021823731327022074e+03 7.900000000000000000e+01
2.783660776489276789e-01 3.715994331883794530e+03 -3.965026656805331413e+02 -9.121767139854848949e+01 1.170000000000000000e+02
3.435099785803411021e-01 2.973640909695940536e+03 -1.760873737421046030e+02 -3.794740045507823538e+02 2.050000000000000000e+02
4.047886761425745772e-01 2.484729116938148309e+03 3.150642522368233855e+01 -1.037188109265852205e+02 2.350000000000000000e+02
4.676716683575679601e-01 2.076972987084323449e+03 -2.089570925468405278e+02 -8.214796165289999408e+02 3.690000000000000000e+02
5.308225101765952081e-01 1.741605923531519693e+03 2.270967373931563316e+01 -1.873925796152140890e+02 4.330000000000000000e+02
5.945362440940590298e-01 1.494277800474008018e+03 -2.893623252872683693e+01 -5.142334565135173534e+02 5.850000000000000000e+02
6.576224814588792489e-01 1.162717575300393719e+03 -1.060268338586658956e+02 -2.213257409330576593e+02 6.790000000000000000e+02
7.196632906698736676e-01 9.985225384801780137e+02 -3.271810750184880590e+01 -3.766296969100824299e+02 8.130000000000000000e+02
7.827860915688348298e-01 8.636090201639483439e+02 -3.654807870421236515e+01 -3.008434808134728655e+02 9.850000000000000000e+02
8.470398945834540783e-01 7.156779546208064176e+02 -9.446088954244672209e+01 -2.808114853331467202e+02 1.183000000000000000e+03
9.096854620527370372e-01 6.188217365868065372e+02 -2.205392115111790474e+01 -2.552321615271109465e+02 1.269000000000000000e+03
9.720789776830213169e-01 5.292668785218911580e+02 -9.568787635219296206e+00 -3.099843086627199682e+02 1.537000000000000000e+03
1.034763038959366499e+00 4.574201565526779518e+02 -2.882928291791132835e+01 -2.686458330209886753e+02 1.653000000000000000e+03
1.097576444254559247e+00 4.071240678080206976e+02 3.051200982932347827e+01 -2.709011181606463765e+02 1.963000000000000000e+03
1.160543084780093270e+00 3.697246582469072109e+02 7.418711533787363699e+00 -2.359311555227207293e+02 2.121000000000000000e+03
1.223669666537485323e+00 3.330405895079849188e+02 2.617604053984283041e+01 -2.410770862704020203e+02 2.413000000000000000e+03
1.286817263090294094e+00 3.196560012694844204e+02 5.105409810014601391e+01 -2.180826920393646446e+02 2.635000000000000000e+03
1.349500801664080818e+00 2.899627240886186996e+02 2.833938393704050540e+01 -1.790458622618479296e+02 2.877000000000000000e+03
1.411949558842147567e+00 2.766646096647947957e+02 2.053902130580377872e+01 -1.761355187458422051e+02 3.169000000000000000e+03
1.475133575747468395e+00 2.547696886478052818e+02 2.429726724138261318e+01 -1.472606988033167852e+02 3.507000000000000000e+03
1.537865074252268593e+00 2.348089223918165658e+02 2.020746030099770252e+01 -1.259320777973399998e+02 3.685000000000000000e+03
1.600657544051110381e+00 2.200316249920803386e+02 2.086666101754630631e+01 -9.704177885210043542e+01 4.165000000000000000e+03
1.663991168687080524e+00 2.021297265931887353e+02 -6.799704945367980313e-01 -8.499975497244160749e+01 4.377000000000000000e+03
1.727195645776442801e+00 1.888509552109183574e+02 -4.165649660000982024e+00 -8.034373772096692790e+01 4.855000000000000000e+03
1.789765213377084718e+00 1.781762626864437493e+02 -2.509171099185715015e+00 -5.425717246493294255e+01 4.929000000000000000e+03
1.852353690647852158e+00 1.688949415791567219e+02 -3.611072881329605355e+00 -5.578941991234395914e+01 5.581000000000000000e+03
1.914806787341157390e+00 1.655687917263352915e+02 -1.172959753851695019e+01 -5.085870764700037938e+01 5.679000000000000000e+03
1.977889868651535599e+00 1.567057947818031494e+02 -8.583773749390875452e+00 -5.310406901174957994e+01 6.385000000000000000e+03
2.040937735447724499e+00 1.471257170905771829e+02 -7.848081481257851877e+00 -3.378080949341299544e+01 6.553000000000000000e+03
2.103939302609846074e+00 1.420970722446661796e+02 -9.880780428969190510e+00 -3.903088211643321870e+01 7.125000000000000000e+03
2.166909709822301799e+00 1.369105413811827532e+02 -8.918744593109959595e+00 -2.581174942130997607e+01 7.447000000000000000e+03
2.229700281216152380e+00 1.330840850167056715e+02 -9.798775935461341291e+00 -2.507526785101686428e+01 7.929000000000000000e+03
2.292620027086342382e+00 1.284454830491767439e+02 -6.958827011860937439e+00 -2.888926342723727458e+01 8.353000000000000000e+03
2.355141508366812353e+00 1.243594282934618036e+02 -1.974950414996674342e+00 -2.357492736674262801e+01 8.775000000000000000e+03
2.417910583817858949e+00 1.220206992965688642e+02 -1.034809017209193938e+00 -2.474775163610095419e+01 9.313000000000000000e+03
2.480856539439619368e+00 1.193388842747212237e+02 3.313145809892947824e-01 -1.788619450428921454e+01 9.841000000000000000e+03
2.543492256872954549e+00 1.157315696582297022e+02 -5.949813699211747853e+00 -1.403751305111191883e+01 1.019100000000000000e+04
2.606334251884805386e+00 1.111943470282653266e+02 -5.012290324972227040e+00 -1.386730283601901270e+01 1.089700000000000000e+04
2.669257370896960690e+00 1.131731696343722007e+02 -4.878896317723763865e+00 -8.406075405383386823e+00 1.130100000000000000e+04
2.732423343141155758e+00 1.093143060802435684e+02 -5.238898315010136919e+00 3.937653159109886669e+00 1.202500000000000000e+04
2.795529680084416047e+00 1.084390660219571885e+02 -7.267450687463298920e+00 8.044658856375049183e+00 1.242300000000000000e+04
2.858366292314493240e+00 1.061402024073510546e+02 -4.981566696549862172e+00 1.602875268570047851e+01 1.302100000000000000e+04
2.920876271394311718e+00 1.062607474867834867e+02 -7.721500148287871568e+00 2.176805339937737571e+01 1.340500000000000000e+04
2.983449844439822751e+00 1.071819986457828406e+02 -7.408650650055231601e+00 3.395745147685715892e+01 1.424700000000000000e+04
3.046384918400867114e+00 1.082293722885960108e+02 -9.783080503960084329e+00 1.741355970610844039e+01 1.427500000000000000e+04
3.109279688161210142e+00 1.081718170303892776e+02 -1.001640242608386266e+01 -2.729711075745232662e+01 1.410000000000000000e+04
3.172087338483245755e+00 1.068893349297886743e+02 -4.803835086827823453e+00 -5.516398838582990294e+01 1.351600000000000000e+04
3.235077053285361881e+00 1.091946718792622733e+02 -3.886255766667834344e+00 -8.099143812552934207e+01 1.349200000000000000e+04
3.297974619160294107e+00 1.086584860374589994e+02 9.866174694758913510e-01 -1.098599745476361846e+02 1.270200000000000000e+04
3.360979404794635528e+00 1.112886168206092776e+02 2.142317425195310765e+00 -1.334075859879619088e+02 1.263400000000000000e+04
3.423687966102657132e+00 1.127126411178354175e+02 3.429706516683362350e-01 -1.547216813548987489e+02 1.180200000000000000e+04
3.486367717614779593e+00 1.154863554639458414e+02 -2.805358053080406755e+00 -1.743928880240385695e+02 1.159000000000000000e+04
3.549237455189846013e+00 1.209490035272963553e+02 -2.445334822858194812e+00 -2.015268958971856819e+02 1.100400000000000000e+04
3.611466567116090154e+00 1.241881451575988109e+02 -2.508335535827346252e+00 -2.265615986998606957e+02 1.025800000000000000e+04
3.674175279485516032e+00 1.286262372510826424e+02 -4.972516617177661580e+00 -2.402937143716978028e+02 1.013800000000000000e+04
3.737325177637534246e+00 1.314668655170918896e+02 -4.826025197565052771e+00 -2.600342889124588623e+02 9.282000000000000000e+03
3.800314856493150373e+00 1.354195041916414937e+02 -2.567532138571846367e+00 -2.814463829302110867e+02 8.824000000000000000e+03
3.863228937922256190e+00 1.392631756811391597e+02 -4.778759691406807342e+00 -2.933020150400270722e+02 8.130000000000000000e+03
3.925673163149277833e+00 1.437810923333997550e+02 -5.210558437545814492e+00 -3.099236212371040438e+02 7.330000000000000000e+03
3.988379144029963186e+00 1.512403651839273948e+02 -5.114218187329457876e+00 -3.289883438618402351e+02 6.960000000000000000e+03
4.051365442737894007e+00 1.543828312289824112e+02 -4.687744747540020462e+00 -3.531747585495828048e+02 5.944000000000000000e+03
4.114073661208438537e+00 1.599801654250766774e+02 2.173568616088624450e-01 -3.771413113676262583e+02 5.482000000000000000e+03
4.176398926321660099e+00 1.643364487836960279e+02 6.383407830562963348e+00 -4.198613593618171649e+02 4.458000000000000000e+03
4.238428652338137148e+00 1.645742814263402352e+02 9.719134312830226108e+00 -4.490160461581895674e+02 3.892000000000000000e+03
4.301987060447956424e+00 1.655674887454808584e+02 1.580781054282769382e+01 -4.918994103057675034e+02 3.165000000000000000e+03
4.365598466856841497e+00 1.706807698873011816e+02 2.032866168674485152e+01 -5.391295144892219469e+02 2.617000000000000000e+03
4.427107359730706015e+00 1.804927957757734305e+02 1.933324529449143014e+01 -5.856770838031757194e+02 2.037000000000000000e+03
4.489602987092925268e+00 1.823984191296524671e+02 1.693645664288189323e+01 -6.041199545107945141e+02 1.831000000000000000e+03
4.554125500073445743e+00 1.885946833867036219e+02 1.520310971954807577e+01 -6.319582609086812681e+02 1.435000000000000000e+03
4.616430240049651523e+00 1.877764950431744921e+02 8.877268304484179140e+00 -6.316774199168878567e+02 1.119000000000000000e+03
4.677252312221349406e+00 1.962493146430104218e+02 9.504257208137183000e+00 -6.678945597080006564e+02 8.800000000000000000e+02
4.741981513824780059e+00 2.065043053830012809e+02 2.145902950995900671e+00 -7.040758579293609500e+02 7.470000000000000000e+02
4.809273072599613563e+00 2.283248396673500054e+02 4.424344366964333197e+00 -7.880697738922357303e+02 5.200000000000000000e+02
4.871546600533164906e+00 2.536364534514768252e+02 1.633236338965929069e-01 -8.735949136267186077e+02 3.280000000000000000e+02
4.925260063653622566e+00 2.860266933928778599e+02 -2.415742273887978298e-01 -9.881591842321441845e+02 2.160000000000000000e+02
4.988369355351538026e+00 2.751458271781973508e+02 -8.413569273465161258e-01 -9.559667309072207217e+02 1.720000000000000000e+02
5.058296331193474771e+00 2.339883796155290838e+02 -1.908063812131001846e+00 -8.141643920566228871e+02 8.400000000000000000e+01
5.124330000078495928e+00 2.170769051806917673e+02 -3.227303664333044164e+00 -7.554915678299530555e+02 2.500000000000000000e+01
5.169965902813741465e+00 2.840438879169363418e+02 1.745345215901613900e-01 -9.930360352247458877e+02 6.000000000000000000e+00
5.223742168994547797e+00 2.771564197647583683e+02 0.000000000000000000e+00 -9.700474691766542037e+02 1.000000000000000000e+00
