8.899641224696955288e-02 7.711429441770601261e+04 -3.131601474157162011e+04 -2.180097294642199995e+04 1.300000000000000000e+01
1.507912216506557823e-01 6.290219703996863973e+04 -1.851049817890699387e+03 3.740154772159343702e+04 3.300000000000000000e+01
2.144790186456836945e-01 5.528798599381050008e+04 3.196186545716239380e+03 -1.305459458177109127e+03 7.900000000000000000e+01
2.783660776489276789e-01 5.145356358723159792e+04 -2.899095142987343024e+03 -2.059719630656148183e+03 1.170000000000000000e+02
3.435099785803411021e-01 4.462826796475955052e+04 -1.792999499166619671e+03 -2.898214347100922623e+03 2.050000000000000000e+02
4.047886761425745772e-01 3.991143539362593583e+04 -1.115015156673637648e+03 6.946132860575569339e+02 2.350000000000000000e+02
4.676716683575679601e-01 3.446881272111709404e+04 -2.873349871853852619e+03 -5.591375799286029178e+03 3.690000000000000000e+02
5.308225101765952081e-01 2.980259142862448789e+04 -1.651309064063246524e+03 -1.086150833981708274e+03 4.330000000000000000e+02
5.945362440940590298e-01 2.514861805906409063e+04 -1.437224822725929698e+03 -3.668681585039536003e+03 5.850000000000000000e+02
6.576224814588792489e-01 2.056037218979779573e+04 -2.697170869013767060e+03 -3.847045056014919169e+02 6.790000000000000000e+02
7.196632906698736676e-01 1.754690244031379552e+04 -2.198495438511931752e+03 -4.146796377462840610e+03 8.130000000000000000e+02
7.827860915688348298e-01 1.454619763909921312e+04 -1.707440868849005255e+03 -3.762207502263157494e+03 9.850000000000000000e+02
8.470398945834540783e-01 1.182590373206818367e+04 -1.845670174599066286e+03 -3.072974904499938475e+03 1.183000000000000000e+03
9.096854620527370372e-01 9.795356751006673221e+03 -1.207539685948510169e+03 -3.279694265416839244e+03 1.269000000000000000e+03
9.720789776830213169e-01 8.180229322608643997e+03 -1.060687363188908421e+03 -3.930025211980598669e+03 1.537000000000000000e+03
1.034763038959366499e+00 6.770186762960493070e+03 -7.970270538071597457e+02 -3.776648979318471447e+03 1.653000000000000000e+03
1.097576444254559247e+00 5.824950786966230226e+03 -4.474153345504640811e+02 -3.558813490271870251e+03 1.963000000000000000e+03
1.160543084780093270e+00 5.016398302243054786e+03 -4.546666001849748682e+02 -3.483852793827931237e+03 2.121000000000000000e+03
1.223669666537485323e+00 4.327772693450227052e+03 -2.930681419424260525e+02 -3.329339013899972542e+03 2.413000000000000000e+03
1.286817263090294094e+00 3.808340909960366844e+03 -9.734245163988173033e+01 -2.983525381146114341e+03 2.635000000000000000e+03
1.349500801664080818e+00 3.287328435350218570e+03 -6.144770769114284548e+01 -2.443479133997727786e+03 2.877000000000000000e+03
1.411949558842147567e+00 2.946488796898856435e+03 4.383881196326175456e+01 -2.541296807629480099e+03 3.169000000000000000e+03
1.475133575747468395e+00 2.601594888033946518e+03 7.545048123986138933e+01 -2.182917542666371901e+03 3.507000000000000000e+03
1.537865074252268593e+00 2.344159845986546770e+03 1.087930989523288901e+02 -1.927089461842367427e+03 3.685000000000000000e+03
1.600657544051110381e+00 2.104980536625304921e+03 9.965709906714752719e+01 -1.678019304963891500e+03 4.165000000000000000e+03
1.663991168687080524e+00 1.930300192473551078e+03 7.436899910309512052e+01 -1.530991070430530726e+03 4.377000000000000000e+03
1.727195645776442801e+00 1.776984363370556594e+03 6.080255848569233734e+01 -1.368061966309927584e+03 4.855000000000000000e+03
1.789765213377084718e+00 1.627972301387520474e+03 -9.320552021856332914e+00 -1.146007398277572065e+03 4.929000000000000000e+03
1.852353690647852158e+00 1.522889768474792618e+03 5.629211870225194758e+00 -1.008567806319692977e+03 5.581000000000000000e+03
1.914806787341157390e+00 1.396991869883707295e+03 -7.095739744597952381e+01 -8.124869684289515135e+02 5.679000000000000000e+03
1.977889868651535599e+00 1.317865062348215588e+03 -6.650022377637831994e+01 -7.244494295271717874e+02 6.385000000000000000e+03
2.040937735447724499e+00 1.242607607453243190e+03 -8.785447722831405315e+01 -5.087234961461158491e+02 6.553000000000000000e+03
2.103939302609846074e+00 1.183543045447952863e+03 -1.149096226931657583e+02 -4.139503396307301841e+02 7.125000000000000000e+03
2.166909709822301799e+00 1.116229143656047427e+03 -1.213513383617079313e+02 -3.484282626809633143e+02 7.447000000000000000e+03
2.229700281216152380e+00 1.083574465495553795e+03 -1.117033777001337711e+02 -2.903878570402470700e+02 7.929000000000000000e+03
2.292620027086342382e+00 1.051724101306953571e+03 -9.813199019227495512e+01 -2.235556163534469931e+02 8.353000000000000000e+03
2.355141508366812353e+00 1.008196464865016424e+03 -8.796391143542733460e+01 -1.532582597297989651e+02 8.775000000000000000e+03
2.417910583817858949e+00 9.772971809429074028e+02 -8.215320697573193343e+01 -7.934202139904998319e+01 9.313000000000000000e+03
2.480856539439619368e+00 9.513461430535554655e+02 -5.371975167302836951e+01 -1.901007851077474697e+01 9.841000000000000000e+03
2.543492256872954549e+00 9.077534811724123074e+02 -1.812389785309576240e+01 2.597937879365120395e+01 1.019100000000000000e+04
2.606334251884805386e+00 8.710379299707821019e+02 -8.519805615953130129e+00 8.441691261463338947e+01 1.089700000000000000e+04
2.669257370896960690e+00 8.508193826074004846e+02 2.065880680348127640e+01 1.405108323115719884e+02 1.130100000000000000e+04
2.732423343141155758e+00 8.199539382307120832e+02 4.591943022069265368e+01 2.246785655831884014e+02 1.202500000000000000e+04
2.795529680084416047e+00 8.005897100444948364e+02 7.345837605923058788e+01 2.567108759266149036e+02 1.242300000000000000e+04
2.858366292314493240e+00 7.934047981808756731e+02 1.167293606539791426e+02 3.452871877114919243e+02 1.302100000000000000e+04
2.920876271394311718e+00 7.698529121441599727e+02 1.135920097500650741e+02 4.116774311393066341e+02 1.340500000000000000e+04
2.983449844439822751e+00 7.704891013896825598e+02 1.451890765065681137e+02 5.227375642958190838e+02 1.424700000000000000e+04
3.046384918400867114e+00 7.636458478960972798e+02 9.800271394471415931e+01 4.651329576592523836e+02 1.427500000000000000e+04
3.109279688161210142e+00 7.607480199619479890e+02 1.063665505577301751e+01 2.846850899124806915e+02 1.410000000000000000e+04
3.172087338483245755e+00 7.368025692450501083e+02 -3.081530227058697946e+01 7.845872388954894916e+01 1.351600000000000000e+04
3.235077053285361881e+00 7.039391816797568708e+02 -5.058793734679481702e+01 -1.332784216623016675e+02 1.349200000000000000e+04
3.297974619160294107e+00 6.732739719798239548e+02 -6.695133393679219580e+01 -3.553993683181212759e+02 1.270200000000000000e+04
3.360979404794635528e+00 6.469564483149923717e+02 -7.056753205919315519e+01 -5.255351971391133930e+02 1.263400000000000000e+04
3.423687966102657132e+00 6.457572613898206555e+02 -8.831329220310867356e+01 -6.758729031352078209e+02 1.180200000000000000e+04
3.486367717614779593e+00 6.328776315213518728e+02 -1.140809406358196867e+02 -7.538014471811676458e+02 1.159000000000000000e+04
3.549237455189846013e+00 6.240917961053961562e+02 -1.084298289027475306e+02 -8.521175444007783426e+02 1.100400000000000000e+04
3.611466567116090154e+00 6.227658105979503489e+02 -1.066009622151588019e+02 -9.431622299027339977e+02 1.025800000000000000e+04
3.674175279485516032e+00 6.219150814763745529e+02 -1.174325610971063014e+02 -9.601850689787623878e+02 1.013800000000000000e+04
3.737325177637534246e+00 6.241332393745641411e+02 -1.104710595843966274e+02 -1.029921388674564923e+03 9.282000000000000000e+03
3.800314856493150373e+00 6.372824396680006203e+02 -1.288014134173441505e+02 -1.054573825497811413e+03 8.824000000000000000e+03
3.863228937922256190e+00 6.650731754460559841e+02 -1.165707317530216045e+02 -1.158041019950703003e+03 8.130000000000000000e+03
3.925673163149277833e+00 6.952548749750778825e+02 -1.147047521711947127e+02 -1.244059381841487948e+03 7.330000000000000000e+03
3.988379144029963186e+00 7.603912683497843545e+02 -1.610267126555406776e+02 -1.308833418842351193e+03 6.960000000000000000e+03
4.051365442737894007e+00 7.943616404504604134e+02 -8.809049931212402385e+01 -1.596571194216121967e+03 5.944000000000000000e+03
4.114073661208438537e+00 8.819656437717856079e+02 -1.384584339098870487e+02 -1.691520473129023685e+03 5.482000000000000000e+03
4.176398926321660099e+00 9.101549634810758107e+02 -2.302677382513232729e+00 -2.140772509419968628e+03 4.458000000000000000e+03
4.238428652338137148e+00 9.379947043943290055e+02 6.642791626609472644e+01 -2.471365391658953286e+03 3.892000000000000000e+03
4.301987060447956424e+00 9.020523713942475297e+02 1.439198520678798729e+02 -2.734810017491648523e+03 3.165000000000000000e+03
4.365598466856841497e+00 8.877291333922535159e+02 1.287212483328914630e+02 -2.803481152385500081e+03 2.617000000000000000e+03
4.427107359730706015e+00 8.835485850429718084e+02 6.755576491848968601e+01 -2.785185706475851930e+03 2.037000000000000000e+03
4.489602987092925268e+00 8.391484889883359983e+02 2.506778607952085025e+01 -2.674752790597049170e+03 1.831000000000000000e+03
4.554125500073445743e+00 8.291512434332465773e+02 -1.404080349740084621e+01 -2.652222941055886167e+03 1.435000000000000000e+03
4.616430240049651523e+00 7.956052643471933834e+02 -2.901267006303978135e+01 -2.567476413074675747e+03 1.119000000000000000e+03
4.677252312221349406e+00 7.511516636677026781e+02 -8.473277246395108264e+00 -2.485358013186369590e+03 8.800000000000000000e+02
4.741981513824780059e+00 6.993723323946209121e+02 -3.003006556310606201e-01 -2.358181581996450404e+03 7.470000000000000000e+02
4.809273072599613563e+00 6.306743139355977519e+02 7.395684221052397866e+00 -2.163168868333862065e+03 5.200000000000000000e+02
4.871546600533164906e+00 5.814924182853599177e+02 9.162842909995667640e+00 -2.011190303870925163e+03 3.280000000000000000e+02
4.925260063653622566e+00 5.629622845729116989e+02 1.692878634943999927e+01 -1.963914438251505317e+03 2.160000000000000000e+02
4.988369355351538026e+00 4.742636278745900427e+02 1.997387427889611899e+01 -1.669338650261838211e+03 1.720000000000000000e+02
5.058296331193474771e+00 3.336036541002206377e+02 6.922751565932477646e+00 -1.169907889518921593e+03 8.400000000000000000e+01
5.124330000078495928e+00 1.887982383185515118e+02 6.048213736221008663e-01 -6.606522574005617798e+02 2.500000000000000000e+01
5.169965902813741465e+00 3.405366874967821218e+02 -9.388881668195885766e+00 -1.180620264998367475e+03 6.000000000000000000e+00
5.223742168994547797e+00 1.414541472824793971e+02 0.000000000000000000e+00 -4.950895154886777618e+02 1.000000000000000000e+00
