8.899641224696955288e-02 1.308958166982594776e+04 -8.307405915669554815e+03 -2.166776724965819767e+02 1.300000000000000000e+01
1.507912216506557823e-01 7.684962336588589096e+03 -2.766258715175296857e+03 8.953231803129252512e+03 3.300000000000000000e+01
2.144790186456836945e-01 5.646071958814102800e+03 8.421420743631409778e+02 1.730076351927123142e+03 7.900000000000000000e+01
2.783660776489276789e-01 4.601779978119476255e+03 -8.168178199690029260e+02 6.508981521264057335e+01 1.170000000000000000e+02
3.435099785803411021e-01 3.675998606880011721e+03 -4.226662580831637115e+02 -5.138330963107406433e+02 2.050000000000000000e+02
4.047886761425745772e-01 2.936913532678542197e+03 -3.236227374132707979e+01 7.359847872730674112e+01 2.350000000000000000e+02
4.676716683575679601e-01 2.500482291728455493e+03 -4.346276690074244016e+02 -1.374137767773840324e+03 3.690000000000000000e+02
5.308225101765952081e-01 2.052883166673347660e+03 -3.076135097365869342e+01 -3.842353226045988777e+02 4.330000000000000000e+02
5.945362440940590298e-01 1.850832965061073310e+03 -1.229379071130011454e+02 -8.790329436608541300e+02 5.850000000000000000e+02
6.576224814588792489e-01 1.482325066522391580e+03 -1.825592798364403109e+02 -6.760787618441377163e+02 6.790000000000000000e+02
7.196632906698736676e-01 1.294342953387812486e+03 -5.001466135462750984e+00 -7.638771834754056727e+02 8.130000000000000000e+02
7.827860915688348298e-01 1.158270538488948660e+03 -4.828825145385746254e+01 -6.566646841043562972e+02 9.850000000000000000e+02
8.470398945834540783e-01 9.954368241648887761e+02 -1.433896637206350988e+02 -5.424389965943666994e+02 1.183000000000000000e+03
9.096854620527370372e-01 9.077575045646188983e+02 -6.481751450900402745e+01 -4.795595796392102557e+02 1.269000000000000000e+03
9.720789776830213169e-01 8.123183049140754974e+02 -3.777011458754441264e+01 -5.565712038938357864e+02 1.537000000000000000e+03
1.034763038959366499e+00 7.505538500095142354e+02 -9.733661173931456290e+01 -5.356031374540257275e+02 1.653000000000000000e+03
1.097576444254559247e+00 6.986338876882863360e+02 -2.260660582188375844e+00 -4.973799318746551990e+02 1.963000000000000000e+03
1.160543084780093270e+00 6.645860047587686950e+02 -2.263074664685522563e+01 -4.584111790531962356e+02 2.121000000000000000e+03
1.223669666537485323e+00 5.960367130259223813e+02 -1.708290956358849400e+01 -4.906030732386959130e+02 2.413000000000000000e+03
1.286817263090294094e+00 5.822066360653163883e+02 4.392518405635761525e+01 -4.059104694208383535e+02 2.635000000000000000e+03
1.349500801664080818e+00 5.505967207030097370e+02 3.869271993852994740e+01 -3.677199098279785971e+02 2.877000000000000000e+03
1.411949558842147567e+00 5.247219824268911452e+02 1.935009291639770268e+01 -3.469144852104785173e+02 3.169000000000000000e+03
1.475133575747468395e+00 5.015111253717921045e+02 5.177022119827562108e+00 -2.670972642458718838e+02 3.507000000000000000e+03
1.537865074252268593e+00 4.748803646353041472e+02 1.563999045871648619e+00 -2.511439098964364973e+02 3.685000000000000000e+03
1.600657544051110381e+00 4.546307548010740902e+02 -9.952119168304518482e+00 -2.158376175467151086e+02 4.165000000000000000e+03
1.663991168687080524e+00 4.298121284234943573e+02 -2.018134506262967420e+01 -1.391890842829138251e+02 4.377000000000000000e+03
1.727195645776442801e+00 4.128308759102154681e+02 -6.763138681579415845e+01 -1.575817534705740002e+02 4.855000000000000000e+03
1.789765213377084718e+00 3.933970922667471086e+02 -6.263321539307338526e+01 -8.753645957103486808e+01 4.929000000000000000e+03
1.852353690647852158e+00 3.713785918852820487e+02 -5.419621208227942333e+01 -8.018247297448367306e+01 5.581000000000000000e+03
1.914806787341157390e+00 3.690834690646672698e+02 -6.835471921692733588e+01 -7.151626578013942037e+01 5.679000000000000000e+03
1.977889868651535599e+00 3.588237700722845034e+02 -6.406165840897702424e+01 -6.622555020282858607e+01 6.385000000000000000e+03
2.040937735447724499e+00 3.527628897613016647e+02 -5.947559910682421958e+01 -4.148172939378400770e+01 6.553000000000000000e+03
2.103939302609846074e+00 3.387491002347704239e+02 -7.364189685847716760e+01 -6.760766327867500536e+01 7.125000000000000000e+03
2.166909709822301799e+00 3.327207036445370250e+02 -6.212521704206346129e+01 -5.300882423135086441e+01 7.447000000000000000e+03
2.229700281216152380e+00 3.370317281160923244e+02 -6.599145335665535583e+01 -5.124849867175267804e+01 7.929000000000000000e+03
2.292620027086342382e+00 3.304604460049205272e+02 -7.467988496921211095e+01 -6.368492136004825710e+01 8.353000000000000000e+03
2.355141508366812353e+00 3.275258426416629050e+02 -6.992466521863683226e+01 -4.515559705308810123e+01 8.775000000000000000e+03
2.417910583817858949e+00 3.283180523701375364e+02 -6.277471044722283011e+01 -4.422187560632439585e+01 9.313000000000000000e+03
2.480856539439619368e+00 3.329476341880567247e+02 -8.791570457286275087e+01 -5.359948672154273197e+01 9.841000000000000000e+03
2.543492256872954549e+00 3.366079829632911355e+02 -8.681376219413398587e+01 -2.296821912606557348e+01 1.019100000000000000e+04
2.606334251884805386e+00 3.404154643166658047e+02 -9.778985442579997311e+01 -2.748904835939531566e+01 1.089700000000000000e+04
2.669257370896960690e+00 3.443391476264930020e+02 -1.046883268907412656e+02 -3.431856710113299869e+01 1.130100000000000000e+04
2.732423343141155758e+00 3.547461968783002249e+02 -1.115439668691764865e+02 1.876868627184164495e+01 1.202500000000000000e+04
2.795529680084416047e+00 3.602334277706728471e+02 -1.277153943072871556e+02 2.134347057878883547e+01 1.242300000000000000e+04
2.858366292314493240e+00 3.751931422960018949e+02 -1.391407410111997081e+02 3.415326646346443340e+01 1.302100000000000000e+04
2.920876271394311718e+00 3.898998411974044984e+02 -1.345537753663922160e+02 7.566490222795341936e+01 1.340500000000000000e+04
2.983449844439822751e+00 4.065733486126550247e+02 -1.613574531178352061e+02 8.991831573323069904e+01 1.424700000000000000e+04
3.046384918400867114e+00 4.095387435674836638e+02 -1.503344581353437945e+02 5.378334416950365693e+01 1.427500000000000000e+04
3.109279688161210142e+00 4.096267519530892969e+02 -1.168351406225718989e+02 -5.523640454411041389e+01 1.410000000000000000e+04
3.172087338483245755e+00 4.086341613414475660e+02 -9.471304467604697663e+01 -1.683693725358407676e+02 1.351600000000000000e+04
3.235077053285361881e+00 4.217714310449011350e+02 -8.349781018612306127e+01 -2.578656463274773500e+02 1.349200000000000000e+04
3.297974619160294107e+00 4.391129249048548786e+02 -6.519458475314544899e+01 -3.652507154727605894e+02 1.270200000000000000e+04
3.360979404794635528e+00 4.510796755611338540e+02 -7.581153289998586331e+01 -4.462822231024477446e+02 1.263400000000000000e+04
3.423687966102657132e+00 4.702162061702813958e+02 -7.026121952194890241e+01 -5.566930906334888505e+02 1.180200000000000000e+04
3.486367717614779593e+00 4.870929796346755438e+02 -8.397851760164354573e+01 -6.275068796635496255e+02 1.159000000000000000e+04
3.549237455189846013e+00 5.114778697112204213e+02 -8.778396447009278347e+01 -7.174601273863841016e+02 1.100400000000000000e+04
3.611466567116090154e+00 5.309648168314560053e+02 -9.208509950686612910e+01 -8.248636622978949617e+02 1.025800000000000000e+04
3.674175279485516032e+00 5.574115315289241153e+02 -1.136985808274349097e+02 -8.822069658674851098e+02 1.013800000000000000e+04
3.737325177637534246e+00 5.874198859365764065e+02 -1.076193845704624863e+02 -1.019481846821742351e+03 9.282000000000000000e+03
3.800314856493150373e+00 6.134117404727593339e+02 -1.180496415098056247e+02 -1.098144533311882242e+03 8.824000000000000000e+03
3.863228937922256190e+00 6.529733060129019577e+02 -1.192733695495800248e+02 -1.230929652176334685e+03 8.130000000000000000e+03
3.925673163149277833e+00 6.840047994270091749e+02 -1.149308332810140314e+02 -1.361694155840843905e+03 7.330000000000000000e+03
3.988379144029963186e+00 7.264958454895398745e+02 -1.289888714382709907e+02 -1.468924683324387388e+03 6.960000000000000000e+03
4.051365442737894007e+00 7.676675191834965517e+02 -1.239560632873212853e+02 -1.672403569505257565e+03 5.944000000000000000e+03
4.114073661208438537e+00 8.209507423969606634e+02 -1.375666585469971039e+02 -1.795174434998986044e+03 5.482000000000000000e+03
4.176398926321660099e+00 8.795426406585999075e+02 -1.129159014027185748e+02 -2.109744320951211193e+03 4.458000000000000000e+03
4.238428652338137148e+00 9.362029062550997196e+02 -9.375773250809787385e+01 -2.418498255045712540e+03 3.892000000000000000e+03
4.301987060447956424e+00 1.004003839115513188e+03 -4.455262720993601988e+01 -2.853219267887026945e+03 3.165000000000000000e+03
4.365598466856841497e+00 1.097485238016334506e+03 -1.919789372536801508e+01 -3.289469659745865556e+03 2.617000000000000000e+03
4.427107359730706015e+00 1.206052174247862013e+03 -1.784102203245878826e+01 -3.722380465754466968e+03 2.037000000000000000e+03
4.489602987092925268e+00 1.309188289204285184e+03 -2.198005708312435402e+01 -4.150716564595909404e+03 1.831000000000000000e+03
4.554125500073445743e+00 1.406791339847848576e+03 -3.745666632823022013e+01 -4.529897543906344254e+03 1.435000000000000000e+03
4.616430240049651523e+00 1.519896679737458953e+03 -3.622971658084522062e+01 -4.985841987860851077e+03 1.119000000000000000e+03
4.677252312221349406e+00 1.646297831536901640e+03 -2.475250003467355242e+01 -5.484023821345162105e+03 8.800000000000000000e+02
4.741981513824780059e+00 1.809276023915712358e+03 8.790775248403072339e+00 -6.155255618845271783e+03 7.470000000000000000e+02
4.809273072599613563e+00 2.037971820462897767e+03 7.572136125957275254e+00 -6.998149406443650150e+03 5.200000000000000000e+02
4.871546600533164906e+00 2.333585113081483996e+03 2.486389197236788462e+01 -8.072091814559102204e+03 3.280000000000000000e+02
4.925260063653622566e+00 2.556304813173308503e+03 6.037966767246622624e+00 -8.838347580549765553e+03 2.160000000000000000e+02
4.988369355351538026e+00 2.899967845003545790e+03 -5.961601277675678823e+00 -1.007918980273149828e+04 1.720000000000000000e+02
5.058296331193474771e+00 3.106070738748792337e+03 -2.636162862301315801e+00 -1.083276658070324447e+04 8.400000000000000000e+01
5.124330000078495928e+00 3.322807835105236791e+03 5.824690255084112422e+00 -1.161927637104335008e+04 2.500000000000000000e+01
5.169965902813741465e+00 4.136657208923415965e+03 4.523951160305477259e+01 -1.451037524567861146e+04 6.000000000000000000e+00
5.223742168994547797e+00 1.917970948499081715e+03 0.000000000000000000e+00 -6.712898319746784182e+03 1.000000000000000000e+00
