8.899641224696955288e-02 7.865949291793554949e+03 -4.571761390260192456e+03 -6.821503579470606837e+02 1.300000000000000000e+01
1.507912216506557823e-01 5.043322507826003857e+03 -9.655494835625494261e+02 4.700451645974886560e+03 3.300000000000000000e+01
2.144790186456836945e-01 3.972038617960750344e+03 6.422923779694878021e+02 5.094263846403950424e+02 7.900000000000000000e+01
2.783660776489276789e-01 3.470136358134537659e+03 -2.270820622773342166e+02 -1.232770702661872946e+02 1.170000000000000000e+02
3.435099785803411021e-01 2.844999779778997890e+03 -1.352765196974714854e+02 -2.772787288047788365e+02 2.050000000000000000e+02
4.047886761425745772e-01 2.471588093250574730e+03 -2.574078021971146768e+00 -1.142015020866420940e+02 2.350000000000000000e+02
4.676716683575679601e-01 2.069254865471266839e+03 -2.153598548800341348e+02 -5.241171133974085024e+02 3.690000000000000000e+02
5.308225101765952081e-01 1.755224450920665504e+03 -4.206745371229123265e+01 -1.228885157750049615e+02 4.330000000000000000e+02
5.945362440940590298e-01 1.457915138244437685e+03 -3.803583980384622976e+01 -3.216201703846396640e+02 5.850000000000000000e+02
6.576224814588792489e-01 1.147500852495805248e+03 -1.522677427107842050e+02 -5.241523340071307047e+01 6.790000000000000000e+02
7.196632906698736676e-01 9.755162429407276932e+02 -1.121582913341748764e+02 -2.479593371700902651e+02 8.130000000000000000e+02
7.827860915688348298e-01 8.057838320383676773e+02 -8.010937136354745292e+01 -2.111861064557007808e+02 9.850000000000000000e+02
8.470398945834540783e-01 6.454115401845966744e+02 -1.066654354346987645e+02 -2.144788676584870757e+02 1.183000000000000000e+03
9.096854620527370372e-01 5.310289672808991099e+02 -4.955312165786546075e+01 -1.998179912665374616e+02 1.269000000000000000e+03
9.720789776830213169e-01 4.447695818822937781e+02 -4.201009435641088885e+01 -2.317972597183430423e+02 1.537000000000000000e+03
1.034763038959366499e+00 3.687594869293315583e+02 -3.324051621351815555e+01 -2.093344374124478975e+02 1.653000000000000000e+03
1.097576444254559247e+00 3.229027342707207708e+02 -1.284744900604651896e+01 -2.080171893267923906e+02 1.963000000000000000e+03
1.160543084780093270e+00 2.852102282575193613e+02 -1.486646337409095509e+01 -1.907249753582232472e+02 2.121000000000000000e+03
1.223669666537485323e+00 2.504672261871510273e+02 -5.026721615556716927e+00 -1.824921715074383712e+02 2.413000000000000000e+03
1.286817263090294094e+00 2.255083822666862829e+02 5.922340800002785954e+00 -1.617115606832596768e+02 2.635000000000000000e+03
1.349500801664080818e+00 1.978247059009735835e+02 7.100480843182216617e+00 -1.263712819043671942e+02 2.877000000000000000e+03
1.411949558842147567e+00 1.791269912916551448e+02 1.421105355011733451e+01 -1.386564068849788214e+02 3.169000000000000000e+03
1.475133575747468395e+00 1.606883271347830373e+02 1.263461027246001045e+01 -1.125929215458419748e+02 3.507000000000000000e+03
1.537865074252268593e+00 1.468602628438030706e+02 1.447008583176009822e+01 -9.285156172960562060e+01 3.685000000000000000e+03
1.600657544051110381e+00 1.333833430120443779e+02 1.377268194656136124e+01 -8.178992772521020527e+01 4.165000000000000000e+03
1.663991168687080524e+00 1.243458503048323678e+02 9.412635507223040321e+00 -7.569158916230836098e+01 4.377000000000000000e+03
1.727195645776442801e+00 1.171746110415805759e+02 9.255118150623085072e+00 -6.710290858599121577e+01 4.855000000000000000e+03
1.789765213377084718e+00 1.086479988492621658e+02 7.427362215045526517e-01 -5.546943337354265680e+01 4.929000000000000000e+03
1.852353690647852158e+00 1.019623161383557175e+02 3.394380543294898356e+00 -4.708371546112773132e+01 5.581000000000000000e+03
1.914806787341157390e+00 9.504608834715376986e+01 -2.506273365665895536e+00 -3.469078180750660323e+01 5.679000000000000000e+03
1.977889868651535599e+00 9.003271600788272622e+01 -1.437161791547561851e+00 -3.458281780041862419e+01 6.385000000000000000e+03
2.040937735447724499e+00 8.568679685959067172e+01 -5.006760309696907107e+00 -1.833293428626254240e+01 6.553000000000000000e+03
2.103939302609846074e+00 8.234996199152696761e+01 -6.948655645110539680e+00 -1.587804021523670883e+01 7.125000000000000000e+03
2.166909709822301799e+00 7.791607058593822899e+01 -6.498433971166008405e+00 -1.351094814178373227e+01 7.447000000000000000e+03
2.229700281216152380e+00 7.650112545779968798e+01 -5.901533516695407044e+00 -1.281267504580102390e+01 7.929000000000000000e+03
2.292620027086342382e+00 7.414845525487454836e+01 -4.640164997516767365e+00 -9.483064692223525327e+00 8.353000000000000000e+03
2.355141508366812353e+00 7.129032304235097683e+01 -3.652828999975618718e+00 -4.599352656259949157e+00 8.775000000000000000e+03
2.417910583817858949e+00 6.907928879291803526e+01 -4.796593431922450357e+00 -2.007317284229927168e+00 9.313000000000000000e+03
2.480856539439619368e+00 6.769784757266324959e+01 -2.887667176303322591e+00 2.720945589560391120e+00 9.841000000000000000e+03
2.543492256872954549e+00 6.464511243942467900e+01 -4.135161109406351176e-01 4.745782159280842905e+00 1.019100000000000000e+04
2.606334251884805386e+00 6.228831419344035680e+01 -6.713814354921965322e-01 1.006769733582506987e+01 1.089700000000000000e+04
2.669257370896960690e+00 6.108765752775030222e+01 6.895001598897445572e-01 1.360082900112075066e+01 1.130100000000000000e+04
2.732423343141155758e+00 5.897898345495592309e+01 1.416519582689534040e+00 1.768107916125310908e+01 1.202500000000000000e+04
2.795529680084416047e+00 5.775248617361267378e+01 3.157411847814161288e+00 1.890170051864464185e+01 1.242300000000000000e+04
2.858366292314493240e+00 5.796422487532038303e+01 6.453143123265334680e+00 2.641916395291796249e+01 1.302100000000000000e+04
2.920876271394311718e+00 5.640787025632175755e+01 4.337471095103391683e+00 2.865415362784250419e+01 1.340500000000000000e+04
2.983449844439822751e+00 5.658616411954685077e+01 7.110952797133424319e+00 3.743961514523361700e+01 1.424700000000000000e+04
3.046384918400867114e+00 5.619364331614556818e+01 4.091013532193176871e+00 2.944771065398099807e+01 1.427500000000000000e+04
3.109279688161210142e+00 5.549812923927483155e+01 -1.146954378733785918e+00 1.418238998672421047e+01 1.410000000000000000e+04
3.172087338483245755e+00 5.377710652276667957e+01 -3.580375847091196828e+00 -2.638903983118274788e+00 1.351600000000000000e+04
3.235077053285361881e+00 5.228813043489169132e+01 -4.133870611723140520e+00 -1.734053466487316086e+01 1.349200000000000000e+04
3.297974619160294107e+00 5.078008875037506442e+01 -4.308597302564041165e+00 -3.432612688603194329e+01 1.270200000000000000e+04
3.360979404794635528e+00 4.926938604543899913e+01 -3.919937587472838825e+00 -4.702606691590793275e+01 1.263400000000000000e+04
3.423687966102657132e+00 4.996590356398877475e+01 -4.465891785980855566e+00 -6.021558260568301080e+01 1.180200000000000000e+04
3.486367717614779593e+00 4.880985237858439518e+01 -6.044103537766637224e+00 -6.504251061591035921e+01 1.159000000000000000e+04
3.549237455189846013e+00 4.794866288539927979e+01 -4.726982191044238668e+00 -7.305828623302309666e+01 1.100400000000000000e+04
3.611466567116090154e+00 4.835846981197611427e+01 -4.544037270868614087e+00 -8.078217503933211674e+01 1.025800000000000000e+04
3.674175279485516032e+00 4.753403251427130272e+01 -4.464074539450191281e+00 -8.231519179752902460e+01 1.013800000000000000e+04
3.737325177637534246e+00 4.789193394083921618e+01 -4.422163974286655197e+00 -8.751073935499539402e+01 9.282000000000000000e+03
3.800314856493150373e+00 4.811031510296717073e+01 -5.232398810431428515e+00 -9.016358737211334073e+01 8.824000000000000000e+03
3.863228937922256190e+00 5.016720549097602344e+01 -4.468837564568800325e+00 -9.802696612800703235e+01 8.130000000000000000e+03
3.925673163149277833e+00 5.153937876943140139e+01 -4.524611248874575331e+00 -1.023913254123460774e+02 7.330000000000000000e+03
3.988379144029963186e+00 5.519164832496026918e+01 -7.004762151109980906e+00 -1.078807581893299101e+02 6.960000000000000000e+03
4.051365442737894007e+00 5.675976997342585406e+01 -3.591348918030500936e+00 -1.234143778734913610e+02 5.944000000000000000e+03
4.114073661208438537e+00 6.207957906834545270e+01 -5.585521940672609986e+00 -1.316822553408181591e+02 5.482000000000000000e+03
4.176398926321660099e+00 6.342270066695086683e+01 1.184473499751341530e+00 -1.562646934679304138e+02 4.458000000000000000e+03
4.238428652338137148e+00 6.587400271582524169e+01 4.195666836132479816e+00 -1.772740776768627313e+02 3.892000000000000000e+03
4.301987060447956424e+00 6.490454208632527866e+01 6.959841767894988429e+00 -1.937702659499927620e+02 3.165000000000000000e+03
4.365598466856841497e+00 6.405846822566580556e+01 6.857507976667313265e+00 -2.002102613383898415e+02 2.617000000000000000e+03
4.427107359730706015e+00 6.499795488496056350e+01 3.189310668524397485e+00 -2.032834140298575676e+02 2.037000000000000000e+03
4.489602987092925268e+00 6.220634322716545483e+01 2.400879561660834050e+00 -2.002242882959189672e+02 1.831000000000000000e+03
4.554125500073445743e+00 6.436911154559508930e+01 8.562024088810792077e-02 -2.085299982259526246e+02 1.435000000000000000e+03
4.616430240049651523e+00 6.317878263322825205e+01 -2.181668828086565703e+00 -2.045380216969601577e+02 1.119000000000000000e+03
4.677252312221349406e+00 6.285087792594570288e+01 6.151340637765818908e-02 -2.090313995056678493e+02 8.800000000000000000e+02
4.741981513824780059e+00 6.052011825187462080e+01 2.290150092364788281e-01 -2.044845749936386028e+02 7.470000000000000000e+02
4.809273072599613563e+00 5.971472448119988741e+01 -1.203743205411244854e-01 -2.040143988707246194e+02 5.200000000000000000e+02
4.871546600533164906e+00 5.853397307747943046e+01 -5.793621888437284345e-02 -2.015775444403031429e+02 3.280000000000000000e+02
4.925260063653622566e+00 6.019286427086495905e+01 1.155380489461670601e+00 -2.094049124714223069e+02 2.160000000000000000e+02
4.988369355351538026e+00 5.719153991867227660e+01 1.583643245901905194e+00 -2.003969525806402885e+02 1.720000000000000000e+02
5.058296331193474771e+00 4.638126043443104152e+01 7.894625484761345069e-01 -1.625406536111149478e+02 8.400000000000000000e+01
5.124330000078495928e+00 3.623482816603608114e+01 6.681364415173081106e-01 -1.273456663042552606e+02 2.500000000000000000e+01
5.169965902813741465e+00 5.007969693363079955e+01 -9.111189020805441352e-01 -1.741617861386046684e+02 6.000000000000000000e+00
5.223742168994547797e+00 3.446880448505215799e+00 0.000000000000000000e+00 -1.206408156976825197e+01 1.000000000000000000e+00
