8.899641224696955288e-02 8.203978443372617767e+04 -3.997027038847340737e+04 -2.111912725536830476e+04 1.300000000000000000e+01
1.507912216506557823e-01 6.469470927352801664e+04 -3.480648906375681690e+03 4.600939243334084313e+04 3.300000000000000000e+01
2.144790186456836945e-01 5.510641587769843318e+04 4.124482153358148935e+03 2.687365630373627482e+03 7.900000000000000000e+01
2.783660776489276789e-01 5.108272984181851643e+04 -4.394563052422987312e+03 -1.754332033994978019e+03 1.170000000000000000e+02
3.435099785803411021e-01 4.332802345452541340e+04 -1.742642191679844927e+03 -3.511800930970794525e+03 2.050000000000000000e+02
4.047886761425745772e-01 3.779470729504252085e+04 -4.672584347457515150e+02 6.559027344654972467e+02 2.350000000000000000e+02
4.676716683575679601e-01 3.236656152139086407e+04 -2.185774314378661984e+03 -8.425219536419897850e+03 3.690000000000000000e+02
5.308225101765952081e-01 2.782111302523933773e+04 -5.668427894121583677e+02 -1.747214703172345480e+03 4.330000000000000000e+02
5.945362440940590298e-01 2.374331509199645734e+04 -7.612199255891484881e+02 -5.511673947515301734e+03 5.850000000000000000e+02
6.576224814588792489e-01 1.916295521344680674e+04 -1.681148657094139935e+03 -2.353301757745246960e+03 6.790000000000000000e+02
7.196632906698736676e-01 1.648287438730389113e+04 -7.819955853811840143e+02 -5.726829685365104524e+03 8.130000000000000000e+02
7.827860915688348298e-01 1.404899569473666816e+04 -5.893598656249773740e+02 -4.939135921417766440e+03 9.850000000000000000e+02
8.470398945834540783e-01 1.174552662215485725e+04 -1.125543887187633118e+03 -4.101875126864470076e+03 1.183000000000000000e+03
9.096854620527370372e-01 1.003954341109158122e+04 -3.576181430659316334e+02 -4.196425350289166090e+03 1.269000000000000000e+03
9.720789776830213169e-01 8.602586118048970093e+03 -3.146951686032996349e+02 -5.024474964598105544e+03 1.537000000000000000e+03
1.034763038959366499e+00 7.397783012016386238e+03 -4.382765507932201672e+02 -4.704029963837257128e+03 1.653000000000000000e+03
1.097576444254559247e+00 6.533496008206017905e+03 4.258035461074387058e+02 -4.391956587641820079e+03 1.963000000000000000e+03
1.160543084780093270e+00 5.858260426583554363e+03 1.191264253066526209e+02 -4.260501673984703302e+03 2.121000000000000000e+03
1.223669666537485323e+00 5.170749450430430443e+03 3.027799503676552604e+02 -4.231148902123397420e+03 2.413000000000000000e+03
1.286817263090294094e+00 4.853926155575326447e+03 5.539326120843771832e+02 -3.780968650024201906e+03 2.635000000000000000e+03
1.349500801664080818e+00 4.342244707216487768e+03 3.753844642060351475e+02 -3.144727010671846529e+03 2.877000000000000000e+03
1.411949558842147567e+00 4.083542910466409921e+03 2.685763852710578590e+02 -3.065832247780222588e+03 3.169000000000000000e+03
1.475133575747468395e+00 3.732004482021163312e+03 3.068423960238278596e+02 -2.628076554012478027e+03 3.507000000000000000e+03
1.537865074252268593e+00 3.387646700326960399e+03 2.808992230585488983e+02 -2.346505242123524113e+03 3.685000000000000000e+03
1.600657544051110381e+00 3.135009827312049765e+03 2.202771442030250739e+02 -1.854550850839971417e+03 4.165000000000000000e+03
1.663991168687080524e+00 2.890800349385299796e+03 -3.684392442402335632e+01 -1.679698455811481381e+03 4.377000000000000000e+03
1.727195645776442801e+00 2.678894291330440410e+03 -4.495266308132611499e+01 -1.564161166730137666e+03 4.855000000000000000e+03
1.789765213377084718e+00 2.493253772363112148e+03 -9.035770922529763993e+01 -1.204280494236024424e+03 4.929000000000000000e+03
1.852353690647852158e+00 2.352544402214301044e+03 -1.034507532673483325e+02 -1.150782446944582261e+03 5.581000000000000000e+03
1.914806787341157390e+00 2.264754887953723482e+03 -2.123031681877611732e+02 -1.067297311760356934e+03 5.679000000000000000e+03
1.977889868651535599e+00 2.155009002001340832e+03 -2.010763747861940658e+02 -1.023784832060029203e+03 6.385000000000000000e+03
2.040937735447724499e+00 2.039588786916061508e+03 -1.624262489925655473e+02 -7.325092541301956999e+02 6.553000000000000000e+03
2.103939302609846074e+00 1.964677659764253121e+03 -1.959717390480564916e+02 -8.170741702459745284e+02 7.125000000000000000e+03
2.166909709822301799e+00 1.887614942311162395e+03 -1.789645934205158824e+02 -6.861658400634014470e+02 7.447000000000000000e+03
2.229700281216152380e+00 1.841610969736148718e+03 -1.656676426542557863e+02 -6.032095687654932590e+02 7.929000000000000000e+03
2.292620027086342382e+00 1.764398905721222945e+03 -1.595804686535949770e+02 -6.035715578016926202e+02 8.353000000000000000e+03
2.355141508366812353e+00 1.735843464117053600e+03 -8.381380657633745557e+01 -5.464642194120145859e+02 8.775000000000000000e+03
2.417910583817858949e+00 1.678911795690290774e+03 -6.937281346990033626e+01 -5.055155237514630358e+02 9.313000000000000000e+03
2.480856539439619368e+00 1.644389809149194662e+03 -1.044342168618500288e+01 -4.467352299632700579e+02 9.841000000000000000e+03
2.543492256872954549e+00 1.594796990328935408e+03 -4.694138969737861800e+01 -3.537596771339838142e+02 1.019100000000000000e+04
2.606334251884805386e+00 1.536870318162087415e+03 -3.432931581095518681e+01 -3.127385409793502049e+02 1.089700000000000000e+04
2.669257370896960690e+00 1.540383749213973033e+03 -2.277051090399220712e+01 -2.342660095726973850e+02 1.130100000000000000e+04
2.732423343141155758e+00 1.496248199471471253e+03 -3.325931700848533268e+01 -8.587843011210257771e+01 1.202500000000000000e+04
2.795529680084416047e+00 1.480374974686890710e+03 -3.480783713374805899e+01 -3.845690149570550176e+01 1.242300000000000000e+04
2.858366292314493240e+00 1.455316570190075481e+03 4.754831713138190530e+00 5.883944965706092489e+01 1.302100000000000000e+04
2.920876271394311718e+00 1.458166934191986911e+03 -1.134800995096230736e+01 1.297954526779256810e+02 1.340500000000000000e+04
2.983449844439822751e+00 1.476403379171487359e+03 -1.615782721327367000e+00 2.328226038908181863e+02 1.424700000000000000e+04
3.046384918400867114e+00 1.514802545597671042e+03 -2.086680137871793406e+01 1.629747194006108302e+01 1.427500000000000000e+04
3.109279688161210142e+00 1.541427265911460154e+03 -2.464974098826101567e+01 -5.821401687308025430e+02 1.410000000000000000e+04
3.172087338483245755e+00 1.565660339304620493e+03 2.363322165738258818e+01 -9.807729500571591643e+02 1.351600000000000000e+04
3.235077053285361881e+00 1.618596813205936314e+03 7.373241370792193550e+01 -1.378363711257174373e+03 1.349200000000000000e+04
3.297974619160294107e+00 1.646924779214649107e+03 1.263740698913574079e+02 -1.846874340351308774e+03 1.270200000000000000e+04
3.360979404794635528e+00 1.689609815355730689e+03 1.201534491611246409e+02 -2.220574986510952385e+03 1.263400000000000000e+04
3.423687966102657132e+00 1.734841839180380930e+03 1.000968869646898156e+02 -2.569675848585953645e+03 1.180200000000000000e+04
3.486367717614779593e+00 1.791261613723986329e+03 7.417444000052849162e+01 -2.919626863926856458e+03 1.159000000000000000e+04
3.549237455189846013e+00 1.886712060380363027e+03 8.662352944383627573e+01 -3.344037890282865192e+03 1.100400000000000000e+04
3.611466567116090154e+00 1.977760756031294704e+03 8.594698172084267185e+01 -3.799227168031266046e+03 1.025800000000000000e+04
3.674175279485516032e+00 2.061646289928493388e+03 5.852429671640613407e+01 -4.065865880772433229e+03 1.013800000000000000e+04
3.737325177637534246e+00 2.130118076232796739e+03 9.280591619110336410e+01 -4.466460616514750654e+03 9.282000000000000000e+03
3.800314856493150373e+00 2.213291493796087707e+03 1.200355414667426714e+02 -4.834233620967411298e+03 8.824000000000000000e+03
3.863228937922256190e+00 2.298536542655068388e+03 1.180123080951358645e+02 -5.137842036766219280e+03 8.130000000000000000e+03
3.925673163149277833e+00 2.373716161745759564e+03 1.232813101040892150e+02 -5.458372714224407900e+03 7.330000000000000000e+03
3.988379144029963186e+00 2.507275342852949962e+03 1.575100719788420633e+02 -5.864619530203526665e+03 6.960000000000000000e+03
4.051365442737894007e+00 2.576327115352299643e+03 1.611834543008495757e+02 -6.303327611956283363e+03 5.944000000000000000e+03
4.114073661208438537e+00 2.698332855285095320e+03 2.398050315913121722e+02 -6.782949700697166008e+03 5.482000000000000000e+03
4.176398926321660099e+00 2.789003970327768002e+03 3.100897659534464310e+02 -7.482880248997195849e+03 4.458000000000000000e+03
4.238428652338137148e+00 2.834461038050831121e+03 3.387423212327820465e+02 -8.028138586966777439e+03 3.892000000000000000e+03
4.301987060447956424e+00 2.882297916248645834e+03 3.958985110449814897e+02 -8.768620658739962892e+03 3.165000000000000000e+03
4.365598466856841497e+00 2.980080556128956232e+03 4.348199555100586053e+02 -9.518080909016922305e+03 2.617000000000000000e+03
4.427107359730706015e+00 3.118490971482482564e+03 4.018023933781090022e+02 -1.019454325370037805e+04 2.037000000000000000e+03
4.489602987092925268e+00 3.175221260000602342e+03 3.366020185392540043e+02 -1.056746355199303252e+04 1.831000000000000000e+03
4.554125500073445743e+00 3.307927769599053136e+03 2.912930554346525014e+02 -1.111952879341372318e+04 1.435000000000000000e+03
4.616430240049651523e+00 3.347417855977659201e+03 2.010225592623908994e+02 -1.131505795322436825e+04 1.119000000000000000e+03
4.677252312221349406e+00 3.512161643202844516e+03 1.851667541827278569e+02 -1.197687748287269642e+04 8.800000000000000000e+02
4.741981513824780059e+00 3.678997059495473877e+03 9.304442706198081225e+01 -1.260563596407895966e+04 7.470000000000000000e+02
4.809273072599613563e+00 4.030457327476093269e+03 9.450141578849455470e+01 -1.392854429920915391e+04 5.200000000000000000e+02
4.871546600533164906e+00 4.517280846972512336e+03 4.011043992581176099e+01 -1.560432284397453805e+04 3.280000000000000000e+02
4.925260063653622566e+00 5.041010730276560025e+03 3.152875035667643644e+01 -1.745284760508752152e+04 2.160000000000000000e+02
4.988369355351538026e+00 5.170706764593732260e+03 2.832915749599515198e+00 -1.798386421406971931e+04 1.720000000000000000e+02
5.058296331193474771e+00 5.068977840443407331e+03 -4.048474307549024154e+00 -1.767713163802256531e+04 8.400000000000000000e+01
5.124330000078495928e+00 4.963649023683584346e+03 -3.033207565535087369e+01 -1.731730880694146981e+04 2.500000000000000000e+01
5.169965902813741465e+00 5.259018680415881136e+03 3.328999465541441793e+01 -1.841938815129129944e+04 6.000000000000000000e+00
5.223742168994547797e+00 6.671073465028227474e+03 0.000000000000000000e+00 -2.334875712759879389e+04 1.000000000000000000e+00
