8.899641224696955288e-02 5.463550552028180391e+03 -2.344670103937093245e+03 -1.143005695494395923e+03 1.300000000000000000e+01
1.507912216506557823e-01 4.109152617823021501e+03 -2.357999896038422776e+02 2.481265431638327755e+03 3.300000000000000000e+01
2.144790186456836945e-01 3.547183724605460611e+03 2.737628640156003144e+02 -1.724710395694700367e+02 7.900000000000000000e+01
2.783660776489276789e-01 3.221111875827598396e+03 -9.469606720968873503e+01 -1.235453359154906394e+02 1.170000000000000000e+02
3.435099785803411021e-01 2.789663940457979152e+03 -1.718938480294766293e+02 -1.470511987972485315e+02 2.050000000000000000e+02
4.047886761425745772e-01 2.483596998389589317e+03 -9.947109929797960604e+01 1.192688169389788655e+01 2.350000000000000000e+02
4.676716683575679601e-01 2.107099767713323217e+03 -2.536262712313319412e+02 -2.109698770117884692e+02 3.690000000000000000e+02
5.308225101765952081e-01 1.772569462569934103e+03 -1.354128555139841978e+02 -7.469674829849003572e+01 4.330000000000000000e+02
5.945362440940590298e-01 1.448841489313329021e+03 -1.352338351770199836e+02 -1.359405834068237766e+02 5.850000000000000000e+02
6.576224814588792489e-01 1.173430409439409459e+03 -2.301894912711359211e+02 3.148009953381057358e+01 6.790000000000000000e+02
7.196632906698736676e-01 9.496325097874880612e+02 -1.907324550534036405e+02 -1.841383094924164538e+02 8.130000000000000000e+02
7.827860915688348298e-01 7.507792433399362153e+02 -1.682534411285936358e+02 -1.950764927305941399e+02 9.850000000000000000e+02
8.470398945834540783e-01 5.840748673714050483e+02 -1.692648903632771464e+02 -1.204849830355444169e+02 1.183000000000000000e+03
9.096854620527370372e-01 4.549036479243022200e+02 -1.375662762479492756e+02 -1.390398972091451526e+02 1.269000000000000000e+03
9.720789776830213169e-01 3.570630544077422996e+02 -1.099152966973839796e+02 -1.553266969570054243e+02 1.537000000000000000e+03
1.034763038959366499e+00 2.767815797439197922e+02 -9.598388714342340222e+01 -1.567799708346036596e+02 1.653000000000000000e+03
1.097576444254559247e+00 2.160793056769234681e+02 -7.523835752186357695e+01 -1.306352956659013671e+02 1.963000000000000000e+03
1.160543084780093270e+00 1.680762458818789753e+02 -5.407418067632540470e+01 -1.274288647193677519e+02 2.121000000000000000e+03
1.223669666537485323e+00 1.336273192752591399e+02 -3.822140640295136649e+01 -1.124086494174495670e+02 2.413000000000000000e+03
1.286817263090294094e+00 1.069330728225929050e+02 -2.754546594364970247e+01 -1.019538660858169266e+02 2.635000000000000000e+03
1.349500801664080818e+00 8.509959282274594727e+01 -1.724117687189034243e+01 -8.166453024801938909e+01 2.877000000000000000e+03
1.411949558842147567e+00 7.160710810247641689e+01 -1.170243592478218275e+01 -7.683992139793781462e+01 3.169000000000000000e+03
1.475133575747468395e+00 6.004453418356116856e+01 -5.687134320622567962e+00 -6.630785329426930730e+01 3.507000000000000000e+03
1.537865074252268593e+00 5.247555349281299897e+01 -2.680778293588331085e+00 -5.906478450220488696e+01 3.685000000000000000e+03
1.600657544051110381e+00 4.490441493704634013e+01 -1.172050365777528996e-01 -4.880641673133234093e+01 4.165000000000000000e+03
1.663991168687080524e+00 3.986624621667748869e+01 9.384650139557529913e-01 -4.287261165541341512e+01 4.377000000000000000e+03
1.727195645776442801e+00 3.635033817361311037e+01 1.894682053267481070e+00 -3.843753172337965651e+01 4.855000000000000000e+03
1.789765213377084718e+00 3.231104828930003947e+01 1.357105305925006000e+00 -3.196258953376735690e+01 4.929000000000000000e+03
1.852353690647852158e+00 3.015988244094454274e+01 1.345848657090123135e+00 -2.685291235116289599e+01 5.581000000000000000e+03
1.914806787341157390e+00 2.748126476221750636e+01 8.681145389478215346e-01 -2.223564272197499037e+01 5.679000000000000000e+03
1.977889868651535599e+00 2.627268854059641257e+01 5.930531333429421847e-01 -1.872804395041403325e+01 6.385000000000000000e+03
2.040937735447724499e+00 2.449496287398681105e+01 4.677211501482830824e-01 -1.316233388288465989e+01 6.553000000000000000e+03
2.103939302609846074e+00 2.309828281168039155e+01 2.410843767292240869e-01 -8.713057723762048568e+00 7.125000000000000000e+03
2.166909709822301799e+00 2.216631543801052473e+01 -2.531596539227476406e-01 -5.667149352259775341e+00 7.447000000000000000e+03
2.229700281216152380e+00 2.140983593346743419e+01 4.074810364773586713e-01 -1.552310743893776213e+00 7.929000000000000000e+03
2.292620027086342382e+00 2.079511107268819714e+01 -7.526069207424550545e-01 1.222811064116725799e+00 8.353000000000000000e+03
2.355141508366812353e+00 2.021425391774633695e+01 1.195958875910181490e-01 4.825425341490835685e+00 8.775000000000000000e+03
2.417910583817858949e+00 1.966295458502481353e+01 7.444177295751787105e-01 7.826576582142188876e+00 9.313000000000000000e+03
2.480856539439619368e+00 1.908538177387430679e+01 5.669191434270651753e-01 9.812450505748756768e+00 9.841000000000000000e+03
2.543492256872954549e+00 1.872140704360102959e+01 1.747909489699811081e+00 1.226895133143546701e+01 1.019100000000000000e+04
2.606334251884805386e+00 1.864441793902411959e+01 2.022090016990232719e+00 1.496779333313842741e+01 1.089700000000000000e+04
2.669257370896960690e+00 1.814310211463462252e+01 2.494123891921034897e+00 1.557456572294752917e+01 1.130100000000000000e+04
2.732423343141155758e+00 1.820671672703451449e+01 3.274523047688751465e+00 1.963503347759170836e+01 1.202500000000000000e+04
2.795529680084416047e+00 1.825212945954402599e+01 3.896576124250715090e+00 2.107225504408590666e+01 1.242300000000000000e+04
2.858366292314493240e+00 1.832663938115377533e+01 4.775023000047638355e+00 2.278854154737538451e+01 1.302100000000000000e+04
2.920876271394311718e+00 1.865690145665792343e+01 6.280133083015654094e+00 2.698699552866766638e+01 1.340500000000000000e+04
2.983449844439822751e+00 1.887468594234157493e+01 6.307780091692506197e+00 2.856159361899643301e+01 1.424700000000000000e+04
3.046384918400867114e+00 1.835674401515804277e+01 5.854275789822738219e+00 2.521871058528048692e+01 1.427500000000000000e+04
3.109279688161210142e+00 1.754783057889609310e+01 3.695658574246710959e+00 1.649877660883803543e+01 1.410000000000000000e+04
3.172087338483245755e+00 1.645795603584122446e+01 1.455516246934642099e+00 9.286358871666614334e+00 1.351600000000000000e+04
3.235077053285361881e+00 1.514522915393070157e+01 -9.687306953538452614e-01 3.322276217961059874e+00 1.349200000000000000e+04
3.297974619160294107e+00 1.400193155308273774e+01 -2.313159005327128259e+00 -1.702804161248418824e+00 1.270200000000000000e+04
3.360979404794635528e+00 1.320059596165884663e+01 -3.247094071820740169e+00 -4.397943381547940511e+00 1.263400000000000000e+04
3.423687966102657132e+00 1.264376507962650997e+01 -3.409475922661248326e+00 -7.395978145169234352e+00 1.180200000000000000e+04
3.486367717614779593e+00 1.222593045785205845e+01 -3.416740580698621521e+00 -9.509738986994371146e+00 1.159000000000000000e+04
3.549237455189846013e+00 1.211870076229086912e+01 -3.772102819247465710e+00 -1.108939233532018953e+01 1.100400000000000000e+04
3.611466567116090154e+00 1.184574027957244624e+01 -3.509139693845942709e+00 -1.282696937916425384e+01 1.025800000000000000e+04
3.674175279485516032e+00 1.242447443885958691e+01 -3.483795240662525217e+00 -1.492933981832734069e+01 1.013800000000000000e+04
3.737325177637534246e+00 1.242573260830824466e+01 -2.995799955530434211e+00 -1.698632503896755708e+01 9.282000000000000000e+03
3.800314856493150373e+00 1.278556835765372135e+01 -3.199126258459334071e+00 -1.820737870500263966e+01 8.824000000000000000e+03
3.863228937922256190e+00 1.299853958283159017e+01 -3.244725929787107610e+00 -1.954627750076044990e+01 8.130000000000000000e+03
3.925673163149277833e+00 1.301555669231593448e+01 -3.188172143114849977e+00 -2.073895072572231513e+01 7.330000000000000000e+03
3.988379144029963186e+00 1.347978946326883865e+01 -3.607263742950309382e+00 -2.125483993226858814e+01 6.960000000000000000e+03
4.051365442737894007e+00 1.316757987725804746e+01 -3.135269296177856102e+00 -2.301668991439300171e+01 5.944000000000000000e+03
4.114073661208438537e+00 1.368520273320546110e+01 -3.219010074846995639e+00 -2.438575873593944010e+01 5.482000000000000000e+03
4.176398926321660099e+00 1.336395558365343206e+01 -2.014026549766047225e+00 -2.811321325836200913e+01 4.458000000000000000e+03
4.238428652338137148e+00 1.321287209609859481e+01 -1.323237340097785264e+00 -3.127307752882341418e+01 3.892000000000000000e+03
4.301987060447956424e+00 1.297074057887793508e+01 6.935493076812023761e-01 -3.732143355147452013e+01 3.165000000000000000e+03
4.365598466856841497e+00 1.347704700805688027e+01 1.691572199649394648e+00 -4.267573214341328480e+01 2.617000000000000000e+03
4.427107359730706015e+00 1.448966969067447508e+01 1.756039664193150385e+00 -4.730343019959694573e+01 2.037000000000000000e+03
4.489602987092925268e+00 1.574499984630083560e+01 1.753187802549766250e+00 -5.263202490609094042e+01 1.831000000000000000e+03
4.554125500073445743e+00 1.669983819433613803e+01 1.302517765833663743e+00 -5.596348369559788694e+01 1.435000000000000000e+03
4.616430240049651523e+00 1.731989457446635683e+01 9.736759629855485931e-01 -5.833063560137140513e+01 1.119000000000000000e+03
4.677252312221349406e+00 1.775901459904057944e+01 4.798028048778348875e-01 -5.999835225136268235e+01 8.800000000000000000e+02
4.741981513824780059e+00 1.714268801245297524e+01 -1.799620503513219352e-02 -5.812717534413387455e+01 7.470000000000000000e+02
4.809273072599613563e+00 1.707750365713136631e+01 -3.403342825377069225e-01 -5.807178407238745876e+01 5.200000000000000000e+02
4.871546600533164906e+00 1.569531170166556677e+01 -5.624738793523724745e-01 -5.337595179997968131e+01 3.280000000000000000e+02
4.925260063653622566e+00 1.566816831168536694e+01 -4.768186128350719866e-01 -5.351389559252439199e+01 2.160000000000000000e+02
4.988369355351538026e+00 1.420258547199777865e+01 -2.607095276735367229e-01 -4.904564125274030317e+01 1.720000000000000000e+02
5.058296331193474771e+00 1.202647115180304027e+01 -3.891581364921724573e-01 -4.147468988917411536e+01 8.400000000000000000e+01
5.124330000078495928e+00 1.162913470625301215e+01 -3.818023222364141239e-02 -4.061106114920544030e+01 2.500000000000000000e+01
5.169965902813741465e+00 1.778492856472717065e+01 7.370918667641811195e-02 -6.226431180573067792e+01 6.000000000000000000e+00
5.223742168994547797e+00 3.614517099257035682e+01 0.000000000000000000e+00 -1.265080984739962133e+02 1.000000000000000000e+00
