8.899641224696955288e-02 9.366833214927793961e+03 -5.763518998224657480e+03 -4.670555271914609534e+02 1.300000000000000000e+01
1.507912216506557823e-01 5.695827963320604795e+03 -1.529989581908692344e+03 6.027428846299690122e+03 3.300000000000000000e+01
2.144790186456836945e-01 4.320305643835977207e+03 7.733648058132439473e+02 9.329684291586992231e+02 7.900000000000000000e+01
2.783660776489276789e-01 3.668289896785490328e+03 -3.651357323269357948e+02 -1.034625902898216339e+02 1.170000000000000000e+02
3.435099785803411021e-01 2.944329360687375811e+03 -1.638254955148879333e+02 -3.624716765981719391e+02 2.050000000000000000e+02
4.047886761425745772e-01 2.478730956035925374e+03 2.745795825719172001e+01 -1.138414822183512030e+02 2.350000000000000000e+02
4.676716683575679601e-01 2.071692103760263308e+03 -2.069507099817303697e+02 -7.679585693424750161e+02 3.690000000000000000e+02
5.308225101765952081e-01 1.743672041803834418e+03 1.138480542355382319e+01 -1.725106732968700101e+02 4.330000000000000000e+02
5.945362440940590298e-01 1.488011583535158479e+03 -3.067448361084946029e+01 -4.799515968126365806e+02 5.850000000000000000e+02
6.576224814588792489e-01 1.158894492699221701e+03 -1.142194773457802199e+02 -1.837480513296404467e+02 6.790000000000000000e+02
7.196632906698736676e-01 9.955397850171112850e+02 -4.821016595674945648e+01 -3.485974614873410360e+02 8.130000000000000000e+02
7.827860915688348298e-01 8.561871675909625310e+02 -4.641760058049997895e+01 -2.770424432656809586e+02 9.850000000000000000e+02
8.470398945834540783e-01 7.065414728438273642e+02 -9.960001018537894879e+01 -2.664383864359257359e+02 1.183000000000000000e+03
9.096854620527370372e-01 6.064145637960376689e+02 -2.606745258335906357e+01 -2.428940205393228382e+02 1.269000000000000000e+03
9.720789776830213169e-01 5.173045130061598229e+02 -1.669354194164115768e+01 -2.959049367325653748e+02 1.537000000000000000e+03
1.034763038959366499e+00 4.440985862688311272e+02 -2.939927146969727545e+01 -2.549607111697403354e+02 1.653000000000000000e+03
1.097576444254559247e+00 3.954508936851733552e+02 2.312490005896994560e+01 -2.593591228729402474e+02 1.963000000000000000e+03
1.160543084780093270e+00 3.589693893460619165e+02 1.275206656132900518e+00 -2.272751533045055510e+02 2.121000000000000000e+03
1.223669666537485323e+00 3.244821057262176396e+02 1.853949708128678964e+01 -2.309524706086246510e+02 2.413000000000000000e+03
1.286817263090294094e+00 3.098112534150379815e+02 3.813444959124407063e+01 -2.090447876975803467e+02 2.635000000000000000e+03
1.349500801664080818e+00 2.805225067232470906e+02 1.799947224969661264e+01 -1.694980922841004940e+02 2.877000000000000000e+03
1.411949558842147567e+00 2.669486046433492561e+02 1.373253464131954260e+01 -1.689422315962661685e+02 3.169000000000000000e+03
1.475133575747468395e+00 2.451443593995075787e+02 1.716472908953964804e+01 -1.427733756649874124e+02 3.507000000000000000e+03
1.537865074252268593e+00 2.264252148067333223e+02 1.087564635206872765e+01 -1.182799150107883435e+02 3.685000000000000000e+03
1.600657544051110381e+00 2.122332500604293557e+02 1.156218967613217785e+01 -9.151640720008404628e+01 4.165000000000000000e+03
1.663991168687080524e+00 1.956957553022185152e+02 -7.324097670307647689e+00 -8.425060633839756008e+01 4.377000000000000000e+03
1.727195645776442801e+00 1.839858581519325753e+02 -9.140752988375030696e+00 -7.502509196552176718e+01 4.855000000000000000e+03
1.789765213377084718e+00 1.750241799717612707e+02 -1.118025706023073695e+01 -5.221586056863193903e+01 4.929000000000000000e+03
1.852353690647852158e+00 1.668145954086054985e+02 -1.409959902259742215e+01 -5.303041026996982765e+01 5.581000000000000000e+03
1.914806787341157390e+00 1.637707883707885799e+02 -2.407311535347664488e+01 -4.531920590336599730e+01 5.679000000000000000e+03
1.977889868651535599e+00 1.551443963667873334e+02 -2.027479507700696004e+01 -4.588331903850978932e+01 6.385000000000000000e+03
2.040937735447724499e+00 1.470451163588160171e+02 -2.123893146933935583e+01 -2.525748166851510490e+01 6.553000000000000000e+03
2.103939302609846074e+00 1.433012356892785988e+02 -2.458728997763816082e+01 -2.670115976147174308e+01 7.125000000000000000e+03
2.166909709822301799e+00 1.387272016116779696e+02 -2.534602412199385668e+01 -1.548062800921716686e+01 7.447000000000000000e+03
2.229700281216152380e+00 1.360342923215210362e+02 -2.793125817812554956e+01 -1.535496977672589125e+01 7.929000000000000000e+03
2.292620027086342382e+00 1.331477546497061439e+02 -2.551396232187956770e+01 -1.811403359367395183e+01 8.353000000000000000e+03
2.355141508366812353e+00 1.303812359688880065e+02 -2.212996711980347797e+01 -1.373420119333119160e+01 8.775000000000000000e+03
2.417910583817858949e+00 1.287198406042976444e+02 -2.230483430597895023e+01 -1.504498028186220182e+01 9.313000000000000000e+03
2.480856539439619368e+00 1.269885270733593927e+02 -2.250561570799349909e+01 -5.454234148699804940e+00 9.841000000000000000e+03
2.543492256872954549e+00 1.244173854390421781e+02 -2.990334566683039341e+01 -1.248934847795595715e+00 1.019100000000000000e+04
2.606334251884805386e+00 1.211193991796570515e+02 -2.987729416369414182e+01 -1.341460525306122642e-01 1.089700000000000000e+04
2.669257370896960690e+00 1.241224303692113580e+02 -3.190590666891459648e+01 7.146977403658750561e+00 1.130100000000000000e+04
2.732423343141155758e+00 1.209657433499724419e+02 -3.516042876796232974e+01 1.986499494010429956e+01 1.202500000000000000e+04
2.795529680084416047e+00 1.198122844372624485e+02 -3.792059714021787187e+01 2.580307883968508520e+01 1.242300000000000000e+04
2.858366292314493240e+00 1.194403778732731070e+02 -3.645169936088665708e+01 3.676253194755557985e+01 1.302100000000000000e+04
2.920876271394311718e+00 1.210365923433446085e+02 -4.410467759868466686e+01 4.317769475257815515e+01 1.340500000000000000e+04
2.983449844439822751e+00 1.237253606758686004e+02 -4.560071546772726236e+01 5.784854106060370071e+01 1.424700000000000000e+04
3.046384918400867114e+00 1.250758217447219351e+02 -4.665123930904032079e+01 3.950561440392949919e+01 1.427500000000000000e+04
3.109279688161210142e+00 1.248440182992769252e+02 -4.554229404998774555e+01 -7.832392854379750524e+00 1.410000000000000000e+04
3.172087338483245755e+00 1.233024462812486775e+02 -3.925883495159403935e+01 -3.799586503186657183e+01 1.351600000000000000e+04
3.235077053285361881e+00 1.262223378406399235e+02 -3.647425853885604141e+01 -6.836257113820921916e+01 1.349200000000000000e+04
3.297974619160294107e+00 1.265185873537476340e+02 -3.118154445536765706e+01 -1.006878567899773458e+02 1.270200000000000000e+04
3.360979404794635528e+00 1.313977542401466394e+02 -3.240966968008839899e+01 -1.262398197672231390e+02 1.263400000000000000e+04
3.423687966102657132e+00 1.352960083797952962e+02 -3.402947554032409272e+01 -1.521825192647537222e+02 1.180200000000000000e+04
3.486367717614779593e+00 1.414304071156610974e+02 -3.790267464515066109e+01 -1.767746859466080309e+02 1.159000000000000000e+04
3.549237455189846013e+00 1.494641660925013582e+02 -3.868269931506822701e+01 -2.076776956753899128e+02 1.100400000000000000e+04
3.611466567116090154e+00 1.544399479873320615e+02 -3.766970526413783915e+01 -2.362683439434207173e+02 1.025800000000000000e+04
3.674175279485516032e+00 1.630677578223508988e+02 -4.398830645853445986e+01 -2.507165014871096389e+02 1.013800000000000000e+04
3.737325177637534246e+00 1.711819944150784920e+02 -4.586997837105359110e+01 -2.780983796508166392e+02 9.282000000000000000e+03
3.800314856493150373e+00 1.781932882125296089e+02 -4.668431008584256858e+01 -3.010800471729502306e+02 8.824000000000000000e+03
3.863228937922256190e+00 1.863867678481085193e+02 -5.037640818843323842e+01 -3.177286946949025150e+02 8.130000000000000000e+03
3.925673163149277833e+00 1.947278832560036221e+02 -5.057545902629056656e+01 -3.439512028528254746e+02 7.330000000000000000e+03
3.988379144029963186e+00 2.072074280648185152e+02 -5.319678727630726911e+01 -3.675358644125968226e+02 6.960000000000000000e+03
4.051365442737894007e+00 2.093855719174915748e+02 -4.741684063443397434e+01 -4.035134845709640103e+02 5.944000000000000000e+03
4.114073661208438537e+00 2.198774746634872201e+02 -4.457217960120996736e+01 -4.331827072064011190e+02 5.482000000000000000e+03
4.176398926321660099e+00 2.247203813333352684e+02 -3.366093568839259831e+01 -4.957153897567191621e+02 4.458000000000000000e+03
4.238428652338137148e+00 2.245416157023205415e+02 -2.258721311584582381e+01 -5.499228625654010330e+02 3.892000000000000000e+03
4.301987060447956424e+00 2.225084405280005626e+02 -6.718102341411152700e+00 -6.198180027866840192e+02 3.165000000000000000e+03
4.365598466856841497e+00 2.312900268984105310e+02 2.361068530408515276e+00 -6.965067018504241787e+02 2.617000000000000000e+03
4.427107359730706015e+00 2.432497122480416181e+02 7.821244024110217907e+00 -7.650241827925799498e+02 2.037000000000000000e+03
4.489602987092925268e+00 2.488877662292671857e+02 9.008350444745223840e+00 -8.063883623891764501e+02 1.831000000000000000e+03
4.554125500073445743e+00 2.575568351333913029e+02 1.210100609304450892e+01 -8.519383583502399233e+02 1.435000000000000000e+03
4.616430240049651523e+00 2.598395941356171761e+02 6.213333341826305478e+00 -8.665107624184539645e+02 1.119000000000000000e+03
4.677252312221349406e+00 2.720862998423032764e+02 5.965733384703675313e+00 -9.181352191506664440e+02 8.800000000000000000e+02
4.741981513824780059e+00 2.904073988391344301e+02 -1.393824429199568726e+00 -9.840873231560609611e+02 7.470000000000000000e+02
4.809273072599613563e+00 3.057621998234072862e+02 1.057980157915968444e+00 -1.048178449205242714e+03 5.200000000000000000e+02
4.871546600533164906e+00 3.161614228144378558e+02 -1.137617398559843007e+00 -1.086372358251069954e+03 3.280000000000000000e+02
4.925260063653622566e+00 3.395553003529244620e+02 -1.935658032573450482e+00 -1.170809445184900596e+03 2.160000000000000000e+02
4.988369355351538026e+00 3.091507809653607524e+02 -1.566447155620203313e+00 -1.073517364660860039e+03 1.720000000000000000e+02
5.058296331193474771e+00 2.682227728916330420e+02 -1.266382999148829791e+00 -9.342514317953003911e+02 8.400000000000000000e+01
5.124330000078495928e+00 2.541499502446872327e+02 -3.537098522894095431e+00 -8.849579110729397371e+02 2.500000000000000000e+01
5.169965902813741465e+00 3.028847044990977224e+02 2.156617540860933158e+00 -1.060975487700872009e+03 6.000000000000000000e+00
5.223742168994547797e+00 4.058675934726143737e+02 0.000000000000000000e+00 -1.420536577154149882e+03 1.000000000000000000e+00
