8.899641224696955288e-02 6.913624864496035116e+03 -3.701150667772248198e+03 -8.551210179475970108e+02 1.300000000000000000e+01
1.507912216506557823e-01 4.744563679506826702e+03 -6.078730136221196290e+02 3.771585533387754367e+03 3.300000000000000000e+01
2.144790186456836945e-01 3.887158079563587762e+03 4.939110769879338250e+02 1.744987898690480392e+02 7.900000000000000000e+01
2.783660776489276789e-01 3.468046373704396501e+03 -1.770953712411102003e+02 -1.329098157666416569e+02 1.170000000000000000e+02
3.435099785803411021e-01 2.910485322377257944e+03 -1.729511734258865658e+02 -2.214285589621814836e+02 2.050000000000000000e+02
4.047886761425745772e-01 2.569040286742442277e+03 -6.520641654219964778e+01 -6.529940044647274533e+01 2.350000000000000000e+02
4.676716683575679601e-01 2.160693559490237931e+03 -2.735276022916416991e+02 -3.753458312453433905e+02 3.690000000000000000e+02
5.308225101765952081e-01 1.828431489895208188e+03 -1.099853335497542162e+02 -1.106423514279573510e+02 4.330000000000000000e+02
5.945362440940590298e-01 1.496412234990156094e+03 -9.451185396444213893e+01 -2.282710431772067921e+02 5.850000000000000000e+02
6.576224814588792489e-01 1.198037007036443583e+03 -2.189640781321961356e+02 1.404967287694506073e+00 6.790000000000000000e+02
7.196632906698736676e-01 9.963568574953642383e+02 -1.797757845517227224e+02 -2.121249870359977479e+02 8.130000000000000000e+02
7.827860915688348298e-01 7.985950160074518180e+02 -1.325745396388155939e+02 -2.132497086905324295e+02 9.850000000000000000e+02
8.470398945834540783e-01 6.318088865878933120e+02 -1.449758540579934163e+02 -1.829063523178246271e+02 1.183000000000000000e+03
9.096854620527370372e-01 5.081273754163924536e+02 -1.027872382455776261e+02 -1.814714774474849719e+02 1.269000000000000000e+03
9.720789776830213169e-01 4.174049849009318223e+02 -8.004431365510549767e+01 -2.044791509392643718e+02 1.537000000000000000e+03
1.034763038959366499e+00 3.397988693613942246e+02 -6.439129821105017015e+01 -2.015534541233373318e+02 1.653000000000000000e+03
1.097576444254559247e+00 2.878049045528819079e+02 -5.071224600042548047e+01 -1.844252772138380863e+02 1.963000000000000000e+03
1.160543084780093270e+00 2.411004781176313543e+02 -3.495405671862813790e+01 -1.768897276375619754e+02 2.121000000000000000e+03
1.223669666537485323e+00 2.050843227755260614e+02 -2.172838807139181583e+01 -1.614966789233803865e+02 2.413000000000000000e+03
1.286817263090294094e+00 1.759433905953503654e+02 -9.676231846445672247e+00 -1.470166891092602555e+02 2.635000000000000000e+03
1.349500801664080818e+00 1.508497794662076217e+02 -3.948892849632799962e+00 -1.210812810933139190e+02 2.877000000000000000e+03
1.411949558842147567e+00 1.342275075930599542e+02 2.190717991425049860e+00 -1.286558281587189185e+02 3.169000000000000000e+03
1.475133575747468395e+00 1.193569218972273518e+02 2.911714042647133738e+00 -1.035989310664218976e+02 3.507000000000000000e+03
1.537865074252268593e+00 1.080098622065544305e+02 3.083237071325153345e+00 -9.579347304933824603e+01 3.685000000000000000e+03
1.600657544051110381e+00 9.813749683949556868e+01 4.884167478141520746e+00 -8.186136485734245127e+01 4.165000000000000000e+03
1.663991168687080524e+00 9.028938952507276383e+01 6.204080988943593944e+00 -7.252127304066355862e+01 4.377000000000000000e+03
1.727195645776442801e+00 8.351089235034848457e+01 4.593945305729207895e+00 -6.525418421041344175e+01 4.855000000000000000e+03
1.789765213377084718e+00 7.589695056191007438e+01 3.484008445646787244e+00 -5.431921756681662572e+01 4.929000000000000000e+03
1.852353690647852158e+00 7.144110629016807934e+01 3.131648113262586630e+00 -4.534302456465578501e+01 5.581000000000000000e+03
1.914806787341157390e+00 6.703794905224941658e+01 2.864455764773549129e-01 -3.333408980999499960e+01 5.679000000000000000e+03
1.977889868651535599e+00 6.431616549698966878e+01 -1.745235896693376754e+00 -3.017308531797474558e+01 6.385000000000000000e+03
2.040937735447724499e+00 6.131470348534016068e+01 -2.977329368448611735e+00 -2.077121314617393466e+01 6.553000000000000000e+03
2.103939302609846074e+00 5.884233174264345223e+01 -3.032911253857092593e+00 -1.171642606208254023e+01 7.125000000000000000e+03
2.166909709822301799e+00 5.671373019972123330e+01 -5.842555008672349892e+00 -8.859570474001587925e+00 7.447000000000000000e+03
2.229700281216152380e+00 5.470777106425362035e+01 -4.073921372839350852e+00 -2.616734170277577931e+00 7.929000000000000000e+03
2.292620027086342382e+00 5.376862912469509581e+01 -5.801322077302590863e+00 -6.503246051622678207e-03 8.353000000000000000e+03
2.355141508366812353e+00 5.196260283859389517e+01 -4.619671149535692578e+00 5.220029819961201412e+00 8.775000000000000000e+03
2.417910583817858949e+00 5.044318281057702791e+01 -2.524416487276271770e+00 8.798932841175423292e+00 9.313000000000000000e+03
2.480856539439619368e+00 4.982643832247440940e+01 -2.280165206724021232e+00 1.264233529963103742e+01 9.841000000000000000e+03
2.543492256872954549e+00 4.788491112889354895e+01 -1.966752867421055040e+00 1.384756803122182589e+01 1.019100000000000000e+04
2.606334251884805386e+00 4.737869131413393831e+01 9.643758933880314244e-01 1.763110985997245450e+01 1.089700000000000000e+04
2.669257370896960690e+00 4.645153482086254826e+01 5.837380906285496440e-01 1.495703084253373660e+01 1.130100000000000000e+04
2.732423343141155758e+00 4.670822292409458498e+01 4.234200664721428531e+00 1.869903498638907990e+01 1.202500000000000000e+04
2.795529680084416047e+00 4.645957369194540121e+01 5.806178625522515624e+00 1.869264712190728517e+01 1.242300000000000000e+04
2.858366292314493240e+00 4.650959855890008043e+01 6.215912700697247217e+00 1.932721105436756659e+01 1.302100000000000000e+04
2.920876271394311718e+00 4.692272015550086905e+01 8.506050412683709538e+00 2.340618455094495332e+01 1.340500000000000000e+04
2.983449844439822751e+00 4.802495251435926349e+01 9.492039775475483054e+00 2.794938589494593373e+01 1.424700000000000000e+04
3.046384918400867114e+00 4.707767750869496126e+01 8.560914930927266298e+00 1.658250014269590622e+01 1.427500000000000000e+04
3.109279688161210142e+00 4.673313580105715204e+01 1.106003390020297772e+01 2.978951320680071624e-01 1.410000000000000000e+04
3.172087338483245755e+00 4.507295104345600834e+01 1.054808330788217141e+01 -1.806335962194780720e+01 1.351600000000000000e+04
3.235077053285361881e+00 4.423660695075908933e+01 9.444413791070482844e+00 -3.365628545080698331e+01 1.349200000000000000e+04
3.297974619160294107e+00 4.213161360798542887e+01 8.337570334932550509e+00 -4.547622866981677703e+01 1.270200000000000000e+04
3.360979404794635528e+00 4.124076078420431202e+01 7.242678191270573329e+00 -5.400686696427527522e+01 1.263400000000000000e+04
3.423687966102657132e+00 4.018300454959824464e+01 7.056392812169262285e+00 -6.037611538171048409e+01 1.180200000000000000e+04
3.486367717614779593e+00 3.965166883072038928e+01 7.841784330513682733e+00 -6.592110292853342912e+01 1.159000000000000000e+04
3.549237455189846013e+00 3.974523477251651826e+01 6.643655752636921541e+00 -7.021328495636855394e+01 1.100400000000000000e+04
3.611466567116090154e+00 4.006419887289975890e+01 5.762602468055332494e+00 -7.510439759810236637e+01 1.025800000000000000e+04
3.674175279485516032e+00 4.022019788783931205e+01 4.222139652347281391e+00 -7.786309301687462892e+01 1.013800000000000000e+04
3.737325177637534246e+00 4.078599079481579537e+01 5.255439273848408810e+00 -8.535251779999416044e+01 9.282000000000000000e+03
3.800314856493150373e+00 4.276192371633820244e+01 5.994817479113692116e+00 -9.448000821414954942e+01 8.824000000000000000e+03
3.863228937922256190e+00 4.384400175338034700e+01 8.294338934635623772e+00 -1.041625279477264741e+02 8.130000000000000000e+03
3.925673163149277833e+00 4.649302339239194737e+01 1.186275770631930371e+01 -1.206636106488714972e+02 7.330000000000000000e+03
3.988379144029963186e+00 5.113611294196088863e+01 1.585743333571029723e+01 -1.388035500851769655e+02 6.960000000000000000e+03
4.051365442737894007e+00 5.287880347506031598e+01 1.948442742691985785e+01 -1.553047657128470007e+02 5.944000000000000000e+03
4.114073661208438537e+00 5.668845153621715838e+01 2.275174465519258860e+01 -1.704817182422462167e+02 5.482000000000000000e+03
4.176398926321660099e+00 5.827357346556959072e+01 2.328510919315842642e+01 -1.826764346401478178e+02 4.458000000000000000e+03
4.238428652338137148e+00 5.975790151118840754e+01 2.210905357686537442e+01 -1.920628806495593608e+02 3.892000000000000000e+03
4.301987060447956424e+00 5.724099339272523679e+01 1.531062371531036526e+01 -1.860925151488728773e+02 3.165000000000000000e+03
4.365598466856841497e+00 5.682461498527587196e+01 1.072217931176769490e+01 -1.855158794575710317e+02 2.617000000000000000e+03
4.427107359730706015e+00 5.898062994362754807e+01 9.844273255183551896e+00 -1.955413252399014254e+02 2.037000000000000000e+03
4.489602987092925268e+00 6.428821238985922548e+01 1.062673220454819223e+01 -2.186063166224527379e+02 1.831000000000000000e+03
4.554125500073445743e+00 6.758866515380097439e+01 1.049783387410032454e+01 -2.327957397223729856e+02 1.435000000000000000e+03
4.616430240049651523e+00 7.257403676046928354e+01 1.057576549573272118e+01 -2.523702108583653114e+02 1.119000000000000000e+03
4.677252312221349406e+00 7.455364089999264365e+01 1.079150476929476454e+01 -2.625352082289556392e+02 8.800000000000000000e+02
4.741981513824780059e+00 7.638968795846130888e+01 1.006841997654477083e+01 -2.711467543053952909e+02 7.470000000000000000e+02
4.809273072599613563e+00 8.118703537515851565e+01 9.991907353626686472e+00 -2.893835213521588230e+02 5.200000000000000000e+02
4.871546600533164906e+00 8.348497871540962478e+01 8.998860987280092871e+00 -2.970901645865947103e+02 3.280000000000000000e+02
4.925260063653622566e+00 8.160814685109360767e+01 7.376194702378384704e+00 -2.900839570355334445e+02 2.160000000000000000e+02
4.988369355351538026e+00 6.721443834503156722e+01 2.829611320036720112e+00 -2.365876310048951439e+02 1.720000000000000000e+02
5.058296331193474771e+00 6.759852668220052863e+01 1.118351022670701855e+00 -2.368050133379172166e+02 8.400000000000000000e+01
5.124330000078495928e+00 7.796101436303315779e+01 3.039618674418089306e+00 -2.754606171700901882e+02 2.500000000000000000e+01
5.169965902813741465e+00 9.588000165928286833e+01 1.425945399273802261e+00 -3.366729029421252903e+02 6.000000000000000000e+00
5.223742168994547797e+00 1.515694849632508578e+02 0.000000000000000000e+00 -5.304931973713778461e+02 1.000000000000000000e+00
