8.899641224696955288e-02 4.281314177134630881e+03 -6.284560500222568180e+02 -1.614037724354985585e+03 1.300000000000000000e+01
1.507912216506557823e-01 3.850860391034575969e+03 -1.800243960213017402e+01 1.074579085732752674e+03 3.300000000000000000e+01
2.144790186456836945e-01 3.558282720983530908e+03 6.262393822039199698e+00 -5.678013009539072300e+02 7.900000000000000000e+01
2.783660776489276789e-01 3.267998494949281394e+03 -8.649523783335116889e+01 -1.089856465036389181e+02 1.170000000000000000e+02
3.435099785803411021e-01 2.915689600131237967e+03 -1.628575005765340222e+02 -1.201263253487439471e+02 2.050000000000000000e+02
4.047886761425745772e-01 2.583328639132109402e+03 -1.659199033706145201e+02 1.510878120579855590e+02 2.350000000000000000e+02
4.676716683575679601e-01 2.217002434907464703e+03 -2.241706772799676344e+02 -1.538720766277136818e+02 3.690000000000000000e+02
5.308225101765952081e-01 1.867989364704776790e+03 -2.084059124723610523e+02 -3.424936874520252417e+01 4.330000000000000000e+02
5.945362440940590298e-01 1.541142593720914647e+03 -2.276113499899003614e+02 -8.502865649419608474e+01 5.850000000000000000e+02
6.576224814588792489e-01 1.244871158787850163e+03 -2.575445891617810616e+02 3.567139648733344615e+01 6.790000000000000000e+02
7.196632906698736676e-01 9.959817421591799302e+02 -2.327338519746029419e+02 -1.835368313833194236e+02 8.130000000000000000e+02
7.827860915688348298e-01 7.789170641303462617e+02 -2.226658293464249994e+02 -1.706670287342428196e+02 9.850000000000000000e+02
8.470398945834540783e-01 5.866520960411202168e+02 -2.083490476994841174e+02 -7.399888404434453548e+01 1.183000000000000000e+03
9.096854620527370372e-01 4.401470979472608178e+02 -1.803782142371695159e+02 -1.072531558016841728e+02 1.269000000000000000e+03
9.720789776830213169e-01 3.249079272274038885e+02 -1.517950310837946972e+02 -1.213947001348337835e+02 1.537000000000000000e+03
1.034763038959366499e+00 2.317433425535436697e+02 -1.260298734852299987e+02 -1.112124014154940284e+02 1.653000000000000000e+03
1.097576444254559247e+00 1.631975511388963014e+02 -9.897343215490433010e+01 -8.718215914011133805e+01 1.963000000000000000e+03
1.160543084780093270e+00 1.119291854044606396e+02 -7.342617126981537012e+01 -7.787987384080076936e+01 2.121000000000000000e+03
1.223669666537485323e+00 7.553556049403837847e+01 -5.223631211578881306e+01 -5.876148034962551492e+01 2.413000000000000000e+03
1.286817263090294094e+00 5.032382391515449171e+01 -3.313400912421217726e+01 -4.247504603828179626e+01 2.635000000000000000e+03
1.349500801664080818e+00 3.303423475390103903e+01 -1.828502709208458299e+01 -2.306246173678867351e+01 2.877000000000000000e+03
1.411949558842147567e+00 2.338901209193986830e+01 -6.848811005169443966e+00 -1.140607142893764880e+01 3.169000000000000000e+03
1.475133575747468395e+00 1.740306429828752854e+01 1.154030386787963547e+00 1.532741560236027922e+00 3.507000000000000000e+03
1.537865074252268593e+00 1.448654546313078129e+01 5.707225984576346889e+00 1.192792129122257450e+01 3.685000000000000000e+03
1.600657544051110381e+00 1.312496907884957231e+01 8.283443273379411664e+00 2.017398952255235045e+01 4.165000000000000000e+03
1.663991168687080524e+00 1.293486615759445613e+01 8.686019373228178964e+00 2.608311012735407886e+01 4.377000000000000000e+03
1.727195645776442801e+00 1.275174288347353979e+01 6.823415486803737551e+00 2.837681553621226627e+01 4.855000000000000000e+03
1.789765213377084718e+00 1.289774943603249469e+01 4.566635223106179531e+00 3.066909486746634173e+01 4.929000000000000000e+03
1.852353690647852158e+00 1.242246578251230282e+01 1.779587615709466997e+00 2.874105411877654603e+01 5.581000000000000000e+03
1.914806787341157390e+00 1.211183588612764161e+01 -1.186164483881235299e+00 2.778525930244007469e+01 5.679000000000000000e+03
1.977889868651535599e+00 1.106543588768428776e+01 -3.521314433448102132e+00 2.375726676424010364e+01 6.385000000000000000e+03
2.040937735447724499e+00 1.033248221825035174e+01 -5.873600582790226454e+00 2.100964094049448150e+01 6.553000000000000000e+03
2.103939302609846074e+00 9.217480761199526640e+00 -7.317194852753647893e+00 1.729168263758796442e+01 7.125000000000000000e+03
2.166909709822301799e+00 8.030215259504130287e+00 -8.027956367697852258e+00 1.363363242796210706e+01 7.447000000000000000e+03
2.229700281216152380e+00 6.966608191411759243e+00 -8.028620177607050934e+00 1.067273188606295520e+01 7.929000000000000000e+03
2.292620027086342382e+00 6.051815529754615675e+00 -7.539715211508304371e+00 8.415215230245699729e+00 8.353000000000000000e+03
2.355141508366812353e+00 5.374250035129636061e+00 -6.872229578953102269e+00 7.253886302333243385e+00 8.775000000000000000e+03
2.417910583817858949e+00 4.673020636250221571e+00 -5.360894931563003674e+00 6.299769775304711494e+00 9.313000000000000000e+03
2.480856539439619368e+00 4.225275187779476305e+00 -3.901016274055844502e+00 6.191461410025874912e+00 9.841000000000000000e+03
2.543492256872954549e+00 3.975702503673617549e+00 -2.438200193604562749e+00 6.951707605683572488e+00 1.019100000000000000e+04
2.606334251884805386e+00 3.866074034958299155e+00 -8.554250555540153789e-01 7.936151666783656466e+00 1.089700000000000000e+04
2.669257370896960690e+00 3.821852296228315904e+00 6.016761027201031897e-01 9.281552388663026676e+00 1.130100000000000000e+04
2.732423343141155758e+00 3.956337974636663368e+00 2.018654425654519358e+00 1.118473994963805751e+01 1.202500000000000000e+04
2.795529680084416047e+00 4.074983012437559893e+00 3.214818520559954873e+00 1.280931174860573130e+01 1.242300000000000000e+04
2.858366292314493240e+00 4.289575965421606796e+00 4.520391489142507879e+00 1.490768871000524953e+01 1.302100000000000000e+04
2.920876271394311718e+00 4.533442049438924926e+00 5.614581076655187353e+00 1.682880786798552109e+01 1.340500000000000000e+04
2.983449844439822751e+00 4.671039210015162091e+00 6.472008154945490865e+00 1.821625747974868759e+01 1.424700000000000000e+04
3.046384918400867114e+00 4.000877710729247028e+00 5.647947420767200022e+00 1.422135063624125806e+01 1.427500000000000000e+04
3.109279688161210142e+00 2.677390337388033448e+00 3.429856233776683361e+00 6.471571832538820956e+00 1.410000000000000000e+04
3.172087338483245755e+00 1.850943630802655004e+00 1.730453014907131770e+00 2.384909476699210273e+00 1.351600000000000000e+04
3.235077053285361881e+00 1.352799578837025507e+00 6.216148128478187207e-01 3.476351607374801311e-01 1.349200000000000000e+04
3.297974619160294107e+00 1.060925014740733863e+00 9.566915299552490592e-02 -4.911153331386093890e-01 1.270200000000000000e+04
3.360979404794635528e+00 9.274528205471817000e-01 -1.651998155780131095e-01 -9.019262928178433114e-01 1.263400000000000000e+04
3.423687966102657132e+00 8.399975184260388694e-01 -2.344985099307387022e-01 -1.105845090130617603e+00 1.180200000000000000e+04
3.486367717614779593e+00 8.202850768934402126e-01 -1.948982367520356029e-01 -1.297698652543504361e+00 1.159000000000000000e+04
3.549237455189846013e+00 8.120337627632776556e-01 -1.120766743000334298e-01 -1.479956791829316609e+00 1.100400000000000000e+04
3.611466567116090154e+00 7.941280936665834345e-01 -2.023418665555401161e-02 -1.638177107779712927e+00 1.025800000000000000e+04
3.674175279485516032e+00 8.326627971693827401e-01 1.118835641054043845e-01 -1.915553433954085394e+00 1.013800000000000000e+04
3.737325177637534246e+00 8.211899308276152665e-01 2.055764657593406597e-01 -2.073072446973114324e+00 9.282000000000000000e+03
3.800314856493150373e+00 8.603673322941455259e-01 3.291618593038208029e-01 -2.339281431316194926e+00 8.824000000000000000e+03
3.863228937922256190e+00 8.801442366132379291e-01 4.164339562033687048e-01 -2.525585788497503703e+00 8.130000000000000000e+03
3.925673163149277833e+00 9.019830503598219584e-01 4.883712203438734800e-01 -2.695911600699296695e+00 7.330000000000000000e+03
3.988379144029963186e+00 9.958069736373500458e-01 6.248404560452812673e-01 -3.072030634386089698e+00 6.960000000000000000e+03
4.051365442737894007e+00 9.407148319007350157e-01 5.489347022770080242e-01 -2.929883146285259699e+00 5.944000000000000000e+03
4.114073661208438537e+00 1.070751705097026552e+00 6.798611675796616405e-01 -3.382221456902640533e+00 5.482000000000000000e+03
4.176398926321660099e+00 9.460783018524532295e-01 4.890150070847306130e-01 -2.977727293793623886e+00 4.458000000000000000e+03
4.238428652338137148e+00 8.695213094287771449e-01 3.206740161801217570e-01 -2.714481765140068781e+00 3.892000000000000000e+03
4.301987060447956424e+00 7.651545611538019820e-01 8.946191020516709724e-02 -2.333912661094351915e+00 3.165000000000000000e+03
4.365598466856841497e+00 7.899066766995150868e-01 -1.437580997171954665e-02 -2.386620810946239235e+00 2.617000000000000000e+03
4.427107359730706015e+00 8.768874874450964807e-01 -5.414288535968791310e-02 -2.675769566095742125e+00 2.037000000000000000e+03
4.489602987092925268e+00 9.579459511082036860e-01 -7.249716510000325798e-02 -2.984179079113165933e+00 1.831000000000000000e+03
4.554125500073445743e+00 1.052529465974533451e+00 -1.048287938863438074e-01 -3.307393235302281909e+00 1.435000000000000000e+03
4.616430240049651523e+00 1.144152360945423386e+00 -1.393018107474446321e-01 -3.621035121050924843e+00 1.119000000000000000e+03
4.677252312221349406e+00 1.221386084149267859e+00 -1.493516715749000634e-01 -3.915075160494462914e+00 8.800000000000000000e+02
4.741981513824780059e+00 1.298604977577924036e+00 -1.315388009426484706e-01 -4.258779280613337548e+00 7.470000000000000000e+02
4.809273072599613563e+00 1.414879966108499865e+00 -1.161090725115015432e-01 -4.717429564908351303e+00 5.200000000000000000e+02
4.871546600533164906e+00 1.521788917416239340e+00 -8.835702815531165655e-02 -5.143221570651169472e+00 3.280000000000000000e+02
4.925260063653622566e+00 1.689087225600769626e+00 -9.629505929241052864e-02 -5.729867895840350833e+00 2.160000000000000000e+02
4.988369355351538026e+00 1.779856280051573147e+00 -3.785665649806885941e-02 -6.149220749946717746e+00 1.720000000000000000e+02
5.058296331193474771e+00 2.038303842755873063e+00 -2.162786705152245151e-02 -7.086612872292234577e+00 8.400000000000000000e+01
5.124330000078495928e+00 2.412957247184175369e+00 -1.983443155566989163e-02 -8.414046371742530894e+00 2.500000000000000000e+01
5.169965902813741465e+00 2.175318306322723938e+00 -1.003671074959097513e-02 -7.594337466922774560e+00 6.000000000000000000e+00
5.223742168994547797e+00 2.005263741649477627e+00 0.000000000000000000e+00 -7.018423095773170139e+00 1.000000000000000000e+00
