8.899641224696955288e-02 4.639060998267712421e+03 -1.322015539627191629e+03 -1.396607957187453167e+03 1.300000000000000000e+01
1.507912216506557823e-01 3.865240012617713091e+03 -6.231570240037741115e+01 1.602818530361487547e+03 3.300000000000000000e+01
2.144790186456836945e-01 3.484056333870304570e+03 1.032777648992707640e+02 -4.181109998332422037e+02 7.900000000000000000e+01
2.783660776489276789e-01 3.192959330941131157e+03 -7.843241678029374953e+01 -1.160895044757912871e+02 1.170000000000000000e+02
3.435099785803411021e-01 2.822361016473448672e+03 -1.736187182145278598e+02 -1.204388807905752969e+02 2.050000000000000000e+02
4.047886761425745772e-01 2.508301422443570118e+03 -1.388512073933568729e+02 9.092967545853824163e+01 2.350000000000000000e+02
4.676716683575679601e-01 2.141308765533764472e+03 -2.380414406768011872e+02 -1.560405353356161982e+02 3.690000000000000000e+02
5.308225101765952081e-01 1.799856377654804646e+03 -1.744021288512386434e+02 -5.236102847320037057e+01 4.330000000000000000e+02
5.945362440940590298e-01 1.479722878710766508e+03 -1.902245851951997224e+02 -9.823324575339515263e+01 5.850000000000000000e+02
6.576224814588792489e-01 1.196738153342950000e+03 -2.458935661353705200e+02 3.419277497873726190e+01 6.790000000000000000e+02
7.196632906698736676e-01 9.587088051436281830e+02 -2.124971958419172324e+02 -1.834183458299521590e+02 8.130000000000000000e+02
7.827860915688348298e-01 7.547399054315876583e+02 -2.037146813885408108e+02 -1.803671821803836224e+02 9.850000000000000000e+02
8.470398945834540783e-01 5.746247537792155526e+02 -1.915820092602702687e+02 -8.875870754391930006e+01 1.183000000000000000e+03
9.096854620527370372e-01 4.366796516855533241e+02 -1.616791723328231853e+02 -1.182915701969722448e+02 1.269000000000000000e+03
9.720789776830213169e-01 3.300348708064399261e+02 -1.349845885704209252e+02 -1.327760270673573757e+02 1.537000000000000000e+03
1.034763038959366499e+00 2.430186820061829280e+02 -1.148754598194882988e+02 -1.273755543641763808e+02 1.653000000000000000e+03
1.097576444254559247e+00 1.781623514057418163e+02 -8.886958204835079300e+01 -1.026630599453093282e+02 1.963000000000000000e+03
1.160543084780093270e+00 1.295111960045132946e+02 -6.588695269058867154e+01 -9.746070602883503398e+01 2.121000000000000000e+03
1.223669666537485323e+00 9.446659856861232640e+01 -4.819711621810692748e+01 -7.931839740751968293e+01 2.413000000000000000e+03
1.286817263090294094e+00 6.862412929057960298e+01 -3.248692660156159207e+01 -6.571254060424385557e+01 2.635000000000000000e+03
1.349500801664080818e+00 4.942143323438342151e+01 -1.988451923742231031e+01 -4.715489186818746248e+01 2.877000000000000000e+03
1.411949558842147567e+00 3.815518526884563499e+01 -1.086631145136069065e+01 -3.847471800382937346e+01 3.169000000000000000e+03
1.475133575747468395e+00 2.961482270448762222e+01 -4.042657993634398039e+00 -2.849131689951440904e+01 3.507000000000000000e+03
1.537865074252268593e+00 2.455822335925631705e+01 -3.647577945777125685e-01 -1.927182747479025693e+01 3.685000000000000000e+03
1.600657544051110381e+00 2.045637696894702628e+01 1.667299927167629425e+00 -1.197877269248624899e+01 4.165000000000000000e+03
1.663991168687080524e+00 1.796251991028492156e+01 2.879955720068386071e+00 -7.068640916435858124e+00 4.377000000000000000e+03
1.727195645776442801e+00 1.636887249366885655e+01 2.034292371184552195e+00 -3.979780097204810740e+00 4.855000000000000000e+03
1.789765213377084718e+00 1.484330584996659219e+01 7.851168484932459224e-01 -1.774818907305860671e-01 4.929000000000000000e+03
1.852353690647852158e+00 1.400666158064441369e+01 -4.761120391279523023e-01 1.014658419422823227e-01 5.581000000000000000e+03
1.914806787341157390e+00 1.277221216464716846e+01 -1.715666813801463242e+00 9.214164347855263726e-01 5.679000000000000000e+03
1.977889868651535599e+00 1.189497054091367012e+01 -2.346819084559335522e+00 8.309403347715589305e-01 6.385000000000000000e+03
2.040937735447724499e+00 1.091611563468506318e+01 -3.175893133675816493e+00 1.160939751471418369e+00 6.553000000000000000e+03
2.103939302609846074e+00 1.012533645096114121e+01 -3.238307371916618216e+00 1.190708013166926316e+00 7.125000000000000000e+03
2.166909709822301799e+00 9.361752388261976421e+00 -3.271391322262589441e+00 9.893797003463614681e-01 7.447000000000000000e+03
2.229700281216152380e+00 8.650873258361045259e+00 -2.605128578331797673e+00 1.457716150184844350e+00 7.929000000000000000e+03
2.292620027086342382e+00 8.188872836184380333e+00 -2.011168318821409784e+00 2.046481729028876373e+00 8.353000000000000000e+03
2.355141508366812353e+00 7.742028486973239865e+00 -1.101644784917946707e+00 3.019325770063213898e+00 8.775000000000000000e+03
2.417910583817858949e+00 7.356253756011475353e+00 1.104114464538991369e-01 4.202348386856952445e+00 9.313000000000000000e+03
2.480856539439619368e+00 7.050656789269504010e+00 1.202948256427176954e+00 5.166647122399214531e+00 9.841000000000000000e+03
2.543492256872954549e+00 6.812762930199977696e+00 2.501430618068539946e+00 6.638187771719524122e+00 1.019100000000000000e+04
2.606334251884805386e+00 6.657989067515724280e+00 3.873376851068780713e+00 7.917223092804563045e+00 1.089700000000000000e+04
2.669257370896960690e+00 6.539341809549520157e+00 5.039290464560355787e+00 8.961652538892177944e+00 1.130100000000000000e+04
2.732423343141155758e+00 6.526693873163331716e+00 6.439747785829799120e+00 1.070073040435936029e+01 1.202500000000000000e+04
2.795529680084416047e+00 6.526085511280098395e+00 7.681772769475279539e+00 1.193520540128138130e+01 1.242300000000000000e+04
2.858366292314493240e+00 6.550830713202563160e+00 9.212891106424523358e+00 1.356536350723247786e+01 1.302100000000000000e+04
2.920876271394311718e+00 6.695121478491079969e+00 1.072991480644534690e+01 1.532066259979601952e+01 1.340500000000000000e+04
2.983449844439822751e+00 6.789544528229715326e+00 1.181333047921113533e+01 1.669118788900764372e+01 1.424700000000000000e+04
3.046384918400867114e+00 6.528358949348596951e+00 1.063778438480185073e+01 1.352354437758367567e+01 1.427500000000000000e+04
3.109279688161210142e+00 5.749465730700671351e+00 7.449774556732117858e+00 6.649888863622473778e+00 1.410000000000000000e+04
3.172087338483245755e+00 5.098226656940529011e+00 4.792045319465944253e+00 1.907981696195919508e+00 1.351600000000000000e+04
3.235077053285361881e+00 4.566543212021910492e+00 2.758276284218351915e+00 -1.091231376115245011e+00 1.349200000000000000e+04
3.297974619160294107e+00 4.167760372794157675e+00 1.450501175096956086e+00 -3.037416483596584449e+00 1.270200000000000000e+04
3.360979404794635528e+00 3.897105007406600929e+00 7.158456497615129921e-01 -4.569459090910426013e+00 1.263400000000000000e+04
3.423687966102657132e+00 3.719254039707822646e+00 2.037254445469841579e-01 -5.432988475075477552e+00 1.180200000000000000e+04
3.486367717614779593e+00 3.597773243583672453e+00 1.195914486559061796e-01 -6.423665290599167577e+00 1.159000000000000000e+04
3.549237455189846013e+00 3.545014910327275892e+00 1.152138233639321274e-01 -7.167907493381409978e+00 1.100400000000000000e+04
3.611466567116090154e+00 3.495068192542516439e+00 1.478874486344479711e-01 -7.694177679266567260e+00 1.025800000000000000e+04
3.674175279485516032e+00 3.562448891570605181e+00 2.946811945431719315e-01 -8.312196587599951059e+00 1.013800000000000000e+04
3.737325177637534246e+00 3.644886339128118991e+00 3.547779540204606952e-01 -8.800977098112458208e+00 9.282000000000000000e+03
3.800314856493150373e+00 3.821173412881210485e+00 5.233817898104962119e-01 -9.482746975098702791e+00 8.824000000000000000e+03
3.863228937922256190e+00 4.048048356881510657e+00 6.206852200469242797e-01 -1.006322717040424664e+01 8.130000000000000000e+03
3.925673163149277833e+00 4.331427583253723235e+00 6.141995357520328991e-01 -1.076270696090039358e+01 7.330000000000000000e+03
3.988379144029963186e+00 4.672411451738831545e+00 7.515398106469167727e-01 -1.167404327789768104e+01 6.960000000000000000e+03
4.051365442737894007e+00 4.996797904426312442e+00 7.150371029983018101e-01 -1.269840841631819828e+01 5.944000000000000000e+03
4.114073661208438537e+00 5.354478072145911760e+00 9.151820400245828102e-01 -1.378868218504104526e+01 5.482000000000000000e+03
4.176398926321660099e+00 5.543962104079527720e+00 1.004408316916880262e+00 -1.501376657813741389e+01 4.458000000000000000e+03
4.238428652338137148e+00 5.666781987468021420e+00 1.223200214140380382e+00 -1.637961276486187145e+01 3.892000000000000000e+03
4.301987060447956424e+00 5.426779334356493401e+00 1.289274232644714635e+00 -1.691029350367350048e+01 3.165000000000000000e+03
4.365598466856841497e+00 5.232510027730646662e+00 1.266112684648152076e+00 -1.706593813675087645e+01 2.617000000000000000e+03
4.427107359730706015e+00 5.218975338818949261e+00 1.140853671522833679e+00 -1.737704481382131405e+01 2.037000000000000000e+03
4.489602987092925268e+00 4.941408795409798493e+00 7.437247481202541310e-01 -1.643623274526359879e+01 1.831000000000000000e+03
4.554125500073445743e+00 4.676641236700644022e+00 4.571954901239344560e-01 -1.555534035739531085e+01 1.435000000000000000e+03
4.616430240049651523e+00 4.280033887697710426e+00 2.513768662954944944e-01 -1.426196569915435752e+01 1.119000000000000000e+03
4.677252312221349406e+00 4.002468569734820569e+00 7.530621617713942340e-02 -1.335576128755509551e+01 8.800000000000000000e+02
4.741981513824780059e+00 3.302216724502866185e+00 1.297185615635619294e-01 -1.125682200771034580e+01 7.470000000000000000e+02
4.809273072599613563e+00 2.770235781484550852e+00 1.120714180415122163e-01 -9.550675228905024738e+00 5.200000000000000000e+02
4.871546600533164906e+00 2.396588033321614741e+00 1.082815397330059715e-01 -8.332044451297912602e+00 3.280000000000000000e+02
4.925260063653622566e+00 2.081748855189521130e+00 1.246273334995829651e-01 -7.316183660604784755e+00 2.160000000000000000e+02
4.988369355351538026e+00 1.584244278607866097e+00 1.003604145774227019e-01 -5.611730981702214294e+00 1.720000000000000000e+02
5.058296331193474771e+00 1.080627420262392446e+00 6.488604388503763087e-02 -3.834852126902216440e+00 8.400000000000000000e+01
5.124330000078495928e+00 1.055815648227092396e+00 2.350694775714749427e-02 -3.713824140775975113e+00 2.500000000000000000e+01
5.169965902813741465e+00 1.069808709449803885e+00 1.443204914890053488e-02 -3.755151242345955875e+00 6.000000000000000000e+00
5.223742168994547797e+00 2.889418772097804289e-01 0.000000000000000000e+00 -1.011296570234231362e+00 1.000000000000000000e+00
