8.899641224696955288e-02 4.335882110621756510e+03 -8.241645421278318508e+02 -1.536426252520717753e+03 1.300000000000000000e+01
1.507912216506557823e-01 3.813791317711588363e+03 -2.386093988390255660e+01 1.213510288606682934e+03 3.300000000000000000e+01
2.144790186456836945e-01 3.501102196655257103e+03 3.245018542473625445e+01 -5.219160906866327423e+02 7.900000000000000000e+01
2.783660776489276789e-01 3.214338886915773401e+03 -8.175571075547293276e+01 -1.106942240915916216e+02 1.170000000000000000e+02
3.435099785803411021e-01 2.861385768003618523e+03 -1.655009747592424105e+02 -1.178180207206581400e+02 2.050000000000000000e+02
4.047886761425745772e-01 2.537554279049159049e+03 -1.564342698111930474e+02 1.321702490568673056e+02 2.350000000000000000e+02
4.676716683575679601e-01 2.174017246316605906e+03 -2.260058290219105572e+02 -1.506461648054248599e+02 3.690000000000000000e+02
5.308225101765952081e-01 1.830254440872173518e+03 -1.960170308769023109e+02 -3.957492231905887792e+01 4.330000000000000000e+02
5.945362440940590298e-01 1.508812403046874579e+03 -2.150447761988814079e+02 -8.744936331547084762e+01 5.850000000000000000e+02
6.576224814588792489e-01 1.218935189863628466e+03 -2.518302466914056197e+02 3.471611075705249050e+01 6.790000000000000000e+02
7.196632906698736676e-01 9.756667585756931658e+02 -2.246550397440624920e+02 -1.823399666753386725e+02 8.130000000000000000e+02
7.827860915688348298e-01 7.647553565381939507e+02 -2.159349607133447648e+02 -1.719850676125337259e+02 9.850000000000000000e+02
8.470398945834540783e-01 5.775403518600717234e+02 -2.015859818706882436e+02 -7.709652126428781571e+01 1.183000000000000000e+03
9.096854620527370372e-01 4.350045482001461323e+02 -1.736179825621433395e+02 -1.092754544248762159e+02 1.269000000000000000e+03
9.720789776830213169e-01 3.233509821649697074e+02 -1.461750060226025596e+02 -1.234029763468246301e+02 1.537000000000000000e+03
1.034763038959366499e+00 2.327200138279048360e+02 -1.221129634796643302e+02 -1.146244350889757584e+02 1.653000000000000000e+03
1.097576444254559247e+00 1.659258130585699291e+02 -9.567707555154311194e+01 -9.066123969759010492e+01 1.963000000000000000e+03
1.160543084780093270e+00 1.158370734027912050e+02 -7.109242400465980438e+01 -8.270232765534466068e+01 2.121000000000000000e+03
1.223669666537485323e+00 8.005650126257381771e+01 -5.127464079157829246e+01 -6.392676180864845037e+01 2.413000000000000000e+03
1.286817263090294094e+00 5.474023789941216478e+01 -3.316010397340955507e+01 -4.868586891144594375e+01 2.635000000000000000e+03
1.349500801664080818e+00 3.692563207568279893e+01 -1.911341380725650296e+01 -2.981338976429699628e+01 2.877000000000000000e+03
1.411949558842147567e+00 2.674749365678389879e+01 -8.330922656523442882e+00 -1.934505834565546678e+01 3.169000000000000000e+03
1.475133575747468395e+00 1.994636535682107947e+01 -7.973360465170045153e-01 -7.357921422282221791e+00 3.507000000000000000e+03
1.537865074252268593e+00 1.631173374463171655e+01 3.452608721543508619e+00 2.413152367961084899e+00 3.685000000000000000e+03
1.600657544051110381e+00 1.409537990662706264e+01 5.948064893734730241e+00 1.011148483882338489e+01 4.165000000000000000e+03
1.663991168687080524e+00 1.319892201388168118e+01 6.513810833947471401e+00 1.561421618926266852e+01 4.377000000000000000e+03
1.727195645776442801e+00 1.264208757184546883e+01 4.868978683866643564e+00 1.815094271827167205e+01 4.855000000000000000e+03
1.789765213377084718e+00 1.234030739726361148e+01 2.930150776676890612e+00 2.067437874933269981e+01 4.929000000000000000e+03
1.852353690647852158e+00 1.183615765745677173e+01 5.485757158025993396e-01 1.953306136525318593e+01 5.581000000000000000e+03
1.914806787341157390e+00 1.136438992252258906e+01 -1.978147919843445290e+00 1.912493528211710370e+01 5.679000000000000000e+03
1.977889868651535599e+00 1.050052492585505881e+01 -3.862914740468673891e+00 1.644715398869126588e+01 6.385000000000000000e+03
2.040937735447724499e+00 9.857294517967005731e+00 -5.846900427031983760e+00 1.468968976051974096e+01 6.553000000000000000e+03
2.103939302609846074e+00 8.978559548018921532e+00 -6.942985561477469147e+00 1.226815950929536925e+01 7.125000000000000000e+03
2.166909709822301799e+00 8.046161867656598687e+00 -7.481478974856052844e+00 9.907766752206052630e+00 7.447000000000000000e+03
2.229700281216152380e+00 7.215812036855235867e+00 -7.346715432745274832e+00 8.133663479269202412e+00 7.929000000000000000e+03
2.292620027086342382e+00 6.534767570556523353e+00 -6.818731956648968584e+00 6.914715974654066954e+00 8.353000000000000000e+03
2.355141508366812353e+00 6.011484707871852962e+00 -6.108904053716967653e+00 6.558146829702797831e+00 8.775000000000000000e+03
2.417910583817858949e+00 5.444720079820910996e+00 -4.648132389153839306e+00 6.252834851701386754e+00 9.313000000000000000e+03
2.480856539439619368e+00 5.064568834296675703e+00 -3.214324179989110686e+00 6.479145525664510963e+00 9.841000000000000000e+03
2.543492256872954549e+00 4.830577188106472519e+00 -1.766408444528629884e+00 7.443258918938585822e+00 1.019100000000000000e+04
2.606334251884805386e+00 4.689892366578566119e+00 -1.269936628880149188e-01 8.427301903758147361e+00 1.089700000000000000e+04
2.669257370896960690e+00 4.584888183967114728e+00 1.350046616640688146e+00 9.541140372313488882e+00 1.130100000000000000e+04
2.732423343141155758e+00 4.627091508089441696e+00 2.890557304213487999e+00 1.121223792619272608e+01 1.202500000000000000e+04
2.795529680084416047e+00 4.641952754516250224e+00 4.244952693397403998e+00 1.252585390280252042e+01 1.242300000000000000e+04
2.858366292314493240e+00 4.721623030975334423e+00 5.762143012261010888e+00 1.421762184315506694e+01 1.302100000000000000e+04
2.920876271394311718e+00 4.865874891385089107e+00 7.071059004671064407e+00 1.587930730079085428e+01 1.340500000000000000e+04
2.983449844439822751e+00 4.927193927807184792e+00 8.127866519324244976e+00 1.705234017609278752e+01 1.424700000000000000e+04
3.046384918400867114e+00 4.407944056101557706e+00 7.113410962454556952e+00 1.352142643930634947e+01 1.427500000000000000e+04
3.109279688161210142e+00 3.333903189502696929e+00 4.389487078520672547e+00 6.448924098332399879e+00 1.410000000000000000e+04
3.172087338483245755e+00 2.582137142831716137e+00 2.336696665576541321e+00 2.349478429360670084e+00 1.351600000000000000e+04
3.235077053285361881e+00 2.056676656443619411e+00 9.892489000360517037e-01 9.143579287058396787e-02 1.349200000000000000e+04
3.297974619160294107e+00 1.702384639428404345e+00 2.704776036352024016e-01 -9.676568853131969350e-01 1.270200000000000000e+04
3.360979404794635528e+00 1.521354253482771535e+00 -1.104570488948536655e-01 -1.601672437936646709e+00 1.263400000000000000e+04
3.423687966102657132e+00 1.399979894182988849e+00 -2.834798864863103396e-01 -1.932812212251290074e+00 1.180200000000000000e+04
3.486367717614779593e+00 1.369527197153454390e+00 -2.785314157735129248e-01 -2.305465795673856455e+00 1.159000000000000000e+04
3.549237455189846013e+00 1.359313670669394236e+00 -1.934064080281702735e-01 -2.632134360405591789e+00 1.100400000000000000e+04
3.611466567116090154e+00 1.346198831701036713e+00 -8.224896790822243398e-02 -2.917102488869865340e+00 1.025800000000000000e+04
3.674175279485516032e+00 1.409329319992631779e+00 1.341754117494965148e-01 -3.389209177051438093e+00 1.013800000000000000e+04
3.737325177637534246e+00 1.402878023777617278e+00 2.919152207265526267e-01 -3.654228405893228615e+00 9.282000000000000000e+03
3.800314856493150373e+00 1.454343452211584120e+00 4.954694086121319008e-01 -4.023695087154239403e+00 8.824000000000000000e+03
3.863228937922256190e+00 1.474907591851696065e+00 6.362392576328463889e-01 -4.270962115167823647e+00 8.130000000000000000e+03
3.925673163149277833e+00 1.481561197799463825e+00 7.551895700157209568e-01 -4.462327405320281493e+00 7.330000000000000000e+03
3.988379144029963186e+00 1.582109675712376928e+00 9.482084240117658602e-01 -4.911724587363173633e+00 6.960000000000000000e+03
4.051365442737894007e+00 1.486702000829909442e+00 8.696084936034811363e-01 -4.717310560274959208e+00 5.944000000000000000e+03
4.114073661208438537e+00 1.637027980956175854e+00 1.047547734571183220e+00 -5.287733884846580246e+00 5.482000000000000000e+03
4.176398926321660099e+00 1.478408211122482774e+00 8.255360113600335170e-01 -4.853175905591733397e+00 4.458000000000000000e+03
4.238428652338137148e+00 1.399352400404039409e+00 6.237564085613489517e-01 -4.616485115347616741e+00 3.892000000000000000e+03
4.301987060447956424e+00 1.290194676604151658e+00 3.344263204127863598e-01 -4.247209432466103607e+00 3.165000000000000000e+03
4.365598466856841497e+00 1.322195344393489957e+00 1.734759527692105729e-01 -4.306405530412930283e+00 2.617000000000000000e+03
4.427107359730706015e+00 1.465433318280083830e+00 7.063243788840080362e-02 -4.724708029993378133e+00 2.037000000000000000e+03
4.489602987092925268e+00 1.570748351722919711e+00 -2.254293530726821440e-02 -5.049495704648125916e+00 1.831000000000000000e+03
4.554125500073445743e+00 1.674889892940286007e+00 -1.112683348997074995e-01 -5.354013696855068005e+00 1.435000000000000000e+03
4.616430240049651523e+00 1.774217342559490262e+00 -1.988662346161076122e-01 -5.647873803007936289e+00 1.119000000000000000e+03
4.677252312221349406e+00 1.829899721215354935e+00 -2.528262534886512869e-01 -5.833344363959265699e+00 8.800000000000000000e+02
4.741981513824780059e+00 1.833393807023801170e+00 -2.171991386308941008e-01 -5.972071286438888293e+00 7.470000000000000000e+02
4.809273072599613563e+00 1.862043154705135928e+00 -1.887643135698563179e-01 -6.160949905198703114e+00 5.200000000000000000e+02
4.871546600533164906e+00 1.860550004805551660e+00 -1.323600267894945171e-01 -6.253866311730264194e+00 3.280000000000000000e+02
4.925260063653622566e+00 1.951391463091416201e+00 -1.483782407130021241e-01 -6.574020947638572920e+00 2.160000000000000000e+02
4.988369355351538026e+00 1.853343252385590612e+00 -6.046043392357296903e-02 -6.378980889477160687e+00 1.720000000000000000e+02
5.058296331193474771e+00 1.928672128855642098e+00 -2.602410992432606374e-02 -6.697702940816112616e+00 8.400000000000000000e+01
5.124330000078495928e+00 2.160889920742341985e+00 -1.856399363476652492e-02 -7.534091531495407779e+00 2.500000000000000000e+01
5.169965902813741465e+00 1.761065688495020209e+00 -1.593106073709515957e-02 -6.139410966635798772e+00 6.000000000000000000e+00
5.223742168994547797e+00 2.246792026884412152e+00 0.000000000000000000e+00 -7.863772094095441645e+00 1.000000000000000000e+00
