8.899641224696955288e-02 6.390982712087297114e+04 -7.603689312969677303e+03 -2.608023695521545233e+04 1.300000000000000000e+01
1.507912216506557823e-01 5.866161284285596048e+04 -7.226734436241379171e+02 1.450475829976186105e+04 3.300000000000000000e+01
2.144790186456836945e-01 5.550540589486958925e+04 -5.934994092055833335e+02 -9.618165730725973845e+03 7.900000000000000000e+01
2.783660776489276789e-01 5.182462780948783620e+04 -2.145652571378277571e+03 -1.667145415458266825e+03 1.170000000000000000e+02
3.435099785803411021e-01 4.728894657280837419e+04 -3.423159965185320743e+03 -1.932969126636415240e+03 2.050000000000000000e+02
4.047886761425745772e-01 4.298663183941445459e+04 -3.862132244024545344e+03 2.486761312908618493e+03 2.350000000000000000e+02
4.676716683575679601e-01 3.806832378969068668e+04 -4.926342836572798660e+03 -2.442386916585994641e+03 3.690000000000000000e+02
5.308225101765952081e-01 3.325514884032265400e+04 -4.892982398359964463e+03 -2.118251554770830012e+02 4.330000000000000000e+02
5.945362440940590298e-01 2.864737064038365861e+04 -5.171309162679954170e+03 -1.183914713346319331e+03 5.850000000000000000e+02
6.576224814588792489e-01 2.432178757230859264e+04 -5.781814956044856444e+03 1.415251619467395130e+03 6.790000000000000000e+02
7.196632906698736676e-01 2.052608649823724045e+04 -5.213032325111962564e+03 -2.943134709839304833e+03 8.130000000000000000e+02
7.827860915688348298e-01 1.711199974876800115e+04 -4.880131067356265703e+03 -2.989591218132663926e+03 9.850000000000000000e+02
8.470398945834540783e-01 1.393234970344116482e+04 -4.587353521153490874e+03 -8.537640165626839917e+02 1.183000000000000000e+03
9.096854620527370372e-01 1.136111056902284508e+04 -3.941594811194896465e+03 -1.850514495530088425e+03 1.269000000000000000e+03
9.720789776830213169e-01 9.204921889627907149e+03 -3.305194903875563796e+03 -2.580405133643131194e+03 1.537000000000000000e+03
1.034763038959366499e+00 7.319364844348504448e+03 -2.804115511640463410e+03 -2.729778701078684662e+03 1.653000000000000000e+03
1.097576444254559247e+00 5.798471856953275164e+03 -2.251522937545832974e+03 -2.598840986158013493e+03 1.963000000000000000e+03
1.160543084780093270e+00 4.540969280655992407e+03 -1.805769739335442182e+03 -2.887702151107780537e+03 2.121000000000000000e+03
1.223669666537485323e+00 3.517945896231990901e+03 -1.463954482766991987e+03 -2.865885210960588211e+03 2.413000000000000000e+03
1.286817263090294094e+00 2.686727545166745585e+03 -1.198698364200178503e+03 -2.958513676264066362e+03 2.635000000000000000e+03
1.349500801664080818e+00 1.973234077080897123e+03 -1.038926671518858484e+03 -2.765722259204733291e+03 2.877000000000000000e+03
1.411949558842147567e+00 1.469305444841359531e+03 -8.889004816254093839e+02 -2.821015901210664197e+03 3.169000000000000000e+03
1.475133575747468395e+00 1.029872757177886115e+03 -8.367040798380629667e+02 -2.734291398826914701e+03 3.507000000000000000e+03
1.537865074252268593e+00 7.179844029154463669e+02 -7.929458047823650304e+02 -2.579610981682390502e+03 3.685000000000000000e+03
1.600657544051110381e+00 4.457853484322988038e+02 -7.685117355478317904e+02 -2.407550174879509996e+03 4.165000000000000000e+03
1.663991168687080524e+00 2.548988405486506110e+02 -7.343169922356197503e+02 -2.236457549168776040e+03 4.377000000000000000e+03
1.727195645776442801e+00 1.452686015405785156e+02 -6.695972195907145306e+02 -1.950655801204095269e+03 4.855000000000000000e+03
1.789765213377084718e+00 4.157145637917194847e+01 -6.080161275404722119e+02 -1.704360300097381696e+03 4.929000000000000000e+03
1.852353690647852158e+00 2.701074335084010869e+01 -5.028496556294543893e+02 -1.415779372022577490e+03 5.581000000000000000e+03
1.914806787341157390e+00 1.169250194563599132e+00 -3.788599051702986458e+02 -1.149713530750301970e+03 5.679000000000000000e+03
1.977889868651535599e+00 2.043246470650004554e+01 -2.356834235576439767e+02 -8.413671169007636763e+02 6.385000000000000000e+03
2.040937735447724499e+00 3.985790955529872548e+01 -8.834285904564744385e+01 -5.939651824688893385e+02 6.553000000000000000e+03
2.103939302609846074e+00 7.235478193831198723e+01 6.044346201811829644e+01 -3.447123023849892434e+02 7.125000000000000000e+03
2.166909709822301799e+00 1.104998766287452980e+02 1.777438031074503044e+02 -1.349859453342914719e+02 7.447000000000000000e+03
2.229700281216152380e+00 1.424186889930324185e+02 3.032942779795814090e+02 3.802338098977930514e+01 7.929000000000000000e+03
2.292620027086342382e+00 1.781066658007213732e+02 3.840148026142912840e+02 1.817885467887463165e+02 8.353000000000000000e+03
2.355141508366812353e+00 1.996289504404556112e+02 4.662167606221127016e+02 2.899684271560545312e+02 8.775000000000000000e+03
2.417910583817858949e+00 2.201698695784530173e+02 5.097052839528907953e+02 3.532229296112476504e+02 9.313000000000000000e+03
2.480856539439619368e+00 2.344834668431250293e+02 5.141527023513489212e+02 3.937440810850885100e+02 9.841000000000000000e+03
2.543492256872954549e+00 2.446419551203954370e+02 5.407234648336432201e+02 4.364096346958314143e+02 1.019100000000000000e+04
2.606334251884805386e+00 2.549421348535956611e+02 5.378229099944300060e+02 4.630051844285946459e+02 1.089700000000000000e+04
2.669257370896960690e+00 2.592273135634054029e+02 5.454719993850873152e+02 4.637723861914963663e+02 1.130100000000000000e+04
2.732423343141155758e+00 2.732609151561975409e+02 5.677991073563994178e+02 5.203523007654451931e+02 1.202500000000000000e+04
2.795529680084416047e+00 2.862319331057398699e+02 5.911197123311678752e+02 5.482169895468490495e+02 1.242300000000000000e+04
2.858366292314493240e+00 3.043591279074482259e+02 6.411760793926417819e+02 6.225599878864541097e+02 1.302100000000000000e+04
2.920876271394311718e+00 3.303320466937694846e+02 7.116845719941177322e+02 7.036582491407623365e+02 1.340500000000000000e+04
2.983449844439822751e+00 3.550011946567238397e+02 7.912891038514538877e+02 7.782232824281397825e+02 1.424700000000000000e+04
3.046384918400867114e+00 3.689740297491533170e+02 8.134013244518216652e+02 6.774851506240975141e+02 1.427500000000000000e+04
3.109279688161210142e+00 3.577530576016349073e+02 7.537003179888761224e+02 3.953583352840229281e+02 1.410000000000000000e+04
3.172087338483245755e+00 3.441889766436437981e+02 6.420737962626656099e+02 1.062481457650969645e+02 1.351600000000000000e+04
3.235077053285361881e+00 3.221667651421479945e+02 5.242685591362811692e+02 -1.524022726668547421e+02 1.349200000000000000e+04
3.297974619160294107e+00 2.930642757566730552e+02 4.003249123232726561e+02 -3.375677634425259726e+02 1.270200000000000000e+04
3.360979404794635528e+00 2.820112453968512796e+02 3.024855074227088494e+02 -5.081903750672531146e+02 1.263400000000000000e+04
3.423687966102657132e+00 2.726661935030272161e+02 2.239328979709271152e+02 -6.119775099741377744e+02 1.180200000000000000e+04
3.486367717614779593e+00 2.798932397309632734e+02 1.686641112352494929e+02 -7.251422763971811492e+02 1.159000000000000000e+04
3.549237455189846013e+00 2.922659676085214642e+02 1.483787122951211757e+02 -8.312356165033813795e+02 1.100400000000000000e+04
3.611466567116090154e+00 3.023598991542645535e+02 1.261341406703162278e+02 -8.981853292019453647e+02 1.025800000000000000e+04
3.674175279485516032e+00 3.335479174053305655e+02 1.534058085842445394e+02 -1.028785421710946366e+03 1.013800000000000000e+04
3.737325177637534246e+00 3.425322202889506116e+02 1.703143101214400303e+02 -1.088158554976239202e+03 9.282000000000000000e+03
3.800314856493150373e+00 3.634678520980571648e+02 2.118747085354491162e+02 -1.178992248131776932e+03 8.824000000000000000e+03
3.863228937922256190e+00 3.719254459789023031e+02 2.379970943977953084e+02 -1.226101801913912368e+03 8.130000000000000000e+03
3.925673163149277833e+00 3.695809757220426377e+02 2.564397535045898735e+02 -1.239653428936408545e+03 7.330000000000000000e+03
3.988379144029963186e+00 3.903676143867000405e+02 3.063463373025525698e+02 -1.337860873669169223e+03 6.960000000000000000e+03
4.051365442737894007e+00 3.523266419981857780e+02 2.716500279551117956e+02 -1.219401097807694669e+03 5.944000000000000000e+03
4.114073661208438537e+00 3.779711081107903965e+02 3.180779560005081521e+02 -1.326752351076833065e+03 5.482000000000000000e+03
4.176398926321660099e+00 3.158779877095399797e+02 2.370377805342198485e+02 -1.108671878847298103e+03 4.458000000000000000e+03
4.238428652338137148e+00 2.728581112894995613e+02 1.656652676935676709e+02 -9.299376070695051339e+02 3.892000000000000000e+03
4.301987060447956424e+00 1.935897016396260142e+02 6.027405085919166794e+01 -6.293167692195215750e+02 3.165000000000000000e+03
4.365598466856841497e+00 1.488947059219099458e+02 1.059911046956767677e+01 -4.697592648432208193e+02 2.617000000000000000e+03
4.427107359730706015e+00 1.252623144125113157e+02 -1.549739279649065082e+01 -3.887363875359898202e+02 2.037000000000000000e+03
4.489602987092925268e+00 9.550232560183705743e+01 -4.054658838760799000e+01 -2.707460663784529515e+02 1.831000000000000000e+03
4.554125500073445743e+00 6.810491170074648437e+01 -6.537122565716906308e+01 -1.493214522791643617e+02 1.435000000000000000e+03
4.616430240049651523e+00 3.528129703882511592e+01 -8.077422021431814869e+01 -2.096943254896901010e+01 1.119000000000000000e+03
4.677252312221349406e+00 -7.616005702229107222e+00 -8.599064826825068053e+01 1.291258093209979450e+02 8.800000000000000000e+02
4.741981513824780059e+00 -8.481289007262013513e+01 -6.568421416476540742e+01 3.684654689323498360e+02 7.470000000000000000e+02
4.809273072599613563e+00 -1.734475948862702808e+02 -4.580529052492756392e+01 6.511931918063598914e+02 5.200000000000000000e+02
4.871546600533164906e+00 -2.706553572421282752e+02 -3.808377233777969195e+01 9.788432272582246014e+02 3.280000000000000000e+02
4.925260063653622566e+00 -3.354898418780660450e+02 -2.269648861168746379e+01 1.185823080272150037e+03 2.160000000000000000e+02
4.988369355351538026e+00 -4.453407922190595514e+02 -8.044307300975468422e+00 1.558966186824445458e+03 1.720000000000000000e+02
5.058296331193474771e+00 -5.679131489958245993e+02 -2.040208792071831478e+00 1.982830862801886724e+03 8.400000000000000000e+01
5.124330000078495928e+00 -6.738801539608624580e+02 2.008945077776075686e-02 2.355707859268045468e+03 2.500000000000000000e+01
5.169965902813741465e+00 -5.565144183203326520e+02 -1.465015349378173459e+00 1.946937033478952117e+03 6.000000000000000000e+00
5.223742168994547797e+00 -1.090846165834948124e+03 0.000000000000000000e+00 3.817961580422317638e+03 1.000000000000000000e+00
