8.899641224696955288e-02 6.978429368946046452e+03 -3.823653261089122680e+03 -8.111493603090073066e+02 1.300000000000000000e+01
1.507912216506557823e-01 4.671315265115529655e+03 -6.710571500659184494e+02 3.904908585908569876e+03 3.300000000000000000e+01
2.144790186456836945e-01 3.784777810306370611e+03 5.289411585578714039e+02 2.594452191817478024e+02 7.900000000000000000e+01
2.783660776489276789e-01 3.357272623039757036e+03 -1.673864404763458538e+02 -1.283925767020701869e+02 1.170000000000000000e+02
3.435099785803411021e-01 2.800895092557494536e+03 -1.421951355587981709e+02 -2.265544193371307244e+02 2.050000000000000000e+02
4.047886761425745772e-01 2.466665770409099878e+03 -3.257525876633413731e+01 -8.409494828594552018e+01 2.350000000000000000e+02
4.676716683575679601e-01 2.072782602407924969e+03 -2.352522141139337748e+02 -3.938824667960946044e+02 3.690000000000000000e+02
5.308225101765952081e-01 1.756532005630717094e+03 -7.658816293273191889e+01 -1.027444693086061136e+02 4.330000000000000000e+02
5.945362440940590298e-01 1.441986542267485220e+03 -6.211633893284923857e+01 -2.423532592220510367e+02 5.850000000000000000e+02
6.576224814588792489e-01 1.149306589180597712e+03 -1.842084943942981852e+02 -4.515642349544025436e+00 6.790000000000000000e+02
7.196632906698736676e-01 9.627657260721380226e+02 -1.474555265250171772e+02 -2.080745321848881417e+02 8.130000000000000000e+02
7.827860915688348298e-01 7.755813714444420839e+02 -1.076830084892254717e+02 -2.013093866156715990e+02 9.850000000000000000e+02
8.470398945834540783e-01 6.141938950066975167e+02 -1.235337673459521568e+02 -1.807607953403820318e+02 1.183000000000000000e+03
9.096854620527370372e-01 4.954701480963577751e+02 -8.179129101411027136e+01 -1.751582232504014485e+02 1.269000000000000000e+03
9.720789776830213169e-01 4.084747960711016503e+02 -6.743601719290388985e+01 -1.975477475968524459e+02 1.537000000000000000e+03
1.034763038959366499e+00 3.329512175197882584e+02 -5.332324231280320248e+01 -1.911456607185361634e+02 1.653000000000000000e+03
1.097576444254559247e+00 2.839033624551464072e+02 -4.129458470636057399e+01 -1.788022028290620256e+02 1.963000000000000000e+03
1.160543084780093270e+00 2.405512987825501057e+02 -3.048462984981808788e+01 -1.696010550280196298e+02 2.121000000000000000e+03
1.223669666537485323e+00 2.055393669782437200e+02 -1.897518108379887991e+01 -1.553191226506914404e+02 2.413000000000000000e+03
1.286817263090294094e+00 1.773262412493345437e+02 -7.702227528917700461e+00 -1.401604410657361086e+02 2.635000000000000000e+03
1.349500801664080818e+00 1.524087271521215428e+02 -2.712155391676129401e+00 -1.132088007350723444e+02 2.877000000000000000e+03
1.411949558842147567e+00 1.356583190415293529e+02 4.133664799468638407e+00 -1.229479415939159850e+02 3.169000000000000000e+03
1.475133575747468395e+00 1.206205763062626346e+02 4.165027101195955872e+00 -9.871264001291659440e+01 3.507000000000000000e+03
1.537865074252268593e+00 1.090966859166905749e+02 5.313339498196943289e+00 -8.964554417458496971e+01 3.685000000000000000e+03
1.600657544051110381e+00 9.918257750473779311e+01 6.261129921832147893e+00 -7.714806641991413017e+01 4.165000000000000000e+03
1.663991168687080524e+00 9.163425173470857032e+01 6.900304865935073195e+00 -7.010172274619672805e+01 4.377000000000000000e+03
1.727195645776442801e+00 8.476098142299892402e+01 5.838197664304004775e+00 -6.256580355599984244e+01 4.855000000000000000e+03
1.789765213377084718e+00 7.687034922497558398e+01 3.814013393877281111e+00 -5.167610871774274273e+01 4.929000000000000000e+03
1.852353690647852158e+00 7.172286644075468587e+01 4.521190444106829354e+00 -4.327483390891481463e+01 5.581000000000000000e+03
1.914806787341157390e+00 6.675141160515315164e+01 1.678592422096424563e+00 -3.109197797660086948e+01 5.679000000000000000e+03
1.977889868651535599e+00 6.384189680024361735e+01 -3.481107631811177633e-02 -2.884205334124010989e+01 6.385000000000000000e+03
2.040937735447724499e+00 6.067097774201577209e+01 -2.299677014044815060e+00 -1.909616361879213642e+01 6.553000000000000000e+03
2.103939302609846074e+00 5.799492992232009669e+01 -2.226117826251183374e+00 -1.091823131776684797e+01 7.125000000000000000e+03
2.166909709822301799e+00 5.540352926351580720e+01 -4.696029707811235632e+00 -8.119749022410902128e+00 7.447000000000000000e+03
2.229700281216152380e+00 5.334160036316485787e+01 -3.219364711335551910e+00 -2.979207890597954655e+00 7.929000000000000000e+03
2.292620027086342382e+00 5.174037678443527000e+01 -4.095550335481182636e+00 1.144043977661722833e+00 8.353000000000000000e+03
2.355141508366812353e+00 4.977135508663040753e+01 -3.910813025063843096e+00 5.744917647911905512e+00 8.775000000000000000e+03
2.417910583817858949e+00 4.792518220435066212e+01 -2.696605266917318833e+00 8.952877944274183264e+00 9.313000000000000000e+03
2.480856539439619368e+00 4.727067250285111299e+01 -1.110823005181774681e+00 1.318790843656772083e+01 9.841000000000000000e+03
2.543492256872954549e+00 4.499139288044144536e+01 -1.385194410858843872e+00 1.474916901954839510e+01 1.019100000000000000e+04
2.606334251884805386e+00 4.412872044101733593e+01 5.704392673443775541e-01 1.991725367520642109e+01 1.089700000000000000e+04
2.669257370896960690e+00 4.321503591103743958e+01 -4.420984908475708020e-01 1.958182477237463814e+01 1.130100000000000000e+04
2.732423343141155758e+00 4.310381591785208855e+01 2.010679830215752251e+00 2.265128312455512472e+01 1.202500000000000000e+04
2.795529680084416047e+00 4.260372128865107300e+01 3.237572042155625329e+00 2.339011153002619636e+01 1.242300000000000000e+04
2.858366292314493240e+00 4.245910203203738575e+01 4.064683432058928680e+00 2.591552880577769713e+01 1.302100000000000000e+04
2.920876271394311718e+00 4.225897515169117469e+01 3.959951308722277741e+00 2.964584035696786302e+01 1.340500000000000000e+04
2.983449844439822751e+00 4.347506075718057872e+01 5.195317184475769956e+00 3.507868276006050934e+01 1.424700000000000000e+04
3.046384918400867114e+00 4.208885369877432936e+01 3.972098397801882896e+00 2.476833255353833252e+01 1.427500000000000000e+04
3.109279688161210142e+00 4.110663859463494418e+01 4.838412873467771824e+00 1.002777954502305491e+01 1.410000000000000000e+04
3.172087338483245755e+00 3.926507680648777665e+01 3.165068655283240773e+00 -5.284638498914749682e+00 1.351600000000000000e+04
3.235077053285361881e+00 3.804898992611774844e+01 9.102248477870361620e-01 -1.817150459501617732e+01 1.349200000000000000e+04
3.297974619160294107e+00 3.603042277954378392e+01 4.022199871929305615e-01 -2.916278806113150779e+01 1.270200000000000000e+04
3.360979404794635528e+00 3.465505102518987002e+01 -1.172574233208650618e+00 -3.579103398153471005e+01 1.263400000000000000e+04
3.423687966102657132e+00 3.397165974479153761e+01 -2.086995990935777812e+00 -4.116769952930343379e+01 1.180200000000000000e+04
3.486367717614779593e+00 3.330143466392418361e+01 -1.550151881364118189e+00 -4.619618635133328866e+01 1.159000000000000000e+04
3.549237455189846013e+00 3.314791492225538860e+01 -1.663448740627110345e+00 -4.991395498542349429e+01 1.100400000000000000e+04
3.611466567116090154e+00 3.308060813757374774e+01 -1.303533228981079484e+00 -5.441105306111970918e+01 1.025800000000000000e+04
3.674175279485516032e+00 3.298615294578977597e+01 -1.969140951112364979e+00 -5.627062084730608404e+01 1.013800000000000000e+04
3.737325177637534246e+00 3.305074750741358969e+01 -1.344025824220555609e+00 -6.155837587608365880e+01 9.282000000000000000e+03
3.800314856493150373e+00 3.378340001522044389e+01 4.748074282178853522e-01 -6.854478399926902910e+01 8.824000000000000000e+03
3.863228937922256190e+00 3.464686970711029090e+01 2.698339093088373719e+00 -7.671840856993219404e+01 8.130000000000000000e+03
3.925673163149277833e+00 3.619094006849942247e+01 5.622176284717474104e+00 -8.782770718662409593e+01 7.330000000000000000e+03
3.988379144029963186e+00 3.940925102728966323e+01 9.179385210918756144e+00 -1.017716970102918310e+02 6.960000000000000000e+03
4.051365442737894007e+00 4.055086342844831648e+01 1.258523715922076569e+01 -1.140059582083646319e+02 5.944000000000000000e+03
4.114073661208438537e+00 4.281420184115587091e+01 1.609652897773724334e+01 -1.250925503758104469e+02 5.482000000000000000e+03
4.176398926321660099e+00 4.363217607112222396e+01 1.565492479985818441e+01 -1.317620166959295602e+02 4.458000000000000000e+03
4.238428652338137148e+00 4.405039936112348187e+01 1.391920055673345402e+01 -1.355631773204306398e+02 3.892000000000000000e+03
4.301987060447956424e+00 4.082717369963474141e+01 8.929038129995836570e+00 -1.268028451068494604e+02 3.165000000000000000e+03
4.365598466856841497e+00 3.898911647053956386e+01 5.068850155072915697e+00 -1.208364418969479601e+02 2.617000000000000000e+03
4.427107359730706015e+00 3.977603085302909136e+01 2.143029007710332223e+00 -1.231670370886762527e+02 2.037000000000000000e+03
4.489602987092925268e+00 3.985479163557038618e+01 3.892078962712557821e+00 -1.302589698642568123e+02 1.831000000000000000e+03
4.554125500073445743e+00 4.208182929158758157e+01 3.593237593595476120e+00 -1.399489890495156317e+02 1.435000000000000000e+03
4.616430240049651523e+00 4.449059610955429633e+01 4.287539079893957883e+00 -1.511531340703276669e+02 1.119000000000000000e+03
4.677252312221349406e+00 4.593582407142984181e+01 4.901927082402051106e+00 -1.591751527068053917e+02 8.800000000000000000e+02
4.741981513824780059e+00 4.626116671327878294e+01 4.910912195673788005e+00 -1.625237652121143981e+02 7.470000000000000000e+02
4.809273072599613563e+00 5.155902003444604986e+01 4.707405863675869107e+00 -1.819374361360564762e+02 5.200000000000000000e+02
4.871546600533164906e+00 5.693340032904791315e+01 3.737056423381246884e+00 -1.999365416632568326e+02 3.280000000000000000e+02
4.925260063653622566e+00 5.565292910131552873e+01 3.544177577237344057e+00 -1.963468283465624324e+02 2.160000000000000000e+02
4.988369355351538026e+00 5.444743513252728917e+01 1.234871203911030557e+00 -1.906348805827982176e+02 1.720000000000000000e+02
5.058296331193474771e+00 5.513703546522940968e+01 7.214035104443470292e-01 -1.930335320889427067e+02 8.400000000000000000e+01
5.124330000078495928e+00 8.068516845996569486e+01 2.272699969669831344e+00 -2.843097472131747736e+02 2.500000000000000000e+01
5.169965902813741465e+00 1.226976286831963137e+02 -1.428902717736468597e+00 -4.274149394987604751e+02 6.000000000000000000e+00
5.223742168994547797e+00 1.809743919062616158e+02 0.000000000000000000e+00 -6.334103716719156409e+02 1.000000000000000000e+00
