8.899641224696955288e-02 2.287609881539426715e+04 -1.554216867099360934e+04 2.126969964375526160e+03 1.300000000000000000e+01
1.507912216506557823e-01 1.489349619795538820e+04 -4.556339716196041081e+03 1.573842477818260886e+04 3.300000000000000000e+01
2.144790186456836945e-01 1.134388858993099166e+04 1.708206850380859123e+03 2.514263621493551909e+03 7.900000000000000000e+01
2.783660776489276789e-01 9.672742188109801646e+03 -1.811305231944809293e+03 -2.475308149601822265e+02 1.170000000000000000e+02
3.435099785803411021e-01 7.704216413357682541e+03 -1.187645401242549042e+03 -8.931159630358594086e+02 2.050000000000000000e+02
4.047886761425745772e-01 6.427069139761561928e+03 -3.578527494985527255e+02 4.055984629801746166e+01 2.350000000000000000e+02
4.676716683575679601e-01 5.491914740595206240e+03 -1.413901829935717160e+03 -2.818914528312958737e+03 3.690000000000000000e+02
5.308225101765952081e-01 4.676421783896730631e+03 -4.932283909653652358e+02 -8.776085003827863602e+02 4.330000000000000000e+02
5.945362440940590298e-01 4.188147962336499404e+03 -5.561178671656957704e+02 -1.694554122085442259e+03 5.850000000000000000e+02
6.576224814588792489e-01 3.383595343497580870e+03 -6.912450158550427659e+02 -1.244612638320608312e+03 6.790000000000000000e+02
7.196632906698736676e-01 2.970590175020776314e+03 -3.053390000593279865e+02 -1.366383506665713867e+03 8.130000000000000000e+02
7.827860915688348298e-01 2.711842280654425394e+03 -2.897355201239807343e+02 -1.155153315786543999e+03 9.850000000000000000e+02
8.470398945834540783e-01 2.372576918081617805e+03 -4.155483024615168688e+02 -1.080975605895703893e+03 1.183000000000000000e+03
9.096854620527370372e-01 2.197595499138743889e+03 -3.437500524023234760e+01 -9.314950730489441639e+02 1.269000000000000000e+03
9.720789776830213169e-01 1.979105341907329603e+03 1.714582861764974098e+01 -1.190105540734595706e+03 1.537000000000000000e+03
1.034763038959366499e+00 1.802687079681236582e+03 -5.175931982814185517e+01 -1.085585931955746446e+03 1.653000000000000000e+03
1.097576444254559247e+00 1.731043557578944728e+03 3.125797535446208713e+02 -1.007058098437550825e+03 1.963000000000000000e+03
1.160543084780093270e+00 1.631349089911246210e+03 1.772305732909548794e+02 -9.014909364547908126e+02 2.121000000000000000e+03
1.223669666537485323e+00 1.513990205967138991e+03 2.449499635298085423e+02 -9.567641498262916002e+02 2.413000000000000000e+03
1.286817263090294094e+00 1.551301966967988392e+03 4.430527513676714193e+02 -7.952210469331735112e+02 2.635000000000000000e+03
1.349500801664080818e+00 1.447800113263097273e+03 2.783810187679421801e+02 -7.197599671832962258e+02 2.877000000000000000e+03
1.411949558842147567e+00 1.428322432531852428e+03 2.217046694442682053e+02 -6.601850045310031874e+02 3.169000000000000000e+03
1.475133575747468395e+00 1.368321570241208292e+03 2.298810759690341854e+02 -5.036511715830092726e+02 3.507000000000000000e+03
1.537865074252268593e+00 1.275812449281325144e+03 1.778440931908625942e+02 -4.612605855429026747e+02 3.685000000000000000e+03
1.600657544051110381e+00 1.229947244978979370e+03 1.927752829904514158e+02 -2.712585956851645506e+02 4.165000000000000000e+03
1.663991168687080524e+00 1.150075888979549518e+03 3.937706888477556078e+01 -1.900271510048787036e+02 4.377000000000000000e+03
1.727195645776442801e+00 1.086450717689095654e+03 -1.871318233159271927e+01 -2.000818445266789070e+02 4.855000000000000000e+03
1.789765213377084718e+00 1.046093806642544223e+03 3.583740995797784379e+00 -6.719988363062213921e+01 4.929000000000000000e+03
1.852353690647852158e+00 1.008123080744772437e+03 2.598967675688749424e+01 -1.230484814804304108e+02 5.581000000000000000e+03
1.914806787341157390e+00 1.001702592110412297e+03 -1.000562769651793715e+01 -1.278433156201696903e+02 5.679000000000000000e+03
1.977889868651535599e+00 9.634038289508926027e+02 -1.885539822144408406e+00 -1.864486277406081456e+02 6.385000000000000000e+03
2.040937735447724499e+00 9.171821223004319563e+02 3.883932615342582295e+01 -6.122041050570165055e+01 6.553000000000000000e+03
2.103939302609846074e+00 8.974190949344886121e+02 1.480519556556995120e+01 -1.414831644271842208e+02 7.125000000000000000e+03
2.166909709822301799e+00 8.804254849557640910e+02 5.177816073993442814e+01 -8.433198544513696504e+01 7.447000000000000000e+03
2.229700281216152380e+00 8.681774235886847464e+02 4.112473345332711006e+01 -7.865831171725571380e+01 7.929000000000000000e+03
2.292620027086342382e+00 8.417145542714265503e+02 6.303534040851283748e+01 -9.698602654986133587e+01 8.353000000000000000e+03
2.355141508366812353e+00 8.184923519559558827e+02 1.116903220108788304e+02 -7.183270263970779013e+01 8.775000000000000000e+03
2.417910583817858949e+00 8.123093231255281808e+02 1.319742000727537174e+02 -5.901195765778656721e+01 9.313000000000000000e+03
2.480856539439619368e+00 7.930611966286195411e+02 1.486286132903301223e+02 -6.085238844321711582e+01 9.841000000000000000e+03
2.543492256872954549e+00 7.790869220377213651e+02 1.300748879922874721e+02 3.282026252899824303e+00 1.019100000000000000e+04
2.606334251884805386e+00 7.544167477040090262e+02 1.354957404049445984e+02 -1.275675600655194941e+01 1.089700000000000000e+04
2.669257370896960690e+00 7.658073258949567617e+02 1.573698463163855195e+02 4.261363791272419377e+01 1.130100000000000000e+04
2.732423343141155758e+00 7.518971376157496707e+02 1.781488741246339202e+02 1.408154979497541603e+02 1.202500000000000000e+04
2.795529680084416047e+00 7.520822105507003243e+02 1.712336081944919783e+02 1.713314967198264185e+02 1.242300000000000000e+04
2.858366292314493240e+00 7.406686485518082463e+02 1.959445938464822063e+02 2.296216176806090061e+02 1.302100000000000000e+04
2.920876271394311718e+00 7.437744887561882479e+02 2.228042339265342946e+02 2.658821289034954702e+02 1.340500000000000000e+04
2.983449844439822751e+00 7.482029727970245858e+02 2.243940351086378655e+02 3.387906524870768976e+02 1.424700000000000000e+04
3.046384918400867114e+00 7.636988601043068456e+02 1.994551045738287485e+02 2.004331429389902155e+02 1.427500000000000000e+04
3.109279688161210142e+00 7.701290202492497201e+02 1.658199882366950817e+02 -1.678241780110404875e+02 1.410000000000000000e+04
3.172087338483245755e+00 7.637831304914648172e+02 1.786249466517120936e+02 -4.193208665621978071e+02 1.351600000000000000e+04
3.235077053285361881e+00 7.733551146661519624e+02 1.777945866348857749e+02 -6.236513742248868084e+02 1.349200000000000000e+04
3.297974619160294107e+00 7.737586674745092523e+02 1.998796395637948535e+02 -8.317892411881231283e+02 1.270200000000000000e+04
3.360979404794635528e+00 7.814877136453054618e+02 2.317046048245003647e+02 -1.020015440176408106e+03 1.263400000000000000e+04
3.423687966102657132e+00 7.785872285031672391e+02 2.106528898459165475e+02 -1.162509264771447079e+03 1.180200000000000000e+04
3.486367717614779593e+00 7.857765723592616496e+02 1.834612668837585829e+02 -1.300449400049220685e+03 1.159000000000000000e+04
3.549237455189846013e+00 8.131294977077880048e+02 1.945090809797153497e+02 -1.497133183003031718e+03 1.100400000000000000e+04
3.611466567116090154e+00 8.310018751961155203e+02 1.862859125427928575e+02 -1.670352524008126238e+03 1.025800000000000000e+04
3.674175279485516032e+00 8.509450364650691654e+02 1.894307347361363156e+02 -1.802658906549134826e+03 1.013800000000000000e+04
3.737325177637534246e+00 8.486861264678216230e+02 1.901774309193689874e+02 -1.921249198349365315e+03 9.282000000000000000e+03
3.800314856493150373e+00 8.723358381023633683e+02 2.019386881250937051e+02 -2.075547309448747910e+03 8.824000000000000000e+03
3.863228937922256190e+00 8.837632886389462783e+02 2.013055845911384552e+02 -2.168819871763683295e+03 8.130000000000000000e+03
3.925673163149277833e+00 8.968881992360087452e+02 1.704611200872669770e+02 -2.218058972345060283e+03 7.330000000000000000e+03
3.988379144029963186e+00 9.278703827738177097e+02 1.726046058322593240e+02 -2.329995152095610138e+03 6.960000000000000000e+03
4.051365442737894007e+00 9.525849073658587258e+02 1.569279402633480629e+02 -2.481040516583947010e+03 5.944000000000000000e+03
4.114073661208438537e+00 9.900588472684942190e+02 1.917488103469334817e+02 -2.652487897515450186e+03 5.482000000000000000e+03
4.176398926321660099e+00 1.016343455591384327e+03 2.270532050850225403e+02 -2.924651746270688363e+03 4.458000000000000000e+03
4.238428652338137148e+00 1.044520910964490213e+03 2.128234790074812395e+02 -3.122600704622642297e+03 3.892000000000000000e+03
4.301987060447956424e+00 1.071332826363508730e+03 2.016911899990180643e+02 -3.337622394761614942e+03 3.165000000000000000e+03
4.365598466856841497e+00 1.095072389645989460e+03 2.049445270523631848e+02 -3.565545828824209366e+03 2.617000000000000000e+03
4.427107359730706015e+00 1.154598672245514081e+03 1.697643750295863185e+02 -3.793971575693702562e+03 2.037000000000000000e+03
4.489602987092925268e+00 1.158434117914551507e+03 1.380631636804002085e+02 -3.860542712285613106e+03 1.831000000000000000e+03
4.554125500073445743e+00 1.124483429215427805e+03 1.146107064321839459e+02 -3.783867386910742425e+03 1.435000000000000000e+03
4.616430240049651523e+00 1.060513567799513567e+03 7.357789974127581445e+01 -3.597142337416740247e+03 1.119000000000000000e+03
4.677252312221349406e+00 1.107946831335627849e+03 1.077984320701529271e+02 -3.830051562507504514e+03 8.800000000000000000e+02
4.741981513824780059e+00 1.177325539997077840e+03 4.710994254120943481e+01 -4.053261572566211271e+03 7.470000000000000000e+02
4.809273072599613563e+00 1.367083814707738611e+03 7.796445712284301521e+01 -4.776384263279467632e+03 5.200000000000000000e+02
4.871546600533164906e+00 1.669347320833916683e+03 1.732689980772326166e+01 -5.764745519907950438e+03 3.280000000000000000e+02
4.925260063653622566e+00 1.855329254222707277e+03 1.243677523124151207e+01 -6.425664586339589732e+03 2.160000000000000000e+02
4.988369355351538026e+00 1.940054721248476199e+03 1.796449957851726964e+01 -6.766719147744889597e+03 1.720000000000000000e+02
5.058296331193474771e+00 1.660509103300444622e+03 1.919169332795298288e+01 -5.814704133937993902e+03 8.400000000000000000e+01
5.124330000078495928e+00 1.227143204467966370e+03 -1.581606709952415635e+01 -4.274119103452863783e+03 2.500000000000000000e+01
5.169965902813741465e+00 1.606892409133612091e+03 -8.307350445082667179e+00 -5.607149098341808894e+03 6.000000000000000000e+00
5.223742168994547797e+00 1.200189502816229378e+03 0.000000000000000000e+00 -4.200663259856802142e+03 1.000000000000000000e+00
