8.899641224696955288e-02 1.363867900659188490e+04 -8.648457031181143975e+03 -2.242422569205019727e+02 1.300000000000000000e+01
1.507912216506557823e-01 7.972449901218305058e+03 -2.955571798294280143e+03 9.369842327951622792e+03 3.300000000000000000e+01
2.144790186456836945e-01 5.838266322119060533e+03 8.168942673932830303e+02 1.843386678308811497e+03 7.900000000000000000e+01
2.783660776489276789e-01 4.725553060978607391e+03 -9.083986491897154565e+02 1.142707022502347485e+02 1.170000000000000000e+02
3.435099785803411021e-01 3.781664629796748613e+03 -4.794188557176318000e+02 -5.312985330927618861e+02 2.050000000000000000e+02
4.047886761425745772e-01 2.997648688531905918e+03 -5.830757821815335262e+01 1.135379721030568021e+02 2.350000000000000000e+02
4.676716683575679601e-01 2.562300079855447621e+03 -4.884472882228569119e+02 -1.458033996783344719e+03 3.690000000000000000e+02
5.308225101765952081e-01 2.092950532759221005e+03 -6.115799862654305485e+01 -4.283967592716511490e+02 4.330000000000000000e+02
5.945362440940590298e-01 1.900738528670919777e+03 -1.472292348167501927e+02 -9.429010389311448534e+02 5.850000000000000000e+02
6.576224814588792489e-01 1.531946142217584793e+03 -2.071591573927233298e+02 -7.755793384586710317e+02 6.790000000000000000e+02
7.196632906698736676e-01 1.342684891207873989e+03 -1.017723345981595173e+01 -8.482823904816073082e+02 8.130000000000000000e+02
7.827860915688348298e-01 1.203585434197884069e+03 -5.694568506960204246e+01 -7.364520290046186801e+02 9.850000000000000000e+02
8.470398945834540783e-01 1.038433755789499628e+03 -1.547491872065070595e+02 -6.054850554198897044e+02 1.183000000000000000e+03
9.096854620527370372e-01 9.479714148392860125e+02 -7.664575098663058839e+01 -5.426270672945031492e+02 1.269000000000000000e+03
9.720789776830213169e-01 8.533072121653866589e+02 -4.792967385332998020e+01 -6.104875015829928770e+02 1.537000000000000000e+03
1.034763038959366499e+00 7.937853495581063044e+02 -1.052012320913984382e+02 -5.891973001433636909e+02 1.653000000000000000e+03
1.097576444254559247e+00 7.419408971879075807e+02 -1.455698982465155744e+01 -5.498593574897696499e+02 1.963000000000000000e+03
1.160543084780093270e+00 7.088430568309952378e+02 -2.431542052884187299e+01 -5.056582786352716994e+02 2.121000000000000000e+03
1.223669666537485323e+00 6.404733273796665571e+02 -3.011170410640559680e+01 -5.477165570602692242e+02 2.413000000000000000e+03
1.286817263090294094e+00 6.178598806116046944e+02 3.130151073951465079e+01 -4.454817505635142538e+02 2.635000000000000000e+03
1.349500801664080818e+00 5.885428048209251983e+02 3.795526314696356707e+01 -3.961340032990437408e+02 2.877000000000000000e+03
1.411949558842147567e+00 5.570924964014336638e+02 2.316476421728068402e+01 -3.856371302315995990e+02 3.169000000000000000e+03
1.475133575747468395e+00 5.287185122391724690e+02 1.770613021732433978e+01 -2.905526199498811479e+02 3.507000000000000000e+03
1.537865074252268593e+00 5.000025877175028199e+02 9.142984533504366240e+00 -2.696093688412934171e+02 3.685000000000000000e+03
1.600657544051110381e+00 4.751504247346988450e+02 -1.186382519420491910e+01 -2.313736322804186614e+02 4.165000000000000000e+03
1.663991168687080524e+00 4.513554445382985136e+02 -4.968375822385279861e+00 -1.509882778685647509e+02 4.377000000000000000e+03
1.727195645776442801e+00 4.323266488588478182e+02 -5.466870463677670955e+01 -1.697525772043305210e+02 4.855000000000000000e+03
1.789765213377084718e+00 4.112969696806067077e+02 -5.414641331948347869e+01 -1.011005942063431320e+02 4.929000000000000000e+03
1.852353690647852158e+00 3.882691925761377547e+02 -5.065767099491577596e+01 -9.560390014917155099e+01 5.581000000000000000e+03
1.914806787341157390e+00 3.825084524800664099e+02 -5.347257214303530048e+01 -7.863274670685902379e+01 5.679000000000000000e+03
1.977889868651535599e+00 3.698489259561748668e+02 -5.270419554820726660e+01 -7.090351624490422466e+01 6.385000000000000000e+03
2.040937735447724499e+00 3.632721002047555316e+02 -4.526776978985783018e+01 -5.105423112518685969e+01 6.553000000000000000e+03
2.103939302609846074e+00 3.493076185564075899e+02 -5.838997686557041789e+01 -8.230980307552317754e+01 7.125000000000000000e+03
2.166909709822301799e+00 3.418425018777303421e+02 -4.531317492201237940e+01 -7.071549080289912581e+01 7.447000000000000000e+03
2.229700281216152380e+00 3.472724990134678364e+02 -4.418258572564506892e+01 -6.941319117899764990e+01 7.929000000000000000e+03
2.292620027086342382e+00 3.389297365366073223e+02 -5.331138146294299673e+01 -8.800205319699357176e+01 8.353000000000000000e+03
2.355141508366812353e+00 3.360668871057749811e+02 -4.235301732957858434e+01 -7.351900617839172014e+01 8.775000000000000000e+03
2.417910583817858949e+00 3.341312505493648359e+02 -2.806757785189289223e+01 -7.209167494222823791e+01 9.313000000000000000e+03
2.480856539439619368e+00 3.368977377540799694e+02 -4.995187683411840140e+01 -8.649783154551667508e+01 9.841000000000000000e+03
2.543492256872954549e+00 3.398709857350447692e+02 -4.138831678484601895e+01 -4.660507268722123797e+01 1.019100000000000000e+04
2.606334251884805386e+00 3.418327162576826481e+02 -4.801615642298961717e+01 -5.159984614810359460e+01 1.089700000000000000e+04
2.669257370896960690e+00 3.396902494808663846e+02 -4.312192121357499275e+01 -5.912040375125801006e+01 1.130100000000000000e+04
2.732423343141155758e+00 3.469734593374474798e+02 -4.465587460178934975e+01 -9.581983830010939229e+00 1.202500000000000000e+04
2.795529680084416047e+00 3.501288925938167154e+02 -5.459590757163444863e+01 -1.059808005314712531e+01 1.242300000000000000e+04
2.858366292314493240e+00 3.615300877040955925e+02 -5.363147212115165274e+01 4.457518055086356235e+00 1.302100000000000000e+04
2.920876271394311718e+00 3.718585348675689488e+02 -4.036271219760509155e+01 4.061197725226654143e+01 1.340500000000000000e+04
2.983449844439822751e+00 3.876320416746326600e+02 -5.702041531771536143e+01 5.172711194690823788e+01 1.424700000000000000e+04
3.046384918400867114e+00 3.920662176280587801e+02 -4.537428580850308180e+01 1.885008647928466985e+01 1.427500000000000000e+04
3.109279688161210142e+00 3.939013791512228408e+02 -2.351361493760122556e+01 -8.944416308429582330e+01 1.410000000000000000e+04
3.172087338483245755e+00 3.968299404954975671e+02 -1.473773374549185178e+01 -2.037944727346605873e+02 1.351600000000000000e+04
3.235077053285361881e+00 4.062350624071362404e+02 -1.696473161689835507e+01 -3.064608000825493832e+02 1.349200000000000000e+04
3.297974619160294107e+00 4.252239100041840629e+02 -9.788050956479949605e+00 -4.298383740958066142e+02 1.270200000000000000e+04
3.360979404794635528e+00 4.403511798375381545e+02 -2.103137040966864646e+01 -5.271619592138969210e+02 1.263400000000000000e+04
3.423687966102657132e+00 4.642074347000100261e+02 -1.289242892765210868e+01 -6.532596065905406704e+02 1.180200000000000000e+04
3.486367717614779593e+00 4.822584244161876086e+02 -1.352169958399036886e+01 -7.474962869828477778e+02 1.159000000000000000e+04
3.549237455189846013e+00 5.129076041921731530e+02 -1.682016201215569851e+01 -8.512394873552833587e+02 1.100400000000000000e+04
3.611466567116090154e+00 5.406502103124199721e+02 -1.106248083622186584e+01 -9.827397287591942359e+02 1.025800000000000000e+04
3.674175279485516032e+00 5.738383230439578711e+02 -2.056785690838392711e+01 -1.075764587446264841e+03 1.013800000000000000e+04
3.737325177637534246e+00 6.112266919999384527e+02 -7.730045233160143248e+00 -1.237983685843030344e+03 9.282000000000000000e+03
3.800314856493150373e+00 6.396139537223434672e+02 -5.068433836086653876e+00 -1.348893871235489996e+03 8.824000000000000000e+03
3.863228937922256190e+00 6.819446869093605983e+02 -3.978566761801921814e+00 -1.490536429179935567e+03 8.130000000000000000e+03
3.925673163149277833e+00 7.177929583697435874e+02 2.016562950226871820e+00 -1.631495084227756706e+03 7.330000000000000000e+03
3.988379144029963186e+00 7.537480553511247763e+02 -8.480336875686676379e+00 -1.735003001989600079e+03 6.960000000000000000e+03
4.051365442737894007e+00 8.000002904672082877e+02 -2.589635612425420508e+00 -1.957802085880888853e+03 5.944000000000000000e+03
4.114073661208438537e+00 8.467017246564972766e+02 -6.711206134694856829e+00 -2.087807310497421440e+03 5.482000000000000000e+03
4.176398926321660099e+00 9.130163646962397479e+02 1.237104208736271005e+01 -2.408994179451898617e+03 4.458000000000000000e+03
4.238428652338137148e+00 9.778912321299308132e+02 3.451235305782564922e+01 -2.744053606688833952e+03 3.892000000000000000e+03
4.301987060447956424e+00 1.075624019925129005e+03 6.763484972057925404e+01 -3.236290284701344262e+03 3.165000000000000000e+03
4.365598466856841497e+00 1.192234605362536968e+03 8.600875846986319573e+01 -3.733489572090348702e+03 2.617000000000000000e+03
4.427107359730706015e+00 1.341022577417052844e+03 6.292315677338136481e+01 -4.257356596638009250e+03 2.037000000000000000e+03
4.489602987092925268e+00 1.482417167028252379e+03 3.701343003952762700e+01 -4.784076332444660693e+03 1.831000000000000000e+03
4.554125500073445743e+00 1.629950785426575749e+03 -4.852855980582782891e+00 -5.301325964396275594e+03 1.435000000000000000e+03
4.616430240049651523e+00 1.780012448781975536e+03 -2.500122327701614822e+01 -5.853608414715780782e+03 1.119000000000000000e+03
4.677252312221349406e+00 1.913467691750895710e+03 -2.123550964712488209e+01 -6.373307095490056781e+03 8.800000000000000000e+02
4.741981513824780059e+00 2.089356560147451546e+03 7.495719637558415194e+00 -7.095706968940697152e+03 7.470000000000000000e+02
4.809273072599613563e+00 2.339140889502185019e+03 1.188676885386644067e+01 -8.031676456483490256e+03 5.200000000000000000e+02
4.871546600533164906e+00 2.661765790487779213e+03 3.283571703689526800e+01 -9.209793898460540731e+03 3.280000000000000000e+02
4.925260063653622566e+00 2.965256218681387054e+03 6.962490377686955112e-01 -1.024883585466302611e+04 2.160000000000000000e+02
4.988369355351538026e+00 3.264117330371654134e+03 -2.094902005472707163e-01 -1.135253199911767297e+04 1.720000000000000000e+02
5.058296331193474771e+00 3.447614302334955028e+03 -5.607561511104419694e+00 -1.202257839922811581e+04 8.400000000000000000e+01
5.124330000078495928e+00 3.707510969185195790e+03 -1.719800964566168844e+01 -1.294086826835147622e+04 2.500000000000000000e+01
5.169965902813741465e+00 4.449345451558879176e+03 -8.503273943414091818e+00 -1.554727546162451108e+04 6.000000000000000000e+00
5.223742168994547797e+00 2.462038943850949636e+03 0.000000000000000000e+00 -8.617136303478324407e+03 1.000000000000000000e+00
