8.899641224696955288e-02 6.592743772270143381e+04 -9.214028530035078802e+03 -2.565077588362907773e+04 1.300000000000000000e+01
1.507912216506557823e-01 6.020439894515107881e+04 -1.490774189826951499e+02 1.660010050930262150e+04 3.300000000000000000e+01
2.144790186456836945e-01 5.625382110663416825e+04 1.039310198760355064e+02 -8.990855994858880877e+03 7.900000000000000000e+01
2.783660776489276789e-01 5.237967412487293768e+04 -1.383696281049904883e+03 -1.941854243494562297e+03 1.170000000000000000e+02
3.435099785803411021e-01 4.749023371121425589e+04 -2.423371972356773767e+03 -2.074860091471750820e+03 2.050000000000000000e+02
4.047886761425745772e-01 4.286702255334921210e+04 -2.496245569729406725e+03 2.562052954499743009e+03 2.350000000000000000e+02
4.676716683575679601e-01 3.760861959450726863e+04 -3.512929783299447990e+03 -2.626414691889237929e+03 3.690000000000000000e+02
5.308225101765952081e-01 3.243569825833359209e+04 -3.298056326057614569e+03 -3.798852801925553422e+02 4.330000000000000000e+02
5.945362440940590298e-01 2.743680359294801019e+04 -3.607315671186047439e+03 -1.255867898180208158e+03 5.850000000000000000e+02
6.576224814588792489e-01 2.281251908934766470e+04 -4.281915105050706188e+03 1.057670113013389255e+03 6.790000000000000000e+02
7.196632906698736676e-01 1.875606955070779804e+04 -3.926171939736148488e+03 -2.935868900489038424e+03 8.130000000000000000e+02
7.827860915688348298e-01 1.512225646112359937e+04 -3.831026762891037379e+03 -2.855234537497968176e+03 9.850000000000000000e+02
8.470398945834540783e-01 1.182123907835175305e+04 -3.729018132026919375e+03 -1.006540794777823066e+03 1.183000000000000000e+03
9.096854620527370372e-01 9.177621036381833619e+03 -3.287923752102175058e+03 -1.743056758084566354e+03 1.269000000000000000e+03
9.720789776830213169e-01 7.038165850657227566e+03 -2.838886533493793650e+03 -2.170112715701978232e+03 1.537000000000000000e+03
1.034763038959366499e+00 5.249237976751546739e+03 -2.460662583625288789e+03 -2.114430590686544292e+03 1.653000000000000000e+03
1.097576444254559247e+00 3.872172485198111190e+03 -1.989362246665333942e+03 -1.770949969714145936e+03 1.963000000000000000e+03
1.160543084780093270e+00 2.803114885214398328e+03 -1.545410348345590364e+03 -1.729154792091993841e+03 2.121000000000000000e+03
1.223669666537485323e+00 2.011428302232482338e+03 -1.162647000866151757e+03 -1.457078949511608926e+03 2.413000000000000000e+03
1.286817263090294094e+00 1.428459299048644880e+03 -8.133270142261858382e+02 -1.238915056388979792e+03 2.635000000000000000e+03
1.349500801664080818e+00 9.963292516071192040e+02 -5.329329494317712488e+02 -8.911763356364388073e+02 2.877000000000000000e+03
1.411949558842147567e+00 7.344550021469643752e+02 -3.026130676331444533e+02 -7.220651599323892924e+02 3.169000000000000000e+03
1.475133575747468395e+00 5.429241266502825738e+02 -1.310921147690035866e+02 -5.045823902995398385e+02 3.507000000000000000e+03
1.537865074252268593e+00 4.303546890671423171e+02 -2.376542802519424313e+01 -3.033296841973418054e+02 3.685000000000000000e+03
1.600657544051110381e+00 3.511825966756520643e+02 4.577471696467177509e+01 -1.390437558250435188e+02 4.165000000000000000e+03
1.663991168687080524e+00 3.073761154603855061e+02 8.114411558968392058e+01 -2.125065909671004150e+01 4.377000000000000000e+03
1.727195645776442801e+00 2.818874159479341301e+02 7.263213195786799758e+01 5.636733652019446339e+01 4.855000000000000000e+03
1.789765213377084718e+00 2.625954624437113694e+02 5.318099971990791630e+01 1.320918500906930717e+02 4.929000000000000000e+03
1.852353690647852158e+00 2.502024009892871561e+02 1.948897766282998134e+01 1.397088925051492652e+02 5.581000000000000000e+03
1.914806787341157390e+00 2.355224830168069445e+02 -1.621544827078332318e+01 1.538467686029746346e+02 5.679000000000000000e+03
1.977889868651535599e+00 2.210911669592304065e+02 -4.525788865818554285e+01 1.338159236051700134e+02 6.385000000000000000e+03
2.040937735447724499e+00 2.075502205208632915e+02 -7.691834801098400476e+01 1.261541365706124083e+02 6.553000000000000000e+03
2.103939302609846074e+00 1.932159274076530835e+02 -9.527902933877759040e+01 1.053970269395665440e+02 7.125000000000000000e+03
2.166909709822301799e+00 1.786786451674582281e+02 -1.054109362950254933e+02 8.159984493960587315e+01 7.447000000000000000e+03
2.229700281216152380e+00 1.645227355318177445e+02 -1.029776179923960626e+02 7.183734619209555206e+01 7.929000000000000000e+03
2.292620027086342382e+00 1.542984717876423701e+02 -9.470096669650337162e+01 6.885508498663233468e+01 8.353000000000000000e+03
2.355141508366812353e+00 1.459633403758900840e+02 -8.037173803322279753e+01 8.092436005527873988e+01 8.775000000000000000e+03
2.417910583817858949e+00 1.366577099541154610e+02 -5.253421885082758536e+01 9.408653634838626090e+01 9.313000000000000000e+03
2.480856539439619368e+00 1.306735807988435738e+02 -2.334025070619945552e+01 1.132015359553718241e+02 9.841000000000000000e+03
2.543492256872954549e+00 1.265981958067471567e+02 1.083489968931306713e+01 1.475974968974544765e+02 1.019100000000000000e+04
2.606334251884805386e+00 1.241857935120132765e+02 4.875342016617860708e+01 1.785243960520168969e+02 1.089700000000000000e+04
2.669257370896960690e+00 1.220702007463670640e+02 8.598925573395865740e+01 2.117350858671308913e+02 1.130100000000000000e+04
2.732423343141155758e+00 1.229334767108559987e+02 1.276698461599015246e+02 2.581114971816244292e+02 1.202500000000000000e+04
2.795529680084416047e+00 1.232070788011736937e+02 1.652351375283497532e+02 2.938966851634522754e+02 1.242300000000000000e+04
2.858366292314493240e+00 1.246831058389642948e+02 2.082493391757645043e+02 3.393220270162414067e+02 1.302100000000000000e+04
2.920876271394311718e+00 1.276966297478354164e+02 2.467956162974277277e+02 3.815329681363885470e+02 1.340500000000000000e+04
2.983449844439822751e+00 1.293761706371627156e+02 2.763004425358324170e+02 4.155648343069606767e+02 1.424700000000000000e+04
3.046384918400867114e+00 1.195690721315934439e+02 2.406948537367682377e+02 3.302081740291119445e+02 1.427500000000000000e+04
3.109279688161210142e+00 9.773965378311193319e+01 1.507435778595250895e+02 1.561883325948518291e+02 1.410000000000000000e+04
3.172087338483245755e+00 8.145108479156819214e+01 8.723946066394472609e+01 5.054049285430594551e+01 1.351600000000000000e+04
3.235077053285361881e+00 6.978886434711490949e+01 4.615005627853356884e+01 -9.227949332488254441e+00 1.349200000000000000e+04
3.297974619160294107e+00 6.174382672889206702e+01 2.240492701134607856e+01 -4.185719500002616655e+01 1.270200000000000000e+04
3.360979404794635528e+00 5.725185234177806848e+01 1.020137034607377657e+01 -6.621373011128365249e+01 1.263400000000000000e+04
3.423687966102657132e+00 5.448443940431005217e+01 2.298005119460844625e+00 -7.955088039397651301e+01 1.180200000000000000e+04
3.486367717614779593e+00 5.313646766580200165e+01 7.458962051029155438e-01 -9.474783072242341575e+01 1.159000000000000000e+04
3.549237455189846013e+00 5.284762920882499060e+01 1.374936300236210718e+00 -1.072147709479707203e+02 1.100400000000000000e+04
3.611466567116090154e+00 5.250448134127723421e+01 2.282044566190359447e+00 -1.163042780214796750e+02 1.025800000000000000e+04
3.674175279485516032e+00 5.413557902004719580e+01 6.512408280595532339e+00 -1.293484608161530502e+02 1.013800000000000000e+04
3.737325177637534246e+00 5.522376594565204044e+01 8.468589446106239649e+00 -1.370020705032523267e+02 9.282000000000000000e+03
3.800314856493150373e+00 5.737312759349162405e+01 1.268969361835627474e+01 -1.480148428682722397e+02 8.824000000000000000e+03
3.863228937922256190e+00 6.029072717877564003e+01 1.500731562159823973e+01 -1.569285019474233422e+02 8.130000000000000000e+03
3.925673163149277833e+00 6.301082906100476322e+01 1.632079108315813087e+01 -1.654860962982880608e+02 7.330000000000000000e+03
3.988379144029963186e+00 6.787157317427472947e+01 2.079791525480651870e+01 -1.819331362309096676e+02 6.960000000000000000e+03
4.051365442737894007e+00 7.040405102228469048e+01 1.938492471112308735e+01 -1.904018001274562550e+02 5.944000000000000000e+03
4.114073661208438537e+00 7.594793943856782903e+01 2.417882132260282546e+01 -2.100936255661102052e+02 5.482000000000000000e+03
4.176398926321660099e+00 7.656885336120473085e+01 2.256143618790781957e+01 -2.188025230837181709e+02 4.458000000000000000e+03
4.238428652338137148e+00 7.689106082073286075e+01 2.215111511676887091e+01 -2.292542595481098999e+02 3.892000000000000000e+03
4.301987060447956424e+00 7.229623048499722415e+01 1.880947528307662608e+01 -2.274386970342376060e+02 3.165000000000000000e+03
4.365598466856841497e+00 6.958640500986651034e+01 1.585866552028836018e+01 -2.260805356150755472e+02 2.617000000000000000e+03
4.427107359730706015e+00 6.834686053233458836e+01 1.219702241939361542e+01 -2.249316441313057453e+02 2.037000000000000000e+03
4.489602987092925268e+00 6.460294169717549551e+01 6.214129434106610894e+00 -2.115529055663286329e+02 1.831000000000000000e+03
4.554125500073445743e+00 6.175643841525650402e+01 1.853748649222886735e+00 -2.009493156549432911e+02 1.435000000000000000e+03
4.616430240049651523e+00 5.764757816796710443e+01 -1.413502756283881112e+00 -1.869063312129731003e+02 1.119000000000000000e+03
4.677252312221349406e+00 5.385514396421417871e+01 -3.151182106102890845e+00 -1.751333891565370493e+02 8.800000000000000000e+02
4.741981513824780059e+00 4.458925170401844440e+01 -1.875131948870769394e+00 -1.479218186965312896e+02 7.470000000000000000e+02
4.809273072599613563e+00 3.724792692457219800e+01 -1.109580551969658435e+00 -1.254340062354136194e+02 5.200000000000000000e+02
4.871546600533164906e+00 3.094237346807086908e+01 -2.271937006805629378e-01 -1.056264731308227454e+02 3.280000000000000000e+02
4.925260063653622566e+00 2.565848489344174510e+01 4.632257617898487556e-01 -8.888865660985874229e+01 2.160000000000000000e+02
4.988369355351538026e+00 1.604011556131768046e+01 5.853142413812485456e-01 -5.632857162964955222e+01 1.720000000000000000e+02
5.058296331193474771e+00 7.694397546314026393e+00 5.448818602033532743e-01 -2.736266387289020585e+01 8.400000000000000000e+01
5.124330000078495928e+00 1.337591379789505375e+00 3.029670909093796771e-01 -4.970325137940222682e+00 2.500000000000000000e+01
5.169965902813741465e+00 -7.369912548496335702e-01 3.140703842686132785e-01 2.260095448277971375e+00 6.000000000000000000e+00
5.223742168994547797e+00 -2.186321148491283228e+00 0.000000000000000000e+00 7.652124019719490633e+00 1.000000000000000000e+00
