8.899641224696955288e-02 4.361120306343479569e+03 -8.649125924457244992e+02 -1.526098895298367097e+03 1.300000000000000000e+01
1.507912216506557823e-01 3.819173945713207104e+03 -2.575988565517802797e+01 1.244859692367709840e+03 3.300000000000000000e+01
2.144790186456836945e-01 3.501361804197753827e+03 3.786771775660115225e+01 -5.143703141802948267e+02 7.900000000000000000e+01
2.783660776489276789e-01 3.214374910944112798e+03 -8.124298588299215851e+01 -1.113280036642904065e+02 1.170000000000000000e+02
3.435099785803411021e-01 2.860140162288532338e+03 -1.664265222445131656e+02 -1.178960341813423440e+02 2.050000000000000000e+02
4.047886761425745772e-01 2.537033355203011979e+03 -1.550827574140677427e+02 1.289266518853964101e+02 2.350000000000000000e+02
4.676716683575679601e-01 2.173008428455181274e+03 -2.271191907076357381e+02 -1.507360357177319088e+02 3.690000000000000000e+02
5.308225101765952081e-01 1.829233018412777028e+03 -1.942928223294666168e+02 -4.067127982291174249e+01 4.330000000000000000e+02
5.945362440940590298e-01 1.507802759445864694e+03 -2.132656044835534317e+02 -8.823427852662327098e+01 5.850000000000000000e+02
6.576224814588792489e-01 1.218289648229734667e+03 -2.515729773991869251e+02 3.474943828823788294e+01 6.790000000000000000e+02
7.196632906698736676e-01 9.752872614992576246e+02 -2.238687733009889484e+02 -1.826264913689812488e+02 8.130000000000000000e+02
7.827860915688348298e-01 7.648533300881493915e+02 -2.153335323138086608e+02 -1.727875760640440035e+02 9.850000000000000000e+02
8.470398945834540783e-01 5.780122736118790954e+02 -2.010315776469445268e+02 -7.794659225285131754e+01 1.183000000000000000e+03
9.096854620527370372e-01 4.357210840389274153e+02 -1.729346728126267294e+02 -1.100189987248223815e+02 1.269000000000000000e+03
9.720789776830213169e-01 3.243604867681592623e+02 -1.455940055013053041e+02 -1.242084330087221389e+02 1.537000000000000000e+03
1.034763038959366499e+00 2.338951779128852593e+02 -1.218176294944391316e+02 -1.156962125392267353e+02 1.653000000000000000e+03
1.097576444254559247e+00 1.671802944428184503e+02 -9.539645557022238620e+01 -9.166239844499479261e+01 1.963000000000000000e+03
1.160543084780093270e+00 1.171282972052775762e+02 -7.091103504658855172e+01 -8.395566887223669994e+01 2.121000000000000000e+03
1.223669666537485323e+00 8.133352088832846505e+01 -5.126897117035363038e+01 -6.519491535100827662e+01 2.413000000000000000e+03
1.286817263090294094e+00 5.590411079959444862e+01 -3.328560648712154801e+01 -5.010358998947347686e+01 2.635000000000000000e+03
1.349500801664080818e+00 3.792061786937603785e+01 -1.933768665092248540e+01 -3.125576184857951390e+01 2.877000000000000000e+03
1.411949558842147567e+00 2.760740515048808774e+01 -8.642830062138754599e+00 -2.096684123383510467e+01 3.169000000000000000e+03
1.475133575747468395e+00 2.062594815781088187e+01 -1.155105300450170347e+00 -9.130369933041945885e+00 3.507000000000000000e+03
1.537865074252268593e+00 1.684318051446635423e+01 3.058471210659376993e+00 5.782688107014020140e-01 3.685000000000000000e+03
1.600657544051110381e+00 1.445273703049812575e+01 5.551020099678400044e+00 8.210386256625440637e+00 4.165000000000000000e+03
1.663991168687080524e+00 1.341224602964385504e+01 6.170409919652940722e+00 1.366357406895272852e+01 4.377000000000000000e+03
1.727195645776442801e+00 1.277533381484836816e+01 4.570664491849941946e+00 1.625323048339807741e+01 4.855000000000000000e+03
1.789765213377084718e+00 1.237820293864448118e+01 2.696868583482026960e+00 1.885192511286981443e+01 4.929000000000000000e+03
1.852353690647852158e+00 1.185694109191086909e+01 3.954849287527645307e-01 1.784667686532844044e+01 5.581000000000000000e+03
1.914806787341157390e+00 1.133798149516545983e+01 -2.039493908170785019e+00 1.753920934731785053e+01 5.679000000000000000e+03
1.977889868651535599e+00 1.049387677707342803e+01 -3.837174510322410192e+00 1.510562493146591123e+01 6.385000000000000000e+03
2.040937735447724499e+00 9.848267880192997481e+00 -5.744057095144460945e+00 1.352332843448077959e+01 6.553000000000000000e+03
2.103939302609846074e+00 8.996958351650523156e+00 -6.766371773386258504e+00 1.132301972683023372e+01 7.125000000000000000e+03
2.166909709822301799e+00 8.096681172121867220e+00 -7.270157920144444397e+00 9.182063949234406053e+00 7.447000000000000000e+03
2.229700281216152380e+00 7.299861485046532650e+00 -7.109062320239505794e+00 7.623220537034718802e+00 7.929000000000000000e+03
2.292620027086342382e+00 6.651785796046347343e+00 -6.571113222940915932e+00 6.578913953945118465e+00 8.353000000000000000e+03
2.355141508366812353e+00 6.146203967124974632e+00 -5.847876821283657378e+00 6.361340901916141100e+00 8.775000000000000000e+03
2.417910583817858949e+00 5.599976585334006884e+00 -4.393129939426789754e+00 6.176507364816719026e+00 9.313000000000000000e+03
2.480856539439619368e+00 5.230710350785971130e+00 -2.973603875986715828e+00 6.464352450520727267e+00 9.841000000000000000e+03
2.543492256872954549e+00 4.997442667940472205e+00 -1.523885871738853703e+00 7.478242960966174024e+00 1.019100000000000000e+04
2.606334251884805386e+00 4.851848766839032656e+00 1.175363299204611606e-01 8.471955664355824922e+00 1.089700000000000000e+04
2.669257370896960690e+00 4.740495696388239644e+00 1.595051946138887899e+00 9.563460570929137816e+00 1.130100000000000000e+04
2.732423343141155758e+00 4.769397477632261406e+00 3.153663367706351917e+00 1.120595144335186255e+01 1.202500000000000000e+04
2.795529680084416047e+00 4.770087894209192214e+00 4.531349425694791933e+00 1.248641113848253781e+01 1.242300000000000000e+04
2.858366292314493240e+00 4.832157526818482651e+00 6.082759119737199960e+00 1.413536946190685306e+01 1.302100000000000000e+04
2.920876271394311718e+00 4.964451394741942636e+00 7.431962450502259010e+00 1.576589746675158032e+01 1.340500000000000000e+04
2.983449844439822751e+00 5.018688765902282967e+00 8.517797801754529274e+00 1.693442795739221651e+01 1.424700000000000000e+04
3.046384918400867114e+00 4.526259613180108943e+00 7.462233922914384365e+00 1.346182390559549091e+01 1.427500000000000000e+04
3.109279688161210142e+00 3.490961422374020628e+00 4.641395264833696466e+00 6.464529110619952945e+00 1.410000000000000000e+04
3.172087338483245755e+00 2.750809087906702644e+00 2.510928712962019471e+00 2.333836060539290713e+00 1.351600000000000000e+04
3.235077053285361881e+00 2.219458062338270032e+00 1.107773108031134823e+00 2.127720268331704731e-02 1.349200000000000000e+04
3.297974619160294107e+00 1.854099596698747021e+00 3.437821374396426988e-01 -1.092737920401985363e+00 1.270200000000000000e+04
3.360979404794635528e+00 1.664271011761185637e+00 -6.442308329972065706e-02 -1.786183249679151652e+00 1.263400000000000000e+04
3.423687966102657132e+00 1.538295908436814852e+00 -2.638050721180068003e-01 -2.147651752313405549e+00 1.180200000000000000e+04
3.486367717614779593e+00 1.504334009464049604e+00 -2.683939382040786970e-01 -2.562521530929541491e+00 1.159000000000000000e+04
3.549237455189846013e+00 1.493692080346124662e+00 -1.873695416140625236e-01 -2.920136911502357435e+00 1.100400000000000000e+04
3.611466567116090154e+00 1.482251526410256481e+00 -7.918392219055034320e-02 -3.228826229103020307e+00 1.025800000000000000e+04
3.674175279485516032e+00 1.548256016928249323e+00 1.479378694472566202e-01 -3.733656666372742627e+00 1.013800000000000000e+04
3.737325177637534246e+00 1.545368931060949080e+00 3.116365878938823220e-01 -4.019258013562403420e+00 9.282000000000000000e+03
3.800314856493150373e+00 1.600126221561348094e+00 5.256988639910833427e-01 -4.407283760291003993e+00 8.824000000000000000e+03
3.863228937922256190e+00 1.627091499390878049e+00 6.726014261432541330e-01 -4.672317631691268680e+00 8.130000000000000000e+03
3.925673163149277833e+00 1.635715888826799302e+00 7.960096977473620772e-01 -4.876551793653345790e+00 7.330000000000000000e+03
3.988379144029963186e+00 1.743072550275057919e+00 9.983449528935490758e-01 -5.352918029691495327e+00 6.960000000000000000e+03
4.051365442737894007e+00 1.649409121977852832e+00 9.201646686091804472e-01 -5.174176325006770938e+00 5.944000000000000000e+03
4.114073661208438537e+00 1.806952393570909976e+00 1.110161323179099879e+00 -5.782176938166500690e+00 5.482000000000000000e+03
4.176398926321660099e+00 1.650218271765913958e+00 8.926735224772774924e-01 -5.384459711506383250e+00 4.458000000000000000e+03
4.238428652338137148e+00 1.572556873375601016e+00 6.940184929745405462e-01 -5.178428429123252741e+00 3.892000000000000000e+03
4.301987060447956424e+00 1.456770093126868115e+00 4.032044436360570083e-01 -4.822766907224949939e+00 3.165000000000000000e+03
4.365598466856841497e+00 1.481894575591357066e+00 2.366076762088184793e-01 -4.876810618299522559e+00 2.617000000000000000e+03
4.427107359730706015e+00 1.629277975940932599e+00 1.217789796296411819e-01 -5.306841112869976840e+00 2.037000000000000000e+03
4.489602987092925268e+00 1.723423641785936766e+00 4.972936874885636009e-03 -5.575814632772208235e+00 1.831000000000000000e+03
4.554125500073445743e+00 1.817358498292145352e+00 -9.762764958809584670e-02 -5.835690803777349167e+00 1.435000000000000000e+03
4.616430240049651523e+00 1.899284694387870953e+00 -1.985439302266199246e-01 -6.060834213810967874e+00 1.119000000000000000e+03
4.677252312221349406e+00 1.936442705988209667e+00 -2.640046193872776503e-01 -6.175353180055582314e+00 8.800000000000000000e+02
4.741981513824780059e+00 1.895394758660158718e+00 -2.249736703921819680e-01 -6.170590044177910904e+00 7.470000000000000000e+02
4.809273072599613563e+00 1.887239471559994053e+00 -1.939950012054484085e-01 -6.238364925131635097e+00 5.200000000000000000e+02
4.871546600533164906e+00 1.842784122283975812e+00 -1.323781173341016248e-01 -6.190058142712573819e+00 3.280000000000000000e+02
4.925260063653622566e+00 1.891843666913687549e+00 -1.474617698898712248e-01 -6.368171409568123664e+00 2.160000000000000000e+02
4.988369355351538026e+00 1.755960257046349060e+00 -5.972332030292250987e-02 -6.040804648582274616e+00 1.720000000000000000e+02
5.058296331193474771e+00 1.742048015024676877e+00 -2.183882448272666046e-02 -6.050858868864978923e+00 8.400000000000000000e+01
5.124330000078495928e+00 1.922055845347552250e+00 -1.397169434949315121e-02 -6.704004668770571662e+00 2.500000000000000000e+01
5.169965902813741465e+00 1.563733007762268201e+00 -1.263540591131898094e-02 -5.452908160036381346e+00 6.000000000000000000e+00
5.223742168994547797e+00 1.924223188162327958e+00 0.000000000000000000e+00 -6.734781158568146076e+00 1.000000000000000000e+00
