8.899641224696955288e-02 6.505394919912322075e+04 -7.018438119002792519e+03 -2.621499309468129650e+04 1.300000000000000000e+01
1.507912216506557823e-01 6.019445098409885395e+04 -1.789922105385181510e+02 1.483467576681585524e+04 3.300000000000000000e+01
2.144790186456836945e-01 5.647096607270056847e+04 -1.675268116323057939e+02 -9.495489480373906190e+03 7.900000000000000000e+01
2.783660776489276789e-01 5.257228151858778438e+04 -1.389256098251064486e+03 -1.876943806721761803e+03 1.170000000000000000e+02
3.435099785803411021e-01 4.774490036359171791e+04 -2.387392180199889481e+03 -2.081195503168109553e+03 2.050000000000000000e+02
4.047886761425745772e-01 4.306110757748469769e+04 -2.603372125680395584e+03 2.768348176404540027e+03 2.350000000000000000e+02
4.676716683575679601e-01 3.781086043505615817e+04 -3.469577574398318575e+03 -2.601593138928968983e+03 3.690000000000000000e+02
5.308225101765952081e-01 3.262576190033133753e+04 -3.438724328077817518e+03 -2.884651363912314537e+02 4.330000000000000000e+02
5.945362440940590298e-01 2.761084472114150049e+04 -3.779628749107119347e+03 -1.173671839764470405e+03 5.850000000000000000e+02
6.576224814588792489e-01 2.293873253829529858e+04 -4.349386180524630618e+03 1.093742480085877560e+03 6.790000000000000000e+02
7.196632906698736676e-01 1.884115964842214453e+04 -4.044764845301609057e+03 -2.882805831208312156e+03 8.130000000000000000e+02
7.827860915688348298e-01 1.515180472965427543e+04 -3.950946909513622813e+03 -2.754100669518410541e+03 9.850000000000000000e+02
8.470398945834540783e-01 1.179661444178511738e+04 -3.842950961172486586e+03 -8.872857919887385378e+02 1.183000000000000000e+03
9.096854620527370372e-01 9.112645011809237985e+03 -3.415712360323828307e+03 -1.632292110038723877e+03 1.269000000000000000e+03
9.720789776830213169e-01 6.929817352817132814e+03 -2.958520413651449417e+03 -2.048594816560273102e+03 1.537000000000000000e+03
1.034763038959366499e+00 5.111542319009986386e+03 -2.548960034692131103e+03 -1.967911278888652078e+03 1.653000000000000000e+03
1.097576444254559247e+00 3.714645542196263705e+03 -2.070704815945658993e+03 -1.626026342877074512e+03 1.963000000000000000e+03
1.160543084780093270e+00 2.634089755545779099e+03 -1.607111561657900666e+03 -1.563979386812234907e+03 2.121000000000000000e+03
1.223669666537485323e+00 1.837399587620114971e+03 -1.199124844952141984e+03 -1.285541046681244097e+03 2.413000000000000000e+03
1.286817263090294094e+00 1.261598182790497503e+03 -8.225107249894834922e+02 -1.048835166199633022e+03 2.635000000000000000e+03
1.349500801664080818e+00 8.462683951721019184e+02 -5.220996396245918731e+02 -6.993472680946729270e+02 2.877000000000000000e+03
1.411949558842147567e+00 5.988920376330313502e+02 -2.702517161500710472e+02 -5.067863565011217020e+02 3.169000000000000000e+03
1.475133575747468395e+00 4.298928437577132513e+02 -8.647060873953157056e+01 -2.681419402772799572e+02 3.507000000000000000e+03
1.537865074252268593e+00 3.367333787333993200e+02 3.050683087449260356e+01 -5.421182878618718348e+01 3.685000000000000000e+03
1.600657544051110381e+00 2.812089698205310810e+02 1.059490717690412964e+02 1.200232725585984355e+02 4.165000000000000000e+03
1.663991168687080524e+00 2.585874105146135662e+02 1.376475673935149473e+02 2.515070132492132018e+02 4.377000000000000000e+03
1.727195645776442801e+00 2.472481181800783929e+02 1.204911841329998907e+02 3.282826429228576899e+02 4.855000000000000000e+03
1.789765213377084718e+00 2.440954977704759017e+02 9.079393290939044903e+01 4.003860057905309304e+02 4.929000000000000000e+03
1.852353690647852158e+00 2.376330645161185942e+02 4.276224954514732701e+01 3.952711309180877493e+02 5.581000000000000000e+03
1.914806787341157390e+00 2.329467069172280276e+02 -1.005120120061786082e+01 4.009005707005368890e+02 5.679000000000000000e+03
1.977889868651535599e+00 2.192764512874723550e+02 -5.659383962149409797e+01 3.536451929495162290e+02 6.385000000000000000e+03
2.040937735447724499e+00 2.093860877286600441e+02 -1.048506911572875708e+02 3.245328793749816896e+02 6.553000000000000000e+03
2.103939302609846074e+00 1.940062359988354501e+02 -1.387078860279008836e+02 2.755996326100529927e+02 7.125000000000000000e+03
2.166909709822301799e+00 1.766816174637733070e+02 -1.591623623808833088e+02 2.240745356368575187e+02 7.447000000000000000e+03
2.229700281216152380e+00 1.602905158631583618e+02 -1.657372891007397016e+02 1.844680187859048885e+02 7.929000000000000000e+03
2.292620027086342382e+00 1.464205854192295817e+02 -1.617700648049821268e+02 1.556585874210638849e+02 8.353000000000000000e+03
2.355141508366812353e+00 1.363378608649833836e+02 -1.523922098588627705e+02 1.475317567255421807e+02 8.775000000000000000e+03
2.417910583817858949e+00 1.239127035948878159e+02 -1.223997648617909704e+02 1.392732727628554983e+02 9.313000000000000000e+03
2.480856539439619368e+00 1.159815228627097667e+02 -9.029539794900932748e+01 1.455541467062639072e+02 9.841000000000000000e+03
2.543492256872954549e+00 1.112728168925375059e+02 -5.469285642959216176e+01 1.706478044593041830e+02 1.019100000000000000e+04
2.606334251884805386e+00 1.082149272550168746e+02 -1.271379111555395269e+01 1.963264263568611625e+02 1.089700000000000000e+04
2.669257370896960690e+00 1.060202608184647914e+02 2.889789393401499495e+01 2.286905026304039836e+02 1.130100000000000000e+04
2.732423343141155758e+00 1.073572947088211009e+02 7.301188731124598519e+01 2.743141104096763456e+02 1.202500000000000000e+04
2.795529680084416047e+00 1.079415316606202992e+02 1.132423581995395523e+02 3.118275675750654159e+02 1.242300000000000000e+04
2.858366292314493240e+00 1.102746335876881716e+02 1.569963203070965108e+02 3.594456912169521274e+02 1.302100000000000000e+04
2.920876271394311718e+00 1.136142200387599530e+02 1.941973614523884066e+02 4.029800272262075396e+02 1.340500000000000000e+04
2.983449844439822751e+00 1.150998913777379329e+02 2.236878396963405180e+02 4.355819089029977249e+02 1.424700000000000000e+04
3.046384918400867114e+00 1.015683499916353725e+02 1.904977102939415943e+02 3.414498052585773848e+02 1.427500000000000000e+04
3.109279688161210142e+00 7.440663119648516499e+01 1.088952822800436309e+02 1.564073498121098282e+02 1.410000000000000000e+04
3.172087338483245755e+00 5.588179566402688181e+01 5.428739858056836454e+01 5.450078867132889826e+01 1.351600000000000000e+04
3.235077053285361881e+00 4.378189456942769908e+01 2.193500636463681630e+01 2.482959856575719382e+00 1.349200000000000000e+04
3.297974619160294107e+00 3.620617334449546831e+01 5.635771852495758516e+00 -2.093881684061917525e+01 1.270200000000000000e+04
3.360979404794635528e+00 3.247362688733213787e+01 -2.101933142876214244e+00 -3.503603273664685247e+01 1.263400000000000000e+04
3.423687966102657132e+00 3.016501424611865900e+01 -5.749155491234595239e+00 -4.250328176077425013e+01 1.180200000000000000e+04
3.486367717614779593e+00 2.958324998660138405e+01 -5.682904324369303595e+00 -5.082115991781584086e+01 1.159000000000000000e+04
3.549237455189846013e+00 2.949445720623265288e+01 -3.861587976209513329e+00 -5.823510443286745186e+01 1.100400000000000000e+04
3.611466567116090154e+00 2.932724292295807089e+01 -1.766282967732111908e+00 -6.424463061722092050e+01 1.025800000000000000e+04
3.674175279485516032e+00 3.066290432229267893e+01 2.836470720965422743e+00 -7.442178499387625834e+01 1.013800000000000000e+04
3.737325177637534246e+00 3.058680693348865276e+01 5.976071328450263564e+00 -7.947047049864697499e+01 9.282000000000000000e+03
3.800314856493150373e+00 3.163087820387036686e+01 1.053596209727230715e+01 -8.750366033758551509e+01 8.824000000000000000e+03
3.863228937922256190e+00 3.223770051963875005e+01 1.357894901429474999e+01 -9.276039601978961002e+01 8.130000000000000000e+03
3.925673163149277833e+00 3.235512149932538506e+01 1.609178769811959597e+01 -9.655655257834403926e+01 7.330000000000000000e+03
3.988379144029963186e+00 3.465203955404233227e+01 2.062267703398768859e+01 -1.071814532572371093e+02 6.960000000000000000e+03
4.051365442737894007e+00 3.280199772579613438e+01 1.904622419971135727e+01 -1.035734882180459664e+02 5.944000000000000000e+03
4.114073661208438537e+00 3.601859909046638819e+01 2.309956561006762144e+01 -1.162515192699507480e+02 5.482000000000000000e+03
4.176398926321660099e+00 3.299128865785370124e+01 1.889813289015178199e+01 -1.087351459604009705e+02 4.458000000000000000e+03
4.238428652338137148e+00 3.139045608566352996e+01 1.520724527580190255e+01 -1.049315814875023278e+02 3.892000000000000000e+03
4.301987060447956424e+00 2.871104920666970983e+01 9.146768681454267025e+00 -9.659021646749374668e+01 3.165000000000000000e+03
4.365598466856841497e+00 2.904477576719137133e+01 5.656359885466142323e+00 -9.698421247619781127e+01 2.617000000000000000e+03
4.427107359730706015e+00 3.121686050888019182e+01 3.029200746404784095e+00 -1.027201764699832438e+02 2.037000000000000000e+03
4.489602987092925268e+00 3.318212905258661749e+01 3.330559819608649441e-01 -1.078314851713849691e+02 1.831000000000000000e+03
4.554125500073445743e+00 3.518643544013865920e+01 -1.922364760137248885e+00 -1.130837570209260718e+02 1.435000000000000000e+03
4.616430240049651523e+00 3.725054476506712575e+01 -3.892598569853056745e+00 -1.189717825397984541e+02 1.119000000000000000e+03
4.677252312221349406e+00 3.880484202631175350e+01 -5.150260114390188271e+00 -1.240197806861784358e+02 8.800000000000000000e+02
4.741981513824780059e+00 3.934503712573763323e+01 -4.465820459670228892e+00 -1.283957329623145824e+02 7.470000000000000000e+02
4.809273072599613563e+00 4.028457472711215814e+01 -3.837333455273610472e+00 -1.335639616722453695e+02 5.200000000000000000e+02
4.871546600533164906e+00 4.096131727884836238e+01 -2.878089981946849285e+00 -1.376988323105070435e+02 3.280000000000000000e+02
4.925260063653622566e+00 4.248818491957204202e+01 -2.809046611887441536e+00 -1.436195384163011113e+02 2.160000000000000000e+02
4.988369355351538026e+00 4.172374883018314762e+01 -1.228133636902594583e+00 -1.437631487550678173e+02 1.720000000000000000e+02
5.058296331193474771e+00 4.266436013014451589e+01 -4.792631249128408988e-01 -1.482772572913329157e+02 8.400000000000000000e+01
5.124330000078495928e+00 4.738847296859201919e+01 -1.877415123143907905e-01 -1.654428678257208389e+02 2.500000000000000000e+01
5.169965902813741465e+00 4.178952805353618771e+01 -2.132102542024914837e-01 -1.458540289147374267e+02 6.000000000000000000e+00
5.223742168994547797e+00 5.353330545135509055e+01 0.000000000000000000e+00 -1.873665690797427885e+02 1.000000000000000000e+00
