8.899641224696955288e-02 1.956368780811913894e+04 -1.375901073961109796e+04 2.573496260353592788e+03 1.300000000000000000e+01
1.507912216506557823e-01 1.283856687173793580e+04 -3.945330908690443721e+03 1.313512521800311515e+04 3.300000000000000000e+01
2.144790186456836945e-01 9.888343876999582790e+03 1.500355974407051690e+03 1.780616784301658299e+03 7.900000000000000000e+01
2.783660776489276789e-01 8.525626571004873767e+03 -1.658710156457554149e+03 -2.175527002844967228e+02 1.170000000000000000e+02
3.435099785803411021e-01 6.732128888285381436e+03 -1.184023524186872237e+03 -6.601589271692793091e+02 2.050000000000000000e+02
4.047886761425745772e-01 5.693036651616564995e+03 -6.117694101326035252e+02 -1.373963033524528043e+02 2.350000000000000000e+02
4.676716683575679601e-01 4.740386778094837609e+03 -1.502819401883413548e+03 -2.137950091259129294e+03 3.690000000000000000e+02
5.308225101765952081e-01 4.055247303386679505e+03 -6.687089697578575169e+02 -6.481739036062972446e+02 4.330000000000000000e+02
5.945362440940590298e-01 3.512113853341411414e+03 -7.206381108351782814e+02 -1.209102806261761316e+03 5.850000000000000000e+02
6.576224814588792489e-01 2.786202658762167630e+03 -8.535426125893961853e+02 -6.835651249786051267e+02 6.790000000000000000e+02
7.196632906698736676e-01 2.435552204896394414e+03 -6.071788371076695512e+02 -8.785208509041999605e+02 8.130000000000000000e+02
7.827860915688348298e-01 2.196232358031083095e+03 -4.283370990750994451e+02 -7.395762337257569925e+02 9.850000000000000000e+02
8.470398945834540783e-01 1.891057098658545783e+03 -4.795118973129021356e+02 -8.171222319470913362e+02 1.183000000000000000e+03
9.096854620527370372e-01 1.716180826775778087e+03 -1.320891303822534724e+02 -6.855265924974271456e+02 1.269000000000000000e+03
9.720789776830213169e-01 1.551564893955310708e+03 -6.323641163951371880e+01 -9.034817650935016218e+02 1.537000000000000000e+03
1.034763038959366499e+00 1.396311383693576772e+03 -3.119050974895197825e+01 -8.091064685558615110e+02 1.653000000000000000e+03
1.097576444254559247e+00 1.362004712935405223e+03 1.603960022467156250e+02 -7.883245109892994833e+02 1.963000000000000000e+03
1.160543084780093270e+00 1.287265402808424824e+03 8.223483077204672043e+01 -7.181404033409436352e+02 2.121000000000000000e+03
1.223669666537485323e+00 1.217124573591436274e+03 1.255528769783362435e+02 -7.450216726007844272e+02 2.413000000000000000e+03
1.286817263090294094e+00 1.210876649135567504e+03 2.201176046777356703e+02 -6.484398692007124509e+02 2.635000000000000000e+03
1.349500801664080818e+00 1.127770109135583652e+03 1.450627438634836039e+02 -4.920484428666741792e+02 2.877000000000000000e+03
1.411949558842147567e+00 1.086521929887304850e+03 1.376468997275836159e+02 -5.310869234666080274e+02 3.169000000000000000e+03
1.475133575747468395e+00 1.017452923059466002e+03 1.023268627361279783e+02 -4.226427991266286313e+02 3.507000000000000000e+03
1.537865074252268593e+00 9.498154213267600880e+02 6.600734294489475928e+01 -2.760763976261652033e+02 3.685000000000000000e+03
1.600657544051110381e+00 9.025214686681140392e+02 4.425081729942218800e+01 -1.945243660178168454e+02 4.165000000000000000e+03
1.663991168687080524e+00 8.476901961528393485e+02 -6.424105033651743213e+01 -2.030542570736185439e+02 4.377000000000000000e+03
1.727195645776442801e+00 8.205942597723122844e+02 -5.916090649269188617e+01 -1.434469475524802533e+02 4.855000000000000000e+03
1.789765213377084718e+00 7.997995822631494320e+02 -1.211144375308037127e+02 -1.169011662945301708e+02 4.929000000000000000e+03
1.852353690647852158e+00 7.765908909792367467e+02 -1.250176129543046812e+02 -1.168165023363288242e+02 5.581000000000000000e+03
1.914806787341157390e+00 7.596462856076144590e+02 -1.741005879111055492e+02 -5.633183127624068476e+01 5.679000000000000000e+03
1.977889868651535599e+00 7.265698755538545583e+02 -1.637443200805307981e+02 -8.165454703447664997e+01 6.385000000000000000e+03
2.040937735447724499e+00 7.173335508959630715e+02 -1.586756721566286501e+02 5.002869303709370996e+01 6.553000000000000000e+03
2.103939302609846074e+00 7.105423437441871783e+02 -1.981981898145976118e+02 4.611757885979721294e+01 7.125000000000000000e+03
2.166909709822301799e+00 6.960280150779065025e+02 -2.027690184332275010e+02 7.073729494062123990e+01 7.447000000000000000e+03
2.229700281216152380e+00 6.931427114919378027e+02 -2.197197458327466109e+02 5.301271533663618385e+01 7.929000000000000000e+03
2.292620027086342382e+00 6.981180338573170729e+02 -1.955306589943953099e+02 4.549131165833618695e+01 8.353000000000000000e+03
2.355141508366812353e+00 6.897352491900321638e+02 -1.862595681741294698e+02 5.364824521561309467e+01 8.775000000000000000e+03
2.417910583817858949e+00 6.948290713284389994e+02 -1.832736094924667611e+02 7.282935832637733142e+01 9.313000000000000000e+03
2.480856539439619368e+00 6.994195952409211259e+02 -2.122533754049175059e+02 1.169057736333033972e+02 9.841000000000000000e+03
2.543492256872954549e+00 6.977795345244676355e+02 -2.140288127288129374e+02 1.398090650543899756e+02 1.019100000000000000e+04
2.606334251884805386e+00 6.958042728726866244e+02 -2.248126443016385565e+02 1.822325090540259112e+02 1.089700000000000000e+04
2.669257370896960690e+00 7.028937052496595470e+02 -2.257136855712062129e+02 2.394659104239947283e+02 1.130100000000000000e+04
2.732423343141155758e+00 6.919859524873425016e+02 -2.452435834525319365e+02 3.123584534349682826e+02 1.202500000000000000e+04
2.795529680084416047e+00 6.830854742884912412e+02 -2.332970947268229338e+02 3.692701804497817193e+02 1.242300000000000000e+04
2.858366292314493240e+00 7.039917130277284514e+02 -2.362756113667143723e+02 4.526573967894998987e+02 1.302100000000000000e+04
2.920876271394311718e+00 7.146280935846810962e+02 -2.756214387267738744e+02 4.777460304546903558e+02 1.340500000000000000e+04
2.983449844439822751e+00 7.375546068924568317e+02 -2.771135151744005611e+02 5.770014883525100231e+02 1.424700000000000000e+04
3.046384918400867114e+00 7.403814260562736536e+02 -2.798330494299365796e+02 4.582698845779958106e+02 1.427500000000000000e+04
3.109279688161210142e+00 7.309025033878241402e+02 -2.599170007290090325e+02 1.979705669898281712e+02 1.410000000000000000e+04
3.172087338483245755e+00 6.994955116173828173e+02 -2.060509182791897160e+02 -2.951720517577076208e+01 1.351600000000000000e+04
3.235077053285361881e+00 6.925648153655344004e+02 -1.551695647875201018e+02 -2.153746888065480221e+02 1.349200000000000000e+04
3.297974619160294107e+00 6.762440467628190390e+02 -1.121856421662875789e+02 -4.230964371558819153e+02 1.270200000000000000e+04
3.360979404794635528e+00 6.746487932827116083e+02 -8.568773373217914013e+01 -6.230575763189511918e+02 1.263400000000000000e+04
3.423687966102657132e+00 6.855298122338372195e+02 -6.021395495487605842e+01 -7.986805589759778741e+02 1.180200000000000000e+04
3.486367717614779593e+00 6.985896694724200415e+02 -5.283446540888184018e+01 -9.473364835210854835e+02 1.159000000000000000e+04
3.549237455189846013e+00 7.022927304993556845e+02 -1.167005230354481604e+01 -1.109775508857075465e+03 1.100400000000000000e+04
3.611466567116090154e+00 7.070251297824910353e+02 1.740287051620835967e+01 -1.266341345356601096e+03 1.025800000000000000e+04
3.674175279485516032e+00 7.204932265424164370e+02 -3.537305128221094996e+00 -1.332735179546595646e+03 1.013800000000000000e+04
3.737325177637534246e+00 7.440695598326865365e+02 -1.177391233108760638e+01 -1.439225992817654515e+03 9.282000000000000000e+03
3.800314856493150373e+00 7.627073805739544241e+02 -3.158375682237661408e+01 -1.512431581065112596e+03 8.824000000000000000e+03
3.863228937922256190e+00 7.700383851259261974e+02 -2.770690978162496521e+01 -1.572455295385224417e+03 8.130000000000000000e+03
3.925673163149277833e+00 7.845658063470906427e+02 -3.799195149099868107e+00 -1.701356210493578146e+03 7.330000000000000000e+03
3.988379144029963186e+00 7.919636622194491338e+02 2.916314222814960644e+01 -1.792006523733625727e+03 6.960000000000000000e+03
4.051365442737894007e+00 7.796049486097671206e+02 3.143412014906562035e+01 -1.879566552182150645e+03 5.944000000000000000e+03
4.114073661208438537e+00 8.279589654217636507e+02 3.843433833142290013e+01 -1.990052928902627400e+03 5.482000000000000000e+03
4.176398926321660099e+00 8.299353668731653215e+02 1.338431101366946052e+01 -2.085545750038527331e+03 4.458000000000000000e+03
4.238428652338137148e+00 8.107475927626651355e+02 -2.243284052942969709e+01 -2.112252771324312107e+03 3.892000000000000000e+03
4.301987060447956424e+00 7.758384285765041568e+02 -1.531663075842646826e+01 -2.216297175088849144e+03 3.165000000000000000e+03
4.365598466856841497e+00 7.703143547117252865e+02 -2.290085208009322315e+01 -2.301587928307444599e+03 2.617000000000000000e+03
4.427107359730706015e+00 8.244422193052898820e+02 8.596550408724656478e+00 -2.580384913429657445e+03 2.037000000000000000e+03
4.489602987092925268e+00 8.697366123777109124e+02 4.956098464657755898e+01 -2.846745393735638572e+03 1.831000000000000000e+03
4.554125500073445743e+00 9.010510783023115664e+02 6.114859828037378264e+01 -3.006756690683203033e+03 1.435000000000000000e+03
4.616430240049651523e+00 9.578590055455288166e+02 3.295655055920791199e+01 -3.213254656767249344e+03 1.119000000000000000e+03
4.677252312221349406e+00 9.896951998507249755e+02 3.698993233547265902e+01 -3.363188523719489240e+03 8.800000000000000000e+02
4.741981513824780059e+00 1.085078251461909986e+03 2.872278523284707674e+01 -3.711851186526366746e+03 7.470000000000000000e+02
4.809273072599613563e+00 1.022864285317520398e+03 1.912671395711387845e+01 -3.514096406432242929e+03 5.200000000000000000e+02
4.871546600533164906e+00 1.053852750693082271e+03 -4.822335259555024400e+00 -3.610154116298514055e+03 3.280000000000000000e+02
4.925260063653622566e+00 9.842737630771086970e+02 -3.599318134979977657e+00 -3.392431197845646238e+03 2.160000000000000000e+02
4.988369355351538026e+00 7.822771545013565628e+02 2.399825279943592349e-01 -2.717949954467762382e+03 1.720000000000000000e+02
5.058296331193474771e+00 8.208001900241805515e+02 -1.711666862908364006e+00 -2.861498428077761673e+03 8.400000000000000000e+01
5.124330000078495928e+00 5.605484628470671851e+02 1.780179253497607306e+00 -1.961774909034916391e+03 2.500000000000000000e+01
5.169965902813741465e+00 1.483200925542935465e+03 5.104188817067125683e+01 -5.235001193279875224e+03 6.000000000000000000e+00
5.223742168994547797e+00 1.345666574089375445e+03 0.000000000000000000e+00 -4.709833009312813374e+03 1.000000000000000000e+00
