8.899641224696955288e-02 6.213370552849883097e+03 -3.115477386305326490e+03 -9.656624574957821778e+02 1.300000000000000000e+01
1.507912216506557823e-01 4.374440611137907581e+03 -4.391938175385017189e+02 3.202834440513650861e+03 3.300000000000000000e+01
2.144790186456836945e-01 3.651342904332531816e+03 4.088941996357668245e+02 4.134804969679170483e+01 7.900000000000000000e+01
2.783660776489276789e-01 3.279349111686688957e+03 -1.258598061714940570e+02 -1.279863406765488492e+02 1.170000000000000000e+02
3.435099785803411021e-01 2.786091047037901262e+03 -1.575666282170306545e+02 -1.848928910498621576e+02 2.050000000000000000e+02
4.047886761425745772e-01 2.473102394737222767e+03 -6.564425949956144279e+01 -4.176515357307530962e+01 2.350000000000000000e+02
4.676716683575679601e-01 2.088400140508147615e+03 -2.512949326520390230e+02 -2.925658457666407344e+02 3.690000000000000000e+02
5.308225101765952081e-01 1.764052341146806839e+03 -1.076665911470186927e+02 -8.885484094666990984e+01 4.330000000000000000e+02
5.945362440940590298e-01 1.441226670093434223e+03 -9.528107208756658508e+01 -1.835191857032224050e+02 5.850000000000000000e+02
6.576224814588792489e-01 1.161333942719749302e+03 -2.116427406470405685e+02 1.971354949824114655e+01 6.790000000000000000e+02
7.196632906698736676e-01 9.564267059492199223e+02 -1.736233840150557342e+02 -1.899445698238400553e+02 8.130000000000000000e+02
7.827860915688348298e-01 7.601564222967748492e+02 -1.378109543774583869e+02 -2.000321616573086203e+02 9.850000000000000000e+02
8.470398945834540783e-01 5.984488640080003279e+02 -1.475045483376719346e+02 -1.506579903539092413e+02 1.183000000000000000e+03
9.096854620527370372e-01 4.755992442996744103e+02 -1.143607916973379730e+02 -1.567560976797653325e+02 1.269000000000000000e+03
9.720789776830213169e-01 3.842055170062378693e+02 -9.072425929599720007e+01 -1.751925243029834576e+02 1.537000000000000000e+03
1.034763038959366499e+00 3.074954320109628156e+02 -7.657924427924999122e+01 -1.776076749282004528e+02 1.653000000000000000e+03
1.097576444254559247e+00 2.528474044685229103e+02 -6.270298854847231240e+01 -1.554481821717094761e+02 1.963000000000000000e+03
1.160543084780093270e+00 2.053520284275613221e+02 -4.407331471183966443e+01 -1.499785274342409878e+02 2.121000000000000000e+03
1.223669666537485323e+00 1.707523376958223764e+02 -2.989020572327191871e+01 -1.356211443258590350e+02 2.413000000000000000e+03
1.286817263090294094e+00 1.428708213329911132e+02 -1.963323520637747421e+01 -1.252927728109127088e+02 2.635000000000000000e+03
1.349500801664080818e+00 1.200050580908523301e+02 -1.229468840363172966e+01 -1.024680426520566954e+02 2.877000000000000000e+03
1.411949558842147567e+00 1.049078633680175017e+02 -6.585205791184648660e+00 -1.054283075361961153e+02 3.169000000000000000e+03
1.475133575747468395e+00 9.174242773755227631e+01 -3.242367598337185797e+00 -8.691496074207783806e+01 3.507000000000000000e+03
1.537865074252268593e+00 8.227860759757935227e+01 -1.930642914432959323e+00 -8.137139555336362662e+01 3.685000000000000000e+03
1.600657544051110381e+00 7.339087373803694447e+01 1.629303512605594140e+00 -6.935345398220027846e+01 4.165000000000000000e+03
1.663991168687080524e+00 6.657325166417700757e+01 3.041640740489102601e+00 -6.145575844247429842e+01 4.377000000000000000e+03
1.727195645776442801e+00 6.129081178949659403e+01 2.698499095032778961e+00 -5.540292930627189349e+01 4.855000000000000000e+03
1.789765213377084718e+00 5.555817050035037141e+01 2.909048436254630943e+00 -4.823569455036111719e+01 4.929000000000000000e+03
1.852353690647852158e+00 5.220852636057998097e+01 2.689093671589154688e+00 -4.065522624878611424e+01 5.581000000000000000e+03
1.914806787341157390e+00 4.860091029141803176e+01 1.382949664489507402e+00 -3.248225618895482114e+01 5.679000000000000000e+03
1.977889868651535599e+00 4.662960797413525427e+01 1.928451818202303047e-01 -2.865796728969852225e+01 6.385000000000000000e+03
2.040937735447724499e+00 4.423790931630884415e+01 5.454461474515585537e-03 -2.066797860940603115e+01 6.553000000000000000e+03
2.103939302609846074e+00 4.217061235662590946e+01 -2.525065061524681687e-01 -1.392932482654538084e+01 7.125000000000000000e+03
2.166909709822301799e+00 4.060717360006642451e+01 -1.946854368869437080e+00 -1.062017376063545626e+01 7.447000000000000000e+03
2.229700281216152380e+00 3.908524844925791086e+01 -6.302266013001850409e-01 -5.049499561428841155e+00 7.929000000000000000e+03
2.292620027086342382e+00 3.827995047578267673e+01 -1.971950503782521569e+00 -3.361259784377754745e+00 8.353000000000000000e+03
2.355141508366812353e+00 3.690451977066552303e+01 -1.943031969594145869e-01 1.425154819504891313e+00 8.775000000000000000e+03
2.417910583817858949e+00 3.590495858566078624e+01 8.306335281924001057e-01 4.516254802093614629e+00 9.313000000000000000e+03
2.480856539439619368e+00 3.510715461014422800e+01 8.554914562477037299e-01 7.162573975507124047e+00 9.841000000000000000e+03
2.543492256872954549e+00 3.375945114694349058e+01 2.618859345027356511e+00 7.472652447355276450e+00 1.019100000000000000e+04
2.606334251884805386e+00 3.336244349356312000e+01 4.546660299068820521e+00 9.269905524436708788e+00 1.089700000000000000e+04
2.669257370896960690e+00 3.270150310671451166e+01 5.350955885314353289e+00 6.700968553659728322e+00 1.130100000000000000e+04
2.732423343141155758e+00 3.263555905061858908e+01 8.002933830447428676e+00 1.055596892700388878e+01 1.202500000000000000e+04
2.795529680084416047e+00 3.253124305429476948e+01 8.719597327572952139e+00 1.057844096649063204e+01 1.242300000000000000e+04
2.858366292314493240e+00 3.236747691418651840e+01 9.800330902851644765e+00 1.042412103844754512e+01 1.302100000000000000e+04
2.920876271394311718e+00 3.288930492752115242e+01 1.286526535286121664e+01 1.391744094937226706e+01 1.340500000000000000e+04
2.983449844439822751e+00 3.302469552625678517e+01 1.323380003163143925e+01 1.612138686294728274e+01 1.424700000000000000e+04
3.046384918400867114e+00 3.313322768393744866e+01 1.221135919727514008e+01 1.008473886903137640e+01 1.427500000000000000e+04
3.109279688161210142e+00 3.357457705027064776e+01 1.217954175395642480e+01 -1.036219400426767523e+00 1.410000000000000000e+04
3.172087338483245755e+00 3.316488927188621716e+01 9.727278943404293443e+00 -1.311316481672183443e+01 1.351600000000000000e+04
3.235077053285361881e+00 3.284637209831598881e+01 7.822592305871924445e+00 -2.418448334840976344e+01 1.349200000000000000e+04
3.297974619160294107e+00 3.160561609325152332e+01 5.827562872884455736e+00 -3.287345498576379299e+01 1.270200000000000000e+04
3.360979404794635528e+00 3.123440951524452203e+01 5.068689320540272547e+00 -3.964612768473107707e+01 1.263400000000000000e+04
3.423687966102657132e+00 3.072644885985020125e+01 4.740165019976479321e+00 -4.488639665054689942e+01 1.180200000000000000e+04
3.486367717614779593e+00 3.051885458616181879e+01 5.336247865003260316e+00 -4.998268903831643684e+01 1.159000000000000000e+04
3.549237455189846013e+00 3.056013766739168602e+01 4.705471852722072690e+00 -5.494696669646485532e+01 1.100400000000000000e+04
3.611466567116090154e+00 3.101058270219615665e+01 3.972320855351612501e+00 -5.952810745225929168e+01 1.025800000000000000e+04
3.674175279485516032e+00 3.207051794689329682e+01 4.432940249211230643e+00 -6.548882859284698554e+01 1.013800000000000000e+04
3.737325177637534246e+00 3.290617587342983086e+01 5.145378343370331287e+00 -7.165455162191703664e+01 9.282000000000000000e+03
3.800314856493150373e+00 3.475386807789816146e+01 6.251132647047424662e+00 -7.987035105334062735e+01 8.824000000000000000e+03
3.863228937922256190e+00 3.652939654909599909e+01 6.847325988196547364e+00 -8.741474127985516418e+01 8.130000000000000000e+03
3.925673163149277833e+00 3.909652052089558083e+01 8.755112963810402604e+00 -9.983615818267566056e+01 7.330000000000000000e+03
3.988379144029963186e+00 4.237852761755900133e+01 1.051433940735877748e+01 -1.114303866762048756e+02 6.960000000000000000e+03
4.051365442737894007e+00 4.432987115788469623e+01 1.146609262483633884e+01 -1.231785946111914427e+02 5.944000000000000000e+03
4.114073661208438537e+00 4.802540658339805191e+01 1.366524554408369418e+01 -1.356758362099151896e+02 5.482000000000000000e+03
4.176398926321660099e+00 4.939250627961019546e+01 1.355572211214031420e+01 -1.457450833137419579e+02 4.458000000000000000e+03
4.238428652338137148e+00 5.039780242008918520e+01 1.155504730846982930e+01 -1.520688759441733282e+02 3.892000000000000000e+03
4.301987060447956424e+00 4.767039808180689420e+01 7.492787951756040066e+00 -1.488578473042824726e+02 3.165000000000000000e+03
4.365598466856841497e+00 4.807778819737910680e+01 6.924914710576473453e+00 -1.560028921155876844e+02 2.617000000000000000e+03
4.427107359730706015e+00 5.010431254001276358e+01 8.214441314174518283e+00 -1.679904378916879182e+02 2.037000000000000000e+03
4.489602987092925268e+00 5.367595217600042190e+01 8.793925787521303050e+00 -1.841532441130387951e+02 1.831000000000000000e+03
4.554125500073445743e+00 5.586821279144064789e+01 9.137236660506165009e+00 -1.948187338123560721e+02 1.435000000000000000e+03
4.616430240049651523e+00 6.044295561241872861e+01 1.036829690629505407e+01 -2.133963379482334801e+02 1.119000000000000000e+03
4.677252312221349406e+00 6.193939601917763582e+01 1.096075614186106684e+01 -2.208622821648512229e+02 8.800000000000000000e+02
4.741981513824780059e+00 6.100072170663894155e+01 9.015380660495292631e+00 -2.175752002509647127e+02 7.470000000000000000e+02
4.809273072599613563e+00 5.942887016796323962e+01 7.599167215865469949e+00 -2.122625842989237412e+02 5.200000000000000000e+02
4.871546600533164906e+00 5.651335693499178348e+01 7.179081671874663506e+00 -2.025051028434359068e+02 3.280000000000000000e+02
4.925260063653622566e+00 5.472452548048982379e+01 6.352595524662954851e+00 -1.960298359042237166e+02 2.160000000000000000e+02
4.988369355351538026e+00 4.234153037719975288e+01 3.634935628593400914e+00 -1.509740369078972151e+02 1.720000000000000000e+02
5.058296331193474771e+00 3.719789127860712341e+01 1.593118915472184760e+00 -1.314364007762707445e+02 8.400000000000000000e+01
5.124330000078495928e+00 2.797506490332658657e+01 3.826104091492050774e-01 -9.815331228656337714e+01 2.500000000000000000e+01
5.169965902813741465e+00 1.167322705080998801e+01 5.531381185196117961e-02 -4.084747289498287159e+01 6.000000000000000000e+00
5.223742168994547797e+00 1.066197734403064312e-01 0.000000000000000000e+00 -3.731692070410724815e-01 1.000000000000000000e+00
