8.899641224696955288e-02 4.711540394210272643e+04 -3.638302419285466749e+04 1.295986822276917701e+04 1.300000000000000000e+01
1.507912216506557823e-01 3.325218490300653502e+04 -1.173939364651016149e+04 3.336124254301749897e+04 3.300000000000000000e+01
2.144790186456836945e-01 2.573933482713667036e+04 2.818626912905600420e+03 5.005373258716297642e+03 7.900000000000000000e+01
2.783660776489276789e-01 2.256429264520712604e+04 -6.433372777815709924e+03 -7.773989667978713669e+02 1.170000000000000000e+02
3.435099785803411021e-01 1.804687120203193626e+04 -5.105008105532552690e+03 -1.072899524521515787e+03 2.050000000000000000e+02
4.047886761425745772e-01 1.534867566962158526e+04 -3.004100947280307992e+03 1.061436973701366497e+02 2.350000000000000000e+02
4.676716683575679601e-01 1.346197194722244603e+04 -5.879964137666682291e+03 -6.416303284378013814e+03 3.690000000000000000e+02
5.308225101765952081e-01 1.195756305764151512e+04 -3.043744495727107278e+03 -2.275848808311294761e+03 4.330000000000000000e+02
5.945362440940590298e-01 1.092395895241149992e+04 -3.304059551321190611e+03 -4.082638765906066965e+03 5.850000000000000000e+02
6.576224814588792489e-01 9.307772013911948306e+03 -2.938339259120858060e+03 -2.682511688032662732e+03 6.790000000000000000e+02
7.196632906698736676e-01 8.326005646205521771e+03 -1.846875168176267152e+03 -2.918950252863286551e+03 8.130000000000000000e+02
7.827860915688348298e-01 7.995626970193419766e+03 -1.915291085454858148e+03 -2.865273546770297799e+03 9.850000000000000000e+02
8.470398945834540783e-01 7.420121735748720312e+03 -1.670480141858829938e+03 -2.749908060497975384e+03 1.183000000000000000e+03
9.096854620527370372e-01 7.212048417683937259e+03 1.092769972512744800e+02 -2.013282054639362968e+03 1.269000000000000000e+03
9.720789776830213169e-01 6.850649234129225079e+03 -4.063152623523706808e+01 -3.430486332885414413e+03 1.537000000000000000e+03
1.034763038959366499e+00 6.559017394161756783e+03 1.560480196775322668e+02 -2.897182838610807721e+03 1.653000000000000000e+03
1.097576444254559247e+00 6.951930908340012138e+03 1.677144304217413719e+03 -2.298087832919654829e+03 1.963000000000000000e+03
1.160543084780093270e+00 6.867474852725883466e+03 1.118275714017802557e+03 -2.148135144528468118e+03 2.121000000000000000e+03
1.223669666537485323e+00 6.880265321878956456e+03 1.369004831845019680e+03 -2.451689492713869186e+03 2.413000000000000000e+03
1.286817263090294094e+00 7.452973963227839704e+03 2.489084741911894071e+03 -1.650609014862956428e+03 2.635000000000000000e+03
1.349500801664080818e+00 7.296532768091709841e+03 1.663197271252665814e+03 -1.378393747864508896e+03 2.877000000000000000e+03
1.411949558842147567e+00 7.465924037558432246e+03 1.384864355636410210e+03 -1.309320530152788933e+03 3.169000000000000000e+03
1.475133575747468395e+00 7.422300091049938601e+03 1.077180575241336101e+03 -6.113519031971135291e+02 3.507000000000000000e+03
1.537865074252268593e+00 7.107710836900606409e+03 4.218264101796578416e+02 -2.524217012713766053e+02 3.685000000000000000e+03
1.600657544051110381e+00 7.139567677773683499e+03 3.553407841419042938e+02 6.456797915570197119e+02 4.165000000000000000e+03
1.663991168687080524e+00 6.891830899229728857e+03 -7.961413139246997162e+02 4.527183826761714158e+02 4.377000000000000000e+03
1.727195645776442801e+00 6.840278475211231125e+03 -9.976255422385003158e+02 7.601766427652589755e+02 4.855000000000000000e+03
1.789765213377084718e+00 6.934649429331669126e+03 -1.153255125635106879e+03 9.435643788313500409e+02 4.929000000000000000e+03
1.852353690647852158e+00 6.962711856503939089e+03 -1.284903835876764106e+03 3.944596059682729106e+02 5.581000000000000000e+03
1.914806787341157390e+00 7.045595143304100930e+03 -1.775438115341920366e+03 6.444986309585507342e+02 5.679000000000000000e+03
1.977889868651535599e+00 6.985766601787088803e+03 -1.741721532542543400e+03 3.816771243155218372e+02 6.385000000000000000e+03
2.040937735447724499e+00 7.032218370503935148e+03 -1.802019759337606274e+03 1.098279755575883428e+03 6.553000000000000000e+03
2.103939302609846074e+00 7.226444214697995449e+03 -2.104894348067710780e+03 1.286563015971990353e+03 7.125000000000000000e+03
2.166909709822301799e+00 7.284653863503538560e+03 -2.397514783757675104e+03 1.364581731352454426e+03 7.447000000000000000e+03
2.229700281216152380e+00 7.402376930465760779e+03 -2.570200422612753300e+03 1.159986827822178611e+03 7.929000000000000000e+03
2.292620027086342382e+00 7.614512810445594369e+03 -2.419762593961438142e+03 1.186300362423488423e+03 8.353000000000000000e+03
2.355141508366812353e+00 7.686504826205728932e+03 -2.504076732636312499e+03 1.072426796856707142e+03 8.775000000000000000e+03
2.417910583817858949e+00 7.990342532574298275e+03 -2.351262441811677036e+03 1.450799784589318278e+03 9.313000000000000000e+03
2.480856539439619368e+00 8.123760215260077530e+03 -2.597635833312106115e+03 1.437015093083673719e+03 9.841000000000000000e+03
2.543492256872954549e+00 8.217569690218093456e+03 -2.801639106704479218e+03 1.687670779527435570e+03 1.019100000000000000e+04
2.606334251884805386e+00 8.361345214308290451e+03 -2.861472223963924534e+03 1.910664917489696791e+03 1.089700000000000000e+04
2.669257370896960690e+00 8.646669202419670910e+03 -3.043860094282264072e+03 2.570394146740341057e+03 1.130100000000000000e+04
2.732423343141155758e+00 8.600678042324174385e+03 -3.395695181951099130e+03 3.208338156094744136e+03 1.202500000000000000e+04
2.795529680084416047e+00 8.658368017400467579e+03 -3.475243258288668585e+03 3.529039698845774637e+03 1.242300000000000000e+04
2.858366292314493240e+00 8.929134074289348064e+03 -3.545549830425866276e+03 4.266416244911128160e+03 1.302100000000000000e+04
2.920876271394311718e+00 9.240277546683724722e+03 -4.149131582839225302e+03 4.484348900299663001e+03 1.340500000000000000e+04
2.983449844439822751e+00 9.675789778754513463e+03 -4.345454145285149934e+03 5.186784240482879795e+03 1.424700000000000000e+04
3.046384918400867114e+00 1.006205318012753924e+04 -4.451328779939420201e+03 3.941615050576408066e+03 1.427500000000000000e+04
3.109279688161210142e+00 1.043315879954402590e+04 -4.414968056031215383e+03 4.361072047594756214e+02 1.410000000000000000e+04
3.172087338483245755e+00 1.050543959788566644e+04 -3.947430118981473242e+03 -2.264512800009610146e+03 1.351600000000000000e+04
3.235077053285361881e+00 1.093134965698165070e+04 -3.861970472849680391e+03 -4.769841617398567905e+03 1.349200000000000000e+04
3.297974619160294107e+00 1.122918849133316326e+04 -3.624577776711013485e+03 -7.431549532185152202e+03 1.270200000000000000e+04
3.360979404794635528e+00 1.169226575294214854e+04 -3.875273171342041678e+03 -1.001600587953139802e+04 1.263400000000000000e+04
3.423687966102657132e+00 1.214570442413451019e+04 -3.991650108093075687e+03 -1.238695753109144243e+04 1.180200000000000000e+04
3.486367717614779593e+00 1.281572844834682837e+04 -4.373077277971119656e+03 -1.474490807372598283e+04 1.159000000000000000e+04
3.549237455189846013e+00 1.362362535558772652e+04 -4.272450559923486253e+03 -1.778984245229043154e+04 1.100400000000000000e+04
3.611466567116090154e+00 1.421788010559798386e+04 -4.074246560607278298e+03 -2.064616740531072355e+04 1.025800000000000000e+04
3.674175279485516032e+00 1.528542000340352206e+04 -4.713182944739061895e+03 -2.269270834062695212e+04 1.013800000000000000e+04
3.737325177637534246e+00 1.630312858070454604e+04 -5.411957238417193366e+03 -2.498549906256000031e+04 9.282000000000000000e+03
3.800314856493150373e+00 1.748586940601073366e+04 -6.253680122880202362e+03 -2.725687106529825905e+04 8.824000000000000000e+03
3.863228937922256190e+00 1.847195616793584850e+04 -6.743828915757307186e+03 -2.893993410883387696e+04 8.130000000000000000e+03
3.925673163149277833e+00 1.974231609253159331e+04 -7.345138395817907622e+03 -3.212571868747666667e+04 7.330000000000000000e+03
3.988379144029963186e+00 2.093112052978296560e+04 -7.508992182900248736e+03 -3.444060832832794404e+04 6.960000000000000000e+03
4.051365442737894007e+00 2.161598741083369532e+04 -6.963151144013238081e+03 -3.939670509396543639e+04 5.944000000000000000e+03
4.114073661208438537e+00 2.355143897440212095e+04 -7.234887539790819574e+03 -4.296243162619289797e+04 5.482000000000000000e+03
4.176398926321660099e+00 2.509430880263923973e+04 -6.164396918884081060e+03 -5.231465713652112754e+04 4.458000000000000000e+03
4.238428652338137148e+00 2.630656770942668300e+04 -4.920805465798536716e+03 -6.176589911812682112e+04 3.892000000000000000e+03
4.301987060447956424e+00 2.714686562677245092e+04 -2.381165758097389244e+03 -7.410409969979152083e+04 3.165000000000000000e+03
4.365598466856841497e+00 2.883100959207215055e+04 -1.424666721649989313e+03 -8.473790281709324336e+04 2.617000000000000000e+03
4.427107359730706015e+00 3.015021045284455249e+04 -2.870188524194809361e+02 -9.294480401517743303e+04 2.037000000000000000e+03
4.489602987092925268e+00 3.133396250066821449e+04 1.243293051883032518e+02 -1.000737793478634121e+05 1.831000000000000000e+03
4.554125500073445743e+00 3.100453947180436080e+04 9.116659298614262070e+02 -1.016853694096685358e+05 1.435000000000000000e+03
4.616430240049651523e+00 3.279061021578426153e+04 3.925503585503987551e+02 -1.090466257234191289e+05 1.119000000000000000e+03
4.677252312221349406e+00 3.507978532627668028e+04 1.148390530325261352e+03 -1.190178210065311723e+05 8.800000000000000000e+02
4.741981513824780059e+00 4.114205518204906548e+04 2.558858994748762257e+02 -1.400459557018239866e+05 7.470000000000000000e+02
4.809273072599613563e+00 4.362065191885616514e+04 3.034704141677584062e+02 -1.497458176506230666e+05 5.200000000000000000e+02
4.871546600533164906e+00 5.022519927864645433e+04 -6.708487099428364218e+02 -1.719909242766166280e+05 3.280000000000000000e+02
4.925260063653622566e+00 5.449088398362154112e+04 -6.640670893902914713e+02 -1.873998445809960831e+05 2.160000000000000000e+02
4.988369355351538026e+00 4.855288372538428666e+04 -1.115030697105284844e+03 -1.675990948559198296e+05 1.720000000000000000e+02
5.058296331193474771e+00 4.573380891685697134e+04 -7.303601520088497523e+01 -1.594616578635898186e+05 8.400000000000000000e+01
5.124330000078495928e+00 3.875908309551641287e+04 -6.889329894302646835e+02 -1.348816168371117674e+05 2.500000000000000000e+01
5.169965902813741465e+00 7.190722519151700544e+04 7.746550408807805752e+02 -2.520225628887030762e+05 6.000000000000000000e+00
5.223742168994547797e+00 5.276691761237924220e+04 0.000000000000000000e+00 -1.846842116433273186e+05 1.000000000000000000e+00
