8.899641224696955288e-02 1.115535730164105335e+05 -6.543763050864172692e+04 1.601823044589456003e+04 1.300000000000000000e+01
1.507912216506557823e-01 9.714149982104220544e+04 -6.144620030310502443e+03 4.284361806957516092e+04 3.300000000000000000e+01
2.144790186456836945e-01 8.112738727642560843e+04 -1.261744039718710155e+04 -1.595583304351400693e+04 7.900000000000000000e+01
2.783660776489276789e-01 7.750485233775767847e+04 -2.298564200245784014e+04 -1.915365961424367470e+03 1.170000000000000000e+02
3.435099785803411021e-01 6.296018000213276537e+04 -2.464016739482032426e+04 -2.512166290867338830e+03 2.050000000000000000e+02
4.047886761425745772e-01 5.364650538077993406e+04 -2.572964899770266129e+04 3.238318068552617660e+03 2.350000000000000000e+02
4.676716683575679601e-01 4.586453341307520168e+04 -2.786267610494698238e+04 -5.965860300454216485e+03 3.690000000000000000e+02
5.308225101765952081e-01 3.881200043013559480e+04 -2.727085678237690081e+04 -1.054501721534371654e+03 4.330000000000000000e+02
5.945362440940590298e-01 3.213259894819519832e+04 -2.681733844070730265e+04 3.090507517616822952e+03 5.850000000000000000e+02
6.576224814588792489e-01 2.684621604089072207e+04 -2.746302720314774706e+04 6.742601863978220536e+03 6.790000000000000000e+02
7.196632906698736676e-01 2.311018075410776510e+04 -2.191049312368278697e+04 1.817269981959595953e+03 8.130000000000000000e+02
7.827860915688348298e-01 2.100560621710791747e+04 -1.645921371900670783e+04 -7.390277595523515402e+02 9.850000000000000000e+02
8.470398945834540783e-01 1.919193268053452266e+04 -1.236256935026460633e+04 1.750679481679110040e+03 1.183000000000000000e+03
9.096854620527370372e-01 1.841080551519446817e+04 -9.649202941385670783e+03 -2.438413425166606430e+03 1.269000000000000000e+03
9.720789776830213169e-01 1.747637628628616221e+04 -6.302781457954059988e+03 -3.866361529919026907e+03 1.537000000000000000e+03
1.034763038959366499e+00 1.666772695348566413e+04 -4.579322130933100198e+03 -6.552773303448308980e+03 1.653000000000000000e+03
1.097576444254559247e+00 1.610556067140341293e+04 -2.475378581132912132e+03 -8.958603859007496794e+03 1.963000000000000000e+03
1.160543084780093270e+00 1.588657091985651459e+04 -1.591811404328312619e+03 -1.218257630315667848e+04 2.121000000000000000e+03
1.223669666537485323e+00 1.604726939380020667e+04 -5.184637063026210626e+02 -1.468358314412261097e+04 2.413000000000000000e+03
1.286817263090294094e+00 1.662268595565563373e+04 1.555551918177396601e+03 -1.634110664763289969e+04 2.635000000000000000e+03
1.349500801664080818e+00 1.639684616414981429e+04 1.232126256954378277e+03 -1.520504977354066250e+04 2.877000000000000000e+03
1.411949558842147567e+00 1.651668758879466259e+04 3.450870232637913432e+03 -1.281529020979760571e+04 3.169000000000000000e+03
1.475133575747468395e+00 1.672256361801034291e+04 4.810041096605640632e+03 -1.022828170342420708e+04 3.507000000000000000e+03
1.537865074252268593e+00 1.687725438907062926e+04 5.523683377486042446e+03 -6.483805181593465932e+03 3.685000000000000000e+03
1.600657544051110381e+00 1.643120403050115783e+04 6.741036906120109961e+03 -2.028440094294443725e+03 4.165000000000000000e+03
1.663991168687080524e+00 1.632864879212052438e+04 8.151017235667648492e+03 2.186998882635556129e+03 4.377000000000000000e+03
1.727195645776442801e+00 1.600575149645856982e+04 8.232646640697903422e+03 2.607600000227761939e+03 4.855000000000000000e+03
1.789765213377084718e+00 1.593444517721026932e+04 8.237973157728900333e+03 5.538115822230782214e+03 4.929000000000000000e+03
1.852353690647852158e+00 1.508296639732652875e+04 7.149414389271154505e+03 6.883112656379142209e+03 5.581000000000000000e+03
1.914806787341157390e+00 1.456926201706878419e+04 6.750100246927010630e+03 6.650481840998339976e+03 5.679000000000000000e+03
1.977889868651535599e+00 1.396632457580231676e+04 5.354987283664056122e+03 4.974671302098819069e+03 6.385000000000000000e+03
2.040937735447724499e+00 1.347773183041924312e+04 4.510147989628423602e+03 4.459172690752241579e+03 6.553000000000000000e+03
2.103939302609846074e+00 1.270893097337973813e+04 2.896433498659940142e+03 2.965010147131929898e+03 7.125000000000000000e+03
2.166909709822301799e+00 1.244146439792076671e+04 2.200174552989169115e+03 1.647293715742665654e+03 7.447000000000000000e+03
2.229700281216152380e+00 1.196481332806150931e+04 1.683677270039694122e+03 8.475106804147610546e+02 7.929000000000000000e+03
2.292620027086342382e+00 1.158865989919038657e+04 8.317134246972688061e+02 6.440321508927702325e+02 8.353000000000000000e+03
2.355141508366812353e+00 1.148258295817230101e+04 6.525937874474755063e+02 1.317400230283280507e+03 8.775000000000000000e+03
2.417910583817858949e+00 1.124138528601493817e+04 1.392423335931687006e+03 2.389071453590348938e+03 9.313000000000000000e+03
2.480856539439619368e+00 1.113464286750141400e+04 1.556043128106302674e+03 2.396838165645082881e+03 9.841000000000000000e+03
2.543492256872954549e+00 1.112455943953591122e+04 1.824717678472099351e+03 3.107650496631663373e+03 1.019100000000000000e+04
2.606334251884805386e+00 1.092813104607496462e+04 1.754462981211442866e+03 3.094512815572118598e+03 1.089700000000000000e+04
2.669257370896960690e+00 1.084364615362063341e+04 2.462846466679317928e+03 2.993578947159990548e+03 1.130100000000000000e+04
2.732423343141155758e+00 1.093094608138673721e+04 2.298194288016338760e+03 2.973199771091871298e+03 1.202500000000000000e+04
2.795529680084416047e+00 1.086571340968190998e+04 2.364057954889633038e+03 2.627672963222496037e+03 1.242300000000000000e+04
2.858366292314493240e+00 1.067000631633336343e+04 2.513727235741640925e+03 1.933440702717639624e+03 1.302100000000000000e+04
2.920876271394311718e+00 1.074174599747171123e+04 2.324642294915782259e+03 1.850518123059471009e+03 1.340500000000000000e+04
2.983449844439822751e+00 1.088388144527469922e+04 2.015174492208475385e+03 1.928919701049768946e+03 1.424700000000000000e+04
3.046384918400867114e+00 1.103851621550121672e+04 2.406896336481111121e+03 1.238839888298679625e+03 1.427500000000000000e+04
3.109279688161210142e+00 1.114050144767259735e+04 3.024229721364418310e+03 -5.717593397391046892e+02 1.410000000000000000e+04
3.172087338483245755e+00 1.105953810285059626e+04 4.221175589021496307e+03 -3.311185293512479802e+03 1.351600000000000000e+04
3.235077053285361881e+00 1.070494693993217697e+04 4.318647109064644610e+03 -5.851774565477521719e+03 1.349200000000000000e+04
3.297974619160294107e+00 1.073826748361506179e+04 4.352720155501575391e+03 -8.927843729805172188e+03 1.270200000000000000e+04
3.360979404794635528e+00 1.055392662495658078e+04 3.562988675764375330e+03 -1.153284284050572751e+04 1.263400000000000000e+04
3.423687966102657132e+00 1.049584847013264880e+04 3.340565080388507795e+03 -1.408012213607897138e+04 1.180200000000000000e+04
3.486367717614779593e+00 1.050673474286346573e+04 3.305567458329453984e+03 -1.601097980087687756e+04 1.159000000000000000e+04
3.549237455189846013e+00 1.051928381374758646e+04 2.794781418957752976e+03 -1.774641669937441839e+04 1.100400000000000000e+04
3.611466567116090154e+00 1.042392376807431901e+04 2.641279311986224457e+03 -1.969079425164492568e+04 1.025800000000000000e+04
3.674175279485516032e+00 1.042444667234403641e+04 2.567633904064835406e+03 -2.044042179971584483e+04 1.013800000000000000e+04
3.737325177637534246e+00 1.042416798617740278e+04 1.890345938181275869e+03 -2.170862687461941096e+04 9.282000000000000000e+03
3.800314856493150373e+00 1.018913769819718254e+04 1.337029378533719864e+03 -2.190354658992771510e+04 8.824000000000000000e+03
3.863228937922256190e+00 1.010454603318102454e+04 1.445009309668409514e+03 -2.264825244312317955e+04 8.130000000000000000e+03
3.925673163149277833e+00 9.839900871708838167e+03 8.854698819950623374e+02 -2.248670224120238345e+04 7.330000000000000000e+03
3.988379144029963186e+00 9.849323704595006348e+03 3.050523880900678364e+02 -2.227053692405279799e+04 6.960000000000000000e+03
4.051365442737894007e+00 9.724226357759936946e+03 1.238851982787792707e+02 -2.309144844402922172e+04 5.944000000000000000e+03
4.114073661208438537e+00 1.012844539275358511e+04 6.257946682012332928e+01 -2.463608123002211141e+04 5.482000000000000000e+03
4.176398926321660099e+00 1.054014188921305686e+04 -4.955593302470418848e+02 -2.641919405378992815e+04 4.458000000000000000e+03
4.238428652338137148e+00 1.062314164099334266e+04 -3.568978504480087963e+02 -2.841832560090904735e+04 3.892000000000000000e+03
4.301987060447956424e+00 1.100550449737387680e+04 -2.481938018958531700e+02 -3.168666209377257837e+04 3.165000000000000000e+03
4.365598466856841497e+00 1.161559812703705029e+04 -4.412958026439318360e+02 -3.470177306680050242e+04 2.617000000000000000e+03
4.427107359730706015e+00 1.253586471349860221e+04 -8.310236211324718170e+01 -3.915910806398376008e+04 2.037000000000000000e+03
4.489602987092925268e+00 1.382639962087563617e+04 -7.559261802649430138e+02 -4.350978736459867650e+04 1.831000000000000000e+03
4.554125500073445743e+00 1.476679005353380489e+04 -6.466203805241596001e+02 -4.752344983574136859e+04 1.435000000000000000e+03
4.616430240049651523e+00 1.549007978507934786e+04 -6.604230882097956510e+02 -5.077839862500881281e+04 1.119000000000000000e+03
4.677252312221349406e+00 1.567612939169893798e+04 -7.501735557605767326e+02 -5.177678175882062351e+04 8.800000000000000000e+02
4.741981513824780059e+00 1.679835734769362534e+04 -1.556350956185777250e+03 -5.532649935297123739e+04 7.470000000000000000e+02
4.809273072599613563e+00 1.606998876935846965e+04 -5.856534904482541606e+02 -5.435347053992676229e+04 5.200000000000000000e+02
4.871546600533164906e+00 1.691317171036929358e+04 -1.077454741067006580e+03 -5.698821442439593375e+04 3.280000000000000000e+02
4.925260063653622566e+00 1.901882106032241791e+04 -1.169871121959020229e+03 -6.437667307687662105e+04 2.160000000000000000e+02
4.988369355351538026e+00 1.792495782917820179e+04 -9.304126887415123974e+02 -6.123050484287888685e+04 1.720000000000000000e+02
5.058296331193474771e+00 1.787136568009074836e+04 -4.569809611267189666e+02 -6.184903389602830430e+04 8.400000000000000000e+01
5.124330000078495928e+00 1.759725340960511676e+04 1.631685115152384213e+01 -6.154460317648117052e+04 2.500000000000000000e+01
5.169965902813741465e+00 3.284107867681399512e+04 4.677984556808212915e+02 -1.152518909884775931e+05 6.000000000000000000e+00
5.223742168994547797e+00 9.842592926961310695e+02 0.000000000000000000e+00 -3.444907524436458061e+03 1.000000000000000000e+00
