8.899641224696955288e-02 9.942040742109072162e+05 1.477654413446317676e+03 -4.629814062798746163e+05 1.300000000000000000e+01
1.507912216506557823e-01 9.838757289980050409e+05 7.013528137583815806e+03 1.441054136251709424e+05 3.300000000000000000e+01
2.144790186456836945e-01 9.678241316863038810e+05 1.321802540195267102e+04 -1.937934869721999858e+05 7.900000000000000000e+01
2.783660776489276789e-01 9.467634576877420768e+05 2.270430880134733889e+04 -3.928788224377969891e+04 1.170000000000000000e+02
3.435099785803411021e-01 9.204285804472804302e+05 3.380491624447834329e+04 -5.818441838428367919e+04 2.050000000000000000e+02
4.047886761425745772e-01 8.919547993878255365e+05 4.708981185355634807e+04 6.833466849988841568e+04 2.350000000000000000e+02
4.676716683575679601e-01 8.592264083582125604e+05 5.797520366017847846e+04 -6.519660865094541077e+04 3.690000000000000000e+02
5.308225101765952081e-01 8.237566930502653122e+05 7.249366305717827345e+04 6.472837363268680747e+03 4.330000000000000000e+02
5.945362440940590298e-01 7.857586834410151932e+05 8.521871401330616209e+04 -1.015298091459361967e+04 5.850000000000000000e+02
6.576224814588792489e-01 7.469666140261963010e+05 1.012065380544580985e+05 6.750464088596335205e+04 6.790000000000000000e+02
7.196632906698736676e-01 7.075434644834033679e+05 1.075520218248535966e+05 -4.463077073359187489e+04 8.130000000000000000e+02
7.827860915688348298e-01 6.674243599453774514e+05 1.174566101486690895e+05 -6.592624701787925733e+04 9.850000000000000000e+02
8.470398945834540783e-01 6.278055198297181632e+05 1.312145451609358133e+05 5.691481967772595817e+04 1.183000000000000000e+03
9.096854620527370372e-01 5.894398728985406924e+05 1.368917961475597695e+05 2.459264410643307565e+04 1.269000000000000000e+03
9.720789776830213169e-01 5.524020036571626551e+05 1.400951611061342410e+05 -1.105447526040243611e+04 1.537000000000000000e+03
1.034763038959366499e+00 5.172797825024742051e+05 1.424189738967985031e+05 1.419237929276249815e+04 1.653000000000000000e+03
1.097576444254559247e+00 4.840512749433758436e+05 1.451313528036661737e+05 6.115566487561841313e+03 1.963000000000000000e+03
1.160543084780093270e+00 4.527951875122305937e+05 1.426254397981388902e+05 1.129067659124133206e+04 2.121000000000000000e+03
1.223669666537485323e+00 4.238499323114126455e+05 1.400642440009656711e+05 1.091820922194018021e+04 2.413000000000000000e+03
1.286817263090294094e+00 3.969004323373570805e+05 1.346197711629699043e+05 -1.163613539580358065e+03 2.635000000000000000e+03
1.349500801664080818e+00 3.737919118820300791e+05 1.316138862170596840e+05 3.234335686425986933e+04 2.877000000000000000e+03
1.411949558842147567e+00 3.512065151986321434e+05 1.233512456375769689e+05 2.194236306785252964e+03 3.169000000000000000e+03
1.475133575747468395e+00 3.314094682082535583e+05 1.157851605490702204e+05 8.345256630111312916e+03 3.507000000000000000e+03
1.537865074252268593e+00 3.134751838056178531e+05 1.092219658141511754e+05 -2.403343152775066301e+03 3.685000000000000000e+03
1.600657544051110381e+00 2.979134838509728434e+05 1.017653384290789545e+05 9.346131764272751752e+03 4.165000000000000000e+03
1.663991168687080524e+00 2.833814496231438243e+05 9.379008602919836994e+04 9.977889241330118239e+03 4.377000000000000000e+03
1.727195645776442801e+00 2.698186562062660814e+05 8.704560065320575086e+04 -8.983972261800050546e+03 4.855000000000000000e+03
1.789765213377084718e+00 2.586324312917606730e+05 8.105218921894639789e+04 2.017974131284860960e+03 4.929000000000000000e+03
1.852353690647852158e+00 2.475517669908517855e+05 7.657393059081678803e+04 -1.962944612341910397e+04 5.581000000000000000e+03
1.914806787341157390e+00 2.381780578726473614e+05 7.221110974253372115e+04 -1.176434645685237047e+04 5.679000000000000000e+03
1.977889868651535599e+00 2.288873366553614032e+05 6.925172806280273653e+04 -2.997521918782699868e+04 6.385000000000000000e+03
2.040937735447724499e+00 2.209193012090217671e+05 6.728685950780232088e+04 -2.600760751280909608e+04 6.553000000000000000e+03
2.103939302609846074e+00 2.132083975996426016e+05 6.600306799392217363e+04 -3.219418455639066087e+04 7.125000000000000000e+03
2.166909709822301799e+00 2.062294892296454345e+05 6.730656704269124020e+04 -4.696967228321140283e+04 7.447000000000000000e+03
2.229700281216152380e+00 1.997605271179390838e+05 6.758731938582887233e+04 -5.032360231960933743e+04 7.929000000000000000e+03
2.292620027086342382e+00 1.941655973906895088e+05 7.048380773906871036e+04 -6.313279261020618287e+04 8.353000000000000000e+03
2.355141508366812353e+00 1.890069072632565803e+05 7.341154558229453687e+04 -6.397351462945827370e+04 8.775000000000000000e+03
2.417910583817858949e+00 1.844313961155771976e+05 7.676080161667994980e+04 -7.158104807727623847e+04 9.313000000000000000e+03
2.480856539439619368e+00 1.810749761355512892e+05 8.250127934290558915e+04 -8.668105030275470926e+04 9.841000000000000000e+03
2.543492256872954549e+00 1.777012457807327737e+05 8.560465662177742342e+04 -8.501795960297322017e+04 1.019100000000000000e+04
2.606334251884805386e+00 1.764513090961456473e+05 9.312858853377438209e+04 -1.034459339015109290e+05 1.089700000000000000e+04
2.669257370896960690e+00 1.751397874644186522e+05 9.746843384163388691e+04 -1.080759526536077610e+05 1.130100000000000000e+04
2.732423343141155758e+00 1.755138465614422748e+05 1.059355324028224713e+05 -1.121141464208714751e+05 1.202500000000000000e+04
2.795529680084416047e+00 1.771768657460461254e+05 1.129534320072004193e+05 -1.229487199138532014e+05 1.242300000000000000e+04
2.858366292314493240e+00 1.795994514401721535e+05 1.178199231349943875e+05 -1.283583834314898559e+05 1.302100000000000000e+04
2.920876271394311718e+00 1.853143046397595317e+05 1.305388211001504969e+05 -1.415386732930917351e+05 1.340500000000000000e+04
2.983449844439822751e+00 1.905523715582373552e+05 1.368736908255012240e+05 -1.414648136314314033e+05 1.424700000000000000e+04
3.046384918400867114e+00 2.010458430551872589e+05 1.462683645137643616e+05 -1.954388091693384631e+05 1.427500000000000000e+04
3.109279688161210142e+00 2.117066860549159755e+05 1.458119477800981258e+05 -2.755191568502636510e+05 1.410000000000000000e+04
3.172087338483245755e+00 2.265901137816444971e+05 1.561222875333600678e+05 -3.626088760040076450e+05 1.351600000000000000e+04
3.235077053285361881e+00 2.446520124275618873e+05 1.714372449935201148e+05 -4.546442569037806825e+05 1.349200000000000000e+04
3.297974619160294107e+00 2.619693256241946365e+05 1.819254060876163421e+05 -5.492917796738803154e+05 1.270200000000000000e+04
3.360979404794635528e+00 2.868457714051645598e+05 2.066254610792038729e+05 -6.694184435725120129e+05 1.263400000000000000e+04
3.423687966102657132e+00 3.079074254868988646e+05 2.226908260468074877e+05 -7.647257177955155494e+05 1.180200000000000000e+04
3.486367717614779593e+00 3.346758119130358682e+05 2.475117407809697906e+05 -8.893460713077581022e+05 1.159000000000000000e+04
3.549237455189846013e+00 3.648581554904253571e+05 2.774855928787378944e+05 -1.025035725898771896e+06 1.100400000000000000e+04
3.611466567116090154e+00 3.884178623874537880e+05 2.949402364822051604e+05 -1.135615289662363008e+06 1.025800000000000000e+04
3.674175279485516032e+00 4.298196992465408402e+05 3.408132526880977675e+05 -1.309803008809259394e+06 1.013800000000000000e+04
3.737325177637534246e+00 4.558109406022945768e+05 3.609767376122465939e+05 -1.432526895412340993e+06 9.282000000000000000e+03
3.800314856493150373e+00 4.960569437742437585e+05 4.025210654658045969e+05 -1.607531252337534912e+06 8.824000000000000000e+03
3.863228937922256190e+00 5.291486339301946573e+05 4.325524939846580965e+05 -1.747391325837285491e+06 8.130000000000000000e+03
3.925673163149277833e+00 5.536352025521034375e+05 4.489302967957985820e+05 -1.865914780418775743e+06 7.330000000000000000e+03
3.988379144029963186e+00 6.079555052033166867e+05 5.089990336619280279e+05 -2.084922822209186619e+06 6.960000000000000000e+03
4.051365442737894007e+00 5.958869219533554278e+05 4.705092585794854094e+05 -2.065270690857359907e+06 5.944000000000000000e+03
4.114073661208438537e+00 6.529607452322932659e+05 5.306041398763312027e+05 -2.287488956204691436e+06 5.482000000000000000e+03
4.176398926321660099e+00 6.069431222247200785e+05 4.422602381946730311e+05 -2.133400894217831083e+06 4.458000000000000000e+03
4.238428652338137148e+00 5.690934761196924374e+05 3.659445371520537883e+05 -2.003898793925463688e+06 3.892000000000000000e+03
4.301987060447956424e+00 4.964326179331960157e+05 2.387523902955398080e+05 -1.739517154350957600e+06 3.165000000000000000e+03
4.365598466856841497e+00 4.717464763296580641e+05 1.773253479302493215e+05 -1.648862068264878355e+06 2.617000000000000000e+03
4.427107359730706015e+00 4.670652562931206194e+05 1.419856694819364347e+05 -1.629604438799909316e+06 2.037000000000000000e+03
4.489602987092925268e+00 4.652017615983930300e+05 1.086720251331249165e+05 -1.620258438243265264e+06 1.831000000000000000e+03
4.554125500073445743e+00 4.757092499742263462e+05 8.594863715476248763e+04 -1.654059369388245512e+06 1.435000000000000000e+03
4.616430240049651523e+00 4.905512571394570405e+05 6.423291407321478619e+04 -1.700717653882608050e+06 1.119000000000000000e+03
4.677252312221349406e+00 5.136385290661444305e+05 4.798620155462984985e+04 -1.778062321686366340e+06 8.800000000000000000e+02
4.741981513824780059e+00 5.443195098933993140e+05 3.151533804921134288e+04 -1.885931157868432812e+06 7.470000000000000000e+02
4.809273072599613563e+00 5.929028317767485278e+05 2.103224860064942914e+04 -2.056669530945917591e+06 5.200000000000000000e+02
4.871546600533164906e+00 6.531701207438656129e+05 1.531403128096075852e+04 -2.268242062432336155e+06 3.280000000000000000e+02
4.925260063653622566e+00 7.163860328600298380e+05 1.098813495608766243e+04 -2.488235116415441036e+06 2.160000000000000000e+02
4.988369355351538026e+00 8.005194073911972810e+05 4.621794508143115308e+03 -2.789334804234954994e+06 1.720000000000000000e+02
5.058296331193474771e+00 9.197882993008518824e+05 1.963689920426299295e+03 -3.210792414451913908e+06 8.400000000000000000e+01
5.124330000078495928e+00 1.056542237479030853e+06 5.724094394712134317e+02 -3.693457891083233990e+06 2.500000000000000000e+01
5.169965902813741465e+00 1.168950029441640945e+06 4.350225940707758241e+02 -4.086904808619509451e+06 6.000000000000000000e+00
5.223742168994547797e+00 1.316770523491439177e+06 0.000000000000000000e+00 -4.608696832220036536e+06 1.000000000000000000e+00
