8.899641224696955288e-02 5.913558766650196048e+04 -4.093420597444483428e+04 9.014109249173628996e+03 1.300000000000000000e+01
1.507912216506557823e-01 4.370344229820706096e+04 -1.262303676321096464e+04 4.099914313289889833e+04 3.300000000000000000e+01
2.144790186456836945e-01 3.417929335111464025e+04 3.654245794760604895e+03 6.597154418822771731e+03 7.900000000000000000e+01
2.783660776489276789e-01 3.016917514118320832e+04 -7.574695054979268207e+03 -1.486327068458064787e+03 1.170000000000000000e+02
3.435099785803411021e-01 2.478022178113301925e+04 -5.714017931982327354e+03 -2.227864110867661111e+03 2.050000000000000000e+02
4.047886761425745772e-01 2.086825021138623924e+04 -2.505616666800827261e+03 1.051584683301424320e+03 2.350000000000000000e+02
4.676716683575679601e-01 1.882744717831603339e+04 -6.626402114110867842e+03 -9.885262378333040033e+03 3.690000000000000000e+02
5.308225101765952081e-01 1.664589395858167336e+04 -3.197282525600112876e+03 -3.268482936226046604e+03 4.330000000000000000e+02
5.945362440940590298e-01 1.558863477555476675e+04 -3.385648660410296088e+03 -6.489256201644952853e+03 5.850000000000000000e+02
6.576224814588792489e-01 1.350976285229536734e+04 -3.599395447148790026e+03 -5.903102789539774676e+03 6.790000000000000000e+02
7.196632906698736676e-01 1.235407452608198946e+04 -1.417724784490977072e+03 -6.044372800245319922e+03 8.130000000000000000e+02
7.827860915688348298e-01 1.164558798776990625e+04 -1.861326359410159967e+03 -5.581080740851386508e+03 9.850000000000000000e+02
8.470398945834540783e-01 1.085821261289455833e+04 -1.852703694034529235e+03 -4.679509029628536155e+03 1.183000000000000000e+03
9.096854620527370372e-01 1.071828063445747466e+04 1.268342655737876044e+02 -4.082996090410615579e+03 1.269000000000000000e+03
9.720789776830213169e-01 1.020898379879135246e+04 2.530916018740189770e+02 -5.602207763840848202e+03 1.537000000000000000e+03
1.034763038959366499e+00 9.867949756955540579e+03 -2.205071046446745342e+01 -5.182650203936632352e+03 1.653000000000000000e+03
1.097576444254559247e+00 1.028260692009997183e+04 2.617089574342231117e+03 -3.917978976757750388e+03 1.963000000000000000e+03
1.160543084780093270e+00 1.025350859020889402e+04 1.689780238624395224e+03 -3.673695453370261475e+03 2.121000000000000000e+03
1.223669666537485323e+00 9.857090537478599799e+03 1.961271051885365523e+03 -4.200406287350426283e+03 2.413000000000000000e+03
1.286817263090294094e+00 1.064663571364296695e+04 3.778075652435139546e+03 -2.342310679350663577e+03 2.635000000000000000e+03
1.349500801664080818e+00 1.039724729999153351e+04 2.481052307991462385e+03 -2.881776997765052784e+03 2.877000000000000000e+03
1.411949558842147567e+00 1.067339778507122719e+04 1.996064099572681016e+03 -2.052503092709463090e+03 3.169000000000000000e+03
1.475133575747468395e+00 1.076010297214167986e+04 2.095021820248559834e+03 -7.243149511256558526e+02 3.507000000000000000e+03
1.537865074252268593e+00 1.034983568123023906e+04 1.612801138140287776e+03 -1.491887960954866685e+03 3.685000000000000000e+03
1.600657544051110381e+00 1.030734165306032446e+04 1.867975191603974281e+03 3.169927224556794272e+02 4.165000000000000000e+03
1.663991168687080524e+00 9.912271484573779162e+03 7.222928198656393306e+02 1.194776156510790543e+03 4.377000000000000000e+03
1.727195645776442801e+00 9.609816521962142360e+03 6.852812633533167741e+01 3.972767284149284706e+02 4.855000000000000000e+03
1.789765213377084718e+00 9.448144645564445455e+03 6.472567129901377712e+02 1.648820952206622678e+03 4.929000000000000000e+03
1.852353690647852158e+00 9.216942305847331227e+03 8.840025582084415419e+02 1.162565102633932156e+03 5.581000000000000000e+03
1.914806787341157390e+00 9.361769380809122595e+03 5.976348839897716516e+02 1.067786495848637514e+03 5.679000000000000000e+03
1.977889868651535599e+00 9.217329219039229429e+03 7.520541803670239460e+02 1.437187656780967018e+02 6.385000000000000000e+03
2.040937735447724499e+00 8.910806179327224527e+03 1.304711533342664779e+03 1.043754724035770323e+03 6.553000000000000000e+03
2.103939302609846074e+00 8.713100809023120746e+03 1.058876396287404077e+03 3.029860021206891929e+02 7.125000000000000000e+03
2.166909709822301799e+00 8.626131583382777535e+03 1.577567958258552835e+03 3.579085953816927486e+02 7.447000000000000000e+03
2.229700281216152380e+00 8.681922186846601107e+03 1.898387803006351305e+03 4.188029494768640575e+02 7.929000000000000000e+03
2.292620027086342382e+00 8.445543443309941722e+03 2.137747726903839975e+03 7.847618652392219474e+01 8.353000000000000000e+03
2.355141508366812353e+00 8.244426159518119675e+03 2.807830263531763649e+03 9.066038997684420337e+02 8.775000000000000000e+03
2.417910583817858949e+00 8.285319519518781817e+03 3.331789102698815441e+03 1.246914047641931120e+03 9.313000000000000000e+03
2.480856539439619368e+00 7.979587252253861152e+03 3.559581964603846245e+03 9.563242533161576375e+02 9.841000000000000000e+03
2.543492256872954549e+00 7.941812701614784601e+03 3.910047610584042104e+03 1.775313466602470271e+03 1.019100000000000000e+04
2.606334251884805386e+00 7.775797577285971784e+03 4.015898645227386623e+03 1.481317457258599234e+03 1.089700000000000000e+04
2.669257370896960690e+00 7.933457956331218156e+03 4.337097744472633167e+03 1.882347090670258922e+03 1.130100000000000000e+04
2.732423343141155758e+00 7.941649040587198215e+03 4.844211993044441442e+03 3.008918608322856471e+03 1.202500000000000000e+04
2.795529680084416047e+00 8.023143276717941262e+03 4.721762283353132261e+03 2.908224620587934169e+03 1.242300000000000000e+04
2.858366292314493240e+00 8.119984404461301892e+03 4.904467584186736531e+03 3.521154791557431963e+03 1.302100000000000000e+04
2.920876271394311718e+00 8.327106535273391273e+03 5.627798064042654914e+03 4.645536820881972744e+03 1.340500000000000000e+04
2.983449844439822751e+00 8.315065697774012733e+03 5.658191484663068877e+03 4.705018576347219096e+03 1.424700000000000000e+04
3.046384918400867114e+00 8.376554370181391278e+03 5.418236536246256946e+03 3.227675335954530965e+03 1.427500000000000000e+04
3.109279688161210142e+00 8.281396677401549823e+03 4.378195077350073916e+03 -9.008806744386683931e+02 1.410000000000000000e+04
3.172087338483245755e+00 8.176574525982907289e+03 3.547568536907059297e+03 -4.270365360977871205e+03 1.351600000000000000e+04
3.235077053285361881e+00 8.219787775704071464e+03 3.397812365475078423e+03 -6.431035558550463975e+03 1.349200000000000000e+04
3.297974619160294107e+00 8.296691678791981758e+03 3.228404157905588818e+03 -8.474167776379417774e+03 1.270200000000000000e+04
3.360979404794635528e+00 8.408809248863002722e+03 2.888014232642098705e+03 -9.651180316655238130e+03 1.263400000000000000e+04
3.423687966102657132e+00 8.394477595308937453e+03 2.666864722036164494e+03 -1.110069038432622983e+04 1.180200000000000000e+04
3.486367717614779593e+00 8.435253372194931217e+03 1.970574370965876597e+03 -1.185304392876209749e+04 1.159000000000000000e+04
3.549237455189846013e+00 8.433979987351363889e+03 1.461567042022165651e+03 -1.250861517242414993e+04 1.100400000000000000e+04
3.611466567116090154e+00 8.467553519262273767e+03 1.081360241157512064e+03 -1.346560397873835609e+04 1.025800000000000000e+04
3.674175279485516032e+00 8.530455995546619306e+03 6.042125027556875239e+02 -1.404668575836611672e+04 1.013800000000000000e+04
3.737325177637534246e+00 8.776856491859221933e+03 1.248812891733124246e+02 -1.520085464651447001e+04 9.282000000000000000e+03
3.800314856493150373e+00 8.854786822700649282e+03 -3.726452345378781956e+02 -1.584293161490534840e+04 8.824000000000000000e+03
3.863228937922256190e+00 9.060793356121816032e+03 -5.539657150539583199e+02 -1.694794230221654288e+04 8.130000000000000000e+03
3.925673163149277833e+00 9.304488022644271041e+03 -1.190545586332136736e+03 -1.791461609551500806e+04 7.330000000000000000e+03
3.988379144029963186e+00 9.830976348012671224e+03 -1.729578073648975078e+03 -1.892419286220715367e+04 6.960000000000000000e+03
4.051365442737894007e+00 9.824266127325350681e+03 -1.885895770647113523e+03 -2.025908419007407792e+04 5.944000000000000000e+03
4.114073661208438537e+00 1.044101215685119314e+04 -2.555569283996504510e+03 -2.070100397469137897e+04 5.482000000000000000e+03
4.176398926321660099e+00 1.036244608882797729e+04 -2.471326937049260323e+03 -2.219842757283700848e+04 4.458000000000000000e+03
4.238428652338137148e+00 1.040392253524988155e+04 -2.302252514827144296e+03 -2.386026524866240288e+04 3.892000000000000000e+03
4.301987060447956424e+00 1.025059119240982000e+04 -1.693288525868323404e+03 -2.645861972495537339e+04 3.165000000000000000e+03
4.365598466856841497e+00 1.050861837505269614e+04 -1.427352106374524510e+03 -2.900519911818112814e+04 2.617000000000000000e+03
4.427107359730706015e+00 1.066040813441814498e+04 -6.707945113977700657e+02 -3.183312564008351546e+04 2.037000000000000000e+03
4.489602987092925268e+00 1.196600968647191985e+04 -4.637732360338379749e+02 -3.740596698179488158e+04 1.831000000000000000e+03
4.554125500073445743e+00 1.326963672377713556e+04 -9.195358489055693099e+02 -4.179165683040907606e+04 1.435000000000000000e+03
4.616430240049651523e+00 1.359440973008907167e+04 -1.173301025088645702e+03 -4.335611169812196022e+04 1.119000000000000000e+03
4.677252312221349406e+00 1.381595897106238044e+04 -1.654483704030429635e+03 -4.409428114716675918e+04 8.800000000000000000e+02
4.741981513824780059e+00 1.283100007165899660e+04 -1.321209078701242561e+03 -4.178944048556084454e+04 7.470000000000000000e+02
4.809273072599613563e+00 1.178735704026921849e+04 -6.112389650566352657e+02 -3.956861851556564943e+04 5.200000000000000000e+02
4.871546600533164906e+00 1.191937853746949077e+04 -4.429268080377110550e+02 -4.046103370809976332e+04 3.280000000000000000e+02
4.925260063653622566e+00 9.390522778805003327e+03 -7.321077097875604522e+01 -3.234863474304971533e+04 2.160000000000000000e+02
4.988369355351538026e+00 1.120138379601228735e+04 -1.009047363806438966e+02 -3.887587155021147919e+04 1.720000000000000000e+02
5.058296331193474771e+00 1.301619246873494012e+04 -4.152267457033148190e+01 -4.538330682803661330e+04 8.400000000000000000e+01
5.124330000078495928e+00 1.227054708609484078e+04 -6.798554646318815742e+01 -4.283750096462167130e+04 2.500000000000000000e+01
5.169965902813741465e+00 1.915813020370148297e+04 5.469910793002064509e+01 -6.704207581630522327e+04 6.000000000000000000e+00
5.223742168994547797e+00 1.404622521725148545e+04 0.000000000000000000e+00 -4.916178826038019906e+04 1.000000000000000000e+00
