8.899641224696955288e-02 4.109998542630173324e+04 -3.376090660484489490e+04 1.277461105342821429e+04 1.300000000000000000e+01
1.507912216506557823e-01 3.079804688325549068e+04 -1.101907584958737243e+04 3.110237585531021250e+04 3.300000000000000000e+01
2.144790186456836945e-01 2.363132801232439306e+04 2.051844188264409695e+03 3.150628623382290698e+03 7.900000000000000000e+01
2.783660776489276789e-01 2.071303873481671690e+04 -6.341161504456382318e+03 -1.147173030029427764e+03 1.170000000000000000e+02
3.435099785803411021e-01 1.639349396209832048e+04 -5.356227549314839962e+03 -1.937998365067415762e+03 2.050000000000000000e+02
4.047886761425745772e-01 1.368595620989422423e+04 -3.620301252194856261e+03 -8.248943335333285631e+01 2.350000000000000000e+02
4.676716683575679601e-01 1.154463660841991623e+04 -5.538325030314232208e+03 -4.591902271040162304e+03 3.690000000000000000e+02
5.308225101765952081e-01 1.001990905085369013e+04 -3.404852951196258800e+03 -2.517314577905265196e+03 4.330000000000000000e+02
5.945362440940590298e-01 8.517134745510087669e+03 -3.327576172283725100e+03 -2.249433497767909557e+03 5.850000000000000000e+02
6.576224814588792489e-01 7.259950572293259938e+03 -2.945846952468156360e+03 -5.488374506483856976e+02 6.790000000000000000e+02
7.196632906698736676e-01 6.341908670820506813e+03 -2.841670241399966926e+03 -1.883101952199157040e+03 8.130000000000000000e+02
7.827860915688348298e-01 6.034590441310685492e+03 -1.904367371455740567e+03 -2.440084144438046678e+03 9.850000000000000000e+02
8.470398945834540783e-01 5.429633012726003471e+03 -1.388315808742129093e+03 -2.585284339951623679e+03 1.183000000000000000e+03
9.096854620527370372e-01 5.088499492415813620e+03 -4.383155311368643083e+02 -2.470810562433994164e+03 1.269000000000000000e+03
9.720789776830213169e-01 5.065743601684835994e+03 3.757251670241723218e+01 -3.980586271938720984e+03 1.537000000000000000e+03
1.034763038959366499e+00 4.875613665974227843e+03 1.469058156782623428e+02 -3.088423697227566208e+03 1.653000000000000000e+03
1.097576444254559247e+00 4.869053481140977965e+03 7.245653961273659434e+02 -3.252756267494599797e+03 1.963000000000000000e+03
1.160543084780093270e+00 4.823534168555888755e+03 9.640366753397296407e+02 -2.972290494018266145e+03 2.121000000000000000e+03
1.223669666537485323e+00 4.761330778834617377e+03 1.232418724187120461e+03 -2.906370929377149878e+03 2.413000000000000000e+03
1.286817263090294094e+00 4.994377807781714182e+03 2.185210894842420657e+03 -1.860927814220216305e+03 2.635000000000000000e+03
1.349500801664080818e+00 4.939030612230086263e+03 2.388218682396635813e+03 -1.298399977173652132e+03 2.877000000000000000e+03
1.411949558842147567e+00 4.938056545760962763e+03 2.427455513016249824e+03 -1.598814705867733892e+03 3.169000000000000000e+03
1.475133575747468395e+00 4.846698812917133182e+03 2.359254220024979531e+03 -5.841970068082877106e+02 3.507000000000000000e+03
1.537865074252268593e+00 4.794411084964526708e+03 2.480792812791810775e+03 7.903316596807644601e+01 3.685000000000000000e+03
1.600657544051110381e+00 4.668378261558888880e+03 1.867559566537442151e+03 -1.270326387963441022e+02 4.165000000000000000e+03
1.663991168687080524e+00 4.692404555011848061e+03 1.664908530027009647e+03 1.863581497722884990e+02 4.377000000000000000e+03
1.727195645776442801e+00 4.616882737840017398e+03 1.316494440746711689e+03 -2.889926217933837194e+01 4.855000000000000000e+03
1.789765213377084718e+00 4.497021022264119892e+03 8.511144571027324446e+02 2.742219698851712337e+02 4.929000000000000000e+03
1.852353690647852158e+00 4.343191145799456535e+03 6.502180850403025261e+02 1.297910175536254940e+02 5.581000000000000000e+03
1.914806787341157390e+00 4.286165832074553691e+03 1.308571813736662364e+02 5.297250527524031440e+02 5.679000000000000000e+03
1.977889868651535599e+00 4.270689957658360981e+03 -9.113534983944408197e+00 4.355860553946369009e+02 6.385000000000000000e+03
2.040937735447724499e+00 4.242378418615575356e+03 -8.501150764387142544e+01 6.852345212249909991e+02 6.553000000000000000e+03
2.103939302609846074e+00 4.173649851972155375e+03 -3.677024236816998837e+01 9.424767221173974576e+02 7.125000000000000000e+03
2.166909709822301799e+00 4.150598444406427006e+03 -2.187933536712630485e+02 7.798756262050948180e+02 7.447000000000000000e+03
2.229700281216152380e+00 4.183358679920429495e+03 -1.267657592813206833e+02 7.268820012357433598e+02 7.929000000000000000e+03
2.292620027086342382e+00 4.199740929427872288e+03 -1.088536670284522927e+02 8.158226314637506675e+02 8.353000000000000000e+03
2.355141508366812353e+00 4.221546482438266139e+03 -3.121682129902424663e+02 8.861763973194196069e+02 8.775000000000000000e+03
2.417910583817858949e+00 4.239308981473915082e+03 -1.341200330869014863e+02 7.760583401485306467e+02 9.313000000000000000e+03
2.480856539439619368e+00 4.230776643617617992e+03 -1.518362222694706531e+02 5.594162242914853778e+02 9.841000000000000000e+03
2.543492256872954549e+00 4.219432610721804849e+03 -1.958990235181155413e+02 8.107299559747735884e+02 1.019100000000000000e+04
2.606334251884805386e+00 4.266272975264146226e+03 3.396314241354889418e+01 8.697190270085836801e+02 1.089700000000000000e+04
2.669257370896960690e+00 4.330623780061994694e+03 -9.465137071357212051e+01 8.461304037928173329e+02 1.130100000000000000e+04
2.732423343141155758e+00 4.443608654169514011e+03 2.852849748710033850e+02 1.031516521234872926e+03 1.202500000000000000e+04
2.795529680084416047e+00 4.543562601589415863e+03 7.091353718006499776e+02 1.352636988621844012e+03 1.242300000000000000e+04
2.858366292314493240e+00 4.669442705238195231e+03 9.231544900226741674e+02 1.755511441653265592e+03 1.302100000000000000e+04
2.920876271394311718e+00 4.770439656578550057e+03 9.946213211765864344e+02 2.032761352270628095e+03 1.340500000000000000e+04
2.983449844439822751e+00 4.979978768618982031e+03 1.447316894658332103e+03 2.731050288964569063e+03 1.424700000000000000e+04
3.046384918400867114e+00 4.989309298102032699e+03 1.478741003181158248e+03 2.062445710143028464e+03 1.427500000000000000e+04
3.109279688161210142e+00 5.063490112975795455e+03 1.299020910513767603e+03 6.515464844204984729e+02 1.410000000000000000e+04
3.172087338483245755e+00 5.033579353725605870e+03 1.162126317094928027e+03 -9.313966182084221828e+02 1.351600000000000000e+04
3.235077053285361881e+00 4.999655620226957581e+03 1.024032808633572586e+03 -2.375568544726961136e+03 1.349200000000000000e+04
3.297974619160294107e+00 4.854705784132119334e+03 8.016347300459525513e+02 -4.037882979705126218e+03 1.270200000000000000e+04
3.360979404794635528e+00 4.848414997068237426e+03 4.474602087131093526e+02 -5.297622115377232149e+03 1.263400000000000000e+04
3.423687966102657132e+00 4.892812792436158816e+03 2.087528535687760893e+02 -6.362499773470095533e+03 1.180200000000000000e+04
3.486367717614779593e+00 4.952177968488895203e+03 1.205122416079454979e+02 -7.097455934164698192e+03 1.159000000000000000e+04
3.549237455189846013e+00 4.947922923500940669e+03 3.205685149571158377e+01 -8.033571173477695993e+03 1.100400000000000000e+04
3.611466567116090154e+00 4.902621797132961547e+03 1.569697128593064122e+02 -8.690336975111702486e+03 1.025800000000000000e+04
3.674175279485516032e+00 4.994007026795217826e+03 2.509873457931810208e+02 -9.541196926376389456e+03 1.013800000000000000e+04
3.737325177637534246e+00 4.979368169367196060e+03 8.754884386615675851e+01 -9.808451939279711951e+03 9.282000000000000000e+03
3.800314856493150373e+00 5.052521812598652104e+03 2.105264301060118441e+02 -1.070789802605493787e+04 8.824000000000000000e+03
3.863228937922256190e+00 5.147665757629072687e+03 2.718395555678765731e+02 -1.134509652060455664e+04 8.130000000000000000e+03
3.925673163149277833e+00 5.212264677482618026e+03 2.369038338020499168e+02 -1.192249090916858950e+04 7.330000000000000000e+03
3.988379144029963186e+00 5.271133005444085029e+03 3.298976185720384819e+02 -1.240741166724599316e+04 6.960000000000000000e+03
4.051365442737894007e+00 5.337666291236343568e+03 2.035689055068430946e+02 -1.294025875136755349e+04 5.944000000000000000e+03
4.114073661208438537e+00 5.512712224007723307e+03 9.985775352515894099e+01 -1.326376928868320101e+04 5.482000000000000000e+03
4.176398926321660099e+00 5.656039228653807186e+03 1.571928317102832295e+02 -1.454495304579202639e+04 4.458000000000000000e+03
4.238428652338137148e+00 5.840952422880143786e+03 1.367283414298210005e+02 -1.569259035744504763e+04 3.892000000000000000e+03
4.301987060447956424e+00 5.863818551940335965e+03 1.529668458793631771e+02 -1.684872389844010468e+04 3.165000000000000000e+03
4.365598466856841497e+00 5.690532382140801019e+03 9.408501034618045367e+01 -1.704870466878019579e+04 2.617000000000000000e+03
4.427107359730706015e+00 5.747279932637212369e+03 -7.828835086871372084e+01 -1.749079404175160016e+04 2.037000000000000000e+03
4.489602987092925268e+00 5.746439272695730324e+03 -1.202727990708606995e+02 -1.806455613209682997e+04 1.831000000000000000e+03
4.554125500073445743e+00 5.763070387530619882e+03 -3.096289191426916432e+02 -1.827716920182693138e+04 1.435000000000000000e+03
4.616430240049651523e+00 5.586945763271271062e+03 -1.927368698311371986e+02 -1.815028559975266762e+04 1.119000000000000000e+03
4.677252312221349406e+00 5.584332786238692279e+03 -1.243915563232887251e+02 -1.851189716784728807e+04 8.800000000000000000e+02
4.741981513824780059e+00 5.320229011622386679e+03 -1.585428657236175809e+02 -1.789018224375653881e+04 7.470000000000000000e+02
4.809273072599613563e+00 5.624402891591096704e+03 -1.818318075121747199e+02 -1.908161324869381860e+04 5.200000000000000000e+02
4.871546600533164906e+00 6.278489715593261280e+03 -1.345407290049016353e+02 -2.150752116524658049e+04 3.280000000000000000e+02
4.925260063653622566e+00 6.454714537423130423e+03 -8.419790431790035257e+01 -2.223015374373415762e+04 2.160000000000000000e+02
4.988369355351538026e+00 6.187835520099080895e+03 4.731842519138616865e+01 -2.158220751941876733e+04 1.720000000000000000e+02
5.058296331193474771e+00 6.883739344147803422e+03 1.494706312295886619e+02 -2.417709259630652014e+04 8.400000000000000000e+01
5.124330000078495928e+00 8.905666663974307085e+03 5.281773842239731920e+01 -3.119072448718107262e+04 2.500000000000000000e+01
5.169965902813741465e+00 1.946063347691794479e+04 1.064268084326624475e+01 -6.802962789679126581e+04 6.000000000000000000e+00
5.223742168994547797e+00 4.008885544317308813e+04 0.000000000000000000e+00 -1.403109940511057794e+05 1.000000000000000000e+00
