8.899641224696955288e-02 9.937641525788158178e+05 2.769629116503297723e+02 -4.616281937121289666e+05 1.300000000000000000e+01
1.507912216506557823e-01 9.826254763737646863e+05 1.315933370545113576e+03 1.456568985837046930e+05 3.300000000000000000e+01
2.144790186456836945e-01 9.652714652878813213e+05 2.481984388084476450e+03 -1.917807320760143921e+05 7.900000000000000000e+01
2.783660776489276789e-01 9.423939107295089634e+05 4.261048832598724402e+03 -3.964532225174557243e+04 1.170000000000000000e+02
3.435099785803411021e-01 9.136210845159494784e+05 6.375300911184877805e+03 -5.492281620160629973e+04 2.050000000000000000e+02
4.047886761425745772e-01 8.822343071460239589e+05 8.870183403896782693e+03 6.530280173295608256e+04 2.350000000000000000e+02
4.676716683575679601e-01 8.460298418508187169e+05 1.098439238465336166e+04 -6.428272830005443393e+04 3.690000000000000000e+02
5.308225101765952081e-01 8.062730653686375590e+05 1.376164821968052092e+04 2.409724834676396767e+03 4.330000000000000000e+02
5.945362440940590298e-01 7.633640505931213265e+05 1.624673528123712640e+04 -1.694957781656798034e+04 5.850000000000000000e+02
6.576224814588792489e-01 7.186645389508884400e+05 1.944241185274894087e+04 5.661213674168665602e+04 6.790000000000000000e+02
7.196632906698736676e-01 6.737078080646317685e+05 2.076755604740294439e+04 -5.897523905559386913e+04 8.130000000000000000e+02
7.827860915688348298e-01 6.272022063285063487e+05 2.309936810259645426e+04 -7.561492366648543975e+04 9.850000000000000000e+02
8.470398945834540783e-01 5.792201809743719641e+05 2.589802624329131868e+04 2.569994435200862063e+04 1.183000000000000000e+03
9.096854620527370372e-01 5.335380194008634426e+05 2.754754980959144450e+04 -9.642283029561313015e+03 1.269000000000000000e+03
9.720789776830213169e-01 4.893787477529532625e+05 2.892982585339630896e+04 -4.660304891408605909e+04 1.537000000000000000e+03
1.034763038959366499e+00 4.463196329071705113e+05 2.993205171302453891e+04 -3.936699730506000196e+04 1.653000000000000000e+03
1.097576444254559247e+00 4.054686657480934518e+05 3.190306351591800194e+04 -4.707098643699514651e+04 1.963000000000000000e+03
1.160543084780093270e+00 3.670379197236644686e+05 3.254138724266726422e+04 -5.691066965576927760e+04 2.121000000000000000e+03
1.223669666537485323e+00 3.313933267213671934e+05 3.373276522746751289e+04 -6.626353277066934970e+04 2.413000000000000000e+03
1.286817263090294094e+00 2.991803835898696561e+05 3.468133974834265246e+04 -8.510518475932223373e+04 2.635000000000000000e+03
1.349500801664080818e+00 2.690367172137983725e+05 3.653418859991738282e+04 -6.924706719926731603e+04 2.877000000000000000e+03
1.411949558842147567e+00 2.441808865210340300e+05 3.782150821025273763e+04 -9.926360725600637670e+04 3.169000000000000000e+03
1.475133575747468395e+00 2.212661353557275143e+05 3.950913205588710116e+04 -1.049792411973954877e+05 3.507000000000000000e+03
1.537865074252268593e+00 2.022455576248144207e+05 4.212483233794957050e+04 -1.178069392557134415e+05 3.685000000000000000e+03
1.600657544051110381e+00 1.852609203034706588e+05 4.494864523241795541e+04 -1.175701548464582302e+05 4.165000000000000000e+03
1.663991168687080524e+00 1.715652464289772615e+05 4.778390502018161351e+04 -1.264105440553102962e+05 4.377000000000000000e+03
1.727195645776442801e+00 1.616951142245964729e+05 5.201450131349892763e+04 -1.391234620550717518e+05 4.855000000000000000e+03
1.789765213377084718e+00 1.523960519017771585e+05 5.655037400618178799e+04 -1.368008181015240552e+05 4.929000000000000000e+03
1.852353690647852158e+00 1.474364398079059611e+05 6.189704675257804047e+04 -1.480287799183311581e+05 5.581000000000000000e+03
1.914806787341157390e+00 1.421572227535178536e+05 6.717694056854072551e+04 -1.463851645432218502e+05 5.679000000000000000e+03
1.977889868651535599e+00 1.404634958701876458e+05 7.356116129885191913e+04 -1.520241815782508638e+05 6.385000000000000000e+03
2.040937735447724499e+00 1.381013114243925666e+05 8.025470292391274415e+04 -1.470286649925837701e+05 6.553000000000000000e+03
2.103939302609846074e+00 1.376699701407122193e+05 8.711588422915924457e+04 -1.450212950951015519e+05 7.125000000000000000e+03
2.166909709822301799e+00 1.386513409711721761e+05 9.389787196144122572e+04 -1.465016142414741626e+05 7.447000000000000000e+03
2.229700281216152380e+00 1.392925806100174959e+05 1.015626987676078716e+05 -1.375344812691723055e+05 7.929000000000000000e+03
2.292620027086342382e+00 1.410843224830791005e+05 1.083939078859905858e+05 -1.343085020059148374e+05 8.353000000000000000e+03
2.355141508366812353e+00 1.419956524258120335e+05 1.149715089710872999e+05 -1.249081163527009630e+05 8.775000000000000000e+03
2.417910583817858949e+00 1.436862245447969763e+05 1.223899101482077094e+05 -1.125302582197688171e+05 9.313000000000000000e+03
2.480856539439619368e+00 1.460031521177575341e+05 1.278639443903559004e+05 -1.081424031710395211e+05 9.841000000000000000e+03
2.543492256872954549e+00 1.472701757015801268e+05 1.339340331208100833e+05 -9.121947654135506309e+04 1.019100000000000000e+04
2.606334251884805386e+00 1.495944699180641328e+05 1.379388458387045830e+05 -8.584447336897348578e+04 1.089700000000000000e+04
2.669257370896960690e+00 1.513878462834781967e+05 1.421473863077874703e+05 -7.291309847103258653e+04 1.130100000000000000e+04
2.732423343141155758e+00 1.532151764113327663e+05 1.472370579808498442e+05 -5.534548720838339796e+04 1.202500000000000000e+04
2.795529680084416047e+00 1.556338627138677984e+05 1.499186846876451164e+05 -4.521604485532714898e+04 1.242300000000000000e+04
2.858366292314493240e+00 1.582388932376407320e+05 1.520749862008652708e+05 -3.156551540253985149e+04 1.302100000000000000e+04
2.920876271394311718e+00 1.614281056372488092e+05 1.559349726598901616e+05 -1.839031878482811953e+04 1.340500000000000000e+04
2.983449844439822751e+00 1.649543294872891565e+05 1.578863596121308510e+05 -5.072950169545038989e+03 1.424700000000000000e+04
3.046384918400867114e+00 1.679387341110809357e+05 1.491288307483589742e+05 -3.946291335628009983e+04 1.427500000000000000e+04
3.109279688161210142e+00 1.702991765580952924e+05 1.279493164400212845e+05 -1.127305831811502285e+05 1.410000000000000000e+04
3.172087338483245755e+00 1.746747941543833585e+05 1.126825334823127341e+05 -1.729204562963903300e+05 1.351600000000000000e+04
3.235077053285361881e+00 1.811569534596735029e+05 1.017098283250639070e+05 -2.253653000002967892e+05 1.349200000000000000e+04
3.297974619160294107e+00 1.881214441282206099e+05 9.359856027097936021e+04 -2.796351368044940755e+05 1.270200000000000000e+04
3.360979404794635528e+00 1.970944112164753024e+05 9.223541505820905149e+04 -3.331750938960470958e+05 1.263400000000000000e+04
3.423687966102657132e+00 2.064565642566969327e+05 9.258988517601213243e+04 -3.819381238065683865e+05 1.180200000000000000e+04
3.486367717614779593e+00 2.165668823890412750e+05 9.729993433617553092e+04 -4.400447521557618747e+05 1.159000000000000000e+04
3.549237455189846013e+00 2.266456365494045313e+05 1.054346052791636903e+05 -4.993306362791779684e+05 1.100400000000000000e+04
3.611466567116090154e+00 2.353087991408919042e+05 1.119728885681055253e+05 -5.569019758728792658e+05 1.025800000000000000e+04
3.674175279485516032e+00 2.487425289046191610e+05 1.274923056875138136e+05 -6.270232829404341755e+05 1.013800000000000000e+04
3.737325177637534246e+00 2.564223348733088060e+05 1.369523566132060660e+05 -6.864354995512877358e+05 9.282000000000000000e+03
3.800314856493150373e+00 2.671028051161064068e+05 1.523293829122200259e+05 -7.555210581059266115e+05 8.824000000000000000e+03
3.863228937922256190e+00 2.768602131925185677e+05 1.652492704968607286e+05 -8.147128439947991865e+05 8.130000000000000000e+03
3.925673163149277833e+00 2.819735739267911413e+05 1.734655814630619134e+05 -8.655265611905823462e+05 7.330000000000000000e+03
3.988379144029963186e+00 2.954495402406463400e+05 1.948943281471198134e+05 -9.383178100327126449e+05 6.960000000000000000e+03
4.051365442737894007e+00 2.875620372891533189e+05 1.838227856489297701e+05 -9.381844768461007625e+05 5.944000000000000000e+03
4.114073661208438537e+00 3.022380836449730559e+05 2.047430766354265506e+05 -1.008575571145516587e+06 5.482000000000000000e+03
4.176398926321660099e+00 2.818165943622596678e+05 1.741683038993338123e+05 -9.541797342111164471e+05 4.458000000000000000e+03
4.238428652338137148e+00 2.638537310793582583e+05 1.458276674102359975e+05 -9.032544181608023355e+05 3.892000000000000000e+03
4.301987060447956424e+00 2.337557940873264743e+05 9.855379427232695161e+04 -8.048212565015715081e+05 3.165000000000000000e+03
4.365598466856841497e+00 2.230030074872473197e+05 7.506477416715810250e+04 -7.725450237227352336e+05 2.617000000000000000e+03
4.427107359730706015e+00 2.231211757663895842e+05 6.203578951170339133e+04 -7.765226237802405376e+05 2.037000000000000000e+03
4.489602987092925268e+00 2.306976479247687676e+05 5.019838324034123070e+04 -8.049032372559898067e+05 1.831000000000000000e+03
4.554125500073445743e+00 2.467307366621883120e+05 4.295540463683951384e+04 -8.614594841103794752e+05 1.435000000000000000e+03
4.616430240049651523e+00 2.701659129098074045e+05 3.603962933595803770e+04 -9.415626676981636556e+05 1.119000000000000000e+03
4.677252312221349406e+00 2.993644668883582344e+05 3.043798847797632334e+04 -1.041803911550766788e+06 8.800000000000000000e+02
4.741981513824780059e+00 3.400256664282719721e+05 2.212361842450844415e+04 -1.182984644719485426e+06 7.470000000000000000e+02
4.809273072599613563e+00 3.912762128238322330e+05 1.632468876941397320e+04 -1.361437399843632476e+06 5.200000000000000000e+02
4.871546600533164906e+00 4.479466364734785748e+05 1.279900382335073118e+04 -1.559203345121551771e+06 3.280000000000000000e+02
4.925260063653622566e+00 5.047865012867967016e+05 1.010980149785412141e+04 -1.756312520669277292e+06 2.160000000000000000e+02
4.988369355351538026e+00 5.847473998867605114e+05 4.608986389509205765e+03 -2.038987584481716156e+06 1.720000000000000000e+02
5.058296331193474771e+00 6.870837820845916867e+05 2.067713346462082427e+03 -2.399162063484111335e+06 8.400000000000000000e+01
5.124330000078495928e+00 8.003389566578444792e+05 6.250129906948466214e+02 -2.798036407016186044e+06 2.500000000000000000e+01
5.169965902813741465e+00 8.888887045301715843e+05 4.803861110908230785e+02 -3.107912423243274447e+06 6.000000000000000000e+00
5.223742168994547797e+00 1.006112828850746155e+06 0.000000000000000000e+00 -3.521394900977610610e+06 1.000000000000000000e+00
