8.899641224696955288e-02 3.934285070273102610e+04 -3.368817374686403491e+04 1.484921443259650550e+04 1.300000000000000000e+01
1.507912216506557823e-01 2.939384982759340346e+04 -9.070758881282052243e+03 2.950635996414582769e+04 3.300000000000000000e+01
2.144790186456836945e-01 2.179662462382894228e+04 1.656494924026735589e+03 3.158857373679788452e+03 7.900000000000000000e+01
2.783660776489276789e-01 1.985182192980249965e+04 -5.937961612028600939e+03 -1.324839590764777313e+03 1.170000000000000000e+02
3.435099785803411021e-01 1.539586024559555153e+04 -5.537084051664844083e+03 -1.728575487308440415e+03 2.050000000000000000e+02
4.047886761425745772e-01 1.260326122441322150e+04 -4.243284644936023142e+03 -1.441341496287449218e+02 2.350000000000000000e+02
4.676716683575679601e-01 1.045623834365818584e+04 -5.707568763422313168e+03 -3.500000860733865920e+03 3.690000000000000000e+02
5.308225101765952081e-01 8.923178949253991959e+03 -3.724716050180942148e+03 -2.045798966372463155e+03 4.330000000000000000e+02
5.945362440940590298e-01 7.385516043412941144e+03 -3.751720436120101112e+03 -1.037077438903524126e+03 5.850000000000000000e+02
6.576224814588792489e-01 6.370049465961762508e+03 -3.107462446972922407e+03 8.481855977434682927e+02 6.790000000000000000e+02
7.196632906698736676e-01 5.676246907335063952e+03 -3.077963592445092218e+03 -8.064417191000643470e+02 8.130000000000000000e+02
7.827860915688348298e-01 5.351919787004320824e+03 -2.053089656524490238e+03 -1.840073468165541726e+03 9.850000000000000000e+02
8.470398945834540783e-01 4.862709817722896332e+03 -9.663849592958010817e+02 -1.519157345993311537e+03 1.183000000000000000e+03
9.096854620527370372e-01 4.625070028884118074e+03 -4.072112991330147906e+02 -2.154976176633821524e+03 1.269000000000000000e+03
9.720789776830213169e-01 4.694173029527012659e+03 1.545127912733497340e+02 -3.406452443000659514e+03 1.537000000000000000e+03
1.034763038959366499e+00 4.590664734896176924e+03 -3.304311588870901062e+01 -2.546218356906676945e+03 1.653000000000000000e+03
1.097576444254559247e+00 4.402250681743401401e+03 2.584103587635561894e+02 -3.353039511783260423e+03 1.963000000000000000e+03
1.160543084780093270e+00 4.348872290849029014e+03 6.421377618196195272e+02 -2.982505616536920570e+03 2.121000000000000000e+03
1.223669666537485323e+00 4.315611261472990009e+03 6.176832641175988101e+02 -3.072975060765260878e+03 2.413000000000000000e+03
1.286817263090294094e+00 4.489605910140130618e+03 1.480107367263829246e+03 -2.534058539512123843e+03 2.635000000000000000e+03
1.349500801664080818e+00 4.395798304424663911e+03 1.539400001190089824e+03 -2.277379822084973966e+03 2.877000000000000000e+03
1.411949558842147567e+00 4.542243360099980237e+03 1.702280406253542878e+03 -2.079331642356160501e+03 3.169000000000000000e+03
1.475133575747468395e+00 4.498362771427438020e+03 1.948458399888543454e+03 -1.030541547712576175e+03 3.507000000000000000e+03
1.537865074252268593e+00 4.498632524857402132e+03 2.028491752057966778e+03 -5.104530274166185677e+02 3.685000000000000000e+03
1.600657544051110381e+00 4.495613137654647289e+03 1.689857635650160319e+03 -4.252678322192221003e+02 4.165000000000000000e+03
1.663991168687080524e+00 4.562135133442326151e+03 1.790858823809598789e+03 4.354402587883656111e+02 4.377000000000000000e+03
1.727195645776442801e+00 4.449044129901485576e+03 1.329831030895919866e+03 -1.077616960903628751e+02 4.855000000000000000e+03
1.789765213377084718e+00 4.370780274073631517e+03 1.237237543244667449e+03 4.746995714759855787e+02 4.929000000000000000e+03
1.852353690647852158e+00 4.250460481704529229e+03 8.013311475402836095e+02 9.522319141889381910e+01 5.581000000000000000e+03
1.914806787341157390e+00 4.297569425455455530e+03 3.215985706265328758e+02 3.258536267634629553e+02 5.679000000000000000e+03
1.977889868651535599e+00 4.160728262083945083e+03 5.739379949184712615e+01 1.989122328215822222e+02 6.385000000000000000e+03
2.040937735447724499e+00 4.105072741334578495e+03 1.725471742298284994e+02 2.707406466708033577e+02 6.553000000000000000e+03
2.103939302609846074e+00 4.128622452875868476e+03 2.033738964382581003e+02 6.329373369836720258e+02 7.125000000000000000e+03
2.166909709822301799e+00 4.216506229939557670e+03 1.166610277478229651e+00 4.579601290385952552e+02 7.447000000000000000e+03
2.229700281216152380e+00 4.183110547532462988e+03 3.391098789695101345e+01 7.095465567909637912e+02 7.929000000000000000e+03
2.292620027086342382e+00 4.310735749642894916e+03 -2.550611816530750176e+01 5.395469871675175000e+02 8.353000000000000000e+03
2.355141508366812353e+00 4.359500647716102321e+03 1.824178852601105802e+02 1.019824603939369808e+03 8.775000000000000000e+03
2.417910583817858949e+00 4.392122718796785193e+03 2.086018179979082277e+02 9.823750196501260916e+02 9.313000000000000000e+03
2.480856539439619368e+00 4.332379356307905255e+03 -7.118802311064085586e+01 8.032563067190503716e+02 9.841000000000000000e+03
2.543492256872954549e+00 4.397859161158616189e+03 6.839429714203538069e+00 9.629016439421898212e+02 1.019100000000000000e+04
2.606334251884805386e+00 4.506620971240177823e+03 -1.127999988405075626e+01 6.652325631304690887e+02 1.089700000000000000e+04
2.669257370896960690e+00 4.582313413481276257e+03 -7.634073410302515583e+01 2.385876462362426480e+02 1.130100000000000000e+04
2.732423343141155758e+00 4.707510753018152172e+03 2.055761249068883956e+02 2.388398269446407198e+02 1.202500000000000000e+04
2.795529680084416047e+00 4.935733876183828215e+03 4.321878684543342501e+02 1.893572713314198381e+02 1.242300000000000000e+04
2.858366292314493240e+00 5.151022232488975533e+03 6.187587977179749714e+02 3.731578288367516620e+02 1.302100000000000000e+04
2.920876271394311718e+00 5.357497701477030205e+03 7.348604757256838411e+02 3.468334428916784873e+02 1.340500000000000000e+04
2.983449844439822751e+00 5.603915429224630316e+03 9.826571023804931428e+02 9.937668977949412010e+02 1.424700000000000000e+04
3.046384918400867114e+00 5.823336899154701314e+03 1.295015661399408145e+03 4.413871635704741720e+02 1.427500000000000000e+04
3.109279688161210142e+00 6.028022550618484274e+03 1.626688145962650196e+03 -9.071491602478932919e+02 1.410000000000000000e+04
3.172087338483245755e+00 6.087743853456056968e+03 2.020050725851299603e+03 -2.448059453682442836e+03 1.351600000000000000e+04
3.235077053285361881e+00 6.190370137997713755e+03 2.035198530533498570e+03 -4.503017163755398542e+03 1.349200000000000000e+04
3.297974619160294107e+00 6.060507287437205378e+03 1.794375747966338849e+03 -6.243446611668265177e+03 1.270200000000000000e+04
3.360979404794635528e+00 6.093716277529394574e+03 1.711999904068369460e+03 -7.600996186866179414e+03 1.263400000000000000e+04
3.423687966102657132e+00 6.088108365778806728e+03 1.788163385191116049e+03 -9.000756044622783520e+03 1.180200000000000000e+04
3.486367717614779593e+00 6.118298237754656839e+03 1.729327096408689158e+03 -1.026231373783674280e+04 1.159000000000000000e+04
3.549237455189846013e+00 6.149775598884312785e+03 1.487226976981877669e+03 -1.121012022777441962e+04 1.100400000000000000e+04
3.611466567116090154e+00 6.235056651062327546e+03 1.338114961312021933e+03 -1.244792830269255683e+04 1.025800000000000000e+04
3.674175279485516032e+00 6.410755374109537115e+03 1.175487263434211854e+03 -1.353450315459713238e+04 1.013800000000000000e+04
3.737325177637534246e+00 6.610754391970034703e+03 1.124789425183429103e+03 -1.475335661175671703e+04 9.282000000000000000e+03
3.800314856493150373e+00 6.792613594851713060e+03 1.259454026330628494e+03 -1.599253807447614963e+04 8.824000000000000000e+03
3.863228937922256190e+00 6.930096277585153985e+03 1.298208457317600732e+03 -1.701734409624503314e+04 8.130000000000000000e+03
3.925673163149277833e+00 7.170431049056041957e+03 1.405535398630343479e+03 -1.861322446360056347e+04 7.330000000000000000e+03
3.988379144029963186e+00 7.879298283057100889e+03 1.864634273917346491e+03 -2.106700005084467921e+04 6.960000000000000000e+03
4.051365442737894007e+00 8.156282983934332151e+03 1.767132256091066665e+03 -2.267356099535784233e+04 5.944000000000000000e+03
4.114073661208438537e+00 8.969035245013867097e+03 2.245160494386942901e+03 -2.559484060671279804e+04 5.482000000000000000e+03
4.176398926321660099e+00 9.548044822177707829e+03 2.156097527056231229e+03 -2.826587910071150327e+04 4.458000000000000000e+03
4.238428652338137148e+00 1.034218698923970260e+04 1.770174541420640935e+03 -3.127283708387812658e+04 3.892000000000000000e+03
4.301987060447956424e+00 1.108854765748397404e+04 1.256055033845272646e+03 -3.448705663961740356e+04 3.165000000000000000e+03
4.365598466856841497e+00 1.287832204303268918e+04 7.816356788980073134e+02 -4.051893055763776647e+04 2.617000000000000000e+03
4.427107359730706015e+00 1.476582200085650038e+04 1.071154998912592646e+03 -4.753683493657583313e+04 2.037000000000000000e+03
4.489602987092925268e+00 1.738139431149391385e+04 2.559422285385693669e+02 -5.593747804454069410e+04 1.831000000000000000e+03
4.554125500073445743e+00 1.915223322096857009e+04 8.239316239545456710e+01 -6.230587565685198206e+04 1.435000000000000000e+03
4.616430240049651523e+00 2.170725544198110219e+04 -4.895292283456448104e+02 -7.097965945985830331e+04 1.119000000000000000e+03
4.677252312221349406e+00 2.312163989383101216e+04 5.404647315044726952e+01 -7.726632734237429395e+04 8.800000000000000000e+02
4.741981513824780059e+00 2.379074602787124604e+04 -1.649923309768153104e+02 -8.042369245354828308e+04 7.470000000000000000e+02
4.809273072599613563e+00 2.472136854202079121e+04 6.691519621205824251e+02 -8.520850715671660146e+04 5.200000000000000000e+02
4.871546600533164906e+00 2.633593747864012767e+04 1.620082283266952743e+02 -9.064064656828649458e+04 3.280000000000000000e+02
4.925260063653622566e+00 2.930832388473074752e+04 4.748073133207519163e+02 -1.016096557801196323e+05 2.160000000000000000e+02
4.988369355351538026e+00 2.482188082070155724e+04 -2.887332837460518249e+02 -8.588252785801212303e+04 1.720000000000000000e+02
5.058296331193474771e+00 2.228716924963658676e+04 2.222270304140291159e+02 -7.794053019444382517e+04 8.400000000000000000e+01
5.124330000078495928e+00 2.144789751987963973e+04 4.475550542500840265e+02 -7.540598445549175085e+04 2.500000000000000000e+01
5.169965902813741465e+00 2.409067424889660469e+04 4.208414641069593358e+02 -8.465669579847046407e+04 6.000000000000000000e+00
5.223742168994547797e+00 8.026395354142499855e+03 0.000000000000000000e+00 -2.809238373949874585e+04 1.000000000000000000e+00
