8.899641224696955288e-02 3.242645984600285883e+05 -1.007570813722234889e+05 -4.259178679106048367e+04 1.300000000000000000e+01
1.507912216506557823e-01 2.851420946262833313e+05 -2.076733980419606814e+04 3.855465021037905535e+04 3.300000000000000000e+01
2.144790186456836945e-01 2.631485316627906286e+05 -3.197561629550412545e+04 -6.847215881341857312e+04 7.900000000000000000e+01
2.783660776489276789e-01 2.424396690154779353e+05 -5.342007159661767218e+04 -6.531944689766925876e+03 1.170000000000000000e+02
3.435099785803411021e-01 2.135755096584296844e+05 -6.087426483548960096e+04 -7.508772022566256055e+03 2.050000000000000000e+02
4.047886761425745772e-01 1.906965825288690103e+05 -7.131924166310649889e+04 2.381586369292208929e+03 2.350000000000000000e+02
4.676716683575679601e-01 1.655646896499241993e+05 -7.636586053267425450e+04 -1.723530938875113497e+04 3.690000000000000000e+02
5.308225101765952081e-01 1.446039663025072659e+05 -8.238267914695810759e+04 -7.461666228276768379e+03 4.330000000000000000e+02
5.945362440940590298e-01 1.232272286195134075e+05 -8.274602072464520461e+04 -2.636615765855264726e+03 5.850000000000000000e+02
6.576224814588792489e-01 1.028095928652923612e+05 -9.088515128471356002e+04 1.066813870207861146e+04 6.790000000000000000e+02
7.196632906698736676e-01 8.928405469223267573e+04 -7.653879504162803642e+04 -1.174504207808606225e+04 8.130000000000000000e+02
7.827860915688348298e-01 8.276098537408409175e+04 -6.459270609179404710e+04 -2.014525072621274740e+04 9.850000000000000000e+02
8.470398945834540783e-01 7.297046532571643183e+04 -5.760272229848743882e+04 -6.211765357781580860e+03 1.183000000000000000e+03
9.096854620527370372e-01 6.886580897033293149e+04 -4.679913447244415875e+04 -1.814368940936035870e+04 1.269000000000000000e+03
9.720789776830213169e-01 6.553459737708680041e+04 -3.631770093856732274e+04 -2.351426640522539674e+04 1.537000000000000000e+03
1.034763038959366499e+00 6.226875239465199411e+04 -2.912997586277719893e+04 -2.624822529567005040e+04 1.653000000000000000e+03
1.097576444254559247e+00 6.038552267972601112e+04 -1.824658388742747775e+04 -2.802500384098851282e+04 1.963000000000000000e+03
1.160543084780093270e+00 6.054948820186662488e+04 -1.174160267857493272e+04 -3.846725212696156814e+04 2.121000000000000000e+03
1.223669666537485323e+00 6.260231807873658545e+04 -3.025486588186761310e+03 -4.518010832508513704e+04 2.413000000000000000e+03
1.286817263090294094e+00 6.521090562025488180e+04 6.225250941638312725e+03 -5.105122958247662609e+04 2.635000000000000000e+03
1.349500801664080818e+00 6.451287813338803971e+04 7.729161765044143976e+03 -4.394958360305118549e+04 2.877000000000000000e+03
1.411949558842147567e+00 6.643171011812936922e+04 1.464560462257974177e+04 -4.463020143820031080e+04 3.169000000000000000e+03
1.475133575747468395e+00 6.759683782748013618e+04 1.810741101160047037e+04 -3.966772618463481194e+04 3.507000000000000000e+03
1.537865074252268593e+00 6.779707421352207894e+04 2.134524493373143923e+04 -2.971318939390318701e+04 3.685000000000000000e+03
1.600657544051110381e+00 6.680284716636651137e+04 2.481131450742962261e+04 -1.658829827524832581e+04 4.165000000000000000e+03
1.663991168687080524e+00 6.669244025267449615e+04 2.543176568346472777e+04 -1.028186889449473347e+04 4.377000000000000000e+03
1.727195645776442801e+00 6.533494722387693037e+04 2.582169607710909986e+04 -4.855288876999173226e+03 4.855000000000000000e+03
1.789765213377084718e+00 6.420980874600919924e+04 2.562386857334311571e+04 6.611900959407764276e+03 4.929000000000000000e+03
1.852353690647852158e+00 6.158854065883759176e+04 2.223401289501242718e+04 1.157892660378076289e+04 5.581000000000000000e+03
1.914806787341157390e+00 6.062647360040686908e+04 2.261802817229477660e+04 1.548949560132873194e+04 5.679000000000000000e+03
1.977889868651535599e+00 5.886077041542387451e+04 2.005826955325068775e+04 1.303795988694591506e+04 6.385000000000000000e+03
2.040937735447724499e+00 5.753202631185862992e+04 1.837646973444919422e+04 1.342285644555046383e+04 6.553000000000000000e+03
2.103939302609846074e+00 5.626770733741739241e+04 1.609412302034228560e+04 1.125076479936608303e+04 7.125000000000000000e+03
2.166909709822301799e+00 5.550660462734346220e+04 1.324330648474450390e+04 7.104942398883544229e+03 7.447000000000000000e+03
2.229700281216152380e+00 5.434988649846915359e+04 1.059547540945004403e+04 3.670055646532651281e+03 7.929000000000000000e+03
2.292620027086342382e+00 5.361577854601677973e+04 8.385832122667565272e+03 3.234094380007808923e+03 8.353000000000000000e+03
2.355141508366812353e+00 5.250783480469221831e+04 7.227974763479164722e+03 4.404828645807296198e+03 8.775000000000000000e+03
2.417910583817858949e+00 5.219186591232375213e+04 7.017339955677653961e+03 5.007806310807585760e+03 9.313000000000000000e+03
2.480856539439619368e+00 5.187280172795923136e+04 5.816550863795880105e+03 3.423347006004205014e+03 9.841000000000000000e+03
2.543492256872954549e+00 5.139524429800229700e+04 5.738051669803947334e+03 6.532808853509505752e+03 1.019100000000000000e+04
2.606334251884805386e+00 5.088675036146723141e+04 5.331451318682989950e+03 6.143903773472912690e+03 1.089700000000000000e+04
2.669257370896960690e+00 5.176558614832984313e+04 6.719054219257252043e+03 4.777892410753148397e+03 1.130100000000000000e+04
2.732423343141155758e+00 5.201470638535400940e+04 7.083728707886732082e+03 8.172719913255411484e+03 1.202500000000000000e+04
2.795529680084416047e+00 5.303308906236990879e+04 9.298442091143455400e+03 8.911268801176953275e+03 1.242300000000000000e+04
2.858366292314493240e+00 5.395155297371559573e+04 1.021308504310387798e+04 5.981340098877852142e+03 1.302100000000000000e+04
2.920876271394311718e+00 5.496046465802199964e+04 1.121911726292311323e+04 9.018121908096749394e+03 1.340500000000000000e+04
2.983449844439822751e+00 5.686915693032970739e+04 1.357248846006368694e+04 1.065849987497546499e+04 1.424700000000000000e+04
3.046384918400867114e+00 5.861027077721492969e+04 1.512946194315875982e+04 5.155884504688447123e+03 1.427500000000000000e+04
3.109279688161210142e+00 5.952231587318300444e+04 2.091284987409928362e+04 -8.145367675422156026e+03 1.410000000000000000e+04
3.172087338483245755e+00 5.915629586910788930e+04 2.735590727855280784e+04 -2.560344729347391694e+04 1.351600000000000000e+04
3.235077053285361881e+00 5.891257291677778267e+04 3.022857396773527216e+04 -4.224643929833208676e+04 1.349200000000000000e+04
3.297974619160294107e+00 5.854015615973848617e+04 3.001367491144340602e+04 -6.145902041817107965e+04 1.270200000000000000e+04
3.360979404794635528e+00 5.845560349088408111e+04 2.819522617130942308e+04 -7.971328115476290986e+04 1.263400000000000000e+04
3.423687966102657132e+00 5.982480198061047122e+04 2.835434149339179930e+04 -9.636270513408843544e+04 1.180200000000000000e+04
3.486367717614779593e+00 6.011456661440982862e+04 2.757079435549829577e+04 -1.100738356745313067e+05 1.159000000000000000e+04
3.549237455189846013e+00 6.110194993357852945e+04 2.896946656115193764e+04 -1.256605034317165846e+05 1.100400000000000000e+04
3.611466567116090154e+00 6.211917027117146790e+04 2.917883495419842802e+04 -1.392717725704988698e+05 1.025800000000000000e+04
3.674175279485516032e+00 6.254819138474080682e+04 2.929394106821455716e+04 -1.490811842356639390e+05 1.013800000000000000e+04
3.737325177637534246e+00 6.282960572775610490e+04 2.816859723628193387e+04 -1.595002097795823356e+05 9.282000000000000000e+03
3.800314856493150373e+00 6.248301324053794815e+04 2.644539932188582316e+04 -1.658813241785825812e+05 8.824000000000000000e+03
3.863228937922256190e+00 6.163761232552557340e+04 2.489842705563168784e+04 -1.679602274721808790e+05 8.130000000000000000e+03
3.925673163149277833e+00 5.969841950290175737e+04 2.205130386907629872e+04 -1.671269814787965734e+05 7.330000000000000000e+03
3.988379144029963186e+00 5.774828880083961121e+04 2.049653128399655543e+04 -1.647304584086220129e+05 6.960000000000000000e+03
4.051365442737894007e+00 5.628300716013857891e+04 1.763467136924937222e+04 -1.640179455994544842e+05 5.944000000000000000e+03
4.114073661208438537e+00 5.600658762940383895e+04 1.719755197939465870e+04 -1.655137742201007786e+05 5.482000000000000000e+03
4.176398926321660099e+00 5.527356520407838980e+04 1.505676436497555551e+04 -1.678539529399847670e+05 4.458000000000000000e+03
4.238428652338137148e+00 5.577506380375348090e+04 1.390408018733602694e+04 -1.730688360981513397e+05 3.892000000000000000e+03
4.301987060447956424e+00 5.683538538612055709e+04 1.290258801774216226e+04 -1.829489100893435243e+05 3.165000000000000000e+03
4.365598466856841497e+00 5.834844405008027388e+04 1.280138021861391280e+04 -1.937157053008747462e+05 2.617000000000000000e+03
4.427107359730706015e+00 6.029051500615121040e+04 1.326697071804075676e+04 -2.050487001768418413e+05 2.037000000000000000e+03
4.489602987092925268e+00 6.051551640888458496e+04 1.067741902470166497e+04 -2.076451783882214804e+05 1.831000000000000000e+03
4.554125500073445743e+00 6.166104021173765796e+04 8.740542091567494936e+03 -2.123925049345383886e+05 1.435000000000000000e+03
4.616430240049651523e+00 6.245898834954164340e+04 7.858995054667039767e+03 -2.169076164410657948e+05 1.119000000000000000e+03
4.677252312221349406e+00 6.668285210420134536e+04 7.939035771859445958e+03 -2.334921172367249965e+05 8.800000000000000000e+02
4.741981513824780059e+00 7.448246680838553584e+04 7.380030290483932731e+03 -2.624281221244228655e+05 7.470000000000000000e+02
4.809273072599613563e+00 8.806378528477974760e+04 6.802766377506666686e+03 -3.105049536185244215e+05 5.200000000000000000e+02
4.871546600533164906e+00 1.049974339508578851e+05 6.312126839954058596e+03 -3.697042940917047672e+05 3.280000000000000000e+02
4.925260063653622566e+00 1.227860933641622105e+05 6.695770875762210380e+03 -4.320199479639244964e+05 2.160000000000000000e+02
4.988369355351538026e+00 1.606479902566025557e+05 4.144860686581489063e+03 -5.633414179724538699e+05 1.720000000000000000e+02
5.058296331193474771e+00 2.081720739872957056e+05 1.614456524664832386e+03 -7.281126127667847322e+05 8.400000000000000000e+01
5.124330000078495928e+00 2.382992334728179558e+05 1.256586649335653192e+03 -8.343143261935195187e+05 2.500000000000000000e+01
5.169965902813741465e+00 2.561979339358279540e+05 1.670480551469219108e+03 -8.973189683785508387e+05 6.000000000000000000e+00
5.223742168994547797e+00 3.362164609048162820e+05 0.000000000000000000e+00 -1.176757613166856812e+06 1.000000000000000000e+00
