8.899641224696955288e-02 5.109163154400781787e+04 -3.782378401876158023e+04 1.169106600196880390e+04 1.300000000000000000e+01
1.507912216506557823e-01 3.667721573589029867e+04 -1.193555092014757429e+04 3.592397849182526988e+04 3.300000000000000000e+01
2.144790186456836945e-01 2.851732974741901126e+04 3.379460679933781194e+03 5.579691087735626752e+03 7.900000000000000000e+01
2.783660776489276789e-01 2.495384124503558996e+04 -6.665535610606661066e+03 -1.067011922872258992e+03 1.170000000000000000e+02
3.435099785803411021e-01 2.010859500088057757e+04 -5.134812503821624887e+03 -1.506363081443861802e+03 2.050000000000000000e+02
4.047886761425745772e-01 1.710187350852889722e+04 -2.601954457171936610e+03 3.544574105537059836e+02 2.350000000000000000e+02
4.676716683575679601e-01 1.516631040600371671e+04 -5.972124470571347047e+03 -7.666611113617721458e+03 3.690000000000000000e+02
5.308225101765952081e-01 1.345056865993739484e+04 -2.995460264608048874e+03 -2.916701259946989921e+03 4.330000000000000000e+02
5.945362440940590298e-01 1.241912131797766051e+04 -3.168594024240723684e+03 -5.042330530916109637e+03 5.850000000000000000e+02
6.576224814588792489e-01 1.064700307021736990e+04 -3.033691589976964224e+03 -3.958538105572233235e+03 6.790000000000000000e+02
7.196632906698736676e-01 9.557864335128773746e+03 -1.600311970666370144e+03 -4.065603067003312390e+03 8.130000000000000000e+02
7.827860915688348298e-01 9.106216639254607799e+03 -1.818729654221359851e+03 -3.807811609418492026e+03 9.850000000000000000e+02
8.470398945834540783e-01 8.461126349902642687e+03 -1.650968250106551068e+03 -3.396319982946025448e+03 1.183000000000000000e+03
9.096854620527370372e-01 8.252228139950297191e+03 2.224046554035516010e+02 -2.681146109862307640e+03 1.269000000000000000e+03
9.720789776830213169e-01 7.812715472258454611e+03 9.740418388897245450e+01 -4.075515698571353369e+03 1.537000000000000000e+03
1.034763038959366499e+00 7.465431369922128397e+03 1.926101788505433206e+02 -3.571692173258534240e+03 1.653000000000000000e+03
1.097576444254559247e+00 7.882951201752563975e+03 2.122743341211045845e+03 -2.818475071219779238e+03 1.963000000000000000e+03
1.160543084780093270e+00 7.762973435902506935e+03 1.393879024677408552e+03 -2.597387780120831849e+03 2.121000000000000000e+03
1.223669666537485323e+00 7.690751900805129480e+03 1.714866433814592483e+03 -2.927981343574020229e+03 2.413000000000000000e+03
1.286817263090294094e+00 8.393993225733047439e+03 3.091887358597865841e+03 -1.860092142375737012e+03 2.635000000000000000e+03
1.349500801664080818e+00 8.162749015039576079e+03 2.008638032630050247e+03 -1.829830173209012401e+03 2.877000000000000000e+03
1.411949558842147567e+00 8.386426448914293360e+03 1.667837465836578986e+03 -1.481194282407524042e+03 3.169000000000000000e+03
1.475133575747468395e+00 8.388748068834318474e+03 1.643617503552012067e+03 -5.538270562089026043e+02 3.507000000000000000e+03
1.537865074252268593e+00 8.001291136342892969e+03 8.654960623185204440e+02 -4.721258189632123958e+02 3.685000000000000000e+03
1.600657544051110381e+00 8.053606501510962516e+03 9.514729328041577219e+02 7.572225933271427039e+02 4.165000000000000000e+03
1.663991168687080524e+00 7.773246976243602148e+03 -1.929783163924076348e+02 7.671370224657173367e+02 4.377000000000000000e+03
1.727195645776442801e+00 7.634430959010680454e+03 -6.510601103536545224e+02 8.991935899577449618e+02 4.855000000000000000e+03
1.789765213377084718e+00 7.739538467454302918e+03 -6.774613494335079622e+02 1.309384561735822444e+03 4.929000000000000000e+03
1.852353690647852158e+00 7.766834836488537803e+03 -6.187040013028203020e+02 5.747504661298962674e+02 5.581000000000000000e+03
1.914806787341157390e+00 7.880092389430353251e+03 -1.153521460048468498e+03 5.375077292748442233e+02 5.679000000000000000e+03
1.977889868651535599e+00 7.833594402704421555e+03 -1.190920415492298616e+03 1.031120206436159066e+02 6.385000000000000000e+03
2.040937735447724499e+00 7.800825689982922086e+03 -1.133094144685015408e+03 8.708681910695210036e+02 6.553000000000000000e+03
2.103939302609846074e+00 7.985237245548215469e+03 -1.451728944868656072e+03 6.529564640172708323e+02 7.125000000000000000e+03
2.166909709822301799e+00 8.014432947219854213e+03 -1.589816171045428746e+03 8.933803349981686779e+02 7.447000000000000000e+03
2.229700281216152380e+00 8.150331524546651963e+03 -1.732131446128340485e+03 8.796065553674961848e+02 7.929000000000000000e+03
2.292620027086342382e+00 8.259738748888526970e+03 -1.565176486096688450e+03 8.507942334375355813e+02 8.353000000000000000e+03
2.355141508366812353e+00 8.321601169385183312e+03 -1.538899110840139883e+03 8.605426160060253551e+02 8.775000000000000000e+03
2.417910583817858949e+00 8.564047487204754361e+03 -1.325366477219793296e+03 1.220789216393061452e+03 9.313000000000000000e+03
2.480856539439619368e+00 8.623013643554386363e+03 -1.361229502215084722e+03 1.162596310684879199e+03 9.841000000000000000e+03
2.543492256872954549e+00 8.692541111255517535e+03 -1.532051326235576425e+03 1.718692532168342041e+03 1.019100000000000000e+04
2.606334251884805386e+00 8.687114605106438830e+03 -1.415040278040122757e+03 1.742828692066154417e+03 1.089700000000000000e+04
2.669257370896960690e+00 8.995413892727880011e+03 -1.308835396865188159e+03 2.467832283548966643e+03 1.130100000000000000e+04
2.732423343141155758e+00 8.971970378326450373e+03 -1.455991184942193058e+03 3.271200305550037228e+03 1.202500000000000000e+04
2.795529680084416047e+00 9.013990699460742690e+03 -1.632886501978108754e+03 3.569060254739598349e+03 1.242300000000000000e+04
2.858366292314493240e+00 9.176641365664525438e+03 -1.353790452512100956e+03 4.139830987321931389e+03 1.302100000000000000e+04
2.920876271394311718e+00 9.455488348521101216e+03 -1.502569839940486418e+03 4.260627916191558143e+03 1.340500000000000000e+04
2.983449844439822751e+00 9.793551439183642287e+03 -1.782353817399265836e+03 4.724495732512421455e+03 1.424700000000000000e+04
3.046384918400867114e+00 1.032025971225332069e+04 -2.003596493747901832e+03 3.161488506824171509e+03 1.427500000000000000e+04
3.109279688161210142e+00 1.078431039847541979e+04 -2.276876647046913149e+03 -1.105614467497725400e+03 1.410000000000000000e+04
3.172087338483245755e+00 1.101789674669238593e+04 -2.231746796970627656e+03 -4.326950032217611806e+03 1.351600000000000000e+04
3.235077053285361881e+00 1.150426882110506995e+04 -2.283452956925746548e+03 -7.329286380020436809e+03 1.349200000000000000e+04
3.297974619160294107e+00 1.186599089588179231e+04 -1.923866659382533044e+03 -1.052155721883348633e+04 1.270200000000000000e+04
3.360979404794635528e+00 1.239919153685307720e+04 -1.827995171549623137e+03 -1.345783860507696227e+04 1.263400000000000000e+04
3.423687966102657132e+00 1.276951278376736627e+04 -2.126642372555336351e+03 -1.596131192829207612e+04 1.180200000000000000e+04
3.486367717614779593e+00 1.340904183608113271e+04 -2.447799281925622836e+03 -1.877258032316593017e+04 1.159000000000000000e+04
3.549237455189846013e+00 1.435530781027240300e+04 -2.198294172685451031e+03 -2.230995308224356631e+04 1.100400000000000000e+04
3.611466567116090154e+00 1.501518999151874050e+04 -2.028791057768514520e+03 -2.547688331446279699e+04 1.025800000000000000e+04
3.674175279485516032e+00 1.591773069185475470e+04 -1.908452540387976114e+03 -2.821428114461206860e+04 1.013800000000000000e+04
3.737325177637534246e+00 1.663508137927464850e+04 -2.022030330978626580e+03 -3.087450166306126266e+04 9.282000000000000000e+03
3.800314856493150373e+00 1.746494397067059617e+04 -1.955052716085797329e+03 -3.395885250316419842e+04 8.824000000000000000e+03
3.863228937922256190e+00 1.834477160705366987e+04 -2.241130446753973501e+03 -3.608360366468504799e+04 8.130000000000000000e+03
3.925673163149277833e+00 1.917645995126233902e+04 -2.638165788961649923e+03 -3.849697559819375601e+04 7.330000000000000000e+03
3.988379144029963186e+00 2.047931909786334290e+04 -2.766737796029381116e+03 -4.146564116152752831e+04 6.960000000000000000e+03
4.051365442737894007e+00 2.102104049184539326e+04 -2.691990567502558861e+03 -4.513542463944543124e+04 5.944000000000000000e+03
4.114073661208438537e+00 2.253222564659387717e+04 -2.344210056228177564e+03 -4.932259175250707631e+04 5.482000000000000000e+03
4.176398926321660099e+00 2.376368833538798208e+04 -1.188000919236792924e+03 -5.797552374924927426e+04 4.458000000000000000e+03
4.238428652338137148e+00 2.499812332732266077e+04 -5.784706688890718169e+02 -6.607734498999555944e+04 3.892000000000000000e+03
4.301987060447956424e+00 2.651760736670860570e+04 4.501869783006708303e+02 -7.696476786798062676e+04 3.165000000000000000e+03
4.365598466856841497e+00 2.848638476643994363e+04 7.925960458485589015e+02 -8.716174489077283943e+04 2.617000000000000000e+03
4.427107359730706015e+00 3.027441175925537755e+04 4.954840086754130652e+02 -9.463275836737452482e+04 2.037000000000000000e+03
4.489602987092925268e+00 3.114944658018068731e+04 -2.467629516748049809e+02 -9.914889213836705312e+04 1.831000000000000000e+03
4.554125500073445743e+00 3.068684285599227223e+04 5.214411535564402733e+00 -9.952952077936634305e+04 1.435000000000000000e+03
4.616430240049651523e+00 3.154416357610858176e+04 -7.754746811721695394e+02 -1.034403968704350264e+05 1.119000000000000000e+03
4.677252312221349406e+00 3.337855093458022748e+04 2.186342039683229643e+02 -1.121640579230240983e+05 8.800000000000000000e+02
4.741981513824780059e+00 3.914277674009335897e+04 -6.523542747616857014e+02 -1.323196533275825495e+05 7.470000000000000000e+02
4.809273072599613563e+00 4.623831392601124389e+04 4.427497139237606660e+01 -1.585591699281448382e+05 5.200000000000000000e+02
4.871546600533164906e+00 5.656683984917934868e+04 -1.262048871691273462e+03 -1.934843747957943415e+05 3.280000000000000000e+02
4.925260063653622566e+00 6.618979543076064147e+04 -1.070913296612393879e+03 -2.275752213623521966e+05 2.160000000000000000e+02
4.988369355351538026e+00 6.433148730815804447e+04 -1.521936256124705096e+03 -2.220723087129114720e+05 1.720000000000000000e+02
5.058296331193474771e+00 5.795867405921735190e+04 -6.192376815116318767e+02 -2.015442648377859150e+05 8.400000000000000000e+01
5.124330000078495928e+00 4.070185388506953313e+04 -9.247754732996465918e+02 -1.413613570870398253e+05 2.500000000000000000e+01
5.169965902813741465e+00 5.654363930863902351e+04 7.848184390578448699e+01 -1.976726251684478193e+05 6.000000000000000000e+00
5.223742168994547797e+00 6.468096375753336906e+04 0.000000000000000000e+00 -2.263833731513668026e+05 1.000000000000000000e+00
