8.899641224696955288e-02 5.300924134018189216e+04 -3.853043558441237838e+04 1.097467383460542442e+04 1.300000000000000000e+01
1.507912216506557823e-01 3.822632491349146585e+04 -1.208022254440451979e+04 3.741897085021122621e+04 3.300000000000000000e+01
2.144790186456836945e-01 2.973802909580656706e+04 3.556028795267558962e+03 6.012754567149867398e+03 7.900000000000000000e+01
2.783660776489276789e-01 2.597674755704165364e+04 -6.711334755917482653e+03 -1.243552743903327155e+03 1.170000000000000000e+02
3.435099785803411021e-01 2.104120284054843432e+04 -5.111712807216203146e+03 -1.840811802546911395e+03 2.050000000000000000e+02
4.047886761425745772e-01 1.779158080595935826e+04 -2.298390821647768462e+03 5.643182834340311729e+02 2.350000000000000000e+02
4.676716683575679601e-01 1.590229599678301565e+04 -5.892543815254441142e+03 -8.353145251017274859e+03 3.690000000000000000e+02
5.308225101765952081e-01 1.406714481779620837e+04 -2.856749796673770106e+03 -3.049798930691628357e+03 4.330000000000000000e+02
5.945362440940590298e-01 1.307424586619064576e+04 -2.964925434309450338e+03 -5.467076408525676925e+03 5.850000000000000000e+02
6.576224814588792489e-01 1.123399500081054612e+04 -3.037972820894849519e+03 -4.600435047883555853e+03 6.790000000000000000e+02
7.196632906698736676e-01 1.012608448163301000e+04 -1.376936292574902609e+03 -4.604700092965590557e+03 8.130000000000000000e+02
7.827860915688348298e-01 9.600542440520333912e+03 -1.695141749807847873e+03 -4.232630353221680707e+03 9.850000000000000000e+02
8.470398945834540783e-01 8.903764141395407933e+03 -1.618912358460464702e+03 -3.737040216944583335e+03 1.183000000000000000e+03
9.096854620527370372e-01 8.730596622208287954e+03 2.531817404423080120e+02 -3.082787076099232308e+03 1.269000000000000000e+03
9.720789776830213169e-01 8.272298240864918625e+03 2.256843037828077172e+02 -4.393303591125709318e+03 1.537000000000000000e+03
1.034763038959366499e+00 7.892771549360792960e+03 1.526451998507264989e+02 -3.952300936505821028e+03 1.653000000000000000e+03
1.097576444254559247e+00 8.267263399658619164e+03 2.319728162832686394e+03 -3.006879388770222249e+03 1.963000000000000000e+03
1.160543084780093270e+00 8.134087120018275527e+03 1.551614768238895067e+03 -2.716563843577707758e+03 2.121000000000000000e+03
1.223669666537485323e+00 7.924014008994892720e+03 1.861879109598402238e+03 -3.115919088340300732e+03 2.413000000000000000e+03
1.286817263090294094e+00 8.639592367936114897e+03 3.452855044643689325e+03 -1.681198970148173657e+03 2.635000000000000000e+03
1.349500801664080818e+00 8.365715257331627072e+03 2.306274774411424460e+03 -1.990725066592772237e+03 2.877000000000000000e+03
1.411949558842147567e+00 8.573803336540420787e+03 1.949785448925834999e+03 -1.447572985616429833e+03 3.169000000000000000e+03
1.475133575747468395e+00 8.589115208758799781e+03 2.128367168208813382e+03 -3.999460392305156233e+02 3.507000000000000000e+03
1.537865074252268593e+00 8.146252033226342974e+03 1.507819485242733890e+03 -7.258828575314655609e+02 3.685000000000000000e+03
1.600657544051110381e+00 8.124171193431863685e+03 1.744047157948806671e+03 6.303742298695015052e+02 4.165000000000000000e+03
1.663991168687080524e+00 7.796103550097182051e+03 7.601648613613605221e+02 8.832746099295931117e+02 4.377000000000000000e+03
1.727195645776442801e+00 7.550062476884031639e+03 2.655947923917585740e+02 6.590015738226517215e+02 4.855000000000000000e+03
1.789765213377084718e+00 7.536323414538675024e+03 4.308871394921503111e+02 1.206544776403147807e+03 4.929000000000000000e+03
1.852353690647852158e+00 7.464619484401770023e+03 6.697729415868883507e+02 4.984457670082790628e+02 5.581000000000000000e+03
1.914806787341157390e+00 7.533200182553786362e+03 3.753001234530162833e+02 2.973503283113368525e+02 5.679000000000000000e+03
1.977889868651535599e+00 7.418321753530065507e+03 3.502398681320853484e+02 -3.936360460868001496e+02 6.385000000000000000e+03
2.040937735447724499e+00 7.217539191752175611e+03 6.367821605904609896e+02 3.746043928004639270e+02 6.553000000000000000e+03
2.103939302609846074e+00 7.248784920538958431e+03 4.228173186667772256e+02 -2.090286579218870884e+02 7.125000000000000000e+03
2.166909709822301799e+00 7.212913315013434840e+03 5.915104856230337873e+02 -2.615132118824670115e+01 7.447000000000000000e+03
2.229700281216152380e+00 7.274598051017153011e+03 5.841914029545017684e+02 1.300827715474764013e+01 7.929000000000000000e+03
2.292620027086342382e+00 7.201793733225111282e+03 8.159349632177704734e+02 -5.428023087632279697e+00 8.353000000000000000e+03
2.355141508366812353e+00 7.141785356353152565e+03 1.167959687198278516e+03 1.857617852299250387e+02 8.775000000000000000e+03
2.417910583817858949e+00 7.225369777835852801e+03 1.508984295693423064e+03 4.451296719561990471e+02 9.313000000000000000e+03
2.480856539439619368e+00 7.144795702502568929e+03 1.702883929905774949e+03 3.075340505349010414e+02 9.841000000000000000e+03
2.543492256872954549e+00 7.165772263027391091e+03 1.745639375822141574e+03 1.093325081901580234e+03 1.019100000000000000e+04
2.606334251884805386e+00 7.088925536516201646e+03 1.881793611484399207e+03 9.022464415358392671e+02 1.089700000000000000e+04
2.669257370896960690e+00 7.286481720172694622e+03 2.275321553063372448e+03 1.618976253189787712e+03 1.130100000000000000e+04
2.732423343141155758e+00 7.329038589732375840e+03 2.410589437836643810e+03 2.415620062121811770e+03 1.202500000000000000e+04
2.795529680084416047e+00 7.374082590348384656e+03 2.268440071023442670e+03 2.687814487210457173e+03 1.242300000000000000e+04
2.858366292314493240e+00 7.435922363958413371e+03 2.658347604193277220e+03 3.322651123544799702e+03 1.302100000000000000e+04
2.920876271394311718e+00 7.555430959646891097e+03 2.980077444702110824e+03 3.576521247620378745e+03 1.340500000000000000e+04
2.983449844439822751e+00 7.692830251440967913e+03 2.847563294803563167e+03 4.118217074817021057e+03 1.424700000000000000e+04
3.046384918400867114e+00 7.971982114544010074e+03 2.601521145619940398e+03 2.632608174834970214e+03 1.427500000000000000e+04
3.109279688161210142e+00 8.097369103985976835e+03 2.050782035701492532e+03 -1.421359552324318884e+03 1.410000000000000000e+04
3.172087338483245755e+00 8.121620681068857266e+03 1.844315930642474996e+03 -4.395171955625271039e+03 1.351600000000000000e+04
3.235077053285361881e+00 8.273670985743305209e+03 1.739097183095540004e+03 -6.854576142870138938e+03 1.349200000000000000e+04
3.297974619160294107e+00 8.428832829840255727e+03 1.877828576510404218e+03 -9.180347011851577918e+03 1.270200000000000000e+04
3.360979404794635528e+00 8.635934963955909552e+03 2.281758486896731029e+03 -1.132453947313290882e+04 1.263400000000000000e+04
3.423687966102657132e+00 8.711765586298106427e+03 2.074157664586572082e+03 -1.294553767310347575e+04 1.180200000000000000e+04
3.486367717614779593e+00 8.928077673563386270e+03 1.812353010444666324e+03 -1.469455309378544371e+04 1.159000000000000000e+04
3.549237455189846013e+00 9.345718891640941365e+03 2.073905228513059683e+03 -1.706133759442820156e+04 1.100400000000000000e+04
3.611466567116090154e+00 9.629077252546239833e+03 2.130181372964572347e+03 -1.918471007076769820e+04 1.025800000000000000e+04
3.674175279485516032e+00 9.980640610801163348e+03 2.209868016251608879e+03 -2.094532470006992298e+04 1.013800000000000000e+04
3.737325177637534246e+00 1.013735483024188397e+04 2.294156743355553772e+03 -2.270176267285685753e+04 9.282000000000000000e+03
3.800314856493150373e+00 1.048995796165974025e+04 2.397039497724468674e+03 -2.466028964447165708e+04 8.824000000000000000e+03
3.863228937922256190e+00 1.074735985732450899e+04 2.535006550032168434e+03 -2.630410677585262965e+04 8.130000000000000000e+03
3.925673163149277833e+00 1.091989308567295666e+04 2.152143260861560520e+03 -2.702476915211286178e+04 7.330000000000000000e+03
3.988379144029963186e+00 1.145830186562440394e+04 2.139533223672600343e+03 -2.875751719223300461e+04 6.960000000000000000e+03
4.051365442737894007e+00 1.163584849300188762e+04 1.842624607277212363e+03 -3.022449448036256581e+04 5.944000000000000000e+03
4.114073661208438537e+00 1.226268540274437692e+04 2.083063837230557965e+03 -3.253349874426376846e+04 5.482000000000000000e+03
4.176398926321660099e+00 1.260827461376734391e+04 2.342591982867243132e+03 -3.583845110890549404e+04 4.458000000000000000e+03
4.238428652338137148e+00 1.312353741450173038e+04 1.970632118888080640e+03 -3.855653755802714295e+04 3.892000000000000000e+03
4.301987060447956424e+00 1.372060049670981425e+04 1.747888860793731965e+03 -4.183296636143152136e+04 3.165000000000000000e+03
4.365598466856841497e+00 1.430245753965349832e+04 1.615848921228838890e+03 -4.520809951971622650e+04 2.617000000000000000e+03
4.427107359730706015e+00 1.495298891598043156e+04 1.195767264648009814e+03 -4.764938434112351388e+04 2.037000000000000000e+03
4.489602987092925268e+00 1.497242004949488910e+04 8.722316761991665999e+02 -4.860276322456688649e+04 1.831000000000000000e+03
4.554125500073445743e+00 1.436833939020085745e+04 8.745460402906779791e+02 -4.753403557955360884e+04 1.435000000000000000e+03
4.616430240049651523e+00 1.347808520540539939e+04 4.717150780565738160e+02 -4.519756241399110149e+04 1.119000000000000000e+03
4.677252312221349406e+00 1.392115794831402309e+04 7.400668680052335731e+02 -4.751019008183092228e+04 8.800000000000000000e+02
4.741981513824780059e+00 1.541788634888677007e+04 2.167202541680117918e+02 -5.265382201098360383e+04 7.470000000000000000e+02
4.809273072599613563e+00 1.788192229194157699e+04 7.296020596830699105e+02 -6.215081115878190030e+04 5.200000000000000000e+02
4.871546600533164906e+00 2.169540149287583699e+04 4.785956607436396837e+01 -7.472594454695614695e+04 3.280000000000000000e+02
4.925260063653622566e+00 2.398331293012993774e+04 -2.010031695634952769e+02 -8.265252628183127672e+04 2.160000000000000000e+02
4.988369355351538026e+00 2.457204915975463882e+04 -1.709081957672952683e+02 -8.526392221699381480e+04 1.720000000000000000e+02
5.058296331193474771e+00 2.103509537089220248e+04 1.307923576689311176e+02 -7.354481517941252969e+04 8.400000000000000000e+01
5.124330000078495928e+00 1.365738608819114597e+04 -3.022116334473251413e+02 -4.744348472783603938e+04 2.500000000000000000e+01
5.169965902813741465e+00 1.724780727832506091e+04 -1.798654929600436958e+02 -6.009023493753016373e+04 6.000000000000000000e+00
5.223742168994547797e+00 1.187183935375774308e+04 0.000000000000000000e+00 -4.155143773815208988e+04 1.000000000000000000e+00
