8.899641224696955288e-02 6.436948737903420260e+04 -4.306343680342336302e+04 8.068599427400909917e+03 1.300000000000000000e+01
1.507912216506557823e-01 4.813807704023247061e+04 -1.339645145359408161e+04 4.406380319235683419e+04 3.300000000000000000e+01
2.144790186456836945e-01 3.761153594631003216e+04 3.660379152712735959e+03 7.402212732917045287e+03 7.900000000000000000e+01
2.783660776489276789e-01 3.307436750264076545e+04 -8.250271959543768389e+03 -1.531274377781529893e+03 1.170000000000000000e+02
3.435099785803411021e-01 2.743237293440696885e+04 -5.945315525583353519e+03 -2.808695510527412807e+03 2.050000000000000000e+02
4.047886761425745772e-01 2.284776931902336582e+04 -2.149521965651465507e+03 1.814107714208717425e+03 2.350000000000000000e+02
4.676716683575679601e-01 2.070548382084118930e+04 -6.982018040818803456e+03 -1.145698283449587871e+04 3.690000000000000000e+02
5.308225101765952081e-01 1.824342517564824084e+04 -3.289912364961538970e+03 -3.708056160227847613e+03 4.330000000000000000e+02
5.945362440940590298e-01 1.725576133976341953e+04 -3.356654771034874557e+03 -7.408958714091054389e+03 5.850000000000000000e+02
6.576224814588792489e-01 1.513619422977097929e+04 -3.812066889666909447e+03 -7.462016450723787784e+03 6.790000000000000000e+02
7.196632906698736676e-01 1.406962674755974695e+04 -1.340610040873498747e+03 -7.461252503232270101e+03 8.130000000000000000e+02
7.827860915688348298e-01 1.323855515411229317e+04 -1.920284869979416271e+03 -7.228570856838598047e+03 9.850000000000000000e+02
8.470398945834540783e-01 1.235910149899128010e+04 -2.294550677732120221e+03 -5.954561689649458458e+03 1.183000000000000000e+03
9.096854620527370372e-01 1.235829315624625087e+04 -3.641178073947526741e+02 -4.965303557657436613e+03 1.269000000000000000e+03
9.720789776830213169e-01 1.193100517001146727e+04 -1.530772505846018419e+02 -6.979464625927033921e+03 1.537000000000000000e+03
1.034763038959366499e+00 1.185880487236652152e+04 -8.897780183540771759e+02 -6.830401829444642317e+03 1.653000000000000000e+03
1.097576444254559247e+00 1.237197532314066120e+04 1.718870424157124035e+03 -5.438538517718073308e+03 1.963000000000000000e+03
1.160543084780093270e+00 1.274766619195778912e+04 8.288846926120877470e+02 -5.166713682029971096e+03 2.121000000000000000e+03
1.223669666537485323e+00 1.225260589118008829e+04 4.945763685888748569e+02 -6.582807511027866894e+03 2.413000000000000000e+03
1.286817263090294094e+00 1.307461259499955668e+04 2.569195470919542004e+03 -3.882765279775449017e+03 2.635000000000000000e+03
1.349500801664080818e+00 1.307516794599175228e+04 1.307561839669313258e+03 -4.428970743553739339e+03 2.877000000000000000e+03
1.411949558842147567e+00 1.329609543724025025e+04 5.960011018471500392e+02 -3.753089918341687735e+03 3.169000000000000000e+03
1.475133575747468395e+00 1.352671000766074576e+04 7.065580739854294734e+02 -1.549678015387968117e+03 3.507000000000000000e+03
1.537865074252268593e+00 1.322427289775990903e+04 3.997616224681679000e+02 -2.327969736632384866e+03 3.685000000000000000e+03
1.600657544051110381e+00 1.314401810501780346e+04 2.606590384227743584e+02 -7.837569759790752641e+02 4.165000000000000000e+03
1.663991168687080524e+00 1.276967310252979587e+04 -9.918738638458178514e+01 1.036387095138810537e+03 4.377000000000000000e+03
1.727195645776442801e+00 1.240724119445302313e+04 -1.036235522301632045e+03 -2.523091219014069679e+02 4.855000000000000000e+03
1.789765213377084718e+00 1.227239405363472542e+04 -2.593619544779407988e+02 1.391212497581538400e+03 4.929000000000000000e+03
1.852353690647852158e+00 1.205580454891140653e+04 1.747982932028735945e+02 1.385875008502614946e+03 5.581000000000000000e+03
1.914806787341157390e+00 1.229932763816526131e+04 8.414281148362182705e+01 1.435679194427304765e+03 5.679000000000000000e+03
1.977889868651535599e+00 1.224922350871345043e+04 1.232407335090761080e+02 3.212107203986166724e+02 6.385000000000000000e+03
2.040937735447724499e+00 1.230734301863903966e+04 9.642460120447575491e+02 1.545596798861712841e+03 6.553000000000000000e+03
2.103939302609846074e+00 1.202998614354167148e+04 6.361512593648500342e+02 7.485773695032003161e+02 7.125000000000000000e+03
2.166909709822301799e+00 1.203776941087380692e+04 1.011105015869350723e+03 6.683630379076101917e+02 7.447000000000000000e+03
2.229700281216152380e+00 1.239644631223901706e+04 1.475755351341076448e+03 1.021539563594559013e+03 7.929000000000000000e+03
2.292620027086342382e+00 1.249457722857048611e+04 1.261047843394825577e+03 1.372222638437924616e+02 8.353000000000000000e+03
2.355141508366812353e+00 1.252778142984004808e+04 1.604339880775058191e+03 1.175024053249298504e+03 8.775000000000000000e+03
2.417910583817858949e+00 1.304736145546597072e+04 1.999209136205993445e+03 1.721514309241474166e+03 9.313000000000000000e+03
2.480856539439619368e+00 1.320807407976565810e+04 1.006076938588661847e+03 8.383750100503725662e+02 9.841000000000000000e+03
2.543492256872954549e+00 1.362465997114932725e+04 1.211780690970706701e+03 2.383303315436842695e+03 1.019100000000000000e+04
2.606334251884805386e+00 1.393115530862974083e+04 1.020468332873347094e+03 1.752144869982455020e+03 1.089700000000000000e+04
2.669257370896960690e+00 1.445507347841879164e+04 3.868966086252682999e+02 1.650297756991547203e+03 1.130100000000000000e+04
2.732423343141155758e+00 1.521986332186539585e+04 7.887836732182227024e+02 4.108759079114194719e+03 1.202500000000000000e+04
2.795529680084416047e+00 1.560750433949064791e+04 1.654642759261210188e+02 3.657983650442801263e+03 1.242300000000000000e+04
2.858366292314493240e+00 1.632890473916653536e+04 -2.292149384286975931e+02 4.086268675326514312e+03 1.302100000000000000e+04
2.920876271394311718e+00 1.741991953374739751e+04 5.999516167281279877e+02 6.897001284656754251e+03 1.340500000000000000e+04
2.983449844439822751e+00 1.792118752215838322e+04 -5.781975155144072005e+02 6.822690412785848821e+03 1.424700000000000000e+04
3.046384918400867114e+00 1.813888839445589474e+04 -5.056457263446719139e+02 4.240253585815014958e+03 1.427500000000000000e+04
3.109279688161210142e+00 1.798152668427266326e+04 4.867732807950628739e+02 -1.144057817910518679e+03 1.410000000000000000e+04
3.172087338483245755e+00 1.776566015550045995e+04 8.907162173406331931e+02 -6.886302744662058103e+03 1.351600000000000000e+04
3.235077053285361881e+00 1.813111009910390203e+04 1.444177524344513586e+03 -1.104180848272744333e+04 1.349200000000000000e+04
3.297974619160294107e+00 1.859389066415926209e+04 2.213311334958757016e+03 -1.507993889409421536e+04 1.270200000000000000e+04
3.360979404794635528e+00 1.886361626734023957e+04 1.793820821294619236e+03 -1.774986666114416221e+04 1.263400000000000000e+04
3.423687966102657132e+00 1.914771355053290245e+04 2.163030039495084566e+03 -2.193157698324592639e+04 1.180200000000000000e+04
3.486367717614779593e+00 1.933363032422804827e+04 1.433249288417088565e+03 -2.468101157750304628e+04 1.159000000000000000e+04
3.549237455189846013e+00 1.950389859184854868e+04 1.059555103539882566e+03 -2.757740293797347476e+04 1.100400000000000000e+04
3.611466567116090154e+00 1.938052320122763194e+04 3.009446782867780144e+02 -3.044283798590400329e+04 1.025800000000000000e+04
3.674175279485516032e+00 1.982119575309269567e+04 -6.145723473896871383e+02 -3.214129202347943647e+04 1.013800000000000000e+04
3.737325177637534246e+00 2.056695389323478230e+04 -1.136653915059916017e+03 -3.577436834633983381e+04 9.282000000000000000e+03
3.800314856493150373e+00 2.106097177563194782e+04 -2.265325463476723598e+03 -3.730043678712991823e+04 8.824000000000000000e+03
3.863228937922256190e+00 2.187286789848129411e+04 -1.803212927958176351e+03 -4.198722639221759891e+04 8.130000000000000000e+03
3.925673163149277833e+00 2.231648058553111696e+04 -1.226316248995926344e+03 -4.666196385857278074e+04 7.330000000000000000e+03
3.988379144029963186e+00 2.349690919164034494e+04 -1.308358757191152790e+03 -5.049781808859268494e+04 6.960000000000000000e+03
4.051365442737894007e+00 2.396879210566690017e+04 -1.154780392226402682e+03 -5.467278707190041314e+04 5.944000000000000000e+03
4.114073661208438537e+00 2.516397863810440322e+04 -2.202734006063215929e+03 -5.614962841668433248e+04 5.482000000000000000e+03
4.176398926321660099e+00 2.599053483152915214e+04 -2.294966337111655776e+03 -6.170403669584434101e+04 4.458000000000000000e+03
4.238428652338137148e+00 2.604613082618701083e+04 -2.980652620679979918e+03 -6.442936948787451547e+04 3.892000000000000000e+03
4.301987060447956424e+00 2.554437518012917644e+04 -3.138154285763625467e+03 -6.802642332387741772e+04 3.165000000000000000e+03
4.365598466856841497e+00 2.630162937453455379e+04 -3.183489310859325542e+03 -7.340505615713592852e+04 2.617000000000000000e+03
4.427107359730706015e+00 2.736286831464309944e+04 -2.558399859595143425e+03 -8.025712160485575441e+04 2.037000000000000000e+03
4.489602987092925268e+00 2.783816902812901026e+04 -1.557929795897178792e+03 -8.597203820197290042e+04 1.831000000000000000e+03
4.554125500073445743e+00 2.782996481242742448e+04 -1.012690375527615743e+03 -8.870029636332951486e+04 1.435000000000000000e+03
4.616430240049651523e+00 2.955670479833651189e+04 -1.368444282204995943e+02 -9.727975143116466643e+04 1.119000000000000000e+03
4.677252312221349406e+00 3.105748598130641039e+04 3.082768406751188763e+02 -1.041880732807148015e+05 8.800000000000000000e+02
4.741981513824780059e+00 3.239578790233806649e+04 1.343040231934740405e+03 -1.114289098564681335e+05 7.470000000000000000e+02
4.809273072599613563e+00 3.251717828562829891e+04 1.051751341514572914e+03 -1.124989608288503514e+05 5.200000000000000000e+02
4.871546600533164906e+00 3.753808713295607595e+04 1.782076620775880883e+03 -1.310317106998925155e+05 3.280000000000000000e+02
4.925260063653622566e+00 3.809450876198471815e+04 3.372290592316151674e+02 -1.317133427246587235e+05 2.160000000000000000e+02
4.988369355351538026e+00 3.967490926055004093e+04 -3.155118741844048600e+02 -1.377008028140420211e+05 1.720000000000000000e+02
5.058296331193474771e+00 3.768864589584600617e+04 -5.138121663426439909e+02 -1.309072582036798558e+05 8.400000000000000000e+01
5.124330000078495928e+00 3.571849268165336252e+04 2.514173499531213452e+02 -1.251580802471180650e+05 2.500000000000000000e+01
5.169965902813741465e+00 4.602418241515985574e+04 2.060400797361533023e+03 -1.630303466542387905e+05 6.000000000000000000e+00
5.223742168994547797e+00 1.809274189070714783e+04 0.000000000000000000e+00 -6.332459661747500650e+04 1.000000000000000000e+00
