2.966547074898984615e+00 2.807124583658960337e-01 2.483281599929839864e-02 -2.239436888918149293e-01 1.300000000000000000e+01
5.026374055021858744e+00 8.960816312041078313e-02 1.666472323779735407e-02 -1.190946840114888959e-02 3.300000000000000000e+01
7.149300621522788113e+00 4.998482395581314158e-02 1.373448690490371030e-03 -1.193918900518059316e-02 7.900000000000000000e+01
9.278869254964254409e+00 3.384756178760715828e-02 9.150878236456686790e-04 -5.230799037298484999e-03 1.170000000000000000e+02
1.145033261934470126e+01 2.147204956246833232e-02 4.577644189084776986e-03 4.114761095517477374e-03 2.050000000000000000e+02
1.349295587141915043e+01 1.766381881714702146e-02 4.350851085631251419e-03 4.826570956961520956e-03 2.350000000000000000e+02
1.558905561191892986e+01 1.458961240207492724e-02 3.658174426035052870e-03 3.028995814807634163e-03 3.690000000000000000e+02
1.769408367255316961e+01 1.256014426753650909e-02 3.082130193698112870e-03 1.796099776369592966e-03 4.330000000000000000e+02
1.981787480313529670e+01 1.198545313037262076e-02 1.845468610298614445e-03 2.297228471267932347e-03 5.850000000000000000e+02
2.192074938196263645e+01 9.524079194023442677e-03 1.807428083902200755e-03 1.951804901028065002e-03 6.790000000000000000e+02
2.398877635566245203e+01 8.737667701207827223e-03 1.404436882637704253e-03 8.953425078112774377e-04 8.130000000000000000e+02
2.609286971896115759e+01 7.777928740288615056e-03 5.373964051379236323e-04 -8.158008993473945321e-05 9.850000000000000000e+02
2.823466315278179550e+01 6.784291029761133247e-03 9.182622420179861484e-04 1.174456694345712158e-03 1.183000000000000000e+03
3.032284873509123102e+01 6.277570749728515927e-03 1.007717108624623607e-03 7.330902143782188881e-04 1.269000000000000000e+03
3.240263258943403457e+01 5.577607296425425056e-03 5.934208510177110471e-04 6.946700577062734500e-04 1.537000000000000000e+03
3.449210129864554375e+01 5.473851005031462290e-03 1.315539321754519739e-04 1.104505226818579527e-03 1.653000000000000000e+03
3.658588147515196454e+01 5.108306718378296911e-03 3.556647572588658040e-04 1.076099333704767444e-03 1.963000000000000000e+03
3.868476949266977272e+01 4.806778728479964118e-03 3.080514866293526897e-06 5.395865092114332127e-04 2.121000000000000000e+03
4.078898888458283523e+01 4.518205926132932461e-03 2.079842227344082619e-04 4.048633773965367539e-04 2.413000000000000000e+03
4.289390876967645738e+01 4.302993163420049810e-03 1.623049533149358860e-04 3.011361026529305333e-06 2.635000000000000000e+03
4.498336005546935468e+01 3.991558539071049169e-03 -8.078389944949150613e-05 1.903882163218795925e-04 2.877000000000000000e+03
4.706498529473824988e+01 3.687691279252185497e-03 1.869334234082437355e-04 -5.250882352411394592e-05 3.169000000000000000e+03
4.917111919158227096e+01 3.263867191075765176e-03 2.932470085175892011e-04 -1.110563076469901333e-04 3.507000000000000000e+03
5.126216914174227668e+01 3.112496809346290260e-03 2.035541174073008373e-04 1.409611084224528101e-05 3.685000000000000000e+03
5.335525146837034072e+01 2.884142922358133576e-03 2.349728918490221093e-04 1.676944087245536841e-04 4.165000000000000000e+03
5.546637228956934251e+01 2.744714676081015485e-03 2.561461635912556782e-04 2.154345688792647377e-04 4.377000000000000000e+03
5.757318819254808773e+01 2.561057468741752274e-03 9.352525804709876792e-05 1.676900696334728317e-04 4.855000000000000000e+03
5.965884044590281121e+01 2.446087162522572224e-03 2.078938231418763394e-04 2.620517907783419123e-04 4.929000000000000000e+03
6.174512302159506305e+01 2.288742796488260189e-03 1.453617234680280998e-04 3.762779719913854798e-05 5.581000000000000000e+03
6.382689291137189969e+01 2.195219046762308425e-03 1.792917892707925911e-04 1.686079427886201293e-05 5.679000000000000000e+03
6.592966228838450604e+01 2.041631112587507374e-03 1.474589676854118055e-04 -1.946757894138083313e-05 6.385000000000000000e+03
6.803125784825746791e+01 1.923210502582481342e-03 1.887307508637821925e-04 9.972859257487319486e-05 6.553000000000000000e+03
7.013131008699485847e+01 1.771230535627496723e-03 1.388159938144331508e-04 3.954696627745203153e-05 7.125000000000000000e+03
7.223032366074338029e+01 1.652059646619862031e-03 1.302841069028696824e-04 -2.750233348785359249e-05 7.447000000000000000e+03
7.432334270720505742e+01 1.572431498386674380e-03 1.572437127837450575e-04 1.264284857030979563e-05 7.929000000000000000e+03
7.642066756954473306e+01 1.460508882590139980e-03 1.477809936525864250e-04 2.136186784922059208e-05 8.353000000000000000e+03
7.850471694556040347e+01 1.432881236444173917e-03 1.209487852691915180e-04 8.340846995090550012e-05 8.775000000000000000e+03
8.059701946059529121e+01 1.340230414016191536e-03 2.113133131566443616e-04 3.009700738007754003e-05 9.313000000000000000e+03
8.269521798132063850e+01 1.264302836432612325e-03 2.236673339491987097e-04 -4.400924239624510298e-05 9.841000000000000000e+03
8.478307522909847194e+01 1.205882823404806929e-03 1.590481864382356579e-04 3.297251615347396097e-05 1.019100000000000000e+04
8.687780839616016237e+01 1.152535667594959887e-03 1.743202192206633216e-04 7.650992456432324947e-05 1.089700000000000000e+04
8.897524569656535220e+01 1.095969942051199875e-03 1.538759855842006914e-04 1.016597940047957741e-04 1.130100000000000000e+04
9.108077810470518898e+01 1.026525242955387933e-03 1.529494311082032153e-04 1.128478031034018541e-04 1.202500000000000000e+04
9.318432266948052245e+01 9.807432666498942884e-04 1.337545958754476243e-04 1.157422217582724345e-04 1.242300000000000000e+04
9.527887641048309320e+01 9.593146641501306814e-04 1.360159949243206553e-04 9.757429243323418786e-05 1.302100000000000000e+04
9.736254237981037818e+01 9.274332286084882278e-04 1.497001806327850220e-04 9.248155612006942611e-05 1.340500000000000000e+04
9.944832814799407572e+01 8.778506851342525062e-04 1.471884841181888160e-04 7.604902130188864165e-05 1.424700000000000000e+04
1.015460879802399035e+02 8.391342118710239323e-04 1.570251785915076392e-04 4.032240650201694113e-05 1.471300000000000000e+04
1.036426375667732316e+02 7.932005406948441310e-04 1.337211971705435124e-04 2.246128497360361093e-05 1.548900000000000000e+04
1.057389390539465950e+02 7.640320182883310199e-04 1.640885686572201403e-04 2.610782940968307066e-05 1.591300000000000000e+04
1.078395855981474227e+02 7.231025743999797183e-04 1.389534870146603800e-04 5.031880172626440536e-05 1.687900000000000000e+04
1.099389405850131709e+02 6.945083978038516393e-04 1.489404988304554784e-04 3.083023789624977928e-05 1.719300000000000000e+04
1.120392143152385387e+02 6.590473554949250086e-04 1.272372701166664356e-04 4.120404189064455887e-05 1.815700000000000000e+04
1.141233458569757744e+02 6.434797399488299341e-04 1.246117805178903947e-04 8.480186790025747042e-05 1.833900000000000000e+04
1.162159397555423084e+02 6.049220928863284366e-04 1.228186642526333822e-04 6.194943030117678327e-05 1.957300000000000000e+04
1.183137204803772420e+02 5.789126234961585685e-04 1.389153862892688089e-04 3.802359056880219286e-05 1.994100000000000000e+04
1.203972311807013256e+02 5.601067875389298964e-04 1.076728836625950913e-04 7.822712236075058214e-05 2.062900000000000000e+04
1.224922363187857286e+02 5.385670544501485954e-04 1.026924860628787741e-04 5.444077877547034760e-05 2.165500000000000000e+04
1.245882598425863534e+02 5.153842637409210541e-04 9.733091887524935898e-05 6.976439851970016857e-05 2.211300000000000000e+04
1.266884677158377315e+02 4.984441686405319998e-04 9.678379944956581708e-05 6.322917585732165246e-05 2.318500000000000000e+04
1.287846620419940962e+02 4.799142077192524564e-04 8.219348408024456200e-05 7.116373832574342153e-05 2.366700000000000000e+04
1.308713393788149801e+02 4.663433584843905866e-04 7.448675917317859076e-05 7.472271173430218485e-05 2.438500000000000000e+04
1.329754833440644575e+02 4.450219626845741271e-04 7.502598365540611857e-05 7.923270260779724961e-05 2.574900000000000000e+04
1.350691081525609434e+02 4.249624144550816652e-04 6.370185466380739634e-05 7.134134613113396136e-05 2.567500000000000000e+04
1.371638825856825576e+02 4.103647327462421309e-04 6.071460130022813032e-05 5.610909459011680713e-05 2.740900000000000000e+04
1.392604757372163533e+02 3.997098529079208215e-04 5.149859920640216879e-05 6.134552464328826187e-05 2.740500000000000000e+04
1.413466882908376760e+02 3.832965261477205366e-04 6.323595542727177650e-05 3.967970348207547349e-05 2.871700000000000000e+04
1.434475230090064031e+02 3.736221506588073104e-04 6.468611285255279337e-05 3.154211507187158428e-05 2.959500000000000000e+04
1.455452853418541679e+02 3.603652174012373353e-04 6.014676567918858719e-05 3.825873540366926776e-05 3.030100000000000000e+04
1.476332061073587738e+02 3.486376946081734996e-04 5.328594859885039855e-05 2.868466781666803892e-05 3.110100000000000000e+04
1.497211472843286231e+02 3.361407239793432356e-04 5.592365703485616840e-05 2.509198271524214273e-05 3.202300000000000000e+04
1.518138048751577287e+02 3.233573836678621028e-04 5.538416585759383705e-05 3.425989313495551782e-05 3.297700000000000000e+04
1.539211490100352648e+02 3.161356719944377917e-04 5.045154285361237858e-05 1.865910577535091313e-05 3.444900000000000000e+04
1.560214747341236716e+02 3.039066316945837403e-04 4.978464029225257784e-05 3.167211506883290485e-05 3.454900000000000000e+04
1.581161747588121784e+02 2.951960900861325208e-04 5.074451618191130181e-05 2.429377580791392254e-05 3.611100000000000000e+04
1.602118712271799836e+02 2.907279386534218179e-04 4.394221383477081355e-05 2.288968402457115014e-05 3.654100000000000000e+04
1.623006419462898862e+02 2.825546619731780611e-04 3.893358252854801037e-05 2.057055952817051850e-05 3.771700000000000000e+04
1.643899033199985240e+02 2.766867288247645373e-04 3.941927383093718333e-05 1.783278306368578481e-05 3.861900000000000000e+04
1.664835582381511756e+02 2.657000754182234315e-04 3.659728620965696944e-05 3.034192631214800855e-05 3.966100000000000000e+04
1.685719683778473552e+02 2.586568185597356304e-04 3.994823661852152694e-05 2.362662725346255003e-05 4.054500000000000000e+04
1.706641332089364766e+02 2.529964990690691806e-04 3.861767785085899339e-05 2.669351451422873132e-05 4.181500000000000000e+04
1.727708699256135390e+02 2.443359833226004126e-04 3.626040665721927994e-05 1.939048462107388087e-05 4.312500000000000000e+04
1.748696546009699659e+02 2.366224461376465187e-04 3.901170799938659205e-05 2.504666925594086494e-05 4.368100000000000000e+04
1.769585769494445344e+02 2.301971872472258272e-04 4.454698398066953767e-05 1.545732522470557953e-05 4.462900000000000000e+04
1.790524509315575301e+02 2.247860318299848951e-04 3.983253139472663014e-05 2.211492749682010875e-05 4.622700000000000000e+04
1.811526521261263554e+02 2.180673477872538684e-04 3.479210053718618281e-05 2.064035455605184825e-05 4.690900000000000000e+04
1.832476884130738881e+02 2.147511974820855119e-04 3.420362687494166311e-05 1.699603041417057972e-05 4.823700000000000000e+04
1.853312475833926101e+02 2.081998979144583390e-04 3.557072541049676731e-05 2.221103398145933067e-05 4.858300000000000000e+04
1.874284892203218931e+02 2.041445769677263243e-04 3.296859767419644345e-05 1.765883628562804066e-05 5.099700000000000000e+04
1.895337179075755216e+02 1.992701498095087733e-04 3.590367955307201524e-05 1.569059327360095189e-05 5.139700000000000000e+04
1.916268196474026126e+02 1.947799079644175590e-04 2.904932767264809483e-05 2.350643743933790761e-05 5.248900000000000000e+04
1.937183403446852878e+02 1.892221382371513387e-04 3.251533357144897586e-05 2.277877813280798579e-05 5.378700000000000000e+04
1.958131498886989164e+02 1.839716016360712348e-04 3.142477511542785229e-05 1.788706448984444744e-05 5.491300000000000000e+04
1.979058740098966211e+02 1.796055869628777966e-04 3.042851103935579539e-05 1.493484779954404841e-05 5.597700000000000000e+04
1.999990651597893816e+02 1.756615888799150976e-04 3.291920764556536183e-05 1.712467871868977854e-05 5.741500000000000000e+04
2.020893038374759101e+02 1.720893107610446898e-04 3.107587946763943726e-05 1.668509280382142796e-05 5.810500000000000000e+04
2.041823192148177952e+02 1.674831519630675997e-04 2.913933781061333442e-05 1.710200030157127125e-05 6.003300000000000000e+04
2.062825911013838152e+02 1.645604280243455233e-04 3.071971765205142767e-05 1.709691851094187286e-05 6.094900000000000000e+04
2.083770189145966185e+02 1.618319354673774732e-04 3.216589321778662178e-05 1.729868851907095302e-05 6.223500000000000000e+04
2.104675816794403431e+02 1.582431508687984071e-04 3.064594361284386353e-05 1.588379569112522536e-05 6.322900000000000000e+04
2.125667854244018145e+02 1.534760195719365387e-04 3.159425864259501497e-05 1.625530883733026811e-05 6.513300000000000000e+04
2.146619261104851830e+02 1.504714405944655373e-04 3.260535525651432761e-05 1.813693764533256294e-05 6.570700000000000000e+04
2.167561805722037036e+02 1.482421321351704349e-04 2.943233479359715117e-05 1.960829223667126276e-05 6.756100000000000000e+04
2.188528705899679210e+02 1.448623209843114196e-04 3.084619246657193862e-05 2.245085699269800799e-05 6.850500000000000000e+04
2.209456427453084473e+02 1.420819133814957465e-04 2.852420616915749755e-05 2.203166307600227069e-05 6.994300000000000000e+04
2.230395148320731096e+02 1.394536614798140063e-04 2.878336945002983623e-05 2.308745952647447690e-05 7.109700000000000000e+04
2.251356732858534997e+02 1.372689846393226193e-04 2.710107479832147428e-05 2.553158338192139758e-05 7.302100000000000000e+04
2.272278504864401327e+02 1.343976521652373351e-04 2.633617463885700512e-05 2.558311040589736137e-05 7.331700000000000000e+04
2.293197511287232544e+02 1.323953261699497143e-04 2.356170340232964185e-05 2.466800990575356689e-05 7.579900000000000000e+04
2.314114772346510165e+02 1.300575001736414284e-04 2.561824647197325389e-05 2.453817215176185812e-05 7.602100000000000000e+04
2.335058467478245632e+02 1.280781892982957098e-04 2.524704334716338045e-05 2.310319205360703549e-05 7.875300000000000000e+04
2.356041652202905539e+02 1.255544568396796087e-04 2.497565338594413532e-05 2.485264058616081209e-05 7.929100000000000000e+04
2.377006336558306998e+02 1.232291965178210138e-04 2.453555148465884421e-05 2.673370135757692441e-05 8.112900000000000000e+04
2.397972750390475198e+02 1.221723618948741840e-04 2.301926545988323614e-05 2.383606536779964038e-05 8.244100000000000000e+04
2.418944602532704096e+02 1.204112573035980612e-04 2.662021213465119371e-05 2.914076574895070089e-05 8.394900000000000000e+04
2.439884227569783093e+02 1.190442635067152482e-04 2.629338687688135466e-05 2.885458040247825058e-05 8.512300000000000000e+04
2.460835996828307373e+02 1.175531711379673678e-04 2.293031638648734762e-05 3.431676116797934890e-05 8.692900000000000000e+04
2.481755280705312146e+02 1.156786487117733852e-04 2.391189224631259895e-05 3.572183815376846189e-05 8.778900000000000000e+04
2.502623700647570217e+02 1.158336486301113599e-04 2.311120890275000724e-05 3.933596585397525138e-05 8.962300000000000000e+04
2.523586155105348325e+02 1.136753225449049271e-04 2.274657353240289054e-05 3.813191661319894851e-05 9.134100000000000000e+04
2.544547077866985489e+02 1.129187760127982288e-04 2.130785661688934808e-05 4.321789537017580504e-05 9.284500000000000000e+04
2.565487653287422063e+02 1.121412444380099629e-04 2.193883148361129508e-05 4.484716955451237036e-05 9.408700000000000000e+04
2.586464955058470991e+02 1.107089071804590605e-04 2.315196877451535011e-05 4.611835198989355946e-05 9.633300000000000000e+04
2.607443047329861656e+02 1.103495500862140843e-04 2.197686428879528142e-05 5.094480104509377415e-05 9.724900000000000000e+04
2.628438312173413465e+02 1.106653663860099763e-04 2.328021533392515388e-05 5.484064172000135978e-05 9.950100000000000000e+04
2.649298855659840228e+02 1.097846925317399937e-04 2.366233316940282087e-05 5.749498579721618497e-05 9.928300000000000000e+04
2.670163698864117805e+02 1.094759701806893171e-04 2.218645156271221107e-05 5.895015089266768759e-05 1.025370000000000000e+05
2.691120556714307668e+02 1.094566209328626802e-04 2.153445496468162174e-05 5.264778560465738314e-05 1.022830000000000000e+05
2.712074998348403483e+02 1.071901212403301485e-04 2.011419717755659792e-05 3.641434253450885503e-05 1.021060000000000000e+05
2.733050116933233653e+02 1.054998541160096360e-04 2.065950022375687964e-05 2.103684659370704704e-05 1.007340000000000000e+05
2.753977295572417461e+02 1.035092619106901043e-04 1.801884613880181201e-05 4.073521469605900348e-06 9.999400000000000000e+04
2.774958294534935703e+02 1.027803410499277486e-04 1.751469054987707182e-05 -7.001239352567894519e-06 9.936000000000000000e+04
2.795977707949222122e+02 1.013351285044360737e-04 1.577863275478098558e-05 -2.007425444271356335e-05 9.860800000000000000e+04
2.816862895118986785e+02 9.924044598833995983e-05 1.432490656947240241e-05 -3.120840223453024635e-05 9.625200000000000000e+04
2.837743515740906446e+02 9.760511469124849408e-05 1.394915168653103510e-05 -4.465949746776119901e-05 9.640000000000000000e+04
2.858713251310674650e+02 9.653556465278181691e-05 1.159897668080680178e-05 -5.163838584358165638e-05 9.539800000000000000e+04
2.879670932628575883e+02 9.521726701079760702e-05 1.168141083764786999e-05 -6.240085142430977093e-05 9.402000000000000000e+04
2.900590582015512382e+02 9.423743249547381399e-05 1.134706454624609959e-05 -7.136338496725203333e-05 9.316000000000000000e+04
2.921519201901450060e+02 9.186938957776976723e-05 1.102738377084394537e-05 -7.794772145544812147e-05 9.177600000000000000e+04
2.942485935102203030e+02 9.095644035365859498e-05 1.064724120069228749e-05 -8.536960487893014901e-05 9.137800000000000000e+04
2.963426645133968691e+02 8.938551636438439585e-05 8.574379100998968223e-06 -9.139115246895938003e-05 8.949000000000000000e+04
2.984329904966970162e+02 8.818181304865622082e-05 8.534847738108293332e-06 -9.845162632856947640e-05 8.845000000000000000e+04
3.005290481640043367e+02 8.689188844410367834e-05 8.013964277902348182e-06 -1.043025577087988937e-04 8.794600000000000000e+04
3.026245947235937592e+02 8.621572622149090257e-05 8.080517910325017480e-06 -1.083592965752797668e-04 8.575200000000000000e+04
3.047205651109674704e+02 8.519186010733789606e-05 7.512192167158269704e-06 -1.140668702379896089e-04 8.574400000000000000e+04
3.068167457111920839e+02 8.514582956613223075e-05 5.801710191844372510e-06 -1.195984301967847869e-04 8.322000000000000000e+04
3.089118625384018060e+02 8.495334242580981888e-05 6.625150649129452602e-06 -1.254487048058211638e-04 8.302000000000000000e+04
3.110099981664167785e+02 8.356372052313694920e-05 4.943532035768199201e-06 -1.270965089068941010e-04 8.106400000000000000e+04
3.131040997612852266e+02 8.213259517947697091e-05 3.989214353936603862e-06 -1.297579390313799549e-04 7.983000000000000000e+04
3.151936712677708670e+02 8.243153951427389752e-05 5.001351214671833014e-06 -1.352552836500494444e-04 7.823800000000000000e+04
3.172858841403398173e+02 8.137950729374740912e-05 2.832984043355666649e-06 -1.362683294580335715e-04 7.715400000000000000e+04
3.193772099476266817e+02 8.009262791840956097e-05 2.872090432213422673e-06 -1.386159320813355896e-04 7.546600000000000000e+04
3.214753775151562536e+02 7.933737737309336203e-05 3.960273813944561796e-06 -1.423781247049376718e-04 7.480200000000000000e+04
3.235746879206847666e+02 7.934322633401617452e-05 3.981427511705189725e-06 -1.469549995477907578e-04 7.258000000000000000e+04
3.256647237020029024e+02 7.901644838797318481e-05 3.274437097392634647e-06 -1.478736155588972830e-04 7.133800000000000000e+04
3.277571324083919535e+02 7.765052409538012162e-05 3.026492204952814067e-06 -1.482355114060254168e-04 6.964200000000000000e+04
3.298487111637800240e+02 7.848770045753787454e-05 2.998294406845431193e-06 -1.527562054192156671e-04 6.832600000000000000e+04
3.319433744068021497e+02 7.784646202157464426e-05 3.037897381100225902e-06 -1.548660841601797247e-04 6.674400000000000000e+04
3.340422322988853239e+02 7.805833298593372498e-05 2.620442659266984562e-06 -1.569684164596886803e-04 6.533800000000000000e+04
3.361307892565458246e+02 7.801923753005486953e-05 2.610350009586689170e-06 -1.596647401621381038e-04 6.315600000000000000e+04
3.382251120895489294e+02 7.744637323181397513e-05 2.842492063420968178e-06 -1.624550647336695040e-04 6.214000000000000000e+04
3.403264013195363304e+02 7.766063285672062636e-05 2.791887458345758358e-06 -1.649713068818351325e-04 6.051400000000000000e+04
3.424148842577288860e+02 7.756795049485720349e-05 2.967993857338684276e-06 -1.680184673768316027e-04 5.799000000000000000e+04
3.445099495577244397e+02 7.757297803463964001e-05 1.583482289804421030e-06 -1.678085244490873785e-04 5.742400000000000000e+04
3.466144105402300397e+02 7.827757364910764982e-05 2.059741428389526615e-06 -1.726317143197483384e-04 5.518200000000000000e+04
3.487067496858389859e+02 7.742905391117659594e-05 1.541764477292843216e-06 -1.718445191863380087e-04 5.306800000000000000e+04
3.507912540595516475e+02 7.917284719383376997e-05 5.006489302622083226e-07 -1.762568191308046500e-04 5.152800000000000000e+04
3.528807167895711814e+02 7.894671897153236056e-05 1.118850312834907628e-06 -1.791798811175149557e-04 4.954600000000000000e+04
3.549828487415276754e+02 7.951388586722593838e-05 2.591382787035057641e-06 -1.832213116968880399e-04 4.846600000000000000e+04
3.570768480370360862e+02 7.952553404725229793e-05 2.002359780295453444e-06 -1.856621632550625300e-04 4.566600000000000000e+04
3.591652111747225717e+02 8.055537647695555756e-05 2.518505372202051356e-06 -1.908204296722706289e-04 4.423000000000000000e+04
3.612627896178847777e+02 7.913978754348127752e-05 1.847915474013629540e-06 -1.896156033279986104e-04 4.254000000000000000e+04
3.633645820428338880e+02 8.006516612896529353e-05 2.378094220314754839e-06 -1.950209268539468768e-04 4.022200000000000000e+04
3.654527365610065885e+02 7.996160415414518472e-05 1.764512685287867497e-06 -1.951625796278049266e-04 3.842200000000000000e+04
3.675441472124314259e+02 7.920492595752781206e-05 2.038429060554299844e-06 -1.981438089453228812e-04 3.624600000000000000e+04
3.696396280380744201e+02 7.980265995290201171e-05 2.800064378737425448e-06 -2.013889225491519435e-04 3.455200000000000000e+04
3.717297223820279441e+02 8.098746814206997922e-05 1.969260612710715901e-06 -2.075792556032406665e-04 3.213600000000000000e+04
3.738176974939287902e+02 8.118123394747180836e-05 1.070553713943192028e-06 -2.097129091010221100e-04 3.029200000000000000e+04
3.759110996783247174e+02 7.941803073084258472e-05 2.520311505121988786e-06 -2.130387873773206809e-04 2.830200000000000000e+04
3.780081394014102898e+02 7.815187386066111015e-05 4.966702400877481501e-07 -2.124792354482731656e-04 2.605600000000000000e+04
3.801051557582653118e+02 7.684489779701232312e-05 1.071921503801553874e-06 -2.143346545513500224e-04 2.421100000000000000e+04
3.821955053587425937e+02 7.706559260500267549e-05 -2.183632886005899227e-07 -2.184832162764585497e-04 2.220600000000000000e+04
3.842862749912937943e+02 7.540359012486453879e-05 9.997945130806778175e-07 -2.207485835334389575e-04 2.088400000000000000e+04
3.863841918340856409e+02 7.470334663593490077e-05 -5.210554592170287672e-07 -2.195800559270910917e-04 1.939200000000000000e+04
3.884771734501698006e+02 7.388707399568327102e-05 -9.819755110885705073e-07 -2.202094738696765629e-04 1.805800000000000000e+04
3.905623371605522607e+02 7.444856288070689123e-05 -1.225248431710685170e-06 -2.234457690378485793e-04 1.674600000000000000e+04
3.926667500119167471e+02 7.619852299715931094e-05 -1.421276926234416366e-06 -2.325304036806295034e-04 1.589800000000000000e+04
3.947778557744774162e+02 7.356068218903042452e-05 -1.494008119527536489e-06 -2.266785720543501928e-04 1.457800000000000000e+04
3.968631060462392952e+02 7.441079126407168065e-05 -7.571023508192437794e-07 -2.324172754975390690e-04 1.344300000000000000e+04
3.989413219049817485e+02 7.467206063583799083e-05 -8.505860124287608065e-07 -2.354433159142009697e-04 1.251100000000000000e+04
4.010572258526528344e+02 7.481184592000837013e-05 -1.795850017124568357e-07 -2.389816488943314503e-04 1.191900000000000000e+04
4.031656962107319373e+02 7.651850156916027072e-05 -2.492160601096718728e-07 -2.466352428438500495e-04 1.063900000000000000e+04
4.052249146637423678e+02 7.706361547446943523e-05 -1.044911796614823478e-06 -2.493553667206522585e-04 9.775000000000000000e+03
4.073276634718891387e+02 7.781401776713812697e-05 -1.350576470338546384e-06 -2.535887202556352023e-04 9.423000000000000000e+03
4.094593776408451049e+02 7.779614578340520294e-05 -7.915311053170303826e-07 -2.556595956115511139e-04 8.449000000000000000e+03
4.115405539130957777e+02 7.929811759080635360e-05 -1.327443971175871289e-06 -2.614089040239506710e-04 7.596000000000000000e+03
4.135894252671187132e+02 8.027204805271132568e-05 -8.738264665794042868e-07 -2.659456574216129869e-04 6.931000000000000000e+03
4.156930049049321951e+02 8.261074854269303657e-05 -2.261194118894620631e-06 -2.747550519673319755e-04 6.612000000000000000e+03
4.178272827209258367e+02 8.665824883156835617e-05 -1.896290420966162344e-06 -2.894703834698532071e-04 5.899000000000000000e+03
4.199082037741286513e+02 8.587646085501321133e-05 -1.695160124043798029e-06 -2.884267990343043720e-04 5.176000000000000000e+03
4.219826095167229028e+02 8.543150739024383633e-05 -2.975535190977693811e-07 -2.896031926946688543e-04 4.824000000000000000e+03
4.241028763136273483e+02 8.926226559886917857e-05 3.560660138390518068e-07 -3.046283760058680814e-04 4.312000000000000000e+03
4.262107721966358440e+02 9.402403730049027186e-05 1.008933089251992571e-06 -3.224068476805714233e-04 3.819000000000000000e+03
4.282460731868927724e+02 9.412513642034910869e-05 2.579801479980554692e-07 -3.224875667944715365e-04 3.220000000000000000e+03
4.303287648834323136e+02 9.790393556719224042e-05 3.776997376419417592e-07 -3.370842634969242854e-04 3.132000000000000000e+03
4.325172248853483552e+02 1.018348403802836331e-04 3.792963947580356822e-07 -3.514409334359510479e-04 2.680000000000000000e+03
4.346325070601815810e+02 9.821430652932367107e-05 -4.392372355445565121e-07 -3.387268226296349526e-04 2.218000000000000000e+03
4.365567227659553851e+02 9.794397183049800024e-05 7.252175412535999226e-07 -3.393488630054424492e-04 1.728000000000000000e+03
4.386277159174848634e+02 1.057308561314369627e-04 -8.866609419544177979e-08 -3.668950317325446551e-04 1.816000000000000000e+03
4.409019266196692683e+02 1.099021568931229974e-04 3.447766633637456592e-07 -3.823177123821500881e-04 1.476000000000000000e+03
4.430735479208619836e+02 1.172918442522579596e-04 5.030362309962383494e-07 -4.087487122732851226e-04 1.108000000000000000e+03
4.448761117541747012e+02 1.216024106789196692e-04 2.053945841411663617e-06 -4.254108564441016539e-04 7.560000000000000000e+02
4.469343758523184533e+02 1.221930996319786254e-04 7.512934326315215157e-07 -4.269097620791044673e-04 8.440000000000000000e+02
4.493013102792758104e+02 1.299063081169028137e-04 8.723543537427454178e-07 -4.542784554163614859e-04 6.280000000000000000e+02
4.515989744176221734e+02 1.459978242559154254e-04 8.521277353156979513e-07 -5.109155353994962456e-04 4.050000000000000000e+02
4.533101867737696580e+02 1.214504066102420425e-04 2.304793358900737998e-06 -4.266600536229692218e-04 2.020000000000000000e+02
4.552338387398290820e+02 1.407457017858460512e-04 8.189881562833161473e-07 -4.929233085449377921e-04 2.280000000000000000e+02
4.576034578613840722e+02 1.648416478379496159e-04 -6.041711981254952312e-07 -5.759505829827456149e-04 1.240000000000000000e+02
4.599517872444100703e+02 1.309737537288797871e-04 3.604282725863122725e-07 -4.586552514583488592e-04 5.200000000000000000e+01
4.619205689144050666e+02 1.384644996054212505e-04 2.896066074901830861e-07 -4.848660667222051018e-04 9.000000000000000000e+00
4.634281054380590490e+02 2.209947743563529029e-04 6.736251564537777665e-07 -7.741160745373255707e-04 4.000000000000000000e+00
