2.966547074898984615e+00 2.857523095839347160e+00 8.180794644707398144e-02 -2.066508830883888592e+00 1.300000000000000000e+01
5.026374055021858744e+00 1.794759239531411366e+00 4.762165600101171403e-01 -4.747953686391555295e-02 3.300000000000000000e+01
7.149300621522788113e+00 1.433978185283331097e+00 5.680788955331151843e-04 -3.032722203284253237e-01 7.900000000000000000e+01
9.278869254964254409e+00 1.296091104963947416e+00 -1.687518546769192773e-01 1.005707978774654648e-01 1.170000000000000000e+02
1.145033261934470126e+01 1.077998474116608874e+00 -1.557265710516921864e-01 2.124613068693744777e-01 2.050000000000000000e+02
1.349295587141915043e+01 9.998146979901438858e-01 -1.986665817476818974e-01 2.345340668400232309e-01 2.350000000000000000e+02
1.558905561191892986e+01 9.041286376331185703e-01 -3.283011453510576577e-02 -3.636982148488053512e-02 3.690000000000000000e+02
1.769408367255316961e+01 7.960463359569754926e-01 -6.233547823988853237e-02 -7.488499657692475331e-02 4.330000000000000000e+02
1.981787480313529670e+01 6.480491216210993999e-01 -5.399181995291899017e-02 -2.189638998346599835e-02 5.850000000000000000e+02
2.192074938196263645e+01 5.902015770406863204e-01 -4.236180641732804203e-02 -1.364072754952460886e-01 6.790000000000000000e+02
2.398877635566245203e+01 5.290814957884992786e-01 -1.100437381057802269e-02 -8.318599994971233313e-02 8.130000000000000000e+02
2.609286971896115759e+01 4.775175285819145965e-01 -3.782550844393880313e-02 -4.518502416229016466e-02 9.850000000000000000e+02
2.823466315278179550e+01 4.541772821555719597e-01 -4.399481569162963512e-03 1.134764143270615769e-02 1.183000000000000000e+03
3.032284873509123102e+01 4.219135693776127072e-01 1.291603558137668223e-02 1.877468295935478051e-02 1.269000000000000000e+03
3.240263258943403457e+01 3.627081394913990176e-01 3.273653714914000895e-02 -1.137393417115193511e-02 1.537000000000000000e+03
3.449210129864554375e+01 3.358392980772107461e-01 1.871965386595874498e-02 -1.148268378150149593e-02 1.653000000000000000e+03
3.658588147515196454e+01 3.072798710315262638e-01 5.455155490628357980e-03 -6.008975725389236258e-03 1.963000000000000000e+03
3.868476949266977272e+01 2.830596923983513258e-01 1.330098602578183055e-02 2.378268159884339844e-02 2.121000000000000000e+03
4.078898888458283523e+01 2.624374965076882726e-01 9.433147915308786463e-03 2.523298956819255284e-02 2.413000000000000000e+03
4.289390876967645738e+01 2.404779089412821258e-01 9.034250304035783274e-03 1.798003078796252957e-02 2.635000000000000000e+03
4.498336005546935468e+01 2.233019465544750781e-01 2.694156264248581678e-02 1.947865960320923143e-02 2.877000000000000000e+03
4.706498529473824988e+01 2.035647782078682244e-01 2.574381873153393577e-02 2.262042825171357158e-03 3.169000000000000000e+03
4.917111919158227096e+01 1.896588580089662857e-01 2.033046741098024773e-02 1.944516821173191377e-03 3.507000000000000000e+03
5.126216914174227668e+01 1.789630320568016408e-01 1.362130987864584430e-03 -1.745756866650671367e-03 3.685000000000000000e+03
5.335525146837034072e+01 1.690769937394318856e-01 1.062269227440426622e-02 6.333695631948638681e-03 4.165000000000000000e+03
5.546637228956934251e+01 1.609507095927531495e-01 1.082720159744586345e-02 2.944259279596396668e-03 4.377000000000000000e+03
5.757318819254808773e+01 1.497350916058383385e-01 1.675849542218892790e-02 -6.212243569384454621e-03 4.855000000000000000e+03
5.965884044590281121e+01 1.387345401886027341e-01 1.771094042238326866e-02 7.032443573867155386e-03 4.929000000000000000e+03
6.174512302159506305e+01 1.325025592989440004e-01 1.476432966240173901e-02 -4.482792981526924716e-04 5.581000000000000000e+03
6.382689291137189969e+01 1.251887308360228879e-01 4.729649182210320449e-03 2.399783539210202047e-03 5.679000000000000000e+03
6.592966228838450604e+01 1.190440839651501215e-01 6.074831918167830115e-03 -1.385822484839001995e-04 6.385000000000000000e+03
6.803125784825746791e+01 1.110142034736871786e-01 8.418972345547800704e-03 4.741285765626952059e-03 6.553000000000000000e+03
7.013131008699485847e+01 1.069654645608033999e-01 7.990800394212996607e-03 2.644174130819782961e-03 7.125000000000000000e+03
7.223032366074338029e+01 1.004091920247381503e-01 1.106698558301907193e-02 4.123075317632685262e-03 7.447000000000000000e+03
7.432334270720505742e+01 9.463679068723895860e-02 9.440167910855433789e-03 2.950109907929415482e-03 7.929000000000000000e+03
7.642066756954473306e+01 9.099619425406807460e-02 6.715695477013633279e-03 5.400832541932364594e-04 8.353000000000000000e+03
7.850471694556040347e+01 8.686353044621784869e-02 4.617072944259648613e-03 2.449613477316689870e-03 8.775000000000000000e+03
8.059701946059529121e+01 8.219077455832037027e-02 7.039774840286729465e-03 3.122543544792846879e-03 9.313000000000000000e+03
8.269521798132063850e+01 7.953718372772836109e-02 8.122103278040505858e-03 2.904905517587137698e-04 9.841000000000000000e+03
8.478307522909847194e+01 7.567377052055064557e-02 1.059523506812139540e-02 -8.355137388730810401e-05 1.019100000000000000e+04
8.687780839616016237e+01 7.221647403178445279e-02 1.046942806450300995e-02 -7.135294581409489705e-04 1.089700000000000000e+04
8.897524569656535220e+01 6.858084283759925681e-02 8.933392768180602531e-03 1.789561151380488716e-03 1.130100000000000000e+04
9.108077810470518898e+01 6.754824261540742780e-02 7.107806662157482858e-03 1.162516352237241051e-03 1.202500000000000000e+04
9.318432266948052245e+01 6.398923711910099732e-02 6.671388449280793442e-03 9.158234415690012700e-04 1.242300000000000000e+04
9.527887641048309320e+01 6.128467792674664044e-02 8.817161694357599638e-03 -1.040912392617598546e-03 1.302100000000000000e+04
9.736254237981037818e+01 5.880571052399628795e-02 8.992785605001524241e-03 5.294244248251796106e-04 1.340500000000000000e+04
9.944832814799407572e+01 5.660663702933138586e-02 1.023041987153641870e-02 1.262296396273683346e-03 1.424700000000000000e+04
1.015460879802399035e+02 5.530403259232478247e-02 9.142949450038453593e-03 9.284152974582735420e-04 1.471300000000000000e+04
1.036426375667732316e+02 5.273636839177092001e-02 8.147884956970614934e-03 1.728478141801156193e-03 1.548900000000000000e+04
1.057389390539465950e+02 5.071173780740648868e-02 8.940366540024481667e-03 1.049745043045731407e-03 1.591300000000000000e+04
1.078395855981474227e+02 4.835617951256301200e-02 8.872075734104537675e-03 4.533886924270101419e-04 1.687900000000000000e+04
1.099389405850131709e+02 4.665334900845678062e-02 9.736049779340274699e-03 -2.443906714179597869e-04 1.719300000000000000e+04
1.120392143152385387e+02 4.549561886643233716e-02 9.959893741185285934e-03 -1.607545835824014321e-03 1.815700000000000000e+04
1.141233458569757744e+02 4.428806635155965038e-02 9.219297593569812654e-03 1.994152629506367076e-03 1.833900000000000000e+04
1.162159397555423084e+02 4.240668974769329358e-02 9.393071084881325292e-03 1.400901340325940575e-03 1.957300000000000000e+04
1.183137204803772420e+02 4.151738110726776315e-02 9.123293070811463665e-03 -2.918463486951819192e-03 1.994100000000000000e+04
1.203972311807013256e+02 3.966562050554221786e-02 8.324886416183412477e-03 5.179955992605231926e-04 2.062900000000000000e+04
1.224922363187857286e+02 3.794621983785270020e-02 8.604541422763877997e-03 -1.987152467851941058e-03 2.165500000000000000e+04
1.245882598425863534e+02 3.707226567578161824e-02 8.856017670979684023e-03 1.373292057184284296e-04 2.211300000000000000e+04
1.266884677158377315e+02 3.593944982341367583e-02 7.769993315745063120e-03 -6.879914996251062544e-04 2.318500000000000000e+04
1.287846620419940962e+02 3.458425615115713614e-02 8.209249106082536912e-03 9.774358307480226962e-04 2.366700000000000000e+04
1.308713393788149801e+02 3.350969207014373868e-02 7.298357327229755553e-03 1.034126664724549505e-03 2.438500000000000000e+04
1.329754833440644575e+02 3.246599584186108528e-02 7.015242654470828752e-03 5.825111127501593272e-04 2.574900000000000000e+04
1.350691081525609434e+02 3.148205719088763288e-02 7.608862722213541666e-03 -3.775923246509027857e-04 2.567500000000000000e+04
1.371638825856825576e+02 3.032110245442555183e-02 7.448286774031961932e-03 3.275847983085267053e-05 2.740900000000000000e+04
1.392604757372163533e+02 2.983675565696327497e-02 7.494578118897202851e-03 3.218769195649506809e-04 2.740500000000000000e+04
1.413466882908376760e+02 2.892068069517485240e-02 7.284004921218564278e-03 3.504828113277652754e-04 2.871700000000000000e+04
1.434475230090064031e+02 2.820549545081014325e-02 7.015007120818621787e-03 4.860800560408682432e-04 2.959500000000000000e+04
1.455452853418541679e+02 2.729636256554152096e-02 7.035870012270728328e-03 1.041199560945143204e-04 3.030100000000000000e+04
1.476332061073587738e+02 2.645459016503332039e-02 7.041173567394006308e-03 -1.865219341643078511e-04 3.110100000000000000e+04
1.497211472843286231e+02 2.589442025677016548e-02 6.318144127655736172e-03 -5.227955709811379654e-04 3.202300000000000000e+04
1.518138048751577287e+02 2.510829700501850809e-02 6.294077419681035068e-03 7.935123332151020102e-04 3.297700000000000000e+04
1.539211490100352648e+02 2.466133476469280564e-02 6.180498088487939613e-03 3.593738190258314929e-04 3.444900000000000000e+04
1.560214747341236716e+02 2.381077770328432833e-02 6.163203175897490928e-03 1.430847583360987402e-03 3.454900000000000000e+04
1.581161747588121784e+02 2.316105890801440151e-02 5.970039398044630144e-03 7.726152547576583705e-04 3.611100000000000000e+04
1.602118712271799836e+02 2.247239649829507399e-02 6.067916317065346656e-03 8.658522889097359414e-04 3.654100000000000000e+04
1.623006419462898862e+02 2.186819180605461752e-02 5.553129606350523141e-03 3.835293122077961490e-04 3.771700000000000000e+04
1.643899033199985240e+02 2.149052324163497688e-02 5.865315957989051220e-03 1.566153330813568520e-04 3.861900000000000000e+04
1.664835582381511756e+02 2.097702310283998742e-02 5.746381946476051238e-03 1.109809835107834026e-03 3.966100000000000000e+04
1.685719683778473552e+02 2.066983026733731910e-02 5.764724599761376564e-03 8.265330850072119453e-04 4.054500000000000000e+04
1.706641332089364766e+02 1.999415771934419730e-02 5.886455065261813821e-03 1.128930463376024828e-03 4.181500000000000000e+04
1.727708699256135390e+02 1.953668322833337564e-02 5.891615596116197423e-03 6.924393351687579707e-04 4.312500000000000000e+04
1.748696546009699659e+02 1.904120961718105617e-02 5.390185533563250468e-03 7.147725031615940073e-04 4.368100000000000000e+04
1.769585769494445344e+02 1.858976119689825790e-02 5.454485042118115655e-03 8.386683342592763865e-04 4.462900000000000000e+04
1.790524509315575301e+02 1.832395644907626464e-02 5.543777876937050486e-03 1.386769358889564270e-03 4.622700000000000000e+04
1.811526521261263554e+02 1.792656212368545429e-02 5.444264231380664502e-03 1.448220040052808355e-03 4.690900000000000000e+04
1.832476884130738881e+02 1.741781135757539123e-02 5.598362857479358308e-03 1.681514326884459443e-03 4.823700000000000000e+04
1.853312475833926101e+02 1.708642986937787892e-02 5.530123473610942635e-03 2.186000296363975904e-03 4.858300000000000000e+04
1.874284892203218931e+02 1.661800054054373907e-02 5.345684228080099798e-03 1.550482793128420090e-03 5.099700000000000000e+04
1.895337179075755216e+02 1.629624338751329074e-02 5.230675293033391557e-03 1.581291991102779133e-03 5.139700000000000000e+04
1.916268196474026126e+02 1.595037699876745638e-02 5.064487955896299076e-03 1.750924009226073304e-03 5.248900000000000000e+04
1.937183403446852878e+02 1.579260122182074913e-02 5.149629121456407617e-03 2.064987820086574069e-03 5.378700000000000000e+04
1.958131498886989164e+02 1.540851045229741853e-02 4.998561304294538675e-03 2.065495536441803396e-03 5.491300000000000000e+04
1.979058740098966211e+02 1.501538788627662657e-02 5.036662335823871225e-03 1.809127733412390282e-03 5.597700000000000000e+04
1.999990651597893816e+02 1.474278403507428732e-02 5.175884950864862062e-03 2.142711422083100076e-03 5.741500000000000000e+04
2.020893038374759101e+02 1.456719451524705541e-02 4.840399788962594478e-03 1.590145059958526915e-03 5.810500000000000000e+04
2.041823192148177952e+02 1.429466400010463538e-02 4.682562305002588646e-03 2.036583836132719715e-03 6.003300000000000000e+04
2.062825911013838152e+02 1.401937619904026176e-02 4.807289527050064362e-03 2.337665289722489544e-03 6.094900000000000000e+04
2.083770189145966185e+02 1.382976334902225393e-02 4.743315452841607646e-03 2.319634608827365364e-03 6.223500000000000000e+04
2.104675816794403431e+02 1.352624657233213352e-02 4.828577253982638436e-03 2.515195213721698776e-03 6.322900000000000000e+04
2.125667854244018145e+02 1.336359153775658337e-02 4.855487959692430036e-03 2.459041768127664257e-03 6.513300000000000000e+04
2.146619261104851830e+02 1.320436467219077495e-02 4.682502281891783198e-03 2.471487337465154421e-03 6.570700000000000000e+04
2.167561805722037036e+02 1.303681232567201892e-02 4.733866377431104368e-03 2.605129497809676592e-03 6.756100000000000000e+04
2.188528705899679210e+02 1.279602688928008734e-02 4.705806653732292136e-03 2.492163516275470656e-03 6.850500000000000000e+04
2.209456427453084473e+02 1.263160880587670468e-02 4.657284134493491247e-03 2.635742399764569484e-03 6.994300000000000000e+04
2.230395148320731096e+02 1.252774296814897735e-02 4.993324318165804840e-03 2.635413688784061115e-03 7.109700000000000000e+04
2.251356732858534997e+02 1.235481517402353853e-02 4.990068625745080165e-03 2.791647336274519046e-03 7.302100000000000000e+04
2.272278504864401327e+02 1.227428404677976051e-02 4.957437975940480641e-03 2.970451397700486513e-03 7.331700000000000000e+04
2.293197511287232544e+02 1.209935867459591315e-02 4.970372968060162225e-03 2.540515847308563290e-03 7.579900000000000000e+04
2.314114772346510165e+02 1.196309158730776874e-02 4.907724889345334816e-03 2.924307300690787061e-03 7.602100000000000000e+04
2.335058467478245632e+02 1.186187291992662693e-02 5.017591290364036699e-03 3.003317323863148678e-03 7.875300000000000000e+04
2.356041652202905539e+02 1.173458091458512431e-02 5.067504329585856455e-03 2.967104721521474867e-03 7.929100000000000000e+04
2.377006336558306998e+02 1.172961743066063683e-02 5.271883648840623368e-03 3.262329226641570538e-03 8.112900000000000000e+04
2.397972750390475198e+02 1.164061006331692551e-02 5.276555045873728041e-03 3.536865296658178205e-03 8.244100000000000000e+04
2.418944602532704096e+02 1.156122293839059040e-02 5.201906360157658102e-03 3.901952132632660695e-03 8.394900000000000000e+04
2.439884227569783093e+02 1.154871477199611272e-02 5.156616099279164901e-03 3.666584263312471295e-03 8.512300000000000000e+04
2.460835996828307373e+02 1.143119292585140744e-02 5.362924151553949761e-03 4.058460335559705735e-03 8.692900000000000000e+04
2.481755280705312146e+02 1.136551919410091170e-02 5.421782268751828074e-03 4.167696888779391477e-03 8.778900000000000000e+04
2.502623700647570217e+02 1.140744171730649105e-02 5.575022749910631646e-03 4.466131859299594074e-03 8.962300000000000000e+04
2.523586155105348325e+02 1.141693404034057648e-02 5.712992872406597554e-03 4.634768247623579675e-03 9.134100000000000000e+04
2.544547077866985489e+02 1.137761378784287077e-02 5.775144186093490728e-03 5.122102167475590592e-03 9.284500000000000000e+04
2.565487653287422063e+02 1.142918100249482038e-02 5.759465338495626564e-03 5.520535240279740574e-03 9.408700000000000000e+04
2.586464955058470991e+02 1.142764734256662522e-02 5.959902750937719554e-03 5.594095927885431134e-03 9.633300000000000000e+04
2.607443047329861656e+02 1.137466136148844280e-02 5.985561101642594868e-03 5.886355451016643536e-03 9.724900000000000000e+04
2.628438312173413465e+02 1.146660480956877143e-02 6.074570972237827195e-03 6.158001279241643450e-03 9.950100000000000000e+04
2.649298855659840228e+02 1.157483850378868834e-02 6.137479067010956184e-03 6.640607481673012000e-03 9.928300000000000000e+04
2.670163698864117805e+02 1.161466202607788420e-02 6.315492981643903991e-03 7.232805422868339440e-03 1.025370000000000000e+05
2.691120556714307668e+02 1.159856889379726370e-02 6.258678478449319384e-03 6.341184645794151371e-03 1.022830000000000000e+05
2.712074998348403483e+02 1.148434161280903650e-02 5.989783867170076458e-03 4.136388581304922124e-03 1.021060000000000000e+05
2.733050116933233653e+02 1.136746549663616643e-02 5.682553369053783103e-03 2.293071496717080052e-03 1.007340000000000000e+05
2.753977295572417461e+02 1.126096446876997254e-02 5.493590287551504761e-03 2.757171714918957468e-04 9.999400000000000000e+04
2.774958294534935703e+02 1.118476923039226148e-02 5.297409795572203053e-03 -1.123536029540384311e-03 9.936000000000000000e+04
2.795977707949222122e+02 1.112784228293265190e-02 5.069182814964081664e-03 -2.912815670855141426e-03 9.860800000000000000e+04
2.816862895118986785e+02 1.103997593894916716e-02 4.947547049062778202e-03 -4.300368554647600143e-03 9.625200000000000000e+04
2.837743515740906446e+02 1.095604741732721099e-02 4.709773807715813936e-03 -5.833453643999250357e-03 9.640000000000000000e+04
2.858713251310674650e+02 1.092087875110295085e-02 4.645353715628496201e-03 -7.158617207757745834e-03 9.539800000000000000e+04
2.879670932628575883e+02 1.080396971275580584e-02 4.534518724673063279e-03 -8.607396573279709959e-03 9.402000000000000000e+04
2.900590582015512382e+02 1.069932966521619337e-02 4.409271851105038206e-03 -9.557718160430854135e-03 9.316000000000000000e+04
2.921519201901450060e+02 1.074180305043630386e-02 4.086349661739562857e-03 -1.071726908588199918e-02 9.177600000000000000e+04
2.942485935102203030e+02 1.065292696708894718e-02 4.011429078272898963e-03 -1.161742346986550239e-02 9.137800000000000000e+04
2.963426645133968691e+02 1.059773400558474722e-02 4.001829663967766335e-03 -1.263127896355856726e-02 8.949000000000000000e+04
2.984329904966970162e+02 1.054352331782988650e-02 3.912563315452363862e-03 -1.366269918654453713e-02 8.845000000000000000e+04
3.005290481640043367e+02 1.045290847391420856e-02 3.692266032197005950e-03 -1.435459629328770387e-02 8.794600000000000000e+04
3.026245947235937592e+02 1.048910763178947936e-02 3.582392692287420313e-03 -1.514763312087233707e-02 8.575200000000000000e+04
3.047205651109674704e+02 1.041727041064523934e-02 3.338658120196734500e-03 -1.585073004278194850e-02 8.574400000000000000e+04
3.068167457111920839e+02 1.035993877512868776e-02 3.179359646607436089e-03 -1.662781776116474888e-02 8.322000000000000000e+04
3.089118625384018060e+02 1.037721469213928258e-02 3.238467203829455566e-03 -1.742713471410014398e-02 8.302000000000000000e+04
3.110099981664167785e+02 1.035704705188992061e-02 3.185339940804100562e-03 -1.803660132110150582e-02 8.106400000000000000e+04
3.131040997612852266e+02 1.037145433808337770e-02 3.062526113224557211e-03 -1.876585984061305765e-02 7.983000000000000000e+04
3.151936712677708670e+02 1.037139559053780295e-02 2.857057587674157687e-03 -1.924543081071473233e-02 7.823800000000000000e+04
3.172858841403398173e+02 1.037131005013156547e-02 2.947647705833811391e-03 -1.992263145740481162e-02 7.715400000000000000e+04
3.193772099476266817e+02 1.042090084239431953e-02 2.847048538316829507e-03 -2.048768816383540053e-02 7.546600000000000000e+04
3.214753775151562536e+02 1.038826801590597183e-02 2.775661766930108409e-03 -2.098166096656437982e-02 7.480200000000000000e+04
3.235746879206847666e+02 1.045934410201858865e-02 2.757768970060147078e-03 -2.176315396064954291e-02 7.258000000000000000e+04
3.256647237020029024e+02 1.048846757861605222e-02 2.725110042747902646e-03 -2.228063003470533501e-02 7.133800000000000000e+04
3.277571324083919535e+02 1.056156737810641510e-02 2.671137379768637621e-03 -2.280226021799269462e-02 6.964200000000000000e+04
3.298487111637800240e+02 1.062659013714864660e-02 2.556845141703800901e-03 -2.343020796592075461e-02 6.832600000000000000e+04
3.319433744068021497e+02 1.071248128738612297e-02 2.623938192724108078e-03 -2.403026995402291616e-02 6.674400000000000000e+04
3.340422322988853239e+02 1.088405634172676106e-02 2.603642503410266793e-03 -2.478632421761363738e-02 6.533800000000000000e+04
3.361307892565458246e+02 1.089944709567475245e-02 2.535711096993741986e-03 -2.522928672021569271e-02 6.315600000000000000e+04
3.382251120895489294e+02 1.114551051002174095e-02 2.619245721561570556e-03 -2.631925496660944205e-02 6.214000000000000000e+04
3.403264013195363304e+02 1.119335796935676600e-02 2.539980022220174327e-03 -2.661819526956412177e-02 6.051400000000000000e+04
3.424148842577288860e+02 1.132318386239593473e-02 2.456274112368973112e-03 -2.726133799194304166e-02 5.799000000000000000e+04
3.445099495577244397e+02 1.151730208144067721e-02 2.542620456984741057e-03 -2.811676060430665439e-02 5.742400000000000000e+04
3.466144105402300397e+02 1.160433509324723667e-02 2.406387158494305203e-03 -2.853349368275981401e-02 5.518200000000000000e+04
3.487067496858389859e+02 1.173390363152528384e-02 2.411764604282580840e-03 -2.912563510630463912e-02 5.306800000000000000e+04
3.507912540595516475e+02 1.195332928144602833e-02 2.464843506347715908e-03 -2.998697013072436357e-02 5.152800000000000000e+04
3.528807167895711814e+02 1.196184925148425886e-02 2.296804609779789542e-03 -3.022364018357042229e-02 4.954600000000000000e+04
3.549828487415276754e+02 1.224537263594523487e-02 2.445991192688292196e-03 -3.123656158675303454e-02 4.846600000000000000e+04
3.570768480370360862e+02 1.233883854881023118e-02 2.318240895649018116e-03 -3.176358291728361566e-02 4.566600000000000000e+04
3.591652111747225717e+02 1.252491760039477729e-02 2.415321721643627455e-03 -3.260468342165704497e-02 4.423000000000000000e+04
3.612627896178847777e+02 1.262608507249525329e-02 2.361557837741972820e-03 -3.315455667138796775e-02 4.254000000000000000e+04
3.633645820428338880e+02 1.272283974172203243e-02 2.244521615311353274e-03 -3.377727105304060423e-02 4.022200000000000000e+04
3.654527365610065885e+02 1.308533362035724928e-02 2.460913822181435250e-03 -3.511402625048040682e-02 3.842200000000000000e+04
3.675441472124314259e+02 1.314407923513938835e-02 2.337784204448354382e-03 -3.587085082318806906e-02 3.624600000000000000e+04
3.696396280380744201e+02 1.328863851158165743e-02 2.386873917843450842e-03 -3.649969491842606356e-02 3.455200000000000000e+04
3.717297223820279441e+02 1.336339740139964004e-02 2.282299897051317996e-03 -3.730484096362129270e-02 3.213600000000000000e+04
3.738176974939287902e+02 1.346674435544357312e-02 2.115750357123418520e-03 -3.796990275071095156e-02 3.029200000000000000e+04
3.759110996783247174e+02 1.357882595775182846e-02 2.144782961508781907e-03 -3.912160703484083429e-02 2.830200000000000000e+04
3.780081394014102898e+02 1.353476241203015011e-02 1.916226613904976157e-03 -3.965546452952441181e-02 2.605600000000000000e+04
3.801051557582653118e+02 1.345618639453871959e-02 1.788040913332728963e-03 -4.021477718213505720e-02 2.421100000000000000e+04
3.821955053587425937e+02 1.359377842146577454e-02 1.722587961997647590e-03 -4.151084179920606909e-02 2.220600000000000000e+04
3.842862749912937943e+02 1.361463254459714667e-02 1.455660296576227232e-03 -4.198056317726962805e-02 2.088400000000000000e+04
3.863841918340856409e+02 1.384657529449057761e-02 1.431203499584562770e-03 -4.310774366784724670e-02 1.939200000000000000e+04
3.884771734501698006e+02 1.404049741049679008e-02 1.254928878740353259e-03 -4.407469544451014798e-02 1.805800000000000000e+04
3.905623371605522607e+02 1.427567173686465976e-02 1.180258562291675462e-03 -4.522531314120355195e-02 1.674600000000000000e+04
3.926667500119167471e+02 1.441831762505622894e-02 9.964492240665913988e-04 -4.598760188185538333e-02 1.589800000000000000e+04
3.947778557744774162e+02 1.472711224885706570e-02 1.044815509830437569e-03 -4.730214028277970190e-02 1.457800000000000000e+04
3.968631060462392952e+02 1.481812701261654881e-02 8.711478604571146981e-04 -4.781752874569115269e-02 1.344300000000000000e+04
3.989413219049817485e+02 1.516684923888030924e-02 6.983686575846602190e-04 -4.917359791591387891e-02 1.251100000000000000e+04
4.010572258526528344e+02 1.528418180032850918e-02 6.438389504972788502e-04 -4.994391383386741906e-02 1.191900000000000000e+04
4.031656962107319373e+02 1.568720406856731475e-02 6.427718517964219058e-04 -5.153374627657291568e-02 1.063900000000000000e+04
4.052249146637423678e+02 1.574157479026356762e-02 4.811335898141323925e-04 -5.184085724540636597e-02 9.775000000000000000e+03
4.073276634718891387e+02 1.611439065905647533e-02 5.309031314648171096e-04 -5.361916171910799389e-02 9.423000000000000000e+03
4.094593776408451049e+02 1.657156606766842927e-02 3.664286897436515398e-04 -5.518727339753805999e-02 8.449000000000000000e+03
4.115405539130957777e+02 1.672448660003005017e-02 2.926249481210328653e-04 -5.594762313518208963e-02 7.596000000000000000e+03
4.135894252671187132e+02 1.697831692433006412e-02 2.191775801585157978e-04 -5.690317394210970409e-02 6.931000000000000000e+03
4.156930049049321951e+02 1.758740767260339941e-02 2.368423738884632875e-04 -5.931736663505094570e-02 6.612000000000000000e+03
4.178272827209258367e+02 1.783000531641853667e-02 1.644864983383398697e-04 -6.027293419632157728e-02 5.899000000000000000e+03
4.199082037741286513e+02 1.851679367362564846e-02 2.278555604790926141e-04 -6.291023796955091951e-02 5.176000000000000000e+03
4.219826095167229028e+02 1.887760249513810440e-02 8.532433552011016074e-05 -6.418018762914246000e-02 4.824000000000000000e+03
4.241028763136273483e+02 1.963427864833650061e-02 1.547649594694020924e-04 -6.714709522719165824e-02 4.312000000000000000e+03
4.262107721966358440e+02 2.050565672098958112e-02 1.963756408928597676e-04 -7.034579600406022648e-02 3.819000000000000000e+03
4.282460731868927724e+02 2.126974870118809521e-02 1.594719293720717375e-04 -7.306013288880944256e-02 3.220000000000000000e+03
4.303287648834323136e+02 2.247484738171647359e-02 2.918918105778428240e-05 -7.733027084883631330e-02 3.132000000000000000e+03
4.325172248853483552e+02 2.273709727451182078e-02 -6.191381927936012134e-05 -7.834987192367930120e-02 2.680000000000000000e+03
4.346325070601815810e+02 2.443038667039479708e-02 -3.018879402474264041e-05 -8.436997389130759806e-02 2.218000000000000000e+03
4.365567227659553851e+02 2.500003404740797769e-02 -1.723264176651464899e-04 -8.614861155090780542e-02 1.728000000000000000e+03
4.386277159174848634e+02 2.595149630961594497e-02 -4.659678661651375145e-06 -9.002592277971227519e-02 1.816000000000000000e+03
4.409019266196692683e+02 2.610074113372208571e-02 -5.909146679251019060e-05 -9.062008764290531426e-02 1.476000000000000000e+03
4.430735479208619836e+02 2.711372454374680677e-02 -2.308190729050601901e-04 -9.404546518271615640e-02 1.108000000000000000e+03
4.448761117541747012e+02 2.822836987679776602e-02 -7.000920924907417684e-05 -9.810507546312348393e-02 7.560000000000000000e+02
4.469343758523184533e+02 2.827754826617809650e-02 -9.711120742836672185e-06 -9.857590142682216838e-02 8.440000000000000000e+02
4.493013102792758104e+02 3.072290254957895164e-02 3.018172007274521639e-06 -1.072253436238892049e-01 6.280000000000000000e+02
4.515989744176221734e+02 3.312015172979496103e-02 8.120336494847586002e-05 -1.157922064200650053e-01 4.050000000000000000e+02
4.533101867737696580e+02 3.407896949984478424e-02 1.614275319651102927e-05 -1.190476325225760107e-01 2.020000000000000000e+02
4.552338387398290820e+02 3.296241532172086708e-02 -4.011811438205183539e-05 -1.152034446776177834e-01 2.280000000000000000e+02
4.576034578613840722e+02 3.303884119793730478e-02 -1.560315066315313482e-04 -1.154071527716183931e-01 1.240000000000000000e+02
4.599517872444100703e+02 4.689354302910922478e-02 -2.882418025262315658e-04 -1.637733399267999879e-01 5.200000000000000000e+01
4.619205689144050666e+02 4.263700037748019422e-02 1.816106545303883011e-05 -1.492266041764737095e-01 9.000000000000000000e+00
4.634281054380590490e+02 2.468629034219868915e-02 -2.234802670704351521e-04 -8.617081511752891498e-02 4.000000000000000000e+00
