2.966547074898984615e+00 5.649752326664354563e-01 5.600129531371990099e-01 7.569024322909931879e-01 1.300000000000000000e+01
5.026374055021858744e+00 1.740710501191080894e-01 1.795826745853885409e-01 1.843325477128534007e-01 3.300000000000000000e+01
7.149300621522788113e+00 8.108185921071577040e-02 7.327174521826113063e-02 -2.957680117954162788e-04 7.900000000000000000e+01
9.278869254964254409e+00 5.273268612682015244e-02 2.744097220532313794e-02 1.581292912869631737e-02 1.170000000000000000e+02
1.145033261934470126e+01 3.880905540274813548e-02 1.835479208273536889e-02 -7.009449069585912614e-03 2.050000000000000000e+02
1.349295587141915043e+01 3.129414869288846962e-02 1.350176802469402713e-02 -2.975464084473884198e-03 2.350000000000000000e+02
1.558905561191892986e+01 2.409368499898796936e-02 1.267409737396953812e-02 -5.237193291874151814e-03 3.690000000000000000e+02
1.769408367255316961e+01 2.057076341386682161e-02 8.178735505092142935e-03 -2.684576470211204758e-03 4.330000000000000000e+02
1.981787480313529670e+01 1.827314554691704049e-02 8.560328087518751655e-03 -3.025333033478059576e-03 5.850000000000000000e+02
2.192074938196263645e+01 1.619575562115789166e-02 5.593277619967186760e-03 -1.778827634106544152e-03 6.790000000000000000e+02
2.398877635566245203e+01 1.326464516046423764e-02 5.446760499844402990e-03 -2.589966599414303319e-03 8.130000000000000000e+02
2.609286971896115759e+01 1.083746283914812335e-02 4.354203185075861821e-03 -2.269526569160420192e-03 9.850000000000000000e+02
2.823466315278179550e+01 9.887915000030738158e-03 2.961118975113788323e-03 3.845713300896887654e-04 1.183000000000000000e+03
3.032284873509123102e+01 9.141553284170864102e-03 2.257661003201990972e-03 1.069487304467820599e-04 1.269000000000000000e+03
3.240263258943403457e+01 8.785255010814688181e-03 1.020715726448699753e-03 -3.940137934429699331e-04 1.537000000000000000e+03
3.449210129864554375e+01 8.027385033997462560e-03 1.027150452430642975e-03 1.054532936330153988e-03 1.653000000000000000e+03
3.658588147515196454e+01 6.853680180712476248e-03 7.219993407313709307e-04 9.548839551442296712e-04 1.963000000000000000e+03
3.868476949266977272e+01 6.056587560148637972e-03 7.302101242725706582e-04 6.181831477753698626e-04 2.121000000000000000e+03
4.078898888458283523e+01 5.352360265432893130e-03 5.357324888029617836e-04 2.442813355567703595e-04 2.413000000000000000e+03
4.289390876967645738e+01 5.156526836926941630e-03 3.733125560559598420e-04 3.239655607135854859e-04 2.635000000000000000e+03
4.498336005546935468e+01 4.621150065511172959e-03 6.157380891438964804e-04 5.103709723386067737e-04 2.877000000000000000e+03
4.706498529473824988e+01 4.081630608508700180e-03 7.186274815249712664e-04 4.799188037420253766e-04 3.169000000000000000e+03
4.917111919158227096e+01 3.673990348068873011e-03 7.731339672563938619e-04 4.020507489700620102e-04 3.507000000000000000e+03
5.126216914174227668e+01 3.401799783211183030e-03 3.270773652892987001e-04 4.197591631508351445e-04 3.685000000000000000e+03
5.335525146837034072e+01 3.054851641553590121e-03 4.166651716094339482e-04 2.893759628913889371e-04 4.165000000000000000e+03
5.546637228956934251e+01 2.882152897804263897e-03 1.985787593891175150e-04 2.199983833680777651e-04 4.377000000000000000e+03
5.757318819254808773e+01 2.672718745865998013e-03 1.250926777066169367e-06 -1.872205290538420019e-05 4.855000000000000000e+03
5.965884044590281121e+01 2.419654417237064592e-03 -7.465033773223091987e-05 3.319216384410526247e-04 4.929000000000000000e+03
6.174512302159506305e+01 2.233807743188940924e-03 1.589315414537968783e-04 2.510129561490857981e-04 5.581000000000000000e+03
6.382689291137189969e+01 2.182079704121697109e-03 5.520609180588322126e-05 3.588678508662232003e-04 5.679000000000000000e+03
6.592966228838450604e+01 2.116921450992727011e-03 -1.573030172058287839e-05 1.787231083091808952e-04 6.385000000000000000e+03
6.803125784825746791e+01 2.025913552900556348e-03 -4.796772780260618983e-05 1.988692336480014011e-04 6.553000000000000000e+03
7.013131008699485847e+01 1.857677811715737013e-03 -1.069991587491075992e-05 1.277750816437791149e-04 7.125000000000000000e+03
7.223032366074338029e+01 1.820442580296945286e-03 -3.408535778482871752e-05 2.788149677492743431e-05 7.447000000000000000e+03
7.432334270720505742e+01 1.781579702812601017e-03 -1.293477258594476686e-04 1.302736866338799937e-04 7.929000000000000000e+03
7.642066756954473306e+01 1.648618037492663186e-03 9.291642543408990665e-06 -1.222936924917456238e-05 8.353000000000000000e+03
7.850471694556040347e+01 1.615686861614895392e-03 4.184756184181845888e-05 8.602066176382827190e-05 8.775000000000000000e+03
8.059701946059529121e+01 1.541168429174801912e-03 2.462144181525637065e-05 1.392573337541684250e-04 9.313000000000000000e+03
8.269521798132063850e+01 1.479916227644888357e-03 -7.510963143744339928e-06 9.094102068852320993e-05 9.841000000000000000e+03
8.478307522909847194e+01 1.386575241596982137e-03 4.124010683982288914e-05 1.372908425218845969e-04 1.019100000000000000e+04
8.687780839616016237e+01 1.292757062154161439e-03 5.332522450550942305e-07 1.529129760710580196e-04 1.089700000000000000e+04
8.897524569656535220e+01 1.229569539872676313e-03 6.918035912218543817e-05 1.162432571900313890e-04 1.130100000000000000e+04
9.108077810470518898e+01 1.173905276991065111e-03 1.128384092595010777e-04 1.210742269398731570e-04 1.202500000000000000e+04
9.318432266948052245e+01 1.136495450507918467e-03 1.015110725721086120e-04 1.100423914396314422e-04 1.242300000000000000e+04
9.527887641048309320e+01 1.087515681754259653e-03 1.074442912160810044e-04 2.822296690427586851e-05 1.302100000000000000e+04
9.736254237981037818e+01 1.044094037669576194e-03 1.030251212350818529e-04 2.179014885210686563e-05 1.340500000000000000e+04
9.944832814799407572e+01 9.798994965780512528e-04 1.260174377785513620e-04 1.120201460942126973e-05 1.424700000000000000e+04
1.015460879802399035e+02 9.438956294747246657e-04 1.578576838984150482e-04 -4.308182888237650288e-05 1.471300000000000000e+04
1.036426375667732316e+02 8.857169030481171212e-04 1.646964964854672506e-04 -1.484907229369392753e-05 1.548900000000000000e+04
1.057389390539465950e+02 8.356071692392951422e-04 1.526383485995390712e-04 1.003544446689637752e-05 1.591300000000000000e+04
1.078395855981474227e+02 8.021756014231965328e-04 1.590388193332352277e-04 4.006938861545734476e-05 1.687900000000000000e+04
1.099389405850131709e+02 7.640620563637250248e-04 1.689719705648257662e-04 1.319744590846058786e-05 1.719300000000000000e+04
1.120392143152385387e+02 7.335433130213059446e-04 1.755887130694750624e-04 -4.902828285013368102e-05 1.815700000000000000e+04
1.141233458569757744e+02 7.157832865959312327e-04 1.576341127821169268e-04 -1.279761400047398190e-05 1.833900000000000000e+04
1.162159397555423084e+02 6.846293086662370679e-04 1.587573096915179387e-04 -1.887693219045480221e-05 1.957300000000000000e+04
1.183137204803772420e+02 6.556916606607264509e-04 1.500863887093807766e-04 -2.323671549276106979e-05 1.994100000000000000e+04
1.203972311807013256e+02 6.375163043174431792e-04 1.319950702793125743e-04 1.567725552230672591e-05 2.062900000000000000e+04
1.224922363187857286e+02 6.097139376850728258e-04 1.225798937301707551e-04 -2.658339547493544601e-05 2.165500000000000000e+04
1.245882598425863534e+02 5.716198761659385110e-04 1.459301125928213854e-04 2.169333004638729844e-05 2.211300000000000000e+04
1.266884677158377315e+02 5.397852865941829385e-04 1.347808664071246812e-04 9.541578021753961014e-06 2.318500000000000000e+04
1.287846620419940962e+02 5.253331090341521563e-04 1.120403979227878782e-04 3.653446218184177511e-05 2.366700000000000000e+04
1.308713393788149801e+02 5.130767008137362582e-04 8.981404764208998452e-05 2.989469265578476796e-05 2.438500000000000000e+04
1.329754833440644575e+02 4.947853843619096775e-04 8.336276467569829637e-05 8.464627104882093637e-06 2.574900000000000000e+04
1.350691081525609434e+02 4.758889087051455216e-04 7.666982060722191139e-05 5.171698748658474181e-06 2.567500000000000000e+04
1.371638825856825576e+02 4.592225722783432732e-04 7.707672745076099769e-05 1.121070545315200288e-05 2.740900000000000000e+04
1.392604757372163533e+02 4.392125108581533825e-04 6.909721092915816550e-05 9.053833282572640710e-06 2.740500000000000000e+04
1.413466882908376760e+02 4.252798647074004421e-04 6.872185811995283025e-05 -2.561155817341139408e-06 2.871700000000000000e+04
1.434475230090064031e+02 4.138481356605407157e-04 6.493218691746446510e-05 -1.025223031024576652e-05 2.959500000000000000e+04
1.455452853418541679e+02 4.006565213500970393e-04 6.429459677518587293e-05 -1.549759552871306489e-05 3.030100000000000000e+04
1.476332061073587738e+02 3.873150325873420054e-04 5.959523897098183192e-05 -3.016279762855050846e-06 3.110100000000000000e+04
1.497211472843286231e+02 3.674465363991086752e-04 4.941161293990426118e-05 1.483834444740998604e-07 3.202300000000000000e+04
1.518138048751577287e+02 3.593180702860459901e-04 4.937724575014930715e-05 7.778251329112082445e-06 3.297700000000000000e+04
1.539211490100352648e+02 3.476185790782090001e-04 4.061073589341618995e-05 4.385417526451642860e-06 3.444900000000000000e+04
1.560214747341236716e+02 3.369692251319473782e-04 3.613807889135021111e-05 1.481969080413976537e-05 3.454900000000000000e+04
1.581161747588121784e+02 3.213897191133738783e-04 3.375284462642888126e-05 1.520553615891612756e-05 3.611100000000000000e+04
1.602118712271799836e+02 3.091616104573879985e-04 3.097262560699073257e-05 1.609400185929596650e-05 3.654100000000000000e+04
1.623006419462898862e+02 3.084261224231661593e-04 3.794403943740020551e-05 6.645817775871185844e-06 3.771700000000000000e+04
1.643899033199985240e+02 2.987024777244510088e-04 2.905974655440151383e-05 -1.482111475861770664e-06 3.861900000000000000e+04
1.664835582381511756e+02 2.890334974859596088e-04 2.721960222096360949e-05 1.866401786954023747e-06 3.966100000000000000e+04
1.685719683778473552e+02 2.810579158097978726e-04 3.383303317101783221e-05 -2.040450187350989728e-06 4.054500000000000000e+04
1.706641332089364766e+02 2.752831193463566094e-04 2.822542354119576260e-05 7.845927254336405591e-06 4.181500000000000000e+04
1.727708699256135390e+02 2.677575949149267067e-04 2.196790869626082725e-05 4.154935056206110141e-06 4.312500000000000000e+04
1.748696546009699659e+02 2.617347072213829220e-04 1.997624891318728929e-05 2.331431439018195583e-06 4.368100000000000000e+04
1.769585769494445344e+02 2.527672728037352098e-04 1.875938677667204844e-05 3.110551116381649371e-06 4.462900000000000000e+04
1.790524509315575301e+02 2.434955190326097913e-04 1.995694595544062001e-05 -5.962804216310240162e-07 4.622700000000000000e+04
1.811526521261263554e+02 2.374878027693182896e-04 2.284579198594928752e-05 -6.696934771033600126e-07 4.690900000000000000e+04
1.832476884130738881e+02 2.315422030767748244e-04 2.062821497099155880e-05 -5.766035048202100808e-06 4.823700000000000000e+04
1.853312475833926101e+02 2.253884969273619210e-04 2.640249707125878309e-05 -7.020130606270113074e-06 4.858300000000000000e+04
1.874284892203218931e+02 2.204663967324188892e-04 2.664316009240017119e-05 -1.048719261011165358e-05 5.099700000000000000e+04
1.895337179075755216e+02 2.138327829196405854e-04 2.683682165677763221e-05 -1.366426943069661011e-05 5.139700000000000000e+04
1.916268196474026126e+02 2.077650959688750998e-04 2.483900501883608240e-05 -1.232364666632610782e-06 5.248900000000000000e+04
1.937183403446852878e+02 2.040743319125609646e-04 2.245478900203725701e-05 1.878833593892155564e-06 5.378700000000000000e+04
1.958131498886989164e+02 1.996590170494653353e-04 2.213641002898405227e-05 -2.192770120950525576e-06 5.491300000000000000e+04
1.979058740098966211e+02 1.933261757704846865e-04 2.283471237385622916e-05 -6.228672502022878107e-06 5.597700000000000000e+04
1.999990651597893816e+02 1.872548488334012254e-04 2.229095406445247984e-05 3.549989662775207390e-06 5.741500000000000000e+04
2.020893038374759101e+02 1.832458709975222193e-04 1.797338581798992428e-05 -4.831948082471780825e-07 5.810500000000000000e+04
2.041823192148177952e+02 1.788942384476230546e-04 1.559704070359977542e-05 4.395908986234666145e-06 6.003300000000000000e+04
2.062825911013838152e+02 1.753501633365626793e-04 1.453434753261069462e-05 1.059962369712845679e-05 6.094900000000000000e+04
2.083770189145966185e+02 1.718325380746680913e-04 1.758672649969848475e-05 6.861277500932383346e-06 6.223500000000000000e+04
2.104675816794403431e+02 1.684656380435044178e-04 1.467065873934572870e-05 4.423647775954698953e-06 6.322900000000000000e+04
2.125667854244018145e+02 1.660646701738825899e-04 8.180697495990756860e-06 4.719527116553497051e-06 6.513300000000000000e+04
2.146619261104851830e+02 1.623981877302516314e-04 9.638359623844038347e-06 4.651385175043098899e-06 6.570700000000000000e+04
2.167561805722037036e+02 1.594259394987693754e-04 6.052194433891280122e-06 7.511527933323295107e-06 6.756100000000000000e+04
2.188528705899679210e+02 1.565313030046541732e-04 5.505803295417852857e-06 2.930449591904602320e-06 6.850500000000000000e+04
2.209456427453084473e+02 1.525257581633938898e-04 2.370720988456590066e-06 1.188643365800680521e-05 6.994300000000000000e+04
2.230395148320731096e+02 1.494600284704168018e-04 4.615267781211015817e-06 8.183915290620567563e-06 7.109700000000000000e+04
2.251356732858534997e+02 1.449465646658646485e-04 5.487725837348141141e-06 9.879262854254431485e-06 7.302100000000000000e+04
2.272278504864401327e+02 1.424407823546535801e-04 4.995687349299582888e-06 1.122315849427922353e-05 7.331700000000000000e+04
2.293197511287232544e+02 1.393239978478506608e-04 2.300342148985969459e-06 8.757724622283415296e-06 7.579900000000000000e+04
2.314114772346510165e+02 1.365604623618205766e-04 4.864863426471052698e-06 8.430008260991780363e-06 7.602100000000000000e+04
2.335058467478245632e+02 1.349388888671543339e-04 1.852370852607898159e-06 1.410492903764221067e-05 7.875300000000000000e+04
2.356041652202905539e+02 1.333042417402405060e-04 3.399901970389067640e-06 9.332579737743772742e-06 7.929100000000000000e+04
2.377006336558306998e+02 1.309558987085133249e-04 3.639062947833185308e-07 1.200264438759823252e-05 8.112900000000000000e+04
2.397972750390475198e+02 1.289186998888913369e-04 -2.715978924935084470e-07 1.564999368524056916e-05 8.244100000000000000e+04
2.418944602532704096e+02 1.272547727940738082e-04 -3.745062092517229411e-07 1.763597232636843052e-05 8.394900000000000000e+04
2.439884227569783093e+02 1.252053179920352693e-04 6.627600712434213140e-07 1.662865805211527145e-05 8.512300000000000000e+04
2.460835996828307373e+02 1.236642757315278883e-04 -1.273207865806059834e-06 2.009762373949566875e-05 8.692900000000000000e+04
2.481755280705312146e+02 1.215549265431696302e-04 -2.479186964803232085e-06 1.991486618185985590e-05 8.778900000000000000e+04
2.502623700647570217e+02 1.202841444624201510e-04 -6.813462860292850231e-07 2.229462241050424013e-05 8.962300000000000000e+04
2.523586155105348325e+02 1.191568417611796760e-04 -1.028811413003372041e-06 2.401316321603635072e-05 9.134100000000000000e+04
2.544547077866985489e+02 1.179496224353948299e-04 1.701963578906998205e-06 2.708375462201235368e-05 9.284500000000000000e+04
2.565487653287422063e+02 1.160021948499437479e-04 6.544905006742814182e-07 2.888811585188496862e-05 9.408700000000000000e+04
2.586464955058470991e+02 1.141949513690419072e-04 -1.615682786917776418e-07 3.258682786633288939e-05 9.633300000000000000e+04
2.607443047329861656e+02 1.138376019383168463e-04 -1.208261999802667949e-06 3.701974881446947569e-05 9.724900000000000000e+04
2.628438312173413465e+02 1.118699657830538811e-04 3.315440544622638417e-07 3.545603304484440870e-05 9.950100000000000000e+04
2.649298855659840228e+02 1.110248795410285366e-04 -2.569483192784714340e-06 4.000027142011274749e-05 9.928300000000000000e+04
2.670163698864117805e+02 1.104460760758937190e-04 -1.552571327930293144e-06 4.207691008691814795e-05 1.025370000000000000e+05
2.691120556714307668e+02 1.096534499451470743e-04 -2.295093655814975943e-06 3.901374655527446928e-05 1.022830000000000000e+05
2.712074998348403483e+02 1.075351812754481769e-04 -6.790775334227819780e-08 2.277510907151823703e-05 1.021060000000000000e+05
2.733050116933233653e+02 1.062775070218723348e-04 -5.152020387972990261e-07 8.507993388313873830e-06 1.007340000000000000e+05
2.753977295572417461e+02 1.048203480014892682e-04 -1.232850740528245443e-06 -6.263296954858238760e-06 9.999400000000000000e+04
2.774958294534935703e+02 1.037603416657725336e-04 -2.393570986339276759e-06 -1.661898298184354871e-05 9.936000000000000000e+04
2.795977707949222122e+02 1.019198461779177175e-04 -2.228653740453525848e-06 -2.929161676698005618e-05 9.860800000000000000e+04
2.816862895118986785e+02 1.006859785575134108e-04 -1.714056714182553734e-06 -3.954877989961261140e-05 9.625200000000000000e+04
2.837743515740906446e+02 9.966570001328246278e-05 -1.839257587127061403e-06 -5.209114602504340242e-05 9.640000000000000000e+04
2.858713251310674650e+02 9.836713847668911539e-05 -7.742443388183867591e-07 -5.807415969099600199e-05 9.539800000000000000e+04
2.879670932628575883e+02 9.596587653490552426e-05 5.676894420172272843e-07 -6.873285185950416551e-05 9.402000000000000000e+04
2.900590582015512382e+02 9.506260673657072663e-05 3.318622129205903857e-07 -7.588495776619971734e-05 9.316000000000000000e+04
2.921519201901450060e+02 9.428593017029164407e-05 -6.670012391573719172e-07 -8.388799151019425216e-05 9.177600000000000000e+04
2.942485935102203030e+02 9.369897999340090575e-05 -2.209877344726972155e-06 -8.770444962702099857e-05 9.137800000000000000e+04
2.963426645133968691e+02 9.122575498701513417e-05 -1.423420086225162127e-06 -9.386805352035033196e-05 8.949000000000000000e+04
2.984329904966970162e+02 8.979324805319808460e-05 5.361019383094598661e-07 -1.007125635990135357e-04 8.845000000000000000e+04
3.005290481640043367e+02 8.857050239331271590e-05 -2.553058713043486575e-07 -1.070997634219139139e-04 8.794600000000000000e+04
3.026245947235937592e+02 8.854492135916540603e-05 -1.940318301760007172e-06 -1.133393953668073746e-04 8.575200000000000000e+04
3.047205651109674704e+02 8.647627484972651843e-05 -1.069113769627757858e-06 -1.152086362598356289e-04 8.574400000000000000e+04
3.068167457111920839e+02 8.671408902199105595e-05 -2.108614462787569295e-07 -1.228866017007648986e-04 8.322000000000000000e+04
3.089118625384018060e+02 8.642939789344988659e-05 -1.471673380536413499e-06 -1.254441646544657621e-04 8.302000000000000000e+04
3.110099981664167785e+02 8.508296717589977610e-05 -6.491300408150531945e-07 -1.278776307320498770e-04 8.106400000000000000e+04
3.131040997612852266e+02 8.422813336064047707e-05 -2.236534184124378305e-08 -1.322819640140258490e-04 7.983000000000000000e+04
3.151936712677708670e+02 8.366907425847584822e-05 5.332170532878844327e-07 -1.359262830623861383e-04 7.823800000000000000e+04
3.172858841403398173e+02 8.239602896929618852e-05 7.549063185093669808e-07 -1.394254377955721886e-04 7.715400000000000000e+04
3.193772099476266817e+02 8.187927215744487551e-05 1.408311356307307403e-06 -1.418105647149128519e-04 7.546600000000000000e+04
3.214753775151562536e+02 8.086240093302087266e-05 1.254656963037720370e-06 -1.443644959106613469e-04 7.480200000000000000e+04
3.235746879206847666e+02 7.926095236293292413e-05 1.651166550255209082e-06 -1.460650623249097374e-04 7.258000000000000000e+04
3.256647237020029024e+02 7.847363803151540332e-05 2.117221921839813721e-06 -1.474193022609139494e-04 7.133800000000000000e+04
3.277571324083919535e+02 7.811143573359460325e-05 2.230127554684911946e-06 -1.501210937300594616e-04 6.964200000000000000e+04
3.298487111637800240e+02 7.811202984689017770e-05 1.336825258586976247e-06 -1.521264596376572403e-04 6.832600000000000000e+04
3.319433744068021497e+02 7.792353141733769867e-05 7.780475224047421138e-07 -1.536711341354041454e-04 6.674400000000000000e+04
3.340422322988853239e+02 7.740664018970572853e-05 1.295796073900040684e-06 -1.558399586199195384e-04 6.533800000000000000e+04
3.361307892565458246e+02 7.751481985491875341e-05 4.523468982705451502e-07 -1.582660394837439709e-04 6.315600000000000000e+04
3.382251120895489294e+02 7.647373777666040024e-05 1.177583199637877958e-06 -1.586644649628674540e-04 6.214000000000000000e+04
3.403264013195363304e+02 7.695471882053720055e-05 7.571085894594286041e-07 -1.615831400109069222e-04 6.051400000000000000e+04
3.424148842577288860e+02 7.629604990305375147e-05 1.209660645692394487e-06 -1.641536886987982654e-04 5.799000000000000000e+04
3.445099495577244397e+02 7.607124613921370385e-05 2.085191415328348772e-06 -1.676681668881898940e-04 5.742400000000000000e+04
3.466144105402300397e+02 7.684337086225652284e-05 2.875674598653148188e-06 -1.726092799935620816e-04 5.518200000000000000e+04
3.487067496858389859e+02 7.648786106008604051e-05 3.571888423212521507e-06 -1.744132928873465087e-04 5.306800000000000000e+04
3.507912540595516475e+02 7.632146943521838918e-05 2.888526461657326067e-06 -1.748355021499291978e-04 5.152800000000000000e+04
3.528807167895711814e+02 7.495330785514836851e-05 2.918542016163038637e-06 -1.747236162421503540e-04 4.954600000000000000e+04
3.549828487415276754e+02 7.484198959738153545e-05 2.860270446538757111e-06 -1.749139877079308085e-04 4.846600000000000000e+04
3.570768480370360862e+02 7.473185812879039769e-05 3.568925075872901596e-06 -1.780221529932445490e-04 4.566600000000000000e+04
3.591652111747225717e+02 7.487495393347519586e-05 3.648899870670208118e-06 -1.799226693313837509e-04 4.423000000000000000e+04
3.612627896178847777e+02 7.502135355949981837e-05 4.724832999615589681e-06 -1.840688782673159023e-04 4.254000000000000000e+04
3.633645820428338880e+02 7.552273895093153161e-05 3.733745536042819572e-06 -1.869873101432404934e-04 4.022200000000000000e+04
3.654527365610065885e+02 7.541944015087923556e-05 3.310537168770019911e-06 -1.870372427002470845e-04 3.842200000000000000e+04
3.675441472124314259e+02 7.521066557416746900e-05 2.327278674841122007e-06 -1.885239909487827585e-04 3.624600000000000000e+04
3.696396280380744201e+02 7.542153607852532910e-05 2.015922188178772720e-06 -1.898866724610838918e-04 3.455200000000000000e+04
3.717297223820279441e+02 7.520780838387173726e-05 2.005609291032099842e-06 -1.938683815138480821e-04 3.213600000000000000e+04
3.738176974939287902e+02 7.508194854574953652e-05 2.192286441791731443e-06 -1.970490561297547375e-04 3.029200000000000000e+04
3.759110996783247174e+02 7.467670454122988274e-05 1.775426493316577976e-06 -1.996612855819896002e-04 2.830200000000000000e+04
3.780081394014102898e+02 7.397476760408918501e-05 1.526768149966536499e-06 -2.029933785764955639e-04 2.605600000000000000e+04
3.801051557582653118e+02 7.387249008234989217e-05 1.905733656563954887e-06 -2.079137657834048409e-04 2.421100000000000000e+04
3.821955053587425937e+02 7.253455890404624721e-05 1.313208723773921898e-06 -2.086887211230435810e-04 2.220600000000000000e+04
3.842862749912937943e+02 7.242994727359766379e-05 1.049541586828511033e-06 -2.113128184214865183e-04 2.088400000000000000e+04
3.863841918340856409e+02 7.185260816256553026e-05 9.548284422685644954e-07 -2.130340803711513239e-04 1.939200000000000000e+04
3.884771734501698006e+02 7.140038082523307063e-05 1.667955524684261356e-06 -2.167225430437539832e-04 1.805800000000000000e+04
3.905623371605522607e+02 7.053745066911048850e-05 1.883296899362235450e-06 -2.164954611260182628e-04 1.674600000000000000e+04
3.926667500119167471e+02 6.996867168213201111e-05 8.991252214491228160e-07 -2.162586551723358330e-04 1.589800000000000000e+04
3.947778557744774162e+02 7.212329942912034709e-05 1.028069931350235876e-06 -2.251951997537503258e-04 1.457800000000000000e+04
3.968631060462392952e+02 7.345850478416727906e-05 5.786513419679276874e-07 -2.310704449570341037e-04 1.344300000000000000e+04
3.989413219049817485e+02 7.199739325266041128e-05 1.107068034114904084e-06 -2.294232454722738303e-04 1.251100000000000000e+04
4.010572258526528344e+02 7.316511115802970229e-05 1.283278635987163602e-07 -2.344873463291331707e-04 1.191900000000000000e+04
4.031656962107319373e+02 7.350107445261287080e-05 -7.413421812976164776e-07 -2.360172612143260893e-04 1.063900000000000000e+04
4.052249146637423678e+02 7.519400428772224842e-05 5.505441597936788357e-08 -2.444335345398065246e-04 9.775000000000000000e+03
4.073276634718891387e+02 7.380074349798419915e-05 1.515428784748282241e-07 -2.422701842261835937e-04 9.423000000000000000e+03
4.094593776408451049e+02 7.524213049840144138e-05 -1.137908455936031345e-07 -2.482524941706011081e-04 8.449000000000000000e+03
4.115405539130957777e+02 7.378455919358576102e-05 -3.756311109936779473e-07 -2.441842006145602748e-04 7.596000000000000000e+03
4.135894252671187132e+02 7.588222825543862807e-05 -1.565204118671241287e-07 -2.526196163647988690e-04 6.931000000000000000e+03
4.156930049049321951e+02 7.725200477688370731e-05 3.862462550014946707e-07 -2.596484317786136413e-04 6.612000000000000000e+03
4.178272827209258367e+02 7.867537110076302208e-05 1.835787322130169511e-06 -2.671085184688883236e-04 5.899000000000000000e+03
4.199082037741286513e+02 7.974029203355362217e-05 1.321376118210341512e-06 -2.711578109242720742e-04 5.176000000000000000e+03
4.219826095167229028e+02 7.993606118414098023e-05 1.971362844959526743e-06 -2.736075431086261987e-04 4.824000000000000000e+03
4.241028763136273483e+02 8.293446410721579576e-05 7.652700386841663539e-07 -2.836382018010895215e-04 4.312000000000000000e+03
4.262107721966358440e+02 8.503462542289812165e-05 3.512406185461707940e-07 -2.913032403473569520e-04 3.819000000000000000e+03
4.282460731868927724e+02 8.962344357798289007e-05 6.979708939389090287e-07 -3.080908321022371161e-04 3.220000000000000000e+03
4.303287648834323136e+02 9.071958540755036698e-05 8.380802479710352822e-07 -3.128905284067370072e-04 3.132000000000000000e+03
4.325172248853483552e+02 9.396812186317851656e-05 2.010964113872756961e-06 -3.262608635970156053e-04 2.680000000000000000e+03
4.346325070601815810e+02 9.694821926618597179e-05 1.620194057137942390e-06 -3.365829259015349511e-04 2.218000000000000000e+03
4.365567227659553851e+02 9.437909616453912624e-05 1.796642197643992322e-06 -3.280616908324352995e-04 1.728000000000000000e+03
4.386277159174848634e+02 9.526222170570374653e-05 -1.120214497554319408e-07 -3.304450401137305456e-04 1.816000000000000000e+03
4.409019266196692683e+02 9.957993294452973884e-05 7.720681478842572453e-07 -3.468748180148852663e-04 1.476000000000000000e+03
4.430735479208619836e+02 1.085551832153375072e-04 -3.192887250439390694e-07 -3.773904633551433338e-04 1.108000000000000000e+03
4.448761117541747012e+02 1.134737785792916848e-04 -5.684922333203299977e-07 -3.942850123656160420e-04 7.560000000000000000e+02
4.469343758523184533e+02 1.115288918326776607e-04 1.489785475852524948e-06 -3.903614325981306964e-04 8.440000000000000000e+02
4.493013102792758104e+02 1.211370125765114222e-04 2.101114586201714820e-06 -4.248402353865708627e-04 6.280000000000000000e+02
4.515989744176221734e+02 1.233328647013281500e-04 1.261244585960343237e-06 -4.321576896982173908e-04 4.050000000000000000e+02
4.533101867737696580e+02 1.343562685767285103e-04 6.448233368412939857e-07 -4.697884712639435138e-04 2.020000000000000000e+02
4.552338387398290820e+02 1.185443844443943373e-04 8.643103814128595227e-07 -4.153476534826226079e-04 2.280000000000000000e+02
4.576034578613840722e+02 1.309818392945195833e-04 1.272408131617214320e-06 -4.594453873207432438e-04 1.240000000000000000e+02
4.599517872444100703e+02 9.818670844036568167e-05 -7.653163924372945908e-07 -3.427641179966857865e-04 5.200000000000000000e+01
4.619205689144050666e+02 1.755383550802436222e-04 6.733726836934384434e-07 -6.149874099280161184e-04 9.000000000000000000e+00
4.634281054380590490e+02 3.030243040345204238e-04 -6.308878230597560014e-07 -1.059907202763013317e-03 4.000000000000000000e+00
