2.966547074898984615e+00 1.000494456381430392e-01 -2.924406927517904722e-02 9.261800101804978924e-02 1.300000000000000000e+01
5.026374055021858744e+00 3.733709155242835587e-02 1.722996367606947909e-02 1.478769369822283478e-02 3.300000000000000000e+01
7.149300621522788113e+00 1.880046844661883987e-02 -2.407604626773841416e-03 5.849124704647359375e-03 7.900000000000000000e+01
9.278869254964254409e+00 1.026465497229600912e-02 -1.998100678643575413e-03 -2.554674340695509724e-04 1.170000000000000000e+02
1.145033261934470126e+01 6.042031087422326113e-03 -1.078177984742554035e-03 1.463770729357408542e-03 2.050000000000000000e+02
1.349295587141915043e+01 3.995541464623983408e-03 6.243503291218796764e-04 7.084718308502185001e-04 2.350000000000000000e+02
1.558905561191892986e+01 3.257643535492859860e-03 -4.076371222154781624e-04 4.575613407797994451e-04 3.690000000000000000e+02
1.769408367255316961e+01 2.386306552736535292e-03 -2.482772149335357400e-04 -2.564490688691681915e-04 4.330000000000000000e+02
1.981787480313529670e+01 2.121774470169454901e-03 -6.141881567855622030e-05 2.670376193777184099e-04 5.850000000000000000e+02
2.192074938196263645e+01 1.781778550364222866e-03 -2.611844823764639394e-04 6.948787512874985859e-04 6.790000000000000000e+02
2.398877635566245203e+01 1.477968350441067301e-03 -1.574964971902676327e-04 4.842093019665348917e-05 8.130000000000000000e+02
2.609286971896115759e+01 1.294916402305110572e-03 -1.479641114863414209e-04 3.611476239209249922e-04 9.850000000000000000e+02
2.823466315278179550e+01 1.125268835463287542e-03 -1.275990691439021340e-04 3.943723536084536461e-04 1.183000000000000000e+03
3.032284873509123102e+01 9.644372611656136128e-04 -3.971346571115672903e-05 3.092761400590204640e-04 1.269000000000000000e+03
3.240263258943403457e+01 8.890783359994849228e-04 -4.072457225045806402e-05 2.383713557259076589e-04 1.537000000000000000e+03
3.449210129864554375e+01 8.023627199179568861e-04 -8.048412923177321549e-05 2.497218199231534641e-04 1.653000000000000000e+03
3.658588147515196454e+01 7.336182579195718850e-04 -1.001803526755418530e-04 2.183368524722120881e-04 1.963000000000000000e+03
3.868476949266977272e+01 7.170002498942850333e-04 -1.137963394599244367e-04 1.982763540999761987e-04 2.121000000000000000e+03
4.078898888458283523e+01 6.298229911916982055e-04 -1.174946116446956362e-04 1.666700533044575565e-04 2.413000000000000000e+03
4.289390876967645738e+01 5.808723497333588819e-04 -6.497092344857214989e-05 1.015091144039577902e-04 2.635000000000000000e+03
4.498336005546935468e+01 5.363160730702370418e-04 -8.381204148766392063e-05 1.727282147576493032e-04 2.877000000000000000e+03
4.706498529473824988e+01 5.037299280179274386e-04 -7.068607421970409324e-05 1.449542342761500559e-04 3.169000000000000000e+03
4.917111919158227096e+01 4.673367177732052919e-04 -1.781574674506752293e-05 1.235351138203971200e-04 3.507000000000000000e+03
5.126216914174227668e+01 4.353796110391119478e-04 -5.950488605508996763e-05 1.023539702074786342e-04 3.685000000000000000e+03
5.335525146837034072e+01 4.116125137550233890e-04 -3.759016449460671514e-05 1.178888334036255504e-04 4.165000000000000000e+03
5.546637228956934251e+01 3.927511743397790441e-04 -3.632026419628415787e-05 8.543712201471379149e-05 4.377000000000000000e+03
5.757318819254808773e+01 3.768235282054341784e-04 -2.770282666292215679e-05 7.627926375540925656e-05 4.855000000000000000e+03
5.965884044590281121e+01 3.632926280202671693e-04 -1.881322500934724890e-05 8.180300620090929554e-05 4.929000000000000000e+03
6.174512302159506305e+01 3.544327784354724510e-04 -2.857924441129231039e-05 7.204689470276225691e-05 5.581000000000000000e+03
6.382689291137189969e+01 3.424119938894914714e-04 1.383423144884599468e-05 1.025857466420678014e-04 5.679000000000000000e+03
6.592966228838450604e+01 3.287985711641328544e-04 -5.948593804209886366e-06 5.214119668473845691e-05 6.385000000000000000e+03
6.803125784825746791e+01 3.176271473764935094e-04 9.180991080247048698e-06 1.094755358287428172e-04 6.553000000000000000e+03
7.013131008699485847e+01 3.066335026162591085e-04 5.587615647259626809e-06 7.679488890695487628e-05 7.125000000000000000e+03
7.223032366074338029e+01 2.955932145119207323e-04 1.985286203194430295e-05 7.710845742297746028e-05 7.447000000000000000e+03
7.432334270720505742e+01 2.841144436043822018e-04 1.289871116685065816e-05 6.543674698879803505e-05 7.929000000000000000e+03
7.642066756954473306e+01 2.764521708850648895e-04 -6.357320918112925546e-06 5.792856590641677774e-05 8.353000000000000000e+03
7.850471694556040347e+01 2.615043958939891632e-04 -5.574531531290451069e-07 5.898956510052361985e-05 8.775000000000000000e+03
8.059701946059529121e+01 2.538634626126014433e-04 -1.610085437190003100e-06 3.379558556770911935e-05 9.313000000000000000e+03
8.269521798132063850e+01 2.450712222624516334e-04 -1.266722731473325886e-05 3.835197426117845234e-05 9.841000000000000000e+03
8.478307522909847194e+01 2.324482841553625779e-04 -5.005199733174241179e-06 2.620828160047851478e-05 1.019100000000000000e+04
8.687780839616016237e+01 2.238479126474436751e-04 -1.070826873416035510e-05 2.209264419763202057e-05 1.089700000000000000e+04
8.897524569656535220e+01 2.160820497764619327e-04 -8.821277347120580036e-06 1.936474352413965983e-05 1.130100000000000000e+04
9.108077810470518898e+01 2.057699949406098679e-04 -1.363319161985687839e-05 3.652621493554490293e-05 1.202500000000000000e+04
9.318432266948052245e+01 2.006257692598056332e-04 -6.395617488538944331e-06 2.171163598562521978e-05 1.242300000000000000e+04
9.527887641048309320e+01 1.935699522086777816e-04 -3.540675526388396570e-06 3.849661773789277218e-05 1.302100000000000000e+04
9.736254237981037818e+01 1.884019023859607826e-04 -1.199832975341097086e-05 2.794410073244868727e-05 1.340500000000000000e+04
9.944832814799407572e+01 1.796365755423029974e-04 -4.419252615592928926e-06 3.077663260998868337e-05 1.424700000000000000e+04
1.015460879802399035e+02 1.729814938395194920e-04 -9.776063149403985939e-06 2.343494730361216685e-05 1.471300000000000000e+04
1.036426375667732316e+02 1.695278595764107468e-04 -4.336819726996936931e-06 3.052097523619506919e-05 1.548900000000000000e+04
1.057389390539465950e+02 1.596393479011570414e-04 -5.172520856023491909e-06 3.217862414342151887e-05 1.591300000000000000e+04
1.078395855981474227e+02 1.553098494088380388e-04 -8.744945812851066168e-06 2.751754577676803230e-05 1.687900000000000000e+04
1.099389405850131709e+02 1.478775283288789443e-04 -2.759623182265274029e-06 2.787562419995467705e-05 1.719300000000000000e+04
1.120392143152385387e+02 1.434932770084620024e-04 -7.753829771151171543e-06 2.272832472288203683e-05 1.815700000000000000e+04
1.141233458569757744e+02 1.415788279132742383e-04 -8.992006314871581952e-06 2.604554535841709545e-05 1.833900000000000000e+04
1.162159397555423084e+02 1.372759667289854808e-04 -5.220756463589186158e-06 2.142919375052393662e-05 1.957300000000000000e+04
1.183137204803772420e+02 1.318465606628611874e-04 -1.020022009287479849e-05 2.317835247002234011e-05 1.994100000000000000e+04
1.203972311807013256e+02 1.297208587801044544e-04 -8.779314068459854773e-06 2.257797511546609609e-05 2.062900000000000000e+04
1.224922363187857286e+02 1.229518852163103510e-04 -6.259379716797649503e-06 9.411864189158383357e-06 2.165500000000000000e+04
1.245882598425863534e+02 1.194412192669437779e-04 -4.679643702321381641e-06 1.171686723734639672e-05 2.211300000000000000e+04
1.266884677158377315e+02 1.154055532749286223e-04 -5.299270525302267032e-06 6.567183200985349650e-06 2.318500000000000000e+04
1.287846620419940962e+02 1.119598605122653831e-04 -5.596119614961505938e-06 5.240957180627340958e-06 2.366700000000000000e+04
1.308713393788149801e+02 1.084802516211213233e-04 -7.480932556079697926e-06 9.300529052875529753e-06 2.438500000000000000e+04
1.329754833440644575e+02 1.076370765454832897e-04 -5.274796124255066826e-06 9.740136589303566219e-06 2.574900000000000000e+04
1.350691081525609434e+02 1.036262144715131270e-04 -4.081973349420206946e-06 9.585561501799577257e-06 2.567500000000000000e+04
1.371638825856825576e+02 1.018512771095170119e-04 -2.992246526875867134e-06 9.555713599406840658e-06 2.740900000000000000e+04
1.392604757372163533e+02 9.849542661449672463e-05 -2.425805172086925748e-06 1.514420932341061260e-05 2.740500000000000000e+04
1.413466882908376760e+02 9.607359481415912229e-05 -1.754121660099903592e-06 1.150553171017424933e-05 2.871700000000000000e+04
1.434475230090064031e+02 9.452247695022094991e-05 -1.357396386456903691e-06 1.375211176151602328e-05 2.959500000000000000e+04
1.455452853418541679e+02 9.019619522945223516e-05 -3.591487715879363405e-07 1.289172742240648551e-05 3.030100000000000000e+04
1.476332061073587738e+02 8.758356420015189422e-05 -4.881408807986971095e-07 1.047946122812048934e-05 3.110100000000000000e+04
1.497211472843286231e+02 8.417784607594838741e-05 -1.493646215989787452e-06 8.214863374250245957e-06 3.202300000000000000e+04
1.518138048751577287e+02 8.209190952014051412e-05 -9.868511858897376846e-07 1.148573550277679552e-05 3.297700000000000000e+04
1.539211490100352648e+02 7.946094688572910125e-05 -4.074080641286037798e-07 1.020383309557916970e-05 3.444900000000000000e+04
1.560214747341236716e+02 7.738898143624963724e-05 -3.051489501516069917e-06 1.083744196537331396e-05 3.454900000000000000e+04
1.581161747588121784e+02 7.572640416037691822e-05 8.291521223727231946e-07 7.193644136969015063e-06 3.611100000000000000e+04
1.602118712271799836e+02 7.509480062193019903e-05 3.010894698258868071e-07 8.107281598418649237e-06 3.654100000000000000e+04
1.623006419462898862e+02 7.220906891408385717e-05 -8.770741240291260046e-08 8.023646581137905458e-06 3.771700000000000000e+04
1.643899033199985240e+02 7.096154326959104347e-05 5.070199105445640340e-08 5.075690838256891930e-06 3.861900000000000000e+04
1.664835582381511756e+02 6.882325183815224878e-05 -5.652414377151152643e-07 8.424585329262499134e-06 3.966100000000000000e+04
1.685719683778473552e+02 6.670175928522361351e-05 -1.561801069759070464e-06 6.122369770494022076e-06 4.054500000000000000e+04
1.706641332089364766e+02 6.433746397396367773e-05 -5.094913517524055187e-07 5.936483425468102753e-06 4.181500000000000000e+04
1.727708699256135390e+02 6.302451790766595689e-05 -1.538486058877047350e-06 5.943747226660433652e-06 4.312500000000000000e+04
1.748696546009699659e+02 6.168711454773882839e-05 2.708465587293548597e-08 8.508208929520100051e-06 4.368100000000000000e+04
1.769585769494445344e+02 5.954531823489741832e-05 -4.838424075918561388e-07 5.649335295968904982e-06 4.462900000000000000e+04
1.790524509315575301e+02 5.804511409880451890e-05 -5.158163229290130523e-07 7.048480296415533225e-06 4.622700000000000000e+04
1.811526521261263554e+02 5.597254992600990680e-05 -9.948950002986759563e-07 5.263984007615655761e-06 4.690900000000000000e+04
1.832476884130738881e+02 5.536498515091670212e-05 -1.155443158337818600e-06 4.500043625830863374e-06 4.823700000000000000e+04
1.853312475833926101e+02 5.346766545903212529e-05 -8.445537841267098727e-07 5.748905534135903986e-06 4.858300000000000000e+04
1.874284892203218931e+02 5.256520008964040189e-05 -1.252565724094951387e-06 5.484718519900057344e-06 5.099700000000000000e+04
1.895337179075755216e+02 5.142349719912433890e-05 -1.915905793445902807e-07 3.860345883392366641e-06 5.139700000000000000e+04
1.916268196474026126e+02 5.002097574509284980e-05 -1.941109824582503809e-07 4.322643463216571636e-06 5.248900000000000000e+04
1.937183403446852878e+02 4.865793322817649739e-05 -3.809248358560785858e-07 4.986884477977354868e-06 5.378700000000000000e+04
1.958131498886989164e+02 4.720559836194214063e-05 -2.396688392574880553e-08 4.748846111386111754e-06 5.491300000000000000e+04
1.979058740098966211e+02 4.635457882922437581e-05 -4.551697847490783277e-07 4.563583701201302334e-06 5.597700000000000000e+04
1.999990651597893816e+02 4.531588340466608515e-05 -4.111429401732994851e-07 4.325863951612302063e-06 5.741500000000000000e+04
2.020893038374759101e+02 4.431532966597429311e-05 -1.501506653873618861e-07 3.158386891373309124e-06 5.810500000000000000e+04
2.041823192148177952e+02 4.248718072646290366e-05 -4.590772693429605020e-08 4.558443108781253578e-06 6.003300000000000000e+04
2.062825911013838152e+02 4.193662213385913179e-05 -1.343707862740179615e-07 4.850532065016880663e-06 6.094900000000000000e+04
2.083770189145966185e+02 4.110687433948837253e-05 5.162952179729167454e-08 5.055444975434711819e-06 6.223500000000000000e+04
2.104675816794403431e+02 4.035018558374200959e-05 -7.888563075516025014e-08 3.987874394998450719e-06 6.322900000000000000e+04
2.125667854244018145e+02 3.947018755880823320e-05 3.729539575600175488e-07 4.835936652552652697e-06 6.513300000000000000e+04
2.146619261104851830e+02 3.882101301742166055e-05 1.139657351872160869e-06 3.716440274352826796e-06 6.570700000000000000e+04
2.167561805722037036e+02 3.793093008202825123e-05 9.198544804104555632e-07 4.080609330534133167e-06 6.756100000000000000e+04
2.188528705899679210e+02 3.728735702475211928e-05 1.099598023313362328e-06 2.929509938200532845e-06 6.850500000000000000e+04
2.209456427453084473e+02 3.683789341767700407e-05 1.364196593683897819e-06 4.059774437819535708e-06 6.994300000000000000e+04
2.230395148320731096e+02 3.595883975841568814e-05 1.261105741148924966e-06 4.452564541516440603e-06 7.109700000000000000e+04
2.251356732858534997e+02 3.542926672335830707e-05 9.583900084174059484e-07 4.802021146064515307e-06 7.302100000000000000e+04
2.272278504864401327e+02 3.473100953890867460e-05 1.139708695941039374e-06 5.079318601840972259e-06 7.331700000000000000e+04
2.293197511287232544e+02 3.409763852841704628e-05 1.297560661289453600e-06 4.475848942304962639e-06 7.579900000000000000e+04
2.314114772346510165e+02 3.345406275436995329e-05 1.545070910219055184e-06 5.980448519539763151e-06 7.602100000000000000e+04
2.335058467478245632e+02 3.279048014555251790e-05 1.198132182221424864e-06 5.624900030087464231e-06 7.875300000000000000e+04
2.356041652202905539e+02 3.262989251458098803e-05 1.018358069314327684e-06 5.609875263762744712e-06 7.929100000000000000e+04
2.377006336558306998e+02 3.189169007950370260e-05 1.239881844869946010e-06 6.853911057930622728e-06 8.112900000000000000e+04
2.397972750390475198e+02 3.134869180410248732e-05 7.186868767370864118e-07 6.449901402201526577e-06 8.244100000000000000e+04
2.418944602532704096e+02 3.095970662453216169e-05 1.503001122875848895e-06 7.657378779627819067e-06 8.394900000000000000e+04
2.439884227569783093e+02 3.081936163050046518e-05 1.315776769170035379e-06 7.233168629711161312e-06 8.512300000000000000e+04
2.460835996828307373e+02 3.056449313152177647e-05 6.558579188398550471e-07 7.955972075037605047e-06 8.692900000000000000e+04
2.481755280705312146e+02 2.995152980047630862e-05 7.059535944980625787e-07 7.894139244429547344e-06 8.778900000000000000e+04
2.502623700647570217e+02 2.968383660163961531e-05 3.723672131035031845e-07 8.041649391925521060e-06 8.962300000000000000e+04
2.523586155105348325e+02 2.937213840042184943e-05 8.252943548069026623e-07 8.423383858864240631e-06 9.134100000000000000e+04
2.544547077866985489e+02 2.918844335012240796e-05 2.921276768800548407e-07 9.334964035339394738e-06 9.284500000000000000e+04
2.565487653287422063e+02 2.884075212277744139e-05 2.791907786033882251e-07 9.899085451572397408e-06 9.408700000000000000e+04
2.586464955058470991e+02 2.868184165295320205e-05 9.677050658779005149e-08 1.019321967993170829e-05 9.633300000000000000e+04
2.607443047329861656e+02 2.863374694068144096e-05 2.489345024281070402e-07 1.147535545550647758e-05 9.724900000000000000e+04
2.628438312173413465e+02 2.855211216417743504e-05 1.117140901867145026e-07 1.201262900208747049e-05 9.950100000000000000e+04
2.649298855659840228e+02 2.850863568299383873e-05 -7.938029431949899584e-08 1.242495759506851571e-05 9.928300000000000000e+04
2.670163698864117805e+02 2.857089778978016715e-05 -9.854778978204468085e-08 1.325337410725153174e-05 1.025370000000000000e+05
2.691120556714307668e+02 2.825347407114036464e-05 4.870676382363293802e-07 1.251370886740383589e-05 1.022830000000000000e+05
2.712074998348403483e+02 2.748676148977335839e-05 -3.128316048745113557e-07 7.144887567300996849e-06 1.021060000000000000e+05
2.733050116933233653e+02 2.713708274558888204e-05 -4.574870394161982759e-07 3.290489988277717733e-06 1.007340000000000000e+05
2.753977295572417461e+02 2.667829251887830221e-05 -1.168547835476213490e-07 -6.218405047281167115e-07 9.999400000000000000e+04
2.774958294534935703e+02 2.631525313942167398e-05 5.362567721518031825e-07 -3.928789517586204780e-06 9.936000000000000000e+04
2.795977707949222122e+02 2.585565497973609609e-05 1.143579598752455443e-07 -6.715696694147099978e-06 9.860800000000000000e+04
2.816862895118986785e+02 2.551962828034496655e-05 1.979873911150478268e-07 -9.848080644317329331e-06 9.625200000000000000e+04
2.837743515740906446e+02 2.524180878370540785e-05 -1.126331218714509374e-08 -1.268049455307085432e-05 9.640000000000000000e+04
2.858713251310674650e+02 2.491845935868229489e-05 1.085708713885367080e-07 -1.482205836854893463e-05 9.539800000000000000e+04
2.879670932628575883e+02 2.448909330520648592e-05 5.137826156574294613e-08 -1.702084130929083848e-05 9.402000000000000000e+04
2.900590582015512382e+02 2.412024899414677594e-05 1.064154345955552607e-07 -1.942075221538149563e-05 9.316000000000000000e+04
2.921519201901450060e+02 2.407059841124531497e-05 8.192206868870207373e-08 -2.127421665302033950e-05 9.177600000000000000e+04
2.942485935102203030e+02 2.391892755377193937e-05 2.897680335274935184e-07 -2.308676921566582592e-05 9.137800000000000000e+04
2.963426645133968691e+02 2.342542636381852206e-05 3.690171614344628160e-07 -2.431862103030366960e-05 8.949000000000000000e+04
2.984329904966970162e+02 2.314327924787510000e-05 1.956290266330765269e-07 -2.564598570952698780e-05 8.845000000000000000e+04
3.005290481640043367e+02 2.294142461229030125e-05 2.381945315906277254e-07 -2.695582925692014602e-05 8.794600000000000000e+04
3.026245947235937592e+02 2.265138883921673915e-05 6.579746351169156005e-08 -2.824222191083748228e-05 8.575200000000000000e+04
3.047205651109674704e+02 2.250221130008623241e-05 3.252465947996136179e-07 -2.958922345941647852e-05 8.574400000000000000e+04
3.068167457111920839e+02 2.232296448883225255e-05 5.701767845433078119e-07 -3.084073214467080679e-05 8.322000000000000000e+04
3.089118625384018060e+02 2.221104409781073484e-05 5.327665838400057682e-07 -3.197022942597893422e-05 8.302000000000000000e+04
3.110099981664167785e+02 2.197653476919720432e-05 3.582524061530477506e-07 -3.265405030661193344e-05 8.106400000000000000e+04
3.131040997612852266e+02 2.192354979375382452e-05 4.080009703225613418e-07 -3.405333648694058618e-05 7.983000000000000000e+04
3.151936712677708670e+02 2.184095344506270604e-05 4.740518136033546431e-07 -3.541302859456325550e-05 7.823800000000000000e+04
3.172858841403398173e+02 2.159429722940436175e-05 5.455326958128698957e-08 -3.585176194503258013e-05 7.715400000000000000e+04
3.193772099476266817e+02 2.138047422337076907e-05 1.547999924030560823e-07 -3.621866427919807939e-05 7.546600000000000000e+04
3.214753775151562536e+02 2.115660774240849047e-05 9.595145338836046266e-08 -3.679178703783194743e-05 7.480200000000000000e+04
3.235746879206847666e+02 2.108404714736155611e-05 -1.694980299816570017e-07 -3.712760520355329335e-05 7.258000000000000000e+04
3.256647237020029024e+02 2.121549998054888151e-05 1.843040153547495830e-07 -3.843351055288529754e-05 7.133800000000000000e+04
3.277571324083919535e+02 2.099145071917802701e-05 8.375935593266806405e-08 -3.912026104639004174e-05 6.964200000000000000e+04
3.298487111637800240e+02 2.094233762910054390e-05 2.869999255631039117e-08 -3.981498491605588034e-05 6.832600000000000000e+04
3.319433744068021497e+02 2.093359735057814542e-05 -1.005721219375224806e-07 -4.069970252280494195e-05 6.674400000000000000e+04
3.340422322988853239e+02 2.075621422355032242e-05 3.586834776877566796e-08 -4.097936566496805378e-05 6.533800000000000000e+04
3.361307892565458246e+02 2.091946974719749742e-05 -1.871732820394108235e-08 -4.196734447199594446e-05 6.315600000000000000e+04
3.382251120895489294e+02 2.083366450585807952e-05 -1.625905000591514500e-07 -4.233466931549127352e-05 6.214000000000000000e+04
3.403264013195363304e+02 2.105210673496808038e-05 -8.166356482716299944e-08 -4.340121670138683566e-05 6.051400000000000000e+04
3.424148842577288860e+02 2.111531851441763734e-05 -6.494471168236319176e-08 -4.407540361996271602e-05 5.799000000000000000e+04
3.445099495577244397e+02 2.109441866379043552e-05 -3.494387960375664515e-07 -4.418589561662934642e-05 5.742400000000000000e+04
3.466144105402300397e+02 2.116394098195843328e-05 -3.830489583597957840e-07 -4.523607885773612869e-05 5.518200000000000000e+04
3.487067496858389859e+02 2.124458390323830638e-05 -1.672452423673059817e-07 -4.610165007763968639e-05 5.306800000000000000e+04
3.507912540595516475e+02 2.136569453128808185e-05 -5.871283091145009716e-08 -4.703692841863107911e-05 5.152800000000000000e+04
3.528807167895711814e+02 2.111568678925104993e-05 2.089258476432627821e-08 -4.745741855194636016e-05 4.954600000000000000e+04
3.549828487415276754e+02 2.148939941882133125e-05 -1.199707222377451879e-07 -4.834187845096536088e-05 4.846600000000000000e+04
3.570768480370360862e+02 2.173180717779485500e-05 -1.882888572747936117e-08 -4.978836315288205882e-05 4.566600000000000000e+04
3.591652111747225717e+02 2.200189884682779052e-05 5.349524072980854447e-08 -5.087064600969589767e-05 4.423000000000000000e+04
3.612627896178847777e+02 2.169364254772618124e-05 1.081106640656765192e-07 -5.106526018835633369e-05 4.254000000000000000e+04
3.633645820428338880e+02 2.189607841473341124e-05 3.486946917662747654e-07 -5.264066706809588097e-05 4.022200000000000000e+04
3.654527365610065885e+02 2.224090623625195855e-05 3.794584239800556415e-07 -5.372970186080668314e-05 3.842200000000000000e+04
3.675441472124314259e+02 2.196104118951370230e-05 1.984509720755268168e-07 -5.424332757511190844e-05 3.624600000000000000e+04
3.696396280380744201e+02 2.223859206298901112e-05 3.343902892136148881e-07 -5.551681837671600529e-05 3.455200000000000000e+04
3.717297223820279441e+02 2.193346133643541101e-05 1.241191295813773350e-07 -5.579849939461496586e-05 3.213600000000000000e+04
3.738176974939287902e+02 2.185683446982395478e-05 3.643221340524212623e-07 -5.673295847588061849e-05 3.029200000000000000e+04
3.759110996783247174e+02 2.172882117068638356e-05 1.236873485164549199e-07 -5.775196889669531342e-05 2.830200000000000000e+04
3.780081394014102898e+02 2.167908939276292019e-05 -4.859059015787592644e-08 -5.892316955617262820e-05 2.605600000000000000e+04
3.801051557582653118e+02 2.158394387735806789e-05 2.551399965020851114e-07 -6.057051918242370116e-05 2.421100000000000000e+04
3.821955053587425937e+02 2.118453009056709267e-05 -1.899355833524554753e-07 -6.040128937514598338e-05 2.220600000000000000e+04
3.842862749912937943e+02 2.095017249515969412e-05 2.886961098173416414e-07 -6.162941178381932557e-05 2.088400000000000000e+04
3.863841918340856409e+02 2.105594957870788526e-05 1.372771403578806025e-07 -6.264103611416532724e-05 1.939200000000000000e+04
3.884771734501698006e+02 2.109901765558459770e-05 2.195430487496093200e-07 -6.382858717798734339e-05 1.805800000000000000e+04
3.905623371605522607e+02 2.095135527299016141e-05 -1.047500583238492767e-07 -6.379744512002326405e-05 1.674600000000000000e+04
3.926667500119167471e+02 2.089229757252897794e-05 -2.597699460351567299e-08 -6.443206928321825052e-05 1.589800000000000000e+04
3.947778557744774162e+02 2.113045369504061165e-05 3.444761099879128885e-07 -6.624818418943248456e-05 1.457800000000000000e+04
3.968631060462392952e+02 2.139170960561619244e-05 1.754821618905809668e-08 -6.718820762602887220e-05 1.344300000000000000e+04
3.989413219049817485e+02 2.183139689781904525e-05 8.422875825010942862e-08 -6.960201007941636180e-05 1.251100000000000000e+04
4.010572258526528344e+02 2.142999728355876498e-05 7.285663244616286926e-08 -6.890641310989448524e-05 1.191900000000000000e+04
4.031656962107319373e+02 2.156821799781203988e-05 -1.586364637603578563e-08 -6.966481189605407880e-05 1.063900000000000000e+04
4.052249146637423678e+02 2.231559825703088556e-05 -8.474372493433712187e-08 -7.246305782906137792e-05 9.775000000000000000e+03
4.073276634718891387e+02 2.250913901617334980e-05 2.296045534132143461e-07 -7.419374102881716503e-05 9.423000000000000000e+03
4.094593776408451049e+02 2.268155865339039883e-05 2.139479263415807538e-07 -7.513197779378559191e-05 8.449000000000000000e+03
4.115405539130957777e+02 2.287084890412938089e-05 2.366724820444684536e-07 -7.626165864269679982e-05 7.596000000000000000e+03
4.135894252671187132e+02 2.364526917522349737e-05 2.215738764239955994e-07 -7.909187542375406880e-05 6.931000000000000000e+03
4.156930049049321951e+02 2.330955998554797313e-05 2.835207307267485593e-08 -7.833480339981150687e-05 6.612000000000000000e+03
4.178272827209258367e+02 2.455851544820815128e-05 2.044375597779573400e-07 -8.297981773669115219e-05 5.899000000000000000e+03
4.199082037741286513e+02 2.445314133741591695e-05 7.518644581781832625e-08 -8.271939559638121994e-05 5.176000000000000000e+03
4.219826095167229028e+02 2.499932387227532114e-05 -3.443883550579805340e-08 -8.474966059274326505e-05 4.824000000000000000e+03
4.241028763136273483e+02 2.431360580525136064e-05 -7.789499047908720881e-08 -8.286481849313273845e-05 4.312000000000000000e+03
4.262107721966358440e+02 2.577960171997078069e-05 -3.132000817239549321e-07 -8.778340014686979100e-05 3.819000000000000000e+03
4.282460731868927724e+02 2.598324364777467699e-05 -2.209659038643858601e-07 -8.875353106974656452e-05 3.220000000000000000e+03
4.303287648834323136e+02 2.675209731091113030e-05 -2.516186417925149615e-07 -9.173779703764014474e-05 3.132000000000000000e+03
4.325172248853483552e+02 2.821502160735010517e-05 -2.555978963593882214e-07 -9.701345685427688998e-05 2.680000000000000000e+03
4.346325070601815810e+02 2.888519746617679095e-05 -5.005968928345088351e-08 -9.970160127428627376e-05 2.218000000000000000e+03
4.365567227659553851e+02 2.992611604194877995e-05 1.561656079325120719e-07 -1.036016427789365491e-04 1.728000000000000000e+03
4.386277159174848634e+02 3.093327219545929767e-05 1.830875413851957310e-07 -1.075197649703862825e-04 1.816000000000000000e+03
4.409019266196692683e+02 3.177273582914688838e-05 1.396289732719798380e-07 -1.105258516403018621e-04 1.476000000000000000e+03
4.430735479208619836e+02 3.172806315714291184e-05 -1.305659355667513416e-07 -1.102352693862747660e-04 1.108000000000000000e+03
4.448761117541747012e+02 3.280058640738858078e-05 -1.013516944579260439e-07 -1.139787337143432139e-04 7.560000000000000000e+02
4.469343758523184533e+02 3.360687065971704180e-05 -4.838880420276293992e-08 -1.171180483628940516e-04 8.440000000000000000e+02
4.493013102792758104e+02 3.746546391544116559e-05 -1.971103152172256498e-07 -1.305053570852643776e-04 6.280000000000000000e+02
4.515989744176221734e+02 4.018265556971671940e-05 1.522357709016214152e-07 -1.405382344164621549e-04 4.050000000000000000e+02
4.533101867737696580e+02 4.648943020086078985e-05 -1.734654428303192009e-08 -1.623249938996946553e-04 2.020000000000000000e+02
4.552338387398290820e+02 4.320086266046874093e-05 2.099346223752127907e-07 -1.512779750394422338e-04 2.280000000000000000e+02
4.576034578613840722e+02 4.815144274242394055e-05 3.032963122545451913e-07 -1.687439267468571593e-04 1.240000000000000000e+02
4.599517872444100703e+02 4.148739761834154303e-05 4.043735824885611238e-07 -1.455660937135525382e-04 5.200000000000000000e+01
4.619205689144050666e+02 7.400869469462018871e-05 1.223051402153441170e-06 -2.602193321145682787e-04 9.000000000000000000e+00
4.634281054380590490e+02 7.351834709520354107e-05 -5.678034573051756302e-07 -2.567240901553880417e-04 4.000000000000000000e+00
