2.966547074898984615e+00 9.006252278274697431e+00 2.287315036433611226e+00 -1.336579896880919271e+00 1.300000000000000000e+01
5.026374055021858744e+00 8.224801586081767368e+00 5.245556992660863616e-01 1.801288379027731867e+00 3.300000000000000000e+01
7.149300621522788113e+00 6.250768609105879392e+00 2.053924711382975055e+00 -1.487359550319602652e+00 7.900000000000000000e+01
9.278869254964254409e+00 5.932296049283646511e+00 1.013654537827504809e+00 3.687855318130964233e-01 1.170000000000000000e+02
1.145033261934470126e+01 5.008568534623261570e+00 1.176314842725397991e+00 8.113766085650003790e-02 2.050000000000000000e+02
1.349295587141915043e+01 4.799948640166594949e+00 4.385598717109391309e-01 1.308341291903275305e+00 2.350000000000000000e+02
1.558905561191892986e+01 4.256848905749754941e+00 6.420286611859740145e-01 1.985663465632253877e-01 3.690000000000000000e+02
1.769408367255316961e+01 4.067578483250717802e+00 2.507929452139451842e-01 4.845616604275583827e-01 4.330000000000000000e+02
1.981787480313529670e+01 3.728091780412248202e+00 4.273223629509690369e-01 1.101826475246670961e-01 5.850000000000000000e+02
2.192074938196263645e+01 3.490969253480086465e+00 2.589904618870543240e-01 7.230864505662548680e-01 6.790000000000000000e+02
2.398877635566245203e+01 3.279426524258158171e+00 2.132219027681179491e-01 3.183827289057746673e-02 8.130000000000000000e+02
2.609286971896115759e+01 3.196195505916710644e+00 2.822662595141295361e-02 -1.217527769000045085e-01 9.850000000000000000e+02
2.823466315278179550e+01 3.048776752470168550e+00 -8.632307304271918946e-02 4.518080776543026422e-01 1.183000000000000000e+03
3.032284873509123102e+01 2.909862070543932422e+00 3.390505294402759023e-02 8.925357382242542215e-02 1.269000000000000000e+03
3.240263258943403457e+01 2.767159768879464465e+00 5.948789290894260229e-02 -8.855981761846369593e-02 1.537000000000000000e+03
3.449210129864554375e+01 2.601280196850469295e+00 1.394359970891492218e-01 -1.081725773973741950e-01 1.653000000000000000e+03
3.658588147515196454e+01 2.509168915962788571e+00 9.121657830135444789e-02 -1.340882644008826174e-01 1.963000000000000000e+03
3.868476949266977272e+01 2.328192390304100634e+00 1.373805774623312603e-01 -8.522732874420285709e-02 2.121000000000000000e+03
4.078898888458283523e+01 2.257523503804324871e+00 1.071276332588942115e-01 -2.154539696893303935e-02 2.413000000000000000e+03
4.289390876967645738e+01 2.158006845573289922e+00 9.590916616464771616e-02 -1.126704152328226460e-01 2.635000000000000000e+03
4.498336005546935468e+01 2.117496315614496361e+00 4.446748759834910636e-02 1.208914495952239238e-01 2.877000000000000000e+03
4.706498529473824988e+01 2.016830140588084852e+00 7.426726852888529407e-02 -1.412659374353889604e-03 3.169000000000000000e+03
4.917111919158227096e+01 1.983257478386091899e+00 -4.385133866233639072e-02 6.672281649929456826e-02 3.507000000000000000e+03
5.126216914174227668e+01 1.898999873747252654e+00 -1.700366779276855228e-02 1.207482026805844696e-02 3.685000000000000000e+03
5.335525146837034072e+01 1.894164465810025622e+00 -2.995639117645229263e-02 4.645351789262106013e-02 4.165000000000000000e+03
5.546637228956934251e+01 1.790769894364578452e+00 1.334533744833445168e-02 7.743197815957804375e-02 4.377000000000000000e+03
5.757318819254808773e+01 1.732221448394090757e+00 -3.491814164242114035e-03 -2.060573040371339870e-02 4.855000000000000000e+03
5.965884044590281121e+01 1.664990025571681631e+00 3.172248729329396610e-02 7.529703696929956891e-03 4.929000000000000000e+03
6.174512302159506305e+01 1.637825081950471606e+00 5.249643506333128568e-02 -7.690128216522214288e-02 5.581000000000000000e+03
6.382689291137189969e+01 1.580141054359240016e+00 1.697182318596805392e-02 5.953172140977523730e-02 5.679000000000000000e+03
6.592966228838450604e+01 1.557652135450793951e+00 3.698497478459912991e-03 -2.003709579161239498e-02 6.385000000000000000e+03
6.803125784825746791e+01 1.511706478074742233e+00 2.442428779020550719e-03 6.820929079631980751e-02 6.553000000000000000e+03
7.013131008699485847e+01 1.474273557406566848e+00 1.290976666202883413e-02 5.913993946823432879e-02 7.125000000000000000e+03
7.223032366074338029e+01 1.442723254004951716e+00 -1.007832213578073628e-02 6.908000204677128275e-02 7.447000000000000000e+03
7.432334270720505742e+01 1.405573516359144959e+00 -1.839382924079682388e-02 8.981267051251660971e-02 7.929000000000000000e+03
7.642066756954473306e+01 1.404423448010070574e+00 -4.065484062135980847e-02 5.296618655495079209e-02 8.353000000000000000e+03
7.850471694556040347e+01 1.375004322297376902e+00 -4.775800018623444637e-02 9.105864242525464614e-02 8.775000000000000000e+03
8.059701946059529121e+01 1.353627249598496451e+00 -5.527498375211375298e-02 1.143725579632251521e-01 9.313000000000000000e+03
8.269521798132063850e+01 1.312748008606148264e+00 -1.423819513876015824e-02 5.108736918451566023e-02 9.841000000000000000e+03
8.478307522909847194e+01 1.283099622222548364e+00 6.109669769875606814e-05 7.646775292136963331e-02 1.019100000000000000e+04
8.687780839616016237e+01 1.244267072634715587e+00 4.622169151171364593e-02 -9.548101711693814803e-03 1.089700000000000000e+04
8.897524569656535220e+01 1.236240369311056408e+00 1.512920133445781225e-02 1.662146244307943430e-02 1.130100000000000000e+04
9.108077810470518898e+01 1.205483826163626926e+00 2.431496903791528427e-02 7.237713876395256152e-02 1.202500000000000000e+04
9.318432266948052245e+01 1.203015717417102115e+00 1.252661954977398427e-02 8.693026068644214843e-02 1.242300000000000000e+04
9.527887641048309320e+01 1.182974015678913693e+00 2.822626289556049578e-02 5.864460661502916838e-02 1.302100000000000000e+04
9.736254237981037818e+01 1.166493630207793952e+00 2.414497421611070879e-02 1.196602153056763179e-01 1.340500000000000000e+04
9.944832814799407572e+01 1.137506422129532568e+00 4.562115335018903511e-02 1.171927527043641892e-01 1.424700000000000000e+04
1.015460879802399035e+02 1.128363436356536686e+00 4.449831869770722037e-02 1.240754131854736875e-01 1.471300000000000000e+04
1.036426375667732316e+02 1.111284815211615040e+00 5.226656689215483653e-02 1.313129519255991362e-01 1.548900000000000000e+04
1.057389390539465950e+02 1.106702703069431193e+00 5.471273079563154090e-02 1.723427084832437894e-01 1.591300000000000000e+04
1.078395855981474227e+02 1.091629669221564569e+00 5.294768803347429942e-02 1.790821074501344479e-01 1.687900000000000000e+04
1.099389405850131709e+02 1.079906233146413097e+00 7.125471241604516837e-02 1.976320628521438805e-01 1.719300000000000000e+04
1.120392143152385387e+02 1.066277339419795300e+00 8.758451350245353983e-02 1.695767269086912166e-01 1.815700000000000000e+04
1.141233458569757744e+02 1.060449191895190379e+00 1.128563861470183310e-01 2.175983342177668367e-01 1.833900000000000000e+04
1.162159397555423084e+02 1.054084762326612967e+00 9.799858386566102919e-02 2.533378781093078014e-01 1.957300000000000000e+04
1.183137204803772420e+02 1.061577597917723548e+00 1.111187650599138876e-01 2.380499766814395124e-01 1.994100000000000000e+04
1.203972311807013256e+02 1.069735112232372165e+00 9.927961924926105575e-02 3.366278635706503874e-01 2.062900000000000000e+04
1.224922363187857286e+02 1.075368097662924072e+00 1.016298106363524301e-01 3.086030684171131022e-01 2.165500000000000000e+04
1.245882598425863534e+02 1.093117288668817189e+00 9.733363734724108374e-02 4.008979861102774933e-01 2.211300000000000000e+04
1.266884677158377315e+02 1.104002856955978107e+00 1.140677223112450817e-01 3.871980366470640922e-01 2.318500000000000000e+04
1.287846620419940962e+02 1.124167938849812254e+00 1.188707789943090759e-01 4.700867141534245119e-01 2.366700000000000000e+04
1.308713393788149801e+02 1.131191793197812379e+00 1.567591266993640375e-01 4.870021102156910642e-01 2.438500000000000000e+04
1.329754833440644575e+02 1.149845436918918162e+00 1.695770807828800297e-01 5.591124854148435963e-01 2.574900000000000000e+04
1.350685217411978840e+02 1.154326943176390285e+00 1.973913446542852057e-01 3.977745592386596751e-01 2.506900000000000000e+04
1.371618602824667619e+02 1.157221932960600164e+00 1.680689171922033487e-01 7.217690607078111609e-02 2.554600000000000000e+04
1.392575458676788855e+02 1.151217917410162439e+00 1.940892456760155427e-01 -2.324765448701537063e-01 2.428200000000000000e+04
1.413433880996534810e+02 1.150763859528257882e+00 1.722161019596872567e-01 -5.019882649775901928e-01 2.430400000000000000e+04
1.434445756733687460e+02 1.147119502905038058e+00 1.640406541690732078e-01 -7.638193535385956467e-01 2.375400000000000000e+04
1.455398221916437080e+02 1.157502156076465560e+00 1.649436510812732903e-01 -9.858517909725668105e-01 2.308000000000000000e+04
1.476255108817551900e+02 1.157621966212467601e+00 1.641618267784736296e-01 -1.216854381137796537e+00 2.250000000000000000e+04
1.497176277038332444e+02 1.150103388024959372e+00 1.559433067391014782e-01 -1.423437218447038077e+00 2.207200000000000000e+04
1.518140044970460281e+02 1.161352560591667249e+00 1.577622664257384011e-01 -1.599881209986750763e+00 2.135800000000000000e+04
1.539145542655538748e+02 1.173070144745616661e+00 1.780487012340284947e-01 -1.796026925254923468e+00 2.103000000000000000e+04
1.560122063834993185e+02 1.175848579096115065e+00 1.755024886841406451e-01 -1.925057664645393629e+00 1.994800000000000000e+04
1.581130966381297185e+02 1.190319735142487234e+00 1.755114373175568621e-01 -2.121337090375609691e+00 1.975200000000000000e+04
1.602056672848078449e+02 1.206275612840720157e+00 1.684255195892424839e-01 -2.256324828329717480e+00 1.845400000000000000e+04
1.622857990359369751e+02 1.227538212704357479e+00 1.748007545308179755e-01 -2.421163473371242159e+00 1.802800000000000000e+04
1.643817412475232516e+02 1.250609615009417475e+00 1.669825544769435455e-01 -2.567695726694633862e+00 1.737000000000000000e+04
1.664826536774034764e+02 1.280693544625153946e+00 1.783787028730541568e-01 -2.745078998595700703e+00 1.642600000000000000e+04
1.685658141881879430e+02 1.304644318050813157e+00 1.844178070441762352e-01 -2.895145444388212752e+00 1.563000000000000000e+04
1.706487817438684260e+02 1.351244192960415536e+00 2.078423441519338943e-01 -3.108883639588156278e+00 1.477000000000000000e+04
1.727517828144612793e+02 1.372606737778312658e+00 2.002798465588445098e-01 -3.229334300355163112e+00 1.420200000000000000e+04
1.748530068735680061e+02 1.416707334748198654e+00 1.976495739385706885e-01 -3.399007934399967734e+00 1.307200000000000000e+04
1.769502447625496586e+02 1.451928435488384572e+00 1.866675322570708062e-01 -3.571778245577567734e+00 1.223800000000000000e+04
1.790336981624627128e+02 1.488931819857086669e+00 1.955282597649753151e-01 -3.736098460397479393e+00 1.126200000000000000e+04
1.811155322217383628e+02 1.527636188286764840e+00 1.985894041279520073e-01 -3.973794404150146953e+00 1.018600000000000000e+04
1.832145149667912278e+02 1.594521577811631730e+00 2.194123264563910547e-01 -4.184137067176070701e+00 9.600000000000000000e+03
1.853124901146757395e+02 1.601982641192042145e+00 1.822333447138958784e-01 -4.329380630343480973e+00 8.164000000000000000e+03
1.873878671736386252e+02 1.650983243525383282e+00 1.983749411459685141e-01 -4.595725146279336926e+00 7.392000000000000000e+03
1.894941385667080169e+02 1.627326020489056946e+00 1.581589936448791478e-01 -4.736268349738997685e+00 6.328000000000000000e+03
1.915927038186372044e+02 1.625787976775832977e+00 1.356125347051217456e-01 -4.901062977581222668e+00 5.383000000000000000e+03
1.936660288714131468e+02 1.670244349983579069e+00 1.297489788830026303e-01 -5.151736884068122357e+00 4.641000000000000000e+03
1.957542826725436100e+02 1.682435531035338272e+00 8.609287723647167379e-02 -5.283909550622781559e+00 4.126000000000000000e+03
1.978826628016586255e+02 1.735197890942543841e+00 9.901035767426198675e-02 -5.569584016832638262e+00 3.579000000000000000e+03
2.000001843808004764e+02 1.783000542551120171e+00 1.016515332651851816e-01 -5.823251667453477332e+00 3.043000000000000000e+03
2.020352663438292495e+02 1.830092355115257474e+00 7.380364467757145885e-02 -6.032279874260059849e+00 2.455000000000000000e+03
2.041298218709533785e+02 1.893600923864167562e+00 6.056103471730665128e-02 -6.309334763532931767e+00 2.343000000000000000e+03
2.062802290775264282e+02 1.987220426554239916e+00 5.441944287536199659e-02 -6.688417646709058140e+00 1.819000000000000000e+03
2.083405587159622314e+02 2.095673289530872285e+00 4.670514763314802253e-02 -7.100899485817821599e+00 1.524000000000000000e+03
2.103706031034942896e+02 2.209478736593679660e+00 3.683999088259012900e-02 -7.519243760526855169e+00 1.228000000000000000e+03
2.125145326690728211e+02 2.340617350839473421e+00 2.142103940358912328e-02 -8.018797688745380015e+00 1.095000000000000000e+03
2.147589024069300763e+02 2.506131838877691642e+00 3.200598687605955492e-03 -8.611234884768419917e+00 8.320000000000000000e+02
2.168470408205481021e+02 2.681961641469716717e+00 7.541430766407567355e-05 -9.247673799420127239e+00 5.500000000000000000e+02
2.186512310160383379e+02 2.876170666951932464e+00 5.390636010080259409e-03 -9.948075676608892692e+00 4.080000000000000000e+02
2.207747627137063660e+02 2.990530294629335284e+00 6.135269067591123289e-03 -1.039626248274758602e+01 3.640000000000000000e+02
2.231192995023301933e+02 3.187843449013241237e+00 -1.157695623271307733e-02 -1.109219914191066358e+01 2.280000000000000000e+02
2.253630374066883633e+02 3.373141338793358646e+00 -6.797701928764595357e-03 -1.177070764540980363e+01 1.090000000000000000e+02
2.270052659625465026e+02 3.714015557115703192e+00 -3.152687427114306273e-02 -1.293421137116081887e+01 4.800000000000000000e+01
2.289458764032855527e+02 4.157623658173791981e+00 1.576931923147535414e-04 -1.454192794499090979e+01 2.800000000000000000e+01
2.312641670406622438e+02 4.451405836811369809e+00 3.414052003498194154e-02 -1.561117697374271174e+01 4.000000000000000000e+00
