2.966547074898984615e+00 2.461844276890264027e-01 4.988777429278793557e-02 3.865079358531399722e-01 1.300000000000000000e+01
5.026374055021858744e+00 7.314945205660920713e-02 3.801549120001706389e-02 2.949831340052750175e-02 3.300000000000000000e+01
7.149300621522788113e+00 3.977259862174670896e-02 7.371526592971490259e-03 -3.623103618701611212e-02 7.900000000000000000e+01
9.278869254964254409e+00 2.379235908615058917e-02 -1.924794005416423023e-03 -2.652652710820104301e-03 1.170000000000000000e+02
1.145033261934470126e+01 1.661477742277883002e-02 5.331314305089623895e-03 1.657551598792832322e-03 2.050000000000000000e+02
1.349295587141915043e+01 1.392712585902016777e-02 5.239125236105326988e-03 -4.012328749079129356e-03 2.350000000000000000e+02
1.558905561191892986e+01 1.067217218749779394e-02 2.145063051207463187e-03 1.119872643356657066e-03 3.690000000000000000e+02
1.769408367255316961e+01 9.167330743024559858e-03 1.888126557390237652e-03 5.491556396445341267e-04 4.330000000000000000e+02
1.981787480313529670e+01 8.230004563371719900e-03 1.035184730109504295e-03 1.100673597099990257e-03 5.850000000000000000e+02
2.192074938196263645e+01 6.974854321264101209e-03 -3.352334130252434489e-04 6.584037069766531143e-04 6.790000000000000000e+02
2.398877635566245203e+01 5.747974318981172517e-03 -3.511528796017678619e-04 -2.461599322155010063e-05 8.130000000000000000e+02
2.609286971896115759e+01 5.641975807885372778e-03 4.507380390221331877e-04 -1.441717527566121126e-03 9.850000000000000000e+02
2.823466315278179550e+01 5.066627495700902831e-03 1.269934939375354319e-03 1.991416820957885253e-04 1.183000000000000000e+03
3.032284873509123102e+01 4.640887324316731247e-03 5.878326540460691949e-04 6.162450178389070206e-05 1.269000000000000000e+03
3.240263258943403457e+01 4.392430909576809824e-03 3.671680339423425538e-04 -1.660417701323890858e-04 1.537000000000000000e+03
3.449210129864554375e+01 3.879759070613383182e-03 4.624518329374774079e-04 3.917223774540822055e-04 1.653000000000000000e+03
3.658588147515196454e+01 3.638517477471564857e-03 2.836325403042695573e-04 4.243391867021875413e-04 1.963000000000000000e+03
3.868476949266977272e+01 3.383189915708505538e-03 2.031606993160195343e-04 3.207280494083124527e-04 2.121000000000000000e+03
4.078898888458283523e+01 3.389475792348633620e-03 3.042321134389549360e-04 -1.320472746026464669e-04 2.413000000000000000e+03
4.289390876967645738e+01 3.261021248735642558e-03 1.787030134210328396e-04 -3.637765713641318509e-04 2.635000000000000000e+03
4.498336005546935468e+01 3.036719119985122756e-03 -9.937068881357813519e-05 4.988316427596493604e-04 2.877000000000000000e+03
4.706498529473824988e+01 2.872537937913955796e-03 -1.609471536770927145e-04 3.274818027734147639e-04 3.169000000000000000e+03
4.917111919158227096e+01 2.592635079693162044e-03 3.929718264280706056e-05 3.628118763289184408e-04 3.507000000000000000e+03
5.126216914174227668e+01 2.416310549673532891e-03 2.986807927405332109e-05 2.015471364510224646e-04 3.685000000000000000e+03
5.335525146837034072e+01 2.320642911704516066e-03 1.724678018160312823e-04 5.978906701161373948e-05 4.165000000000000000e+03
5.546637228956934251e+01 2.264412736672567501e-03 9.010786599000929925e-05 1.204765871617654059e-04 4.377000000000000000e+03
5.757318819254808773e+01 2.082329096054606060e-03 1.339326669904655225e-06 -1.048079536973285049e-05 4.855000000000000000e+03
5.965884044590281121e+01 1.904717140152950442e-03 3.627921428792469456e-05 2.601411113936371818e-04 4.929000000000000000e+03
6.174512302159506305e+01 1.783069271028954895e-03 1.661258500049094347e-05 3.117621860151550354e-04 5.581000000000000000e+03
6.382689291137189969e+01 1.668462127636784718e-03 -3.640194698584977570e-05 2.829428555667814864e-04 5.679000000000000000e+03
6.592966228838450604e+01 1.623482674652198350e-03 8.758344288959243000e-06 8.596210322951162357e-05 6.385000000000000000e+03
6.803125784825746791e+01 1.522023709026116200e-03 -4.629503570762024051e-05 1.755055541368473102e-04 6.553000000000000000e+03
7.013131008699485847e+01 1.455227565842575612e-03 1.041978517930198618e-05 1.114737496102141602e-04 7.125000000000000000e+03
7.223032366074338029e+01 1.353507382163072776e-03 1.245418334920226529e-05 7.024617025877531761e-05 7.447000000000000000e+03
7.432334270720505742e+01 1.293257007992330886e-03 4.323600835260667774e-06 9.963257278896348772e-05 7.929000000000000000e+03
7.642066756954473306e+01 1.202278380986300651e-03 -1.531944873298878940e-05 1.764800504115440706e-04 8.353000000000000000e+03
7.850471694556040347e+01 1.145340728514476292e-03 1.200892956638507580e-05 8.868242778406187899e-05 8.775000000000000000e+03
8.059701946059529121e+01 1.077960591949287967e-03 -5.999683618041270491e-05 4.288926646655959445e-05 9.313000000000000000e+03
8.269521798132063850e+01 1.013221959635459768e-03 -2.183531227150741606e-05 -6.620590866780248090e-05 9.841000000000000000e+03
8.478307522909847194e+01 9.702456917626234257e-04 -5.409544351851908059e-05 1.445206449990856073e-05 1.019100000000000000e+04
8.687780839616016237e+01 9.126811967744962589e-04 -7.040817133475116318e-05 1.248282445614913024e-05 1.089700000000000000e+04
8.897524569656535220e+01 8.840341612678103171e-04 -9.110233544554798956e-05 1.987517272377797704e-05 1.130100000000000000e+04
9.108077810470518898e+01 8.573223689209170245e-04 -1.088499828388402621e-04 2.221334309926128781e-05 1.202500000000000000e+04
9.318432266948052245e+01 8.136455330896105341e-04 -1.043401282590299367e-04 1.544798702319422147e-05 1.242300000000000000e+04
9.527887641048309320e+01 7.709991623277362904e-04 -9.517061940805768034e-05 -9.197910257209382414e-07 1.302100000000000000e+04
9.736254237981037818e+01 7.422678755576899486e-04 -8.400561554706527042e-05 3.843872421350549715e-05 1.340500000000000000e+04
9.944832814799407572e+01 7.098409533124992472e-04 -6.673246667742590795e-05 3.864448416958662322e-05 1.424700000000000000e+04
1.015460879802399035e+02 6.691865688947829524e-04 -7.866313762512576187e-05 3.738085757878590926e-05 1.471300000000000000e+04
1.036426375667732316e+02 6.334677327306209409e-04 -5.033008771156481881e-05 1.110804337048519295e-05 1.548900000000000000e+04
1.057389390539465950e+02 6.043431723137532427e-04 -2.960468083409173050e-05 1.994648995796826564e-05 1.591300000000000000e+04
1.078395855981474227e+02 5.781968473865970945e-04 -2.746561626443166557e-05 1.814171594709665601e-06 1.687900000000000000e+04
1.099389405850131709e+02 5.550893633304692645e-04 -3.612906852658670731e-05 1.214061252693757503e-05 1.719300000000000000e+04
1.120392143152385387e+02 5.304031860330717975e-04 -2.888802178449923830e-05 7.949729397087004795e-06 1.815700000000000000e+04
1.141233458569757744e+02 5.055474008923942220e-04 -4.119419371606358835e-05 4.165105008407394410e-05 1.833900000000000000e+04
1.162159397555423084e+02 4.924955883813497389e-04 -2.625480621150121433e-05 1.952794532817263881e-05 1.957300000000000000e+04
1.183137204803772420e+02 4.825759751360620743e-04 -3.357087379774477789e-05 3.492326351348335676e-05 1.994100000000000000e+04
1.203972311807013256e+02 4.739378542707159739e-04 -3.572308439792779781e-05 5.839893680395051985e-05 2.062900000000000000e+04
1.224922363187857286e+02 4.569512262053042535e-04 -4.749958756848723267e-05 5.369681873939849182e-05 2.165500000000000000e+04
1.245882598425863534e+02 4.376283538405235777e-04 -4.358734821881700948e-05 7.545921028069212078e-05 2.211300000000000000e+04
1.266884677158377315e+02 4.295414368781501108e-04 -3.219949346131892705e-05 8.864880827908898668e-05 2.318500000000000000e+04
1.287846620419940962e+02 4.246941590132569718e-04 -4.676855519324688232e-05 1.208821838930069272e-04 2.366700000000000000e+04
1.308713393788149801e+02 4.234263210706483882e-04 -3.517319213518870343e-05 1.356049075615241132e-04 2.438500000000000000e+04
1.329754833440644575e+02 4.201314451510516738e-04 -5.484765202780735515e-05 1.493170054307259038e-04 2.574900000000000000e+04
1.350685217411978840e+02 4.088679682797341573e-04 -3.481792686707243416e-05 1.029949942176120841e-04 2.506900000000000000e+04
1.371618602824667619e+02 3.986536847585867537e-04 -3.081022773522496319e-05 1.173091151084575840e-05 2.554600000000000000e+04
1.392575458676788855e+02 3.840408594930123411e-04 -7.265700343864632417e-06 -7.730785268539192294e-05 2.428200000000000000e+04
1.413433880996534810e+02 3.742873120093029456e-04 -1.572912685782784141e-07 -1.621176695230900516e-04 2.430400000000000000e+04
1.434445756733687460e+02 3.653543167632140464e-04 -6.195491214259793384e-06 -2.444611159851987296e-04 2.375400000000000000e+04
1.455398221916437080e+02 3.582568799982890212e-04 -1.034322875796370194e-05 -2.957034614097154733e-04 2.308000000000000000e+04
1.476255108817551900e+02 3.467633508331626922e-04 -1.152637574941665751e-05 -3.277490015270994195e-04 2.250000000000000000e+04
1.497176277038332444e+02 3.389648590949533545e-04 2.632990472831761988e-06 -3.931753668248877420e-04 2.207200000000000000e+04
1.518140044970460281e+02 3.345885755348926142e-04 -1.183796568649974799e-05 -4.116693108080444270e-04 2.135800000000000000e+04
1.539145542655538748e+02 3.285565540050984458e-04 -5.925871546354907017e-06 -4.561942661403169683e-04 2.103000000000000000e+04
1.560122063834993185e+02 3.209749021822844118e-04 -1.283128356725176326e-05 -4.812737775593014492e-04 1.994800000000000000e+04
1.581130966381297185e+02 3.151521874739136387e-04 -1.295021405278945657e-05 -5.070144707822909396e-04 1.975200000000000000e+04
1.602056672848078449e+02 3.111376344403519382e-04 -9.551436123358676526e-06 -5.283223506650365194e-04 1.845400000000000000e+04
1.622857990359369751e+02 3.095094048723161955e-04 -5.275923078338691026e-06 -5.552715921014208210e-04 1.802800000000000000e+04
1.643817412475232516e+02 3.047709412397005984e-04 5.003403902130934561e-06 -5.812757837630304087e-04 1.737000000000000000e+04
1.664826536774034764e+02 2.989925935439302455e-04 -6.968796460200477514e-08 -5.837818431181982090e-04 1.642600000000000000e+04
1.685658141881879430e+02 2.981968811464947200e-04 -3.715850118528064872e-06 -5.951476753147075553e-04 1.563000000000000000e+04
1.706487817438684260e+02 2.978978298204809768e-04 -1.408841535703553916e-05 -5.984678619758490841e-04 1.477000000000000000e+04
1.727517828144612793e+02 2.940496591852118980e-04 -2.964951419825595863e-06 -6.293062350393731049e-04 1.420200000000000000e+04
1.748530068735680061e+02 2.957565310997177445e-04 -1.484533264872946121e-06 -6.481004717745777154e-04 1.307200000000000000e+04
1.769502447625496586e+02 2.974886489436260988e-04 4.335602273545531178e-07 -6.731508473004217371e-04 1.223800000000000000e+04
1.790336981624627128e+02 2.962209993491122855e-04 8.694083659325489800e-06 -6.953959927090321838e-04 1.126200000000000000e+04
1.811155322217383628e+02 2.980003094779500278e-04 1.050735090940144882e-05 -7.262956365879104891e-04 1.018600000000000000e+04
1.832145149667912278e+02 2.988087325088704710e-04 1.799434406042787105e-05 -7.503722673095022423e-04 9.600000000000000000e+03
1.853124901146757395e+02 2.968103035080721895e-04 -2.451147240396105186e-06 -7.398805764162534300e-04 8.164000000000000000e+03
1.873878671736386252e+02 3.002166770698134774e-04 1.733916270401989740e-06 -7.810003963903825504e-04 7.392000000000000000e+03
1.894941385667080169e+02 2.986256564697649493e-04 7.408662406725104356e-06 -8.251441670968659523e-04 6.328000000000000000e+03
1.915927038186372044e+02 2.924399523601464430e-04 -1.309759595327556121e-06 -8.379245654573692784e-04 5.383000000000000000e+03
1.936660288714131468e+02 2.973034436631223631e-04 -1.674364657586008334e-06 -8.792883758553841304e-04 4.641000000000000000e+03
1.957542826725436100e+02 2.851710814253308581e-04 2.890121330691408591e-06 -8.701511897708900803e-04 4.126000000000000000e+03
1.978826628016586255e+02 2.865718794666360773e-04 -4.936386483069779488e-06 -8.842957947954640380e-04 3.579000000000000000e+03
2.000001843808004764e+02 2.801443017504757550e-04 -1.066671227228051140e-05 -8.760137934174422368e-04 3.043000000000000000e+03
2.020352663438292495e+02 2.912638992684643741e-04 -2.704198344076555059e-07 -9.424790463504795256e-04 2.455000000000000000e+03
2.041298218709533785e+02 2.834820722708397515e-04 -2.118370644012418763e-07 -9.302791779378070686e-04 2.343000000000000000e+03
2.062802290775264282e+02 2.880200554200792215e-04 2.740696499321091532e-06 -9.583439776667615224e-04 1.819000000000000000e+03
2.083405587159622314e+02 2.998336728672628846e-04 -3.797022025323439090e-06 -1.000788108159501822e-03 1.524000000000000000e+03
2.103706031034942896e+02 3.102545353306176588e-04 -5.067783957869240598e-06 -1.041666243814233679e-03 1.228000000000000000e+03
2.125145326690728211e+02 3.211663093087739683e-04 2.966760199830147615e-06 -1.099303121071698933e-03 1.095000000000000000e+03
2.147589024069300763e+02 3.376063635670018687e-04 -2.976716079196475863e-06 -1.154638632205349852e-03 8.320000000000000000e+02
2.168470408205481021e+02 3.815165739698694468e-04 -1.215373714336182870e-05 -1.299826044417909691e-03 5.500000000000000000e+02
2.186512310160383379e+02 3.810214178358236085e-04 -1.003685507443755591e-05 -1.303808461104436585e-03 4.080000000000000000e+02
2.207747627137063660e+02 3.618132326691162869e-04 -1.461313935062786627e-05 -1.240466020078544044e-03 3.640000000000000000e+02
2.231192995023301933e+02 5.036362095691371233e-04 -1.278124080151012708e-05 -1.740839967699978411e-03 2.280000000000000000e+02
2.253630374066883633e+02 5.166679552971400633e-04 -6.249862728898486365e-06 -1.796859265357730624e-03 1.090000000000000000e+02
2.270052659625465026e+02 6.105347163265287258e-04 -1.958333639154741511e-05 -2.109732523852947579e-03 4.800000000000000000e+01
2.289458764032855527e+02 4.631819224803507425e-04 -8.037863115429770834e-06 -1.611344369542690516e-03 2.800000000000000000e+01
2.312641670406622438e+02 1.760760711698612906e-04 2.567163539042029503e-07 -6.163676492102757509e-04 4.000000000000000000e+00
