2.966547074898984615e+00 3.718649352087294524e+00 9.171739915310452851e-01 1.332432776318947631e+00 1.300000000000000000e+01
5.026374055021858744e+00 2.551384607727296139e+00 3.251845510164314001e-01 7.866443728664048729e-01 3.300000000000000000e+01
7.149300621522788113e+00 1.885379846694907879e+00 3.880548564476420381e-01 -2.364251962494461345e-01 7.900000000000000000e+01
9.278869254964254409e+00 1.432940336506858037e+00 2.684365721370973179e-01 -1.739545361295642412e-01 1.170000000000000000e+02
1.145033261934470126e+01 1.195132320651089763e+00 2.152087566759781634e-01 -5.563928310137444821e-01 2.050000000000000000e+02
1.349295587141915043e+01 1.089276384014687071e+00 3.896187671764125837e-03 -3.632068014525149380e-01 2.350000000000000000e+02
1.558905561191892986e+01 9.380053779476356102e-01 8.146481145744033370e-02 -3.825857475231023153e-01 3.690000000000000000e+02
1.769408367255316961e+01 8.559836947315843103e-01 -8.593137916421224320e-02 -3.218370172667806561e-01 4.330000000000000000e+02
1.981787480313529670e+01 6.806567321243274238e-01 -4.675904079801817756e-03 -2.986892890224718267e-01 5.850000000000000000e+02
2.192074938196263645e+01 5.987327769632714292e-01 1.408597539661126524e-02 -2.627530295259644100e-01 6.790000000000000000e+02
2.398877635566245203e+01 5.505647769969815863e-01 1.414433002384039677e-02 -3.359329399791108894e-01 8.130000000000000000e+02
2.609286971896115759e+01 5.519188985110488055e-01 -2.756563096778416599e-02 -4.026029573906074743e-01 9.850000000000000000e+02
2.823466315278179550e+01 5.362083387138780743e-01 -6.333747468918099477e-02 -2.992676133075273248e-01 1.183000000000000000e+03
3.032284873509123102e+01 5.293018929615915802e-01 -5.542254474320883195e-02 -2.728069554648990813e-01 1.269000000000000000e+03
3.240263258943403457e+01 4.743733166662734146e-01 -4.326808986115666944e-02 -1.782609912532211183e-01 1.537000000000000000e+03
3.449210129864554375e+01 4.416729347072558265e-01 -2.756192598532614807e-02 -1.373819564598350029e-01 1.653000000000000000e+03
3.658588147515196454e+01 3.872307249048557165e-01 -2.383938738143332250e-02 -4.718209389118342700e-02 1.963000000000000000e+03
3.868476949266977272e+01 3.581625238223749563e-01 5.181781914847665392e-03 -4.219769129327284596e-02 2.121000000000000000e+03
4.078898888458283523e+01 3.279169041783290273e-01 -1.355872865421026141e-02 -4.206092126397263653e-02 2.413000000000000000e+03
4.289390876967645738e+01 3.140443929521955502e-01 -2.708291782450436211e-02 -5.786950295183777848e-02 2.635000000000000000e+03
4.498336005546935468e+01 2.941552906069156981e-01 -8.886298457750567426e-03 -4.907761023698337804e-02 2.877000000000000000e+03
4.706498529473824988e+01 2.902909181351035484e-01 -3.458210189465051043e-02 -6.729177401712997664e-02 3.169000000000000000e+03
4.917111919158227096e+01 2.705003144452894359e-01 -3.202601713185597443e-02 -6.527581523153849763e-02 3.507000000000000000e+03
5.126216914174227668e+01 2.635498568535561970e-01 -3.430303435035179233e-02 -5.569422843104242932e-02 3.685000000000000000e+03
5.335525146837034072e+01 2.542138454180236651e-01 -3.944135623437233784e-02 -3.610315743245387510e-02 4.165000000000000000e+03
5.546637228956934251e+01 2.497145375542091372e-01 -4.246607929143179916e-02 -3.934971400723256962e-02 4.377000000000000000e+03
5.757318819254808773e+01 2.406558135175219659e-01 -5.614618904648083220e-02 -3.525397472721083364e-02 4.855000000000000000e+03
5.965884044590281121e+01 2.300008774789082389e-01 -5.327913429965409203e-02 -1.332162385185847731e-02 4.929000000000000000e+03
6.174512302159506305e+01 2.075466343724452489e-01 -4.186318470000464226e-02 -3.252198792509279970e-03 5.581000000000000000e+03
6.382689291137189969e+01 1.949288614340419223e-01 -4.215229490639465365e-02 2.662228109785852448e-02 5.679000000000000000e+03
6.592966228838450604e+01 1.822832115479989246e-01 -4.155971215650280937e-02 2.022784698322117186e-02 6.385000000000000000e+03
6.803125784825746791e+01 1.717724874018496384e-01 -4.289687648164702827e-02 1.887250601551267865e-02 6.553000000000000000e+03
7.013131008699485847e+01 1.662747497878656888e-01 -4.286890471083804055e-02 1.167469122163218966e-03 7.125000000000000000e+03
7.223032366074338029e+01 1.660288163529908545e-01 -4.944221781289530326e-02 -1.278629813446342106e-02 7.447000000000000000e+03
7.432334270720505742e+01 1.605057593871626331e-01 -4.335713274752527047e-02 -2.280047021227091242e-02 7.929000000000000000e+03
7.642066756954473306e+01 1.562521204893514148e-01 -3.789659014425330458e-02 -2.857466828118516988e-02 8.353000000000000000e+03
7.850471694556040347e+01 1.544545464056165940e-01 -4.030725574436089254e-02 -2.045133255292310923e-02 8.775000000000000000e+03
8.059701946059529121e+01 1.487831388542262545e-01 -4.577260996198345006e-02 -3.130985613514380983e-02 9.313000000000000000e+03
8.269521798132063850e+01 1.480095440294769416e-01 -4.020396668139284563e-02 -4.462819546925320818e-02 9.841000000000000000e+03
8.478307522909847194e+01 1.452436804489033173e-01 -3.307695615547466550e-02 -3.783012609851139907e-02 1.019100000000000000e+04
8.687780839616016237e+01 1.424150555564950571e-01 -3.610714061760785659e-02 -3.510585794208858496e-02 1.089700000000000000e+04
8.897524569656535220e+01 1.351343819968139626e-01 -2.787062293290772097e-02 -3.056341948615208526e-02 1.130100000000000000e+04
9.108077810470518898e+01 1.279767066945957654e-01 -2.636806619854839898e-02 -1.822334149505761003e-02 1.202500000000000000e+04
9.318432266948052245e+01 1.248800714694559971e-01 -2.785504515904698580e-02 -1.455511100196798559e-02 1.242300000000000000e+04
9.527887641048309320e+01 1.201335380758368349e-01 -2.601565608892068837e-02 -1.244711162599255322e-02 1.302100000000000000e+04
9.736254237981037818e+01 1.189902975610463709e-01 -2.715097638699836072e-02 -5.323667155937827564e-03 1.340500000000000000e+04
9.944832814799407572e+01 1.159838529353720837e-01 -2.464625945749705435e-02 -9.049857941917423959e-03 1.424700000000000000e+04
1.015460879802399035e+02 1.131142742870028667e-01 -2.712294551663412684e-02 -1.231797924333428648e-02 1.471300000000000000e+04
1.036426375667732316e+02 1.106770879166859151e-01 -2.963090662719189070e-02 -4.787495324696433054e-03 1.548900000000000000e+04
1.057389390539465950e+02 1.075051574036174490e-01 -2.536563799070426159e-02 3.168305955460470023e-03 1.591300000000000000e+04
1.078395855981474227e+02 1.039902846994048141e-01 -2.311418234526591703e-02 5.539682764030741217e-03 1.687900000000000000e+04
1.099389405850131709e+02 1.022692378853074374e-01 -2.236658753319968607e-02 3.487105015286527145e-03 1.719300000000000000e+04
1.120392143152385387e+02 1.017400746501102293e-01 -2.258018405463971257e-02 5.456476826484992675e-04 1.815700000000000000e+04
1.141233458569757744e+02 1.003390174516520794e-01 -2.097833415059215112e-02 4.533909180790555299e-03 1.833900000000000000e+04
1.162159397555423084e+02 9.727815596204743287e-02 -1.906273425504306437e-02 7.674276376419830042e-03 1.957300000000000000e+04
1.183137204803772420e+02 9.703856375595174000e-02 -2.103602795749138360e-02 1.427857807356786198e-02 1.994100000000000000e+04
1.203972311807013256e+02 9.348379455785173209e-02 -1.882099855334557620e-02 2.870286734889310534e-02 2.062900000000000000e+04
1.224922363187857286e+02 9.243502915131243669e-02 -1.918458064695107573e-02 2.531856357418221792e-02 2.165500000000000000e+04
1.245882598425863534e+02 9.196393181297711494e-02 -2.261313473065420729e-02 2.664761370057357540e-02 2.211300000000000000e+04
1.266884677158377315e+02 9.370268897221059601e-02 -2.297877125718785288e-02 2.967638105259815320e-02 2.318500000000000000e+04
1.287846620419940962e+02 9.442428426580981582e-02 -2.421301560155069907e-02 3.293294405312972156e-02 2.366700000000000000e+04
1.308713393788149801e+02 9.347527996776802683e-02 -2.434221689344571657e-02 3.481857606906356428e-02 2.438500000000000000e+04
1.329754833440644575e+02 9.336367225168185069e-02 -2.314668795336952134e-02 4.336649354045560983e-02 2.574900000000000000e+04
1.350685217411978840e+02 9.195550801201020363e-02 -2.430794613149012129e-02 3.635640212461226789e-02 2.506900000000000000e+04
1.371618602824667619e+02 8.926190160843773536e-02 -2.257375863460425736e-02 5.420783218163015629e-03 2.554600000000000000e+04
1.392575458676788855e+02 8.890609357993695117e-02 -2.077941718942304117e-02 -1.807689359325357487e-02 2.428200000000000000e+04
1.413433880996534810e+02 8.735912926595365557e-02 -1.929242099080563655e-02 -3.782454185452480827e-02 2.430400000000000000e+04
1.434445756733687460e+02 8.524718223852814636e-02 -1.946072987407238344e-02 -5.248034371896296429e-02 2.375400000000000000e+04
1.455398221916437080e+02 8.323446000064733952e-02 -1.598119929797186395e-02 -6.121284753004203882e-02 2.308000000000000000e+04
1.476255108817551900e+02 8.214513805811952951e-02 -1.430022952306629971e-02 -7.127699165326777109e-02 2.250000000000000000e+04
1.497176277038332444e+02 7.896312894060153464e-02 -7.413271536055999859e-03 -8.385927351077959724e-02 2.207200000000000000e+04
1.518140044970460281e+02 7.686192029287827743e-02 -3.574170396946171457e-03 -9.533160489113334801e-02 2.135800000000000000e+04
1.539145542655538748e+02 7.457667121465889892e-02 -2.309946180781623400e-03 -1.076213646004881702e-01 2.103000000000000000e+04
1.560122063834993185e+02 7.419572197091406363e-02 -1.468677886750335967e-03 -1.178464328623564095e-01 1.994800000000000000e+04
1.581130966381297185e+02 7.159382454475153590e-02 -4.713982123542160142e-04 -1.243168522871605508e-01 1.975200000000000000e+04
1.602056672848078449e+02 7.190296772395644853e-02 1.586577551686037387e-03 -1.333112595431001079e-01 1.845400000000000000e+04
1.622857990359369751e+02 7.027981441068337221e-02 5.757674413981089812e-03 -1.411443803879491588e-01 1.802800000000000000e+04
1.643817412475232516e+02 6.937726369664332093e-02 7.021322270594551954e-03 -1.467799999950406831e-01 1.737000000000000000e+04
1.664826536774034764e+02 6.892339964422700138e-02 1.300513309842292464e-02 -1.577658128831283257e-01 1.642600000000000000e+04
1.685658141881879430e+02 6.736352994968621000e-02 1.520338943830562041e-02 -1.605848621706004453e-01 1.563000000000000000e+04
1.706487817438684260e+02 6.730949274715510022e-02 1.638907878532323142e-02 -1.670387419747854651e-01 1.477000000000000000e+04
1.727517828144612793e+02 6.841152633468219890e-02 1.918917060340828706e-02 -1.802270897496922319e-01 1.420200000000000000e+04
1.748530068735680061e+02 6.758298066057941145e-02 1.932767206421051251e-02 -1.821951214434681110e-01 1.307200000000000000e+04
1.769502447625496586e+02 6.826453023733133896e-02 2.522045050272033254e-02 -1.931013687664990541e-01 1.223800000000000000e+04
1.790336981624627128e+02 6.718018413243499742e-02 2.598195484564701924e-02 -1.936874936027224159e-01 1.126200000000000000e+04
1.811155322217383628e+02 6.618426942133967539e-02 2.676311094464497997e-02 -1.977991806173913791e-01 1.018600000000000000e+04
1.832145149667912278e+02 6.539312600085171734e-02 2.769241233277139336e-02 -2.009459788571604510e-01 9.600000000000000000e+03
1.853124901146757395e+02 6.479069448459592873e-02 2.803428282635169605e-02 -2.048163836285085970e-01 8.164000000000000000e+03
1.873878671736386252e+02 6.370150388935887087e-02 2.856635223649571856e-02 -2.065878974886189157e-01 7.392000000000000000e+03
1.894941385667080169e+02 6.056642361412095665e-02 2.391053661090418447e-02 -2.004478122103754700e-01 6.328000000000000000e+03
1.915927038186372044e+02 5.764663860819296132e-02 1.808106671594560816e-02 -1.917648454677541303e-01 5.383000000000000000e+03
1.936660288714131468e+02 5.709560161570716164e-02 1.700522620912591973e-02 -1.920502481977751918e-01 4.641000000000000000e+03
1.957542826725436100e+02 5.649286442199165370e-02 1.542129077053892502e-02 -1.927490074815591259e-01 4.126000000000000000e+03
1.978826628016586255e+02 5.659299544739068710e-02 1.185475100996921487e-02 -1.926363094125336239e-01 3.579000000000000000e+03
2.000001843808004764e+02 5.340804382376408005e-02 9.741078209456298029e-03 -1.833578805065282369e-01 3.043000000000000000e+03
2.020352663438292495e+02 5.157347280313197280e-02 8.493926905408536940e-03 -1.772102785250700974e-01 2.455000000000000000e+03
2.041298218709533785e+02 4.908859630081188058e-02 7.716650940538597771e-03 -1.703286008668676577e-01 2.343000000000000000e+03
2.062802290775264282e+02 4.985378786609125784e-02 7.619987031421361114e-03 -1.738407117765311538e-01 1.819000000000000000e+03
2.083405587159622314e+02 4.481438000992938459e-02 6.045423425462697481e-03 -1.565119095406465044e-01 1.524000000000000000e+03
2.103706031034942896e+02 4.285394633008434567e-02 5.119718953754548961e-03 -1.500474860124236809e-01 1.228000000000000000e+03
2.125145326690728211e+02 4.082911766465394804e-02 2.303548021845294117e-03 -1.416741486570292363e-01 1.095000000000000000e+03
2.147589024069300763e+02 4.369443699955155580e-02 1.702720523523060421e-03 -1.517577041670027660e-01 8.320000000000000000e+02
2.168470408205481021e+02 3.853299696529895874e-02 1.844827664330349467e-03 -1.350317861235980355e-01 5.500000000000000000e+02
2.186512310160383379e+02 4.095591999023415891e-02 3.055767625012199146e-03 -1.449727369388998377e-01 4.080000000000000000e+02
2.207747627137063660e+02 4.252764950585623260e-02 2.822747692852923054e-03 -1.508931691951158616e-01 3.640000000000000000e+02
2.231192995023301933e+02 3.973106934200874157e-02 1.581415288110502981e-03 -1.400722457133449506e-01 2.280000000000000000e+02
2.253630374066883633e+02 2.775668592641375443e-02 1.070007330958512213e-04 -9.703635257006296144e-02 1.090000000000000000e+02
2.270052659625465026e+02 4.183850064061013507e-02 -9.750483117863869165e-04 -1.451497732044154387e-01 4.800000000000000000e+01
2.289458764032855527e+02 7.807663541235725091e-02 -8.727357976522465794e-04 -2.721624334213307295e-01 2.800000000000000000e+01
2.312641670406622438e+02 1.155356372357151939e-01 1.161087196344886196e-03 -4.054609348181909545e-01 4.000000000000000000e+00
