2.966547074898984615e+00 3.353861109504389759e+00 8.846537998083577881e-01 1.637243982499358763e+00 1.300000000000000000e+01
5.026374055021858744e+00 2.050952617494032904e+00 3.283004440309212901e-01 7.698485469236315826e-01 3.300000000000000000e+01
7.149300621522788113e+00 1.348088045438328386e+00 2.959746419380971383e-01 -1.152588426224518264e-01 7.900000000000000000e+01
9.278869254964254409e+00 9.455706147629280300e-01 1.964136576812075263e-01 -1.865115835146279877e-01 1.170000000000000000e+02
1.145033261934470126e+01 7.318001758738565954e-01 1.392523786848480494e-01 -3.300701065184294403e-01 2.050000000000000000e+02
1.349295587141915043e+01 6.459252647511147805e-01 3.252857313702890024e-02 -2.166392608384863083e-01 2.350000000000000000e+02
1.558905561191892986e+01 5.387079652871238356e-01 6.945629847203185769e-02 -2.209368886685158517e-01 3.690000000000000000e+02
1.769408367255316961e+01 4.925536339533149177e-01 -1.205648013579188951e-02 -1.680700873735260503e-01 4.330000000000000000e+02
1.981787480313529670e+01 4.052388947383569473e-01 2.646131852649389812e-02 -1.511006912004776714e-01 5.850000000000000000e+02
2.192074938196263645e+01 3.656487261283221102e-01 1.426825636836540068e-02 -1.138474285556942411e-01 6.790000000000000000e+02
2.398877635566245203e+01 3.361383603394409447e-01 1.300366120102107274e-02 -1.737692118270040276e-01 8.130000000000000000e+02
2.609286971896115759e+01 3.299813799063528452e-01 -1.138800577176041044e-02 -1.895345186546335547e-01 9.850000000000000000e+02
2.823466315278179550e+01 3.231452447712644949e-01 -2.615932231087184784e-02 -1.348838005746293423e-01 1.183000000000000000e+03
3.032284873509123102e+01 3.159255112589642311e-01 -2.626414725480034906e-02 -1.280052185863691794e-01 1.269000000000000000e+03
3.240263258943403457e+01 2.907571843865921490e-01 -2.056483523253411008e-02 -9.609609347247356770e-02 1.537000000000000000e+03
3.449210129864554375e+01 2.753185641023371821e-01 -1.313405558055715135e-02 -6.878119776434182819e-02 1.653000000000000000e+03
3.658588147515196454e+01 2.466290674665198301e-01 -7.263081884755137434e-03 -2.552334307387995466e-02 1.963000000000000000e+03
3.868476949266977272e+01 2.328392991253267208e-01 4.616143785494212712e-03 -2.555426253962297944e-02 2.121000000000000000e+03
4.078898888458283523e+01 2.164165196279431158e-01 4.110396872629543162e-04 -1.820432853508649820e-02 2.413000000000000000e+03
4.289390876967645738e+01 2.084647201824278429e-01 -1.888943239228848669e-03 -2.683322637186726090e-02 2.635000000000000000e+03
4.498336005546935468e+01 1.971761204160250025e-01 3.813958412724563832e-03 -1.241612263979897761e-02 2.877000000000000000e+03
4.706498529473824988e+01 1.908475441061671107e-01 -3.242897237453350179e-03 -2.383403386785279063e-02 3.169000000000000000e+03
4.917111919158227096e+01 1.818345931109873748e-01 -7.433182987524398610e-04 -2.122569435613545080e-02 3.507000000000000000e+03
5.126216914174227668e+01 1.760097692098632760e-01 -4.094943097901248066e-03 -1.495835689746430330e-02 3.685000000000000000e+03
5.335525146837034072e+01 1.716048547348832942e-01 -6.338015418728300959e-03 -7.861943755524531535e-03 4.165000000000000000e+03
5.546637228956934251e+01 1.667213711697496659e-01 -7.923089049932517669e-03 -4.429043714149037345e-03 4.377000000000000000e+03
5.757318819254808773e+01 1.607756923264208881e-01 -9.325585687343049615e-03 -6.025066722731548148e-03 4.855000000000000000e+03
5.965884044590281121e+01 1.539766895038022498e-01 -8.854772571735796197e-03 6.202943377553046811e-03 4.929000000000000000e+03
6.174512302159506305e+01 1.442981903381383990e-01 -3.836807495181094284e-03 4.695330510416043795e-03 5.581000000000000000e+03
6.382689291137189969e+01 1.366971336030212980e-01 -1.771427875079153351e-03 1.902494370486865899e-02 5.679000000000000000e+03
6.592966228838450604e+01 1.300122593867336918e-01 -3.222660218049995615e-03 1.579244122548675855e-02 6.385000000000000000e+03
6.803125784825746791e+01 1.246492583141744770e-01 -3.770085383441430793e-03 1.648311461800457817e-02 6.553000000000000000e+03
7.013131008699485847e+01 1.201942825541454374e-01 -3.609353983865069750e-03 1.148246050910288647e-02 7.125000000000000000e+03
7.223032366074338029e+01 1.177770224752600486e-01 -5.043747241256976536e-03 3.123364347149700914e-03 7.447000000000000000e+03
7.432334270720505742e+01 1.137927107015280909e-01 -4.690543707406971685e-03 8.745709539084787609e-04 7.929000000000000000e+03
7.642066756954473306e+01 1.105444897929363512e-01 -2.878405278552345365e-03 -4.728900572435687684e-03 8.353000000000000000e+03
7.850471694556040347e+01 1.084601984204065644e-01 -4.366614471300717636e-03 -2.137168870726516550e-03 8.775000000000000000e+03
8.059701946059529121e+01 1.054808690126401022e-01 -5.243469174433312147e-03 -7.517919320592294542e-03 9.313000000000000000e+03
8.269521798132063850e+01 1.046168294336706217e-01 -5.150901448770989384e-03 -1.376347112804169985e-02 9.841000000000000000e+03
8.478307522909847194e+01 1.022337981261755568e-01 -3.324214631735687014e-03 -1.286727518711933485e-02 1.019100000000000000e+04
8.687780839616016237e+01 9.988161788551069842e-02 -3.087393235886064062e-03 -1.556903984146270660e-02 1.089700000000000000e+04
8.897524569656535220e+01 9.646457352179141354e-02 -1.238218183500998815e-03 -1.308639400685684615e-02 1.130100000000000000e+04
9.108077810470518898e+01 9.338044050336188895e-02 -5.069852640601427282e-04 -7.634671427771756377e-03 1.202500000000000000e+04
9.318432266948052245e+01 9.089083649649846997e-02 -1.580765898607626929e-03 -6.580216017881088814e-03 1.242300000000000000e+04
9.527887641048309320e+01 8.860878841201431932e-02 -1.033531051926628872e-03 -7.717373137947977288e-03 1.302100000000000000e+04
9.736254237981037818e+01 8.702582171032284541e-02 -9.134671806745507877e-04 -6.008353164897023251e-03 1.340500000000000000e+04
9.944832814799407572e+01 8.575391753351568891e-02 -1.654239365615790954e-03 -6.432385830817346876e-03 1.424700000000000000e+04
1.015460879802399035e+02 8.393685185831140094e-02 -2.421700806034255121e-03 -7.984652227186769466e-03 1.471300000000000000e+04
1.036426375667732316e+02 8.238158403027132093e-02 -3.302048496854502555e-03 -4.324565462401434683e-03 1.548900000000000000e+04
1.057389390539465950e+02 8.003526891650718234e-02 -2.633475434292707838e-03 3.891450535906579278e-04 1.591300000000000000e+04
1.078395855981474227e+02 7.787004025563616649e-02 -2.723921996753199317e-03 2.501476737324459174e-03 1.687900000000000000e+04
1.099389405850131709e+02 7.632735359884168513e-02 -3.019108297201505975e-03 2.770719976073181962e-03 1.719300000000000000e+04
1.120392143152385387e+02 7.515068268424474063e-02 -3.293343900125831735e-03 1.422255920873754294e-03 1.815700000000000000e+04
1.141233458569757744e+02 7.406426994987902468e-02 -3.684381302735149476e-03 4.034515308844237313e-03 1.833900000000000000e+04
1.162159397555423084e+02 7.246343132201174542e-02 -3.443006976691144819e-03 5.203274045490459410e-03 1.957300000000000000e+04
1.183137204803772420e+02 7.194202956466411170e-02 -4.512562484689599564e-03 7.518700499412343634e-03 1.994100000000000000e+04
1.203972311807013256e+02 7.042567802784072128e-02 -4.272642523845221647e-03 1.434729777692758321e-02 2.062900000000000000e+04
1.224922363187857286e+02 6.976312230896959676e-02 -4.643157115379954042e-03 1.136827735265313888e-02 2.165500000000000000e+04
1.245882598425863534e+02 6.958477223145535795e-02 -5.713616571973820224e-03 1.390175612199962343e-02 2.211300000000000000e+04
1.266884677158377315e+02 7.009460471213914412e-02 -6.526209100972746487e-03 1.486464104865691666e-02 2.318500000000000000e+04
1.287846620419940962e+02 7.051820656213894645e-02 -6.791222657072017860e-03 1.842025978589509339e-02 2.366700000000000000e+04
1.308713393788149801e+02 7.055215050467845972e-02 -8.245730453539488677e-03 2.252961088813879714e-02 2.438500000000000000e+04
1.329754833440644575e+02 7.035569687032318387e-02 -7.637161257682385795e-03 2.816133742847354293e-02 2.574900000000000000e+04
1.350685217411978840e+02 6.965601221015264854e-02 -7.973577780220500108e-03 2.095691145738089178e-02 2.506900000000000000e+04
1.371618602824667619e+02 6.742685067700225632e-02 -7.099894014471293778e-03 -1.041562920230989500e-03 2.554600000000000000e+04
1.392575458676788855e+02 6.676447240698836494e-02 -6.427137230902026967e-03 -1.663774308851756825e-02 2.428200000000000000e+04
1.413433880996534810e+02 6.520560361464372567e-02 -6.333703943060631746e-03 -3.144708239227175794e-02 2.430400000000000000e+04
1.434445756733687460e+02 6.357824271805169458e-02 -7.309232314456003479e-03 -4.462547384339868306e-02 2.375400000000000000e+04
1.455398221916437080e+02 6.222563754233996491e-02 -7.008963206222170415e-03 -5.301031064135377363e-02 2.308000000000000000e+04
1.476255108817551900e+02 6.105052967781349899e-02 -6.570044122076392108e-03 -6.247959943363145391e-02 2.250000000000000000e+04
1.497176277038332444e+02 5.929634687212496924e-02 -3.763225601159337404e-03 -7.132250706757210790e-02 2.207200000000000000e+04
1.518140044970460281e+02 5.820653741995331781e-02 -2.262323636916251188e-03 -7.940106054345751063e-02 2.135800000000000000e+04
1.539145542655538748e+02 5.670009334873391676e-02 -1.275052798048600987e-03 -8.764518974327857592e-02 2.103000000000000000e+04
1.560122063834993185e+02 5.603106059261722671e-02 -7.348930720655353147e-04 -9.407949628669685926e-02 1.994800000000000000e+04
1.581130966381297185e+02 5.483369005723093964e-02 8.844974841763534549e-04 -1.005496048739535075e-01 1.975200000000000000e+04
1.602056672848078449e+02 5.455180059216692412e-02 1.939237474352437660e-03 -1.055928119344226729e-01 1.845400000000000000e+04
1.622857990359369751e+02 5.350038545146210134e-02 4.403186320233943435e-03 -1.109547826715770180e-01 1.802800000000000000e+04
1.643817412475232516e+02 5.303865666673764773e-02 5.930257173294645537e-03 -1.161755004812021347e-01 1.737000000000000000e+04
1.664826536774034764e+02 5.240030972319446867e-02 8.354011116177350454e-03 -1.213645976947427541e-01 1.642600000000000000e+04
1.685658141881879430e+02 5.152617837594609951e-02 1.009582520130498061e-02 -1.253556125657515341e-01 1.563000000000000000e+04
1.706487817438684260e+02 5.130787737777603441e-02 1.095913952825553622e-02 -1.294641810323470255e-01 1.477000000000000000e+04
1.727517828144612793e+02 5.083386779154085156e-02 1.303555296960880183e-02 -1.355936515538082587e-01 1.420200000000000000e+04
1.748530068735680061e+02 5.050999202145059486e-02 1.401222841947386173e-02 -1.388547251142858430e-01 1.307200000000000000e+04
1.769502447625496586e+02 5.069111183087962602e-02 1.726619450708457779e-02 -1.454088638398396971e-01 1.223800000000000000e+04
1.790336981624627128e+02 5.024519395519602694e-02 1.908264734687074513e-02 -1.486578106322164750e-01 1.126200000000000000e+04
1.811155322217383628e+02 4.944932925441315741e-02 1.953897167100943424e-02 -1.509999718703508853e-01 1.018600000000000000e+04
1.832145149667912278e+02 4.894420724774262849e-02 2.114173423045044575e-02 -1.542189260480126001e-01 9.600000000000000000e+03
1.853124901146757395e+02 4.835413952927848646e-02 2.015800094195958209e-02 -1.554420230494157895e-01 8.164000000000000000e+03
1.873878671736386252e+02 4.796193962124246923e-02 2.015058524550073296e-02 -1.572494081023058654e-01 7.392000000000000000e+03
1.894941385667080169e+02 4.607301074936770435e-02 1.715510586678975838e-02 -1.532536924841392811e-01 6.328000000000000000e+03
1.915927038186372044e+02 4.470044088163674378e-02 1.407688501991934300e-02 -1.501073964626534474e-01 5.383000000000000000e+03
1.936660288714131468e+02 4.387407125175049605e-02 1.285983053056139781e-02 -1.489871284223082681e-01 4.641000000000000000e+03
1.957542826725436100e+02 4.144808305581503677e-02 1.095789390139039789e-02 -1.422759139382995530e-01 4.126000000000000000e+03
1.978826628016586255e+02 3.979790761846443287e-02 9.757998927066521139e-03 -1.379118835844880264e-01 3.579000000000000000e+03
2.000001843808004764e+02 3.820092848118722406e-02 8.770480661157854796e-03 -1.332704480414128312e-01 3.043000000000000000e+03
2.020352663438292495e+02 3.662010926118430126e-02 7.479769819253199829e-03 -1.275697356299257679e-01 2.455000000000000000e+03
2.041298218709533785e+02 3.463870507770336338e-02 5.884814267286626356e-03 -1.206808966465135330e-01 2.343000000000000000e+03
2.062802290775264282e+02 3.398505538224727562e-02 5.581849784774504768e-03 -1.192785575067319137e-01 1.819000000000000000e+03
2.083405587159622314e+02 3.014746671543762357e-02 4.269649811674411204e-03 -1.059427441605233638e-01 1.524000000000000000e+03
2.103706031034942896e+02 2.903411423447251755e-02 4.082934498504568223e-03 -1.028027046250132859e-01 1.228000000000000000e+03
2.125145326690728211e+02 2.825411722165447476e-02 2.351363641098670222e-03 -9.913126096430636969e-02 1.095000000000000000e+03
2.147589024069300763e+02 2.858954332135047599e-02 1.671156079109912445e-03 -9.986944198464177413e-02 8.320000000000000000e+02
2.168470408205481021e+02 2.628363591331532925e-02 1.368207002895598665e-03 -9.205728307206494099e-02 5.500000000000000000e+02
2.186512310160383379e+02 2.571473896145064567e-02 1.717032277973971378e-03 -9.075531297444244805e-02 4.080000000000000000e+02
2.207747627137063660e+02 2.197326301444004273e-02 1.238013353181943374e-03 -7.771961257106695109e-02 3.640000000000000000e+02
2.231192995023301933e+02 1.554877207584558392e-02 8.001699379978249090e-04 -5.501198549898585199e-02 2.280000000000000000e+02
2.253630374066883633e+02 1.086924229387602713e-02 1.098070581158274995e-04 -3.808564346102607384e-02 1.090000000000000000e+02
2.270052659625465026e+02 1.896437606540936696e-02 -2.732559297827996604e-04 -6.599424981692134096e-02 4.800000000000000000e+01
2.289458764032855527e+02 3.856760603384119107e-02 -6.991331477711743144e-04 -1.341659885493693138e-01 2.800000000000000000e+01
2.312641670406622438e+02 5.268618027925341812e-02 9.962805454196152564e-05 -1.844624780843079903e-01 4.000000000000000000e+00
