2.966547074898984615e+00 7.498742603977046173e+00 2.282028282614986470e+00 2.685443910411586255e-01 1.300000000000000000e+01
5.026374055021858744e+00 5.671074204931743523e+00 9.510261738540680687e-01 1.832678360875414914e+00 3.300000000000000000e+01
7.149300621522788113e+00 3.617252005624342903e+00 1.642311654297820889e+00 -6.152867118545606306e-01 7.900000000000000000e+01
9.278869254964254409e+00 3.033595951314629779e+00 7.255988886390906112e-01 5.885537763019013102e-01 1.170000000000000000e+02
1.145033261934470126e+01 2.331267021914380511e+00 7.054528873242487119e-01 1.822624747688227353e-01 2.050000000000000000e+02
1.349295587141915043e+01 2.115478907671954012e+00 2.637063673372112005e-01 7.544297501107575243e-01 2.350000000000000000e+02
1.558905561191892986e+01 1.759159782604931666e+00 3.478466486475906838e-01 2.180005472371954744e-01 3.690000000000000000e+02
1.769408367255316961e+01 1.601019967327877103e+00 1.502659404324896697e-01 3.535830679240811736e-01 4.330000000000000000e+02
1.981787480313529670e+01 1.378577398190832248e+00 2.139700684648787876e-01 1.815483703261519255e-01 5.850000000000000000e+02
2.192074938196263645e+01 1.233534269110604153e+00 1.055786402171222521e-01 3.567233962806100056e-01 6.790000000000000000e+02
2.398877635566245203e+01 1.118766249905492671e+00 3.883413166821753776e-02 1.160177540481600045e-01 8.130000000000000000e+02
2.609286971896115759e+01 1.067809335795979697e+00 -4.766839821292996604e-02 1.082640606472044104e-02 9.850000000000000000e+02
2.823466315278179550e+01 9.837365560120726604e-01 -1.140936244845667802e-01 1.823710047537704382e-01 1.183000000000000000e+03
3.032284873509123102e+01 8.953382357863806096e-01 -5.070641425499895771e-02 2.398500256395798974e-02 1.269000000000000000e+03
3.240263258943403457e+01 8.157089208578457429e-01 -2.114017631573948328e-02 -4.217079306169675690e-02 1.537000000000000000e+03
3.449210129864554375e+01 7.280481191787249173e-01 1.603815353517313094e-02 -5.111801875035103943e-02 1.653000000000000000e+03
3.658588147515196454e+01 6.916086358244439847e-01 -1.779859510431713518e-02 -4.524022056595889546e-02 1.963000000000000000e+03
3.868476949266977272e+01 6.321541614365481232e-01 -1.284636920251802823e-02 -2.995623107859179263e-02 2.121000000000000000e+03
4.078898888458283523e+01 6.040026803919558152e-01 -2.943079084590672148e-02 -1.085740915668269692e-03 2.413000000000000000e+03
4.289390876967645738e+01 5.598768602495567404e-01 -1.648031455029843814e-02 -2.938050958566387413e-02 2.635000000000000000e+03
4.498336005546935468e+01 5.353614173422035494e-01 -2.552715616633494111e-02 3.532830689279659042e-02 2.877000000000000000e+03
4.706498529473824988e+01 4.947540847775331319e-01 -3.234458275613940042e-03 -2.912183904384674834e-03 3.169000000000000000e+03
4.917111919158227096e+01 4.821263584718413209e-01 -4.513327058384671020e-02 3.105198788788347125e-02 3.507000000000000000e+03
5.126216914174227668e+01 4.551530769254030773e-01 -3.593439606821942356e-02 2.156109604931887025e-02 3.685000000000000000e+03
5.335525146837034072e+01 4.509283696893268689e-01 -4.383437044684606460e-02 4.013042994324228507e-02 4.165000000000000000e+03
5.546637228956934251e+01 4.194318884730046104e-01 -2.338867142693850515e-02 3.715552709864075598e-02 4.377000000000000000e+03
5.757318819254808773e+01 3.961996651980582151e-01 -2.100077500243091588e-02 9.472490633435434390e-03 4.855000000000000000e+03
5.965884044590281121e+01 3.714087749982477038e-01 1.049895959138440020e-03 1.919757979148031335e-03 4.929000000000000000e+03
6.174512302159506305e+01 3.601788765053954289e-01 9.450732944417752218e-03 -1.325139610075814177e-02 5.581000000000000000e+03
6.382689291137189969e+01 3.446339494468018683e-01 -2.094799662902293441e-03 2.000345483904621829e-02 5.679000000000000000e+03
6.592966228838450604e+01 3.371588965875622068e-01 -4.207023178322939587e-03 5.569845006297615558e-04 6.385000000000000000e+03
6.803125784825746791e+01 3.239761689979852033e-01 -8.519371820571067233e-03 2.334231822671923792e-02 6.553000000000000000e+03
7.013131008699485847e+01 3.123003412908832432e-01 1.620164532090491568e-03 1.123801328491945244e-02 7.125000000000000000e+03
7.223032366074338029e+01 3.017427706670551268e-01 -1.303910250092747214e-03 1.522754174626503136e-02 7.447000000000000000e+03
7.432334270720505742e+01 2.902216574411031758e-01 -1.678505062496091259e-03 1.998007317786378023e-02 7.929000000000000000e+03
7.642066756954473306e+01 2.922044760189712043e-01 -1.062126449055471322e-02 1.256444103385106689e-02 8.353000000000000000e+03
7.850471694556040347e+01 2.849285251689969711e-01 -1.116022077191006212e-02 1.593398840632744007e-02 8.775000000000000000e+03
8.059701946059529121e+01 2.796394429252883063e-01 -1.401723889321507266e-02 2.402843533170609738e-02 9.313000000000000000e+03
8.269521798132063850e+01 2.671355398546343407e-01 5.699212859062718906e-03 3.096569590549671635e-03 9.841000000000000000e+03
8.478307522909847194e+01 2.606165434832386496e-01 1.480409275449340659e-02 6.178334043494050111e-03 1.019100000000000000e+04
8.687780839616016237e+01 2.497551809063504324e-01 3.100655115257244104e-02 -1.458721326101488844e-02 1.089700000000000000e+04
8.897524569656535220e+01 2.513739227362176698e-01 1.738571992922494786e-02 -1.242066643779714220e-03 1.130100000000000000e+04
9.108077810470518898e+01 2.470579102814172978e-01 1.796307889333373375e-02 1.441521415367341165e-02 1.202500000000000000e+04
9.318432266948052245e+01 2.499347161968383246e-01 1.241182260200799671e-02 2.276909490328978339e-02 1.242300000000000000e+04
9.527887641048309320e+01 2.454209647286471063e-01 1.795882795079588312e-02 1.819748856537543522e-02 1.302100000000000000e+04
9.736254237981037818e+01 2.436631083033405920e-01 1.355698718240065312e-02 3.891772227038845650e-02 1.340500000000000000e+04
9.944832814799407572e+01 2.387454140709731332e-01 1.914709766057675830e-02 3.706732233054371717e-02 1.424700000000000000e+04
1.015460879802399035e+02 2.415003002609108218e-01 1.464411038468244053e-02 4.189161424646281606e-02 1.471300000000000000e+04
1.036426375667732316e+02 2.418130187177115198e-01 1.361752601985374497e-02 4.529295441536138750e-02 1.548900000000000000e+04
1.057389390539465950e+02 2.435190631188597077e-01 1.538642595397276928e-02 5.509011190432255844e-02 1.591300000000000000e+04
1.078395855981474227e+02 2.404706819170649990e-01 1.967808444160267650e-02 4.953813975702293926e-02 1.687900000000000000e+04
1.099389405850131709e+02 2.383967613463088830e-01 2.835381538661143827e-02 5.196957745410733798e-02 1.719300000000000000e+04
1.120392143152385387e+02 2.359481778797861140e-01 3.453540757616990059e-02 4.404062422473793009e-02 1.815700000000000000e+04
1.141233458569757744e+02 2.380138752626287657e-01 4.090349457672064898e-02 5.695648978766591763e-02 1.833900000000000000e+04
1.162159397555423084e+02 2.411015867139476576e-01 3.287745052712555405e-02 7.408695519625128900e-02 1.957300000000000000e+04
1.183137204803772420e+02 2.465005675372204941e-01 3.332021524206049690e-02 7.483775480632491595e-02 1.994100000000000000e+04
1.203972311807013256e+02 2.503981329031392811e-01 2.890121200985201408e-02 1.039642520196771697e-01 2.062900000000000000e+04
1.224922363187857286e+02 2.519170402180904711e-01 3.215905383577052218e-02 9.555417384291164939e-02 2.165500000000000000e+04
1.245882598425863534e+02 2.565040854893030353e-01 3.175328750151611840e-02 1.227208766675343399e-01 2.211300000000000000e+04
1.266884677158377315e+02 2.600075221449685281e-01 3.667589653188728371e-02 1.200177761044262242e-01 2.318500000000000000e+04
1.287846620419940962e+02 2.684459816659833242e-01 3.156424232910985672e-02 1.456811843316429544e-01 2.366700000000000000e+04
1.308713393788149801e+02 2.729305574826954017e-01 4.125279885423856902e-02 1.462988158463755517e-01 2.438500000000000000e+04
1.329754833440644575e+02 2.791359676080085728e-01 4.080241553047534581e-02 1.672927917880175641e-01 2.574900000000000000e+04
1.350685217411978840e+02 2.786048136835640454e-01 5.192137264979437838e-02 1.173531818359874329e-01 2.506900000000000000e+04
1.371618602824667619e+02 2.793440028063283731e-01 4.082746706687229166e-02 3.525141003735136891e-02 2.554600000000000000e+04
1.392575458676788855e+02 2.769777181308126224e-01 4.567431440600155240e-02 -4.161434831755194547e-02 2.428200000000000000e+04
1.413433880996534810e+02 2.778418534506640336e-01 3.473683176108032650e-02 -1.104464109422789442e-01 2.430400000000000000e+04
1.434445756733687460e+02 2.776235814027459003e-01 3.207539933172926655e-02 -1.779441364886149568e-01 2.375400000000000000e+04
1.455398221916437080e+02 2.819696674054544272e-01 3.370849854604635737e-02 -2.317824848726270093e-01 2.308000000000000000e+04
1.476255108817551900e+02 2.809999531440242060e-01 3.109778007623817397e-02 -2.899049637294944803e-01 2.250000000000000000e+04
1.497176277038332444e+02 2.802950917945596920e-01 2.817984061067810644e-02 -3.440980751557852768e-01 2.207200000000000000e+04
1.518140044970460281e+02 2.846734906559721390e-01 2.666984347645170311e-02 -3.879946961034558273e-01 2.135800000000000000e+04
1.539145542655538748e+02 2.892089719083840160e-01 3.322978524533196781e-02 -4.377908303144349977e-01 2.103000000000000000e+04
1.560122063834993185e+02 2.893353482284035105e-01 3.559857922032155786e-02 -4.679412361877051119e-01 1.994800000000000000e+04
1.581130966381297185e+02 2.946939362940058094e-01 3.791181904818773096e-02 -5.210912493436690163e-01 1.975200000000000000e+04
1.602056672848078449e+02 2.985519301529329095e-01 3.588684878305924142e-02 -5.553254567910438366e-01 1.845400000000000000e+04
1.622857990359369751e+02 3.033311957483155741e-01 3.980813221252368223e-02 -5.991474473120551592e-01 1.802800000000000000e+04
1.643817412475232516e+02 3.086419250387475444e-01 3.980405064312249330e-02 -6.387608503203889843e-01 1.737000000000000000e+04
1.664826536774034764e+02 3.174152366653983370e-01 4.260670562391890431e-02 -6.843590479954864136e-01 1.642600000000000000e+04
1.685658141881879430e+02 3.231895263978237232e-01 4.869390329155892649e-02 -7.234381038724839730e-01 1.563000000000000000e+04
1.706487817438684260e+02 3.385945783813006371e-01 5.819717069400117543e-02 -7.878984751749998905e-01 1.477000000000000000e+04
1.727517828144612793e+02 3.410461228022521052e-01 5.607267156830741950e-02 -8.145464527603236693e-01 1.420200000000000000e+04
1.748530068735680061e+02 3.547040073461658061e-01 5.920472936006417747e-02 -8.662708978110300606e-01 1.307200000000000000e+04
1.769502447625496586e+02 3.658082064566683944e-01 5.621080082900602876e-02 -9.212004540983714795e-01 1.223800000000000000e+04
1.790336981624627128e+02 3.742923342787450314e-01 5.864601721733513767e-02 -9.591440716167820568e-01 1.126200000000000000e+04
1.811155322217383628e+02 3.868443281229539954e-01 6.101342423230302764e-02 -1.030641308441424986e+00 1.018600000000000000e+04
1.832145149667912278e+02 4.111797333132997112e-01 6.816892429445815804e-02 -1.102449483988835910e+00 9.600000000000000000e+03
1.853124901146757395e+02 4.152449072030717780e-01 5.353582714272976661e-02 -1.138644867209710254e+00 8.164000000000000000e+03
1.873878671736386252e+02 4.369919315022436357e-01 6.384154925767504540e-02 -1.240099321217733586e+00 7.392000000000000000e+03
1.894941385667080169e+02 4.350870727443956754e-01 5.160355067173558186e-02 -1.287164356742482862e+00 6.328000000000000000e+03
1.915927038186372044e+02 4.369643948643518461e-01 3.487796878100263981e-02 -1.318573142478460580e+00 5.383000000000000000e+03
1.936660288714131468e+02 4.627559242299736919e-01 3.221853503446643618e-02 -1.424465019267140420e+00 4.641000000000000000e+03
1.957542826725436100e+02 4.695471900343290983e-01 1.719946742414091984e-02 -1.467233105598344522e+00 4.126000000000000000e+03
1.978826628016586255e+02 4.880276234030748173e-01 2.288067283714436198e-02 -1.562117624824100659e+00 3.579000000000000000e+03
2.000001843808004764e+02 5.100953020879498423e-01 2.611995308569864740e-02 -1.664744106143439817e+00 3.043000000000000000e+03
2.020352663438292495e+02 5.260508656192639521e-01 1.436747928174918199e-02 -1.728380341224604377e+00 2.455000000000000000e+03
2.041298218709533785e+02 5.514005730105141501e-01 1.321130256669393425e-02 -1.833066468681603167e+00 2.343000000000000000e+03
2.062802290775264282e+02 5.836832652184996695e-01 1.105739299702493059e-02 -1.959174352301952471e+00 1.819000000000000000e+03
2.083405587159622314e+02 6.175954682572486476e-01 1.044462983630543330e-02 -2.087983167009082930e+00 1.524000000000000000e+03
2.103706031034942896e+02 6.547171447974799996e-01 7.524027669270309283e-03 -2.223485978941222907e+00 1.228000000000000000e+03
2.125145326690728211e+02 6.843415736107834046e-01 3.282181513364110237e-03 -2.340792827975718637e+00 1.095000000000000000e+03
2.147589024069300763e+02 7.393092936847491803e-01 -1.840209115773764692e-03 -2.537281367323771963e+00 8.320000000000000000e+02
2.168470408205481021e+02 8.022965725127091385e-01 -5.408813719936277423e-04 -2.766907927765460684e+00 5.500000000000000000e+02
2.186512310160383379e+02 8.500906098969729374e-01 6.384342429464183065e-04 -2.940327757602020142e+00 4.080000000000000000e+02
2.207747627137063660e+02 9.094269000644843448e-01 3.423810617262460550e-03 -3.164232769542047574e+00 3.640000000000000000e+02
2.231192995023301933e+02 9.904041956863506302e-01 -8.468127543026126225e-04 -3.449733477914984636e+00 2.280000000000000000e+02
2.253630374066883633e+02 1.063842662460864785e+00 -1.355316573613421808e-03 -3.713311637010732191e+00 1.090000000000000000e+02
2.270052659625465026e+02 1.161188061354276657e+00 -4.981500773264460093e-03 -4.049550111643656969e+00 4.800000000000000000e+01
2.289458764032855527e+02 1.385589139973922856e+00 2.366837880204331404e-03 -4.848603985954714091e+00 2.800000000000000000e+01
2.312641670406622438e+02 1.168051186550563614e+00 1.424139706771070449e-02 -4.101646428039828152e+00 4.000000000000000000e+00
