2.966547074898984615e+00 1.718630067081660329e+01 1.741164637884714983e+00 -4.943256395040599216e+00 1.300000000000000000e+01
5.026374055021858744e+00 1.504579952781448604e+01 8.312341906864946228e-01 2.790338173837846991e+00 3.300000000000000000e+01
7.149300621522788113e+00 1.221058973206031162e+01 1.634766005313434745e+00 -2.628943142292862856e+00 7.900000000000000000e+01
9.278869254964254409e+00 1.050097224471476309e+01 1.210808542840172919e+00 -7.577180830829662872e-01 1.170000000000000000e+02
1.145033261934470126e+01 9.290104401611310792e+00 1.311868123578557199e+00 -2.772805738636119344e+00 2.050000000000000000e+02
1.349295587141915043e+01 8.915960590450348278e+00 2.430519912495645030e-01 -1.631251601100244031e+00 2.350000000000000000e+02
1.558905561191892986e+01 8.502367760641856620e+00 2.036972803906652030e-01 -2.657444779358900888e+00 3.690000000000000000e+02
1.769408367255316961e+01 8.223281722833444718e+00 -3.409848204448792663e-01 -2.030315190326786645e+00 4.330000000000000000e+02
1.981787480313529670e+01 7.573993175021962010e+00 1.925834115235099467e-02 -1.975918251330120778e+00 5.850000000000000000e+02
2.192074938196263645e+01 7.220496144289743512e+00 -1.391950663148103784e-01 -1.312969277491375042e+00 6.790000000000000000e+02
2.398877635566245203e+01 7.221681710464110004e+00 -1.180372241280024798e-01 -2.836670470061370963e+00 8.130000000000000000e+02
2.609286971896115759e+01 7.470338433038673287e+00 -5.274255906015530293e-01 -3.273038775393653843e+00 9.850000000000000000e+02
2.823466315278179550e+01 7.777584530978136179e+00 -7.975770071089975932e-01 -2.266474681684339743e+00 1.183000000000000000e+03
3.032284873509123102e+01 8.006087276998229640e+00 -8.699905714681911428e-01 -2.241361085503142281e+00 1.269000000000000000e+03
3.240263258943403457e+01 7.865435111288542558e+00 -7.211627228951766888e-01 -1.824552289617191958e+00 1.537000000000000000e+03
3.449210129864554375e+01 7.725064611655351854e+00 -4.177781364537069275e-01 -1.274511167217025731e+00 1.653000000000000000e+03
3.658588147515196454e+01 7.298875622535921259e+00 -2.153356619358394453e-01 -2.768535464601388774e-01 1.963000000000000000e+03
3.868476949266977272e+01 7.188199943781525825e+00 7.242365939967847221e-02 -4.104929670698413413e-01 2.121000000000000000e+03
4.078898888458283523e+01 7.070025324352223528e+00 -8.265899747390587082e-02 -3.529304551327336892e-01 2.413000000000000000e+03
4.289390876967645738e+01 7.096502742152557275e+00 -1.225831555207325951e-01 -7.906416331780619089e-01 2.635000000000000000e+03
4.498336005546935468e+01 7.053092678366802204e+00 -2.581926184530812518e-02 -4.875827948846749305e-01 2.877000000000000000e+03
4.706498529473824988e+01 7.093438959995926218e+00 -2.198865641275701832e-01 -9.215385473885167045e-01 3.169000000000000000e+03
4.917111919158227096e+01 7.048130941983505870e+00 -1.574271666421992732e-01 -9.341216808799918114e-01 3.507000000000000000e+03
5.126216914174227668e+01 7.105016387866232463e+00 -3.350635396285934764e-01 -8.459522419765951318e-01 3.685000000000000000e+03
5.335525146837034072e+01 7.139860232431756160e+00 -4.427330739694505524e-01 -5.968477889170500372e-01 4.165000000000000000e+03
5.546637228956934251e+01 7.180756231130752454e+00 -5.937344713037230326e-01 -4.501012961987778116e-01 4.377000000000000000e+03
5.757318819254808773e+01 7.151189774961343559e+00 -6.947427618843337038e-01 -5.545914286149438155e-01 4.855000000000000000e+03
5.965884044590281121e+01 7.029835340247402087e+00 -7.316441254367482827e-01 8.448038270958253826e-02 4.929000000000000000e+03
6.174512302159506305e+01 6.776550727723366307e+00 -5.266719629472054187e-01 6.599142196521581849e-02 5.581000000000000000e+03
6.382689291137189969e+01 6.600094884583835864e+00 -5.047122635745624475e-01 7.314738078589861914e-01 5.679000000000000000e+03
6.592966228838450604e+01 6.406659923201804219e+00 -5.351523224925640587e-01 6.135833488309128114e-01 6.385000000000000000e+03
6.803125784825746791e+01 6.311612499440701463e+00 -5.775781571660053570e-01 7.028304278887264056e-01 6.553000000000000000e+03
7.013131008699485847e+01 6.271542125303373183e+00 -5.775123027804173192e-01 3.931606651988051593e-01 7.125000000000000000e+03
7.223032366074338029e+01 6.324229393742469618e+00 -6.678076439923299468e-01 -7.799383665534811994e-02 7.447000000000000000e+03
7.432334270720505742e+01 6.293234188368219684e+00 -6.721099908119615440e-01 -2.464673671390243681e-01 7.929000000000000000e+03
7.642066756954473306e+01 6.318550497551166600e+00 -6.160283042082905780e-01 -5.902332895656113854e-01 8.353000000000000000e+03
7.850471694556040347e+01 6.345715394228958139e+00 -6.659318606382338412e-01 -4.574474493678024611e-01 8.775000000000000000e+03
8.059701946059529121e+01 6.366443381463222195e+00 -7.283039757868954300e-01 -6.345246190247437745e-01 9.313000000000000000e+03
8.269521798132063850e+01 6.443057359660533834e+00 -7.720336995805833213e-01 -8.970495863157752492e-01 9.841000000000000000e+03
8.478307522909847194e+01 6.438365908026528750e+00 -7.072888234684124864e-01 -8.005973047355011696e-01 1.019100000000000000e+04
8.687780839616016237e+01 6.434795698215571846e+00 -6.939983041562080013e-01 -8.856368161903015457e-01 1.089700000000000000e+04
8.897524569656535220e+01 6.316412214695230176e+00 -6.143874091765039180e-01 -6.218916725716209237e-01 1.130100000000000000e+04
9.108077810470518898e+01 6.206413762180107874e+00 -5.784418816952930920e-01 -1.307487812861209131e-01 1.202500000000000000e+04
9.318432266948052245e+01 6.111669888602179412e+00 -6.205434107728243776e-01 1.359463598352337980e-02 1.242300000000000000e+04
9.527887641048309320e+01 6.082004168022534962e+00 -6.638309848647604428e-01 -3.000013855251633388e-02 1.302100000000000000e+04
9.736254237981037818e+01 6.097722529326990326e+00 -7.372282947880260950e-01 7.387049715454181709e-02 1.340500000000000000e+04
9.944832814799407572e+01 6.118993488911661061e+00 -8.057974703207452238e-01 -1.828774522654808693e-02 1.424700000000000000e+04
1.015460879802399035e+02 6.106300266093618312e+00 -8.695601762614394437e-01 -1.057389355266164371e-01 1.471300000000000000e+04
1.036426375667732316e+02 6.096800515402039267e+00 -9.618060214846118061e-01 8.020590584145728674e-02 1.548900000000000000e+04
1.057389390539465950e+02 6.035437848470452060e+00 -9.453093098539282479e-01 3.774359759376904044e-01 1.591300000000000000e+04
1.078395855981474227e+02 6.020466399168574512e+00 -9.607249305542685525e-01 4.552569303548607560e-01 1.687900000000000000e+04
1.099389405850131709e+02 6.034435180266868315e+00 -1.009964135100638538e+00 4.492038898789881829e-01 1.719300000000000000e+04
1.120392143152385387e+02 6.076790663776745482e+00 -1.021761654145557641e+00 2.280209998163730267e-01 1.815700000000000000e+04
1.141233458569757744e+02 6.109090762802243724e+00 -1.064839166341746690e+00 4.545059697964527468e-01 1.833900000000000000e+04
1.162159397555423084e+02 6.080059512366371877e+00 -1.042561522511568084e+00 6.549500723561133553e-01 1.957300000000000000e+04
1.183137204803772420e+02 6.077276590256166955e+00 -1.085720696644793426e+00 8.901989491643753638e-01 1.994100000000000000e+04
1.203972311807013256e+02 6.053833398313794412e+00 -1.082488309078379674e+00 1.433125522341210045e+00 2.062900000000000000e+04
1.224922363187857286e+02 6.091497295491086206e+00 -1.081820553221842784e+00 1.191591163295582900e+00 2.165500000000000000e+04
1.245882598425863534e+02 6.186096549108330400e+00 -1.161400770108939051e+00 1.445651537169558853e+00 2.211300000000000000e+04
1.266884677158377315e+02 6.323660034341894942e+00 -1.242350897524167941e+00 1.375375596285168811e+00 2.318500000000000000e+04
1.287846620419940962e+02 6.448276493272992127e+00 -1.350573515721634532e+00 1.755930581112565392e+00 2.366700000000000000e+04
1.308713393788149801e+02 6.516568908898350720e+00 -1.409006390416711829e+00 2.129697560586275795e+00 2.438500000000000000e+04
1.329754833440644575e+02 6.565862043093032341e+00 -1.379405637987401123e+00 2.576063192519655765e+00 2.574900000000000000e+04
1.350685217411978840e+02 6.550780825119488782e+00 -1.290818896338085331e+00 1.879877978010831896e+00 2.506900000000000000e+04
1.371618602824667619e+02 6.443871540759647409e+00 -1.096734298341020875e+00 -1.347593804688512753e-01 2.554600000000000000e+04
1.392575458676788855e+02 6.466799032025513760e+00 -9.552328875231305139e-01 -1.739047669356986514e+00 2.428200000000000000e+04
1.413433880996534810e+02 6.434655088064380912e+00 -8.494245565249064489e-01 -3.235609214411471868e+00 2.430400000000000000e+04
1.434445756733687460e+02 6.331702227379786940e+00 -7.704856135602611289e-01 -4.615935303425839464e+00 2.375400000000000000e+04
1.455398221916437080e+02 6.242376414927743866e+00 -5.990775198228872611e-01 -5.548727021648071300e+00 2.308000000000000000e+04
1.476255108817551900e+02 6.156479046259704546e+00 -3.753080848230302413e-01 -6.541299892585622722e+00 2.250000000000000000e+04
1.497176277038332444e+02 6.086541392711799503e+00 -3.086280355217807265e-03 -7.651508354087711794e+00 2.207200000000000000e+04
1.518140044970460281e+02 6.054223446068943915e+00 2.262773499789508258e-01 -8.588132943355310189e+00 2.135800000000000000e+04
1.539145542655538748e+02 6.017862320132605802e+00 3.895841304062375721e-01 -9.671342112997717066e+00 2.103000000000000000e+04
1.560122063834993185e+02 6.013197788145442146e+00 4.752527084843503613e-01 -1.054091886585147364e+01 1.994800000000000000e+04
1.581130966381297185e+02 5.963933291913278367e+00 6.540770526064763057e-01 -1.138910387805832336e+01 1.975200000000000000e+04
1.602056672848078449e+02 5.975198341042679218e+00 7.911024798533264901e-01 -1.206305309088835465e+01 1.845400000000000000e+04
1.622857990359369751e+02 5.893503257047116861e+00 1.062584426678355509e+00 -1.273576453661212327e+01 1.802800000000000000e+04
1.643817412475232516e+02 5.876308461221417367e+00 1.294000347393445383e+00 -1.345467823769631188e+01 1.737000000000000000e+04
1.664826536774034764e+02 5.842519303502409223e+00 1.607845950955869130e+00 -1.417740172985182312e+01 1.642600000000000000e+04
1.685658141881879430e+02 5.848958550925195787e+00 1.835250515146922945e+00 -1.487160601407609839e+01 1.563000000000000000e+04
1.706487817438684260e+02 5.884648190219792241e+00 1.952134248097886937e+00 -1.555564661758008782e+01 1.477000000000000000e+04
1.727517828144612793e+02 5.896427686844177174e+00 2.150109858714371214e+00 -1.633115446493088641e+01 1.420200000000000000e+04
1.748530068735680061e+02 5.929219828586316687e+00 2.286267379146769585e+00 -1.692744371574200102e+01 1.307200000000000000e+04
1.769502447625496586e+02 6.012045835240134473e+00 2.650637965392348860e+00 -1.784053197299939697e+01 1.223800000000000000e+04
1.790336981624627128e+02 5.946415912537909243e+00 2.796472194129846045e+00 -1.814832760566453018e+01 1.126200000000000000e+04
1.811155322217383628e+02 5.843352927192676738e+00 2.791659172929818133e+00 -1.838727020485400843e+01 1.018600000000000000e+04
1.832145149667912278e+02 5.824963861203644733e+00 2.930698642252018704e+00 -1.879314267059930543e+01 9.600000000000000000e+03
1.853124901146757395e+02 5.764220324696314179e+00 2.792697240732812780e+00 -1.895260008717541211e+01 8.164000000000000000e+03
1.873878671736386252e+02 5.831202173051481807e+00 2.866823384259129970e+00 -1.951080897638414058e+01 7.392000000000000000e+03
1.894941385667080169e+02 5.594080812806700109e+00 2.430086122886955913e+00 -1.892222958999149540e+01 6.328000000000000000e+03
1.915927038186372044e+02 5.354154066604406736e+00 2.007134745475264381e+00 -1.826053269383010047e+01 5.383000000000000000e+03
1.936660288714131468e+02 5.225149361405856396e+00 1.797412281188742744e+00 -1.797671709627771008e+01 4.641000000000000000e+03
1.957542826725436100e+02 4.997292813456956750e+00 1.555411262182088361e+00 -1.735035679111852502e+01 4.126000000000000000e+03
1.978826628016586255e+02 4.779258923314261054e+00 1.348413273648086053e+00 -1.670602047362319098e+01 3.579000000000000000e+03
2.000001843808004764e+02 4.568593259129172246e+00 1.165358503593027173e+00 -1.605664823771847338e+01 3.043000000000000000e+03
2.020352663438292495e+02 4.422366742157660013e+00 1.044677943246412166e+00 -1.560317494672589689e+01 2.455000000000000000e+03
2.041298218709533785e+02 4.205175562171135084e+00 9.360073672241411291e-01 -1.492673503947887070e+01 2.343000000000000000e+03
2.062802290775264282e+02 4.074868981999440365e+00 8.424965902193508605e-01 -1.450490701737074595e+01 1.819000000000000000e+03
2.083405587159622314e+02 3.665240783462693219e+00 6.362752408620714339e-01 -1.301251154167457891e+01 1.524000000000000000e+03
2.103706031034942896e+02 3.463685382453224104e+00 5.143310130213712972e-01 -1.227566276258560940e+01 1.228000000000000000e+03
2.125145326690728211e+02 3.291456782783794388e+00 3.211460461644429776e-01 -1.159332405620970263e+01 1.095000000000000000e+03
2.147589024069300763e+02 3.296328712647679460e+00 2.487412638000856269e-01 -1.158885594372752514e+01 8.320000000000000000e+02
2.168470408205481021e+02 3.250972390687024483e+00 2.037452893035588963e-01 -1.143227394276985720e+01 5.500000000000000000e+02
2.186512310160383379e+02 3.336251117703259883e+00 2.508761184047724746e-01 -1.180346774644581487e+01 4.080000000000000000e+02
2.207747627137063660e+02 3.026367327628262327e+00 1.767562797706100364e-01 -1.070481647819696036e+01 3.640000000000000000e+02
2.231192995023301933e+02 2.615415770934628181e+00 1.076228147343323144e-01 -9.224873760787387411e+00 2.280000000000000000e+02
2.253630374066883633e+02 2.305059343846019182e+00 2.027953353823108013e-02 -8.070584602834717458e+00 1.090000000000000000e+02
2.270052659625465026e+02 2.856485762063670997e+00 3.084960121867889350e-03 -9.979983964565571242e+00 4.800000000000000000e+01
2.289458764032855527e+02 3.836088805510466049e+00 -2.620584132345427780e-02 -1.338938222220479091e+01 2.800000000000000000e+01
2.312641670406622438e+02 5.448549473670051491e+00 9.528083630194672179e-04 -1.906691397296523860e+01 4.000000000000000000e+00
