1.779928244939390725e+00 1.868744852060707728e+01 1.268211775427823929e+00 -1.975219217349220813e+01 1.300000000000000000e+01
3.015824433013115424e+00 1.282313993179799283e+01 4.183004814295160578e+00 -3.824639543961338428e-01 3.300000000000000000e+01
4.289580372913673223e+00 1.207358245231310967e+01 -1.026477554078054855e+00 -2.380977549265266724e+00 7.900000000000000000e+01
5.567321552978553356e+00 1.163747167534522653e+01 -1.674677946878746937e+00 1.773829980244052917e+00 1.170000000000000000e+02
6.870199571606820932e+00 1.034383052130728409e+01 -1.309576918561860426e+00 7.907373008825756555e-01 2.050000000000000000e+02
8.095773522851491322e+00 9.995433837491267681e+00 -8.752486099881250370e-01 9.162659901105886240e-01 2.350000000000000000e+02
9.353433367151358979e+00 9.709091958739401562e+00 5.954481249685716904e-01 -1.980963385131896848e+00 3.690000000000000000e+02
1.061645020353190283e+01 8.541420637601532917e+00 7.024478995413602211e-01 1.842083983353587015e-02 4.330000000000000000e+02
1.189072488188118015e+01 8.204337272544687920e+00 -6.448724781823476082e-01 2.434532151417701309e-02 5.850000000000000000e+02
1.315244962917758365e+01 7.898845474713915848e+00 -3.085202374816724546e-01 -4.277830219072246282e-02 6.790000000000000000e+02
1.439326581339747158e+01 7.404705284044013069e+00 2.205339761685726485e-01 6.976037034222452027e-01 8.130000000000000000e+02
1.565572183137669526e+01 6.918348012716919015e+00 -1.711897045093073166e-01 -9.286331875855494689e-01 9.850000000000000000e+02
1.694079789166907801e+01 6.759655990314987761e+00 1.122614478623436829e-01 3.334361131562794678e-01 1.183000000000000000e+03
1.819370924105474074e+01 6.229615810711399249e+00 1.255867600640066251e-01 3.672441957000712742e-01 1.269000000000000000e+03
1.944157955366042501e+01 6.074417765154602300e+00 -1.694508531899618919e-01 -2.008394345722868124e-01 1.537000000000000000e+03
2.069526077918732909e+01 5.914922259221159884e+00 -1.631690296147252917e-01 -4.480812312425134225e-01 1.653000000000000000e+03
2.195152888509118227e+01 5.617863927066472307e+00 3.182773250519735919e-01 -6.510132347218815230e-02 1.963000000000000000e+03
2.321086169560186363e+01 5.403686781729525102e+00 3.829900382695562988e-01 -4.975895317306702065e-02 2.121000000000000000e+03
2.447339333074970469e+01 5.217917682267973589e+00 5.168053175776959884e-01 -1.780526426354181735e-01 2.413000000000000000e+03
2.573634526180587656e+01 4.971404185051587099e+00 3.005621805848291972e-01 -1.060657292024740420e-02 2.635000000000000000e+03
2.699001603328161281e+01 4.788180925426006596e+00 2.333929412158755601e-01 3.378013976571413446e-01 2.877000000000000000e+03
2.823899117684295135e+01 4.687823755740555320e+00 3.251007443388536644e-01 -2.077039711547050138e-01 3.169000000000000000e+03
2.950267151494936613e+01 4.394267740826862223e+00 3.753224811417775197e-01 8.229113793994906334e-02 3.507000000000000000e+03
3.075730148504536743e+01 4.322181200962909919e+00 5.755463039727664043e-01 -8.589868078948048602e-02 3.685000000000000000e+03
3.201315088102220585e+01 4.263651361424760644e+00 2.399597373424136038e-01 -7.989128124518869722e-02 4.165000000000000000e+03
3.327982337374160693e+01 4.103705568946685922e+00 1.743416150729943381e-01 3.000650983198224764e-01 4.377000000000000000e+03
3.454391291552884979e+01 3.913995558424657961e+00 2.801074193055552719e-01 -7.057350160672924699e-02 4.855000000000000000e+03
3.579530426754168815e+01 3.826140688395453182e+00 2.794987941301985135e-01 -2.549566433716654243e-02 4.929000000000000000e+03
3.704707381295703783e+01 3.704243938726824670e+00 2.522382633966573362e-01 -1.634836335415451938e-02 5.581000000000000000e+03
3.829613574682314692e+01 3.577016739297990355e+00 2.683845877762141008e-01 2.575010319086050714e-01 5.679000000000000000e+03
3.955779737303070931e+01 3.574134585982252421e+00 2.103778080000760775e-01 -2.208403254406193228e-01 6.385000000000000000e+03
4.081875470895448643e+01 3.408718450342040907e+00 2.913171422410876232e-01 1.168658218950563779e-02 6.553000000000000000e+03
4.207878605219691792e+01 3.271546049638112574e+00 3.484677889046748911e-01 7.575157249381250790e-02 7.125000000000000000e+03
4.333819419644603244e+01 3.202644103900860184e+00 3.122603348049627359e-01 -1.227341194648294831e-01 7.447000000000000000e+03
4.459400562432303872e+01 3.183339365272648713e+00 2.453809662486158560e-01 4.253356693141335104e-02 7.929000000000000000e+03
4.585240054172683699e+01 3.033550710540780404e+00 2.626446852229073481e-01 8.991429368253123222e-02 8.353000000000000000e+03
4.710283016733624351e+01 2.954937432834033206e+00 3.212192804746852315e-01 1.224444504639080195e-01 8.775000000000000000e+03
4.835821167635717899e+01 2.917494904076797457e+00 3.140965499535776639e-01 -4.733364823788200476e-02 9.313000000000000000e+03
4.961713078879238736e+01 2.810613428696159932e+00 3.054261761910557760e-01 2.098178937983562545e-02 9.841000000000000000e+03
5.086984513745908743e+01 2.777873978184428161e+00 3.176409015279133552e-01 2.059973472143148410e-01 1.019100000000000000e+04
5.212668503769609885e+01 2.739757670632288367e+00 3.909376758069189051e-01 -3.734008812414919831e-02 1.089700000000000000e+04
5.338514741793920848e+01 2.651315816672968229e+00 3.779066394633640580e-01 5.733676156950982816e-02 1.130100000000000000e+04
5.464846686282311339e+01 2.583740407608867251e+00 4.147669009209357105e-01 1.471078342491033419e-01 1.202500000000000000e+04
5.591059360168831915e+01 2.525705411308227344e+00 3.545264169410138888e-01 -1.446269319698449338e-02 1.242300000000000000e+04
5.716732584628986302e+01 2.473302053937406431e+00 3.544697458829824122e-01 5.748974004258327469e-02 1.302100000000000000e+04
5.841752542788622549e+01 2.415832399879308756e+00 3.923280073971736059e-01 1.236284044559789602e-01 1.340500000000000000e+04
5.966899688879644970e+01 2.383161988125281905e+00 4.110464480729441039e-01 6.195963704571306324e-02 1.424700000000000000e+04
6.092765278814394492e+01 2.329362723956586390e+00 4.294543988726929329e-01 4.206857241446177592e-02 1.471300000000000000e+04
6.218558254006394037e+01 2.274245592968286989e+00 4.262333514710426319e-01 -2.906002091890350775e-03 1.548900000000000000e+04
6.344336343236795983e+01 2.228999376172938973e+00 4.356763260184360886e-01 6.349026708866309376e-02 1.591300000000000000e+04
6.470375135888845364e+01 2.212608052784763579e+00 3.773189401790846831e-01 6.616682699048789806e-02 1.687900000000000000e+04
6.596336435100791107e+01 2.144513181398696844e+00 4.269194010541926820e-01 1.166178158906896190e-01 1.719300000000000000e+04
6.722352858914312890e+01 2.114107235243146921e+00 4.229174346988783806e-01 2.016796969044592353e-02 1.815700000000000000e+04
6.847400751418547316e+01 2.078363055537143289e+00 4.812343335500848807e-01 1.146204359574980042e-01 1.833900000000000000e+04
6.972956385332538787e+01 2.035543544612345102e+00 4.299065253732968772e-01 1.140273591837022704e-01 1.957300000000000000e+04
7.098823228822635656e+01 2.016495448349975295e+00 4.171803104302662657e-01 6.135657738761807894e-02 1.994100000000000000e+04
7.223833870842079818e+01 1.970668059949808981e+00 4.573935482865027491e-01 1.241475038290028449e-01 2.062900000000000000e+04
7.349534179127144284e+01 1.929490536122222100e+00 4.864184304760820199e-01 1.681756539242668450e-02 2.165500000000000000e+04
7.475295590555181491e+01 1.898087844743252761e+00 4.976586803444676965e-01 1.057457617177221670e-01 2.211300000000000000e+04
7.601308062950263889e+01 1.881400987610207576e+00 4.497392024802927546e-01 1.678271811655821649e-02 2.318500000000000000e+04
7.727079722519646054e+01 1.842959762264869905e+00 4.518797201846229683e-01 1.224189436065720865e-01 2.366700000000000000e+04
7.852280362728899377e+01 1.817093743504768044e+00 4.497562335369348907e-01 2.826787984656621566e-02 2.438500000000000000e+04
7.978529000643868585e+01 1.782744029224931026e+00 4.905198686150485377e-01 3.607451536263486108e-02 2.574900000000000000e+04
8.104146489153656319e+01 1.747516354875771727e+00 4.933660127194703926e-01 1.040709182664567023e-01 2.567500000000000000e+04
8.229832955140953743e+01 1.742979143720457369e+00 4.837747280969561525e-01 9.506127078422887955e-02 2.740900000000000000e+04
8.355628544232982335e+01 1.724552497183023725e+00 4.522483132141963957e-01 8.586925529029003357e-02 2.740500000000000000e+04
8.480801297450261700e+01 1.679051434915526553e+00 5.000827230972122450e-01 6.867410719168137723e-02 2.871700000000000000e+04
8.606851380540383900e+01 1.638480939958536498e+00 4.869449491598063506e-01 7.632044574542440341e-02 2.959500000000000000e+04
8.732717120511250641e+01 1.646612660238615078e+00 4.869711330554985507e-01 8.336059176173593599e-02 3.030100000000000000e+04
8.857992366441526144e+01 1.608986159336507571e+00 4.921342027466953928e-01 1.354506691504212268e-01 3.110100000000000000e+04
8.983268837059718237e+01 1.591577097764560911e+00 5.081024356109634654e-01 7.640649005249242065e-02 3.202300000000000000e+04
9.108828292509464575e+01 1.567980628134959531e+00 5.242809046204064405e-01 8.381729467783322063e-02 3.297700000000000000e+04
9.235268940602115606e+01 1.551830478015948866e+00 5.314048905215266183e-01 9.615565863381597689e-02 3.444900000000000000e+04
9.361288484047420866e+01 1.526370161831925643e+00 5.091737588690645744e-01 1.001496212925714474e-01 3.454900000000000000e+04
9.486970485528730990e+01 1.509172340054211636e+00 5.199627900302078443e-01 9.661003338595917922e-02 3.611100000000000000e+04
9.612712273630799586e+01 1.491594137467292747e+00 5.346854916855081630e-01 1.343547341530020311e-01 3.654100000000000000e+04
9.738038516777393738e+01 1.462474191572976423e+00 5.260621918566507071e-01 1.378702308575330271e-01 3.771700000000000000e+04
9.863394199199912293e+01 1.456055817810305353e+00 5.419636401086340705e-01 7.856975478953501235e-02 3.861900000000000000e+04
9.989013494289071105e+01 1.426610703656524981e+00 5.435508977674056164e-01 1.090710130020949020e-01 3.966100000000000000e+04
1.011431810267084188e+02 1.416257904882923579e+00 5.652343478742797300e-01 1.277301188588851610e-01 4.054500000000000000e+04
1.023984799253618974e+02 1.405271367349167688e+00 5.703135841163695652e-01 1.498466496620574906e-01 4.181500000000000000e+04
1.036625219553681205e+02 1.385965905173716983e+00 5.832248282341644385e-01 1.312201845758923235e-01 4.312500000000000000e+04
1.049217927605819938e+02 1.366909075634641368e+00 5.969991467802538976e-01 1.371470298204335581e-01 4.368100000000000000e+04
1.061751461696667320e+02 1.348181501781526181e+00 5.935139015965897880e-01 1.405854968830825003e-01 4.462900000000000000e+04
1.074314705589345209e+02 1.336555828156000159e+00 5.900646023124399564e-01 1.287506094792887357e-01 4.622700000000000000e+04
1.086915912756758331e+02 1.313249230377102617e+00 6.003809124223880023e-01 1.718065415815547836e-01 4.690900000000000000e+04
1.099486130478443471e+02 1.307737980822100576e+00 6.055519040279283560e-01 1.307529652007287657e-01 4.823700000000000000e+04
1.111987485500355604e+02 1.288923458221359120e+00 6.241163586254714346e-01 1.618674377800360387e-01 4.858300000000000000e+04
1.124570935321931415e+02 1.274772503291251802e+00 6.372461558581113961e-01 1.586399390845142920e-01 5.099700000000000000e+04
1.137202307445453187e+02 1.269670201941557997e+00 6.351946074604121195e-01 1.363824178297363965e-01 5.139700000000000000e+04
1.149760917884415790e+02 1.260892723849957875e+00 6.307914274265152832e-01 1.616519321720094327e-01 5.248900000000000000e+04
1.162310042068111926e+02 1.238377438980166723e+00 6.545473432831695471e-01 1.819492448518913452e-01 5.378700000000000000e+04
1.174878899332193640e+02 1.230748761873587505e+00 6.644639818044447699e-01 1.794131065061324026e-01 5.491300000000000000e+04
1.187435244059379897e+02 1.222532477205132029e+00 6.796822358522212060e-01 1.694055944794689850e-01 5.597700000000000000e+04
1.199994390958736403e+02 1.211862766742680675e+00 6.854274644177810183e-01 2.028395540796493479e-01 5.741500000000000000e+04
1.212535823024855404e+02 1.199672159741803412e+00 6.822781518535974143e-01 1.987669741320922945e-01 5.810500000000000000e+04
1.225093915288906885e+02 1.193101070170297318e+00 6.957021933246662071e-01 1.664096806193002542e-01 6.003300000000000000e+04
1.237695546608302948e+02 1.180505829232189496e+00 7.035549519750712300e-01 1.985392514599002012e-01 6.094900000000000000e+04
1.250262113487579825e+02 1.172358391479135342e+00 7.248256194534090646e-01 2.316608648644483126e-01 6.223500000000000000e+04
1.262805490076642059e+02 1.174093144644802189e+00 7.379414980936834789e-01 2.098483808713193233e-01 6.322900000000000000e+04
1.275400712546411057e+02 1.158311500370819314e+00 7.409854359904212151e-01 2.456458606834548974e-01 6.513300000000000000e+04
1.287971556662911325e+02 1.145946199301171919e+00 7.625768911343695500e-01 2.410158375926872154e-01 6.570700000000000000e+04
1.300537083433222278e+02 1.137127294999815463e+00 7.650121518688398625e-01 2.550830368828126415e-01 6.756100000000000000e+04
1.313117223539807696e+02 1.135399112578597602e+00 7.798504326257972297e-01 2.218540088560783941e-01 6.850500000000000000e+04
1.325673856471850627e+02 1.125860493505403737e+00 8.047885625653494746e-01 2.893319656420657582e-01 6.994300000000000000e+04
1.338237088992438828e+02 1.118649549073077232e+00 8.160574801766906639e-01 2.808458569263760918e-01 7.109700000000000000e+04
1.350814039715121169e+02 1.119640082983789364e+00 8.319720721313270673e-01 2.963806374812040234e-01 7.302100000000000000e+04
1.363367102918640796e+02 1.108074492163537483e+00 8.495063265707490929e-01 3.293647145011326938e-01 7.331700000000000000e+04
1.375918506772339640e+02 1.100089601728363009e+00 8.536828914699756687e-01 3.027159509463566711e-01 7.579900000000000000e+04
1.388468863407906326e+02 1.102003868631203476e+00 8.873444921750354153e-01 3.547695875255387765e-01 7.602100000000000000e+04
1.401035080486947493e+02 1.102276935906964184e+00 9.136265670489892576e-01 3.782980145049158471e-01 7.875300000000000000e+04
1.413624991321743494e+02 1.099476500984018390e+00 9.302681056292926298e-01 3.792359451378250479e-01 7.929100000000000000e+04
1.426203801934984199e+02 1.097521443061435509e+00 9.537735287371428283e-01 4.212732644947984051e-01 8.112900000000000000e+04
1.438783650234285290e+02 1.089719094342505246e+00 9.589177832740696239e-01 4.076301047659111054e-01 8.244100000000000000e+04
1.451366761519622628e+02 1.084686697147467349e+00 9.722900762972607192e-01 4.581536933415135682e-01 8.394900000000000000e+04
1.463930536541869856e+02 1.089396792784686152e+00 9.855388807931049211e-01 4.500422197055532481e-01 8.512300000000000000e+04
1.476501598096984651e+02 1.086649951700094263e+00 1.029562437097931493e+00 5.024767095200730616e-01 8.692900000000000000e+04
1.489053168423187401e+02 1.084447760339706246e+00 1.050511163580150065e+00 5.271186515689358920e-01 8.778900000000000000e+04
1.501574220388542358e+02 1.096178286605875352e+00 1.082632662214068509e+00 5.423852674720318623e-01 8.962300000000000000e+04
1.514151693063209052e+02 1.090733576680406491e+00 1.088021934425989379e+00 5.585265562625981728e-01 9.134100000000000000e+04
1.526728246720191464e+02 1.100139408382477146e+00 1.129809145187296249e+00 6.144576956357258313e-01 9.284500000000000000e+04
1.539292591972453295e+02 1.104189311383214855e+00 1.155690568486391845e+00 6.497940471030351217e-01 9.408700000000000000e+04
1.551878973035082652e+02 1.111315816256666311e+00 1.198476375568814367e+00 6.751946076697032950e-01 9.633300000000000000e+04
1.564465828397917164e+02 1.117538251905215052e+00 1.227306316355315285e+00 7.327454834692761487e-01 9.724900000000000000e+04
1.577062987304047965e+02 1.122354976251843883e+00 1.234972853471958176e+00 7.501252910941047514e-01 9.950100000000000000e+04
1.589579313395904308e+02 1.133967161222867448e+00 1.272719227567823630e+00 8.037584367499903681e-01 9.928300000000000000e+04
1.602098219318470740e+02 1.141973759995437376e+00 1.307776091384599937e+00 8.344618359882054470e-01 1.025370000000000000e+05
1.614672334028584828e+02 1.145691933354933134e+00 1.310781882625608352e+00 7.400700053060110806e-01 1.022830000000000000e+05
1.627244999009042203e+02 1.138640856799131518e+00 1.262962933277714139e+00 5.070658000245678032e-01 1.021060000000000000e+05
1.639830070159940192e+02 1.132376144703415521e+00 1.233218120384912631e+00 3.135614534067202586e-01 1.007340000000000000e+05
1.652386377343450476e+02 1.123606926158013719e+00 1.166173932963312287e+00 6.130204171445970129e-02 9.999400000000000000e+04
1.664974976720961592e+02 1.119544728638917519e+00 1.139794183568621611e+00 -1.015615178266760649e-01 9.936000000000000000e+04
1.677586624769533330e+02 1.105811224107301038e+00 1.093906056054805731e+00 -3.050229943447194114e-01 9.860800000000000000e+04
1.690117737071392412e+02 1.110907070386735196e+00 1.079536928727888201e+00 -4.504865017075210809e-01 9.625200000000000000e+04
1.702646109444544038e+02 1.104538597846598469e+00 1.034175773329196968e+00 -6.241249671696650347e-01 9.640000000000000000e+04
1.715227950786405131e+02 1.103635293501791015e+00 1.007982933543133175e+00 -7.704630545894204374e-01 9.539800000000000000e+04
1.727802559577145587e+02 1.093386982708160149e+00 9.782337908259025605e-01 -9.109894936143392297e-01 9.402000000000000000e+04
1.740354349209307543e+02 1.089774442394571219e+00 9.432420440015388818e-01 -1.068842162139460594e+00 9.316000000000000000e+04
1.752911521140869979e+02 1.085329438179061912e+00 9.174716462562760855e-01 -1.175609008671116396e+00 9.177600000000000000e+04
1.765491561061322159e+02 1.081563612234632155e+00 8.850733026943237158e-01 -1.293592838906022946e+00 9.137800000000000000e+04
1.778055987080381328e+02 1.086576345391183640e+00 8.734372124086795530e-01 -1.410738705148965710e+00 8.949000000000000000e+04
1.790597942980182324e+02 1.072851440598001194e+00 8.313183496231961733e-01 -1.518242376705904118e+00 8.845000000000000000e+04
1.803174288984025964e+02 1.078627630218739641e+00 8.272647258572509710e-01 -1.628723446736002556e+00 8.794600000000000000e+04
1.815747568341562896e+02 1.072984454025032619e+00 8.019651489467252148e-01 -1.708691637240659755e+00 8.575200000000000000e+04
1.828323390665805164e+02 1.069276480401549989e+00 7.763319709811768998e-01 -1.798702888364683172e+00 8.574400000000000000e+04
1.840900474267152731e+02 1.068125668667409434e+00 7.473272106247742519e-01 -1.879248126957352438e+00 8.322000000000000000e+04
1.853471175230410779e+02 1.064397794591628976e+00 7.309425861534001312e-01 -1.952490694003258254e+00 8.302000000000000000e+04
1.866059988998500785e+02 1.068108926699858907e+00 7.233140125708863444e-01 -2.053119569305338565e+00 8.106400000000000000e+04
1.878624598567711246e+02 1.067523636091115780e+00 6.991092062994990197e-01 -2.127873612440084550e+00 7.983000000000000000e+04
1.891162027606625315e+02 1.070872348984788891e+00 6.932062609977576173e-01 -2.196963113006765500e+00 7.823800000000000000e+04
1.903715304842039018e+02 1.073781530181445065e+00 6.733639648050597781e-01 -2.269463069152942047e+00 7.715400000000000000e+04
1.916263259685760261e+02 1.073289026422331593e+00 6.520099136440443699e-01 -2.338864411439984803e+00 7.546600000000000000e+04
1.928852265090937692e+02 1.064860049491208605e+00 6.354069732742343435e-01 -2.383247632863898069e+00 7.480200000000000000e+04
1.941448127524108713e+02 1.073268492380938799e+00 6.161544811779363640e-01 -2.464655480090697015e+00 7.258000000000000000e+04
1.953988342212017528e+02 1.069277894879298696e+00 6.017174241831476644e-01 -2.505588341967115884e+00 7.133800000000000000e+04
1.966542794450352005e+02 1.077224359250365415e+00 5.889940874839578733e-01 -2.576407572625524001e+00 6.964200000000000000e+04
1.979092266982680428e+02 1.078753010736601459e+00 5.716983458180442401e-01 -2.628690315787535869e+00 6.832600000000000000e+04
1.991660246440812898e+02 1.090144423198704970e+00 5.753356416457188205e-01 -2.704485861752970788e+00 6.674400000000000000e+04
2.004253393793312057e+02 1.085616374225263137e+00 5.503531011304578779e-01 -2.734078838634997677e+00 6.533800000000000000e+04
2.016784735539275175e+02 1.096845829860034316e+00 5.413525369704842438e-01 -2.808280059236637705e+00 6.315600000000000000e+04
2.029350672537293860e+02 1.095048458027953808e+00 5.238196357395039637e-01 -2.841207370881689620e+00 6.214000000000000000e+04
2.041958407917217926e+02 1.103054995901109558e+00 5.131793570133423854e-01 -2.891792565795691328e+00 6.051400000000000000e+04
2.054489305546373430e+02 1.104389128531348074e+00 5.014023666191081974e-01 -2.939295945315717251e+00 5.799000000000000000e+04
2.067059697346346923e+02 1.122426301634798396e+00 4.909825091566197841e-01 -3.012977553040975032e+00 5.742400000000000000e+04
2.079686463241380636e+02 1.122666545228516277e+00 4.790296169390924064e-01 -3.046498203226716939e+00 5.518200000000000000e+04
2.092240498115034200e+02 1.134272310378216408e+00 4.635408953551902189e-01 -3.098536991737137036e+00 5.306800000000000000e+04
2.104747524357310056e+02 1.144335390587059242e+00 4.624532806611101887e-01 -3.155409378790807295e+00 5.152800000000000000e+04
2.117284300737427145e+02 1.159144489767739206e+00 4.560365509987824861e-01 -3.232157806941930556e+00 4.954600000000000000e+04
2.129897092449166394e+02 1.170089831247071110e+00 4.538926209140670687e-01 -3.284360125196418068e+00 4.846600000000000000e+04
2.142461088222216574e+02 1.178902919037113417e+00 4.366340483306180298e-01 -3.340384616404577400e+00 4.566600000000000000e+04
2.154991267048335430e+02 1.190046340180899831e+00 4.308747705339322498e-01 -3.389376431862917816e+00 4.423000000000000000e+04
2.167576737707308894e+02 1.197421361083737423e+00 4.088632483864660383e-01 -3.429806144978498228e+00 4.254000000000000000e+04
2.180187492257003612e+02 1.207621827473146503e+00 3.998894840363624303e-01 -3.487295918400860284e+00 4.022200000000000000e+04
2.192716419366039702e+02 1.223358975575794094e+00 4.002979997271721158e-01 -3.561201493691419806e+00 3.842200000000000000e+04
2.205264883274588783e+02 1.231490444070606038e+00 3.869495985754616840e-01 -3.624898205737090873e+00 3.624600000000000000e+04
2.217837768228446578e+02 1.256411464587308791e+00 3.818972042204648587e-01 -3.703245404275830488e+00 3.455200000000000000e+04
2.230378334292167892e+02 1.255813100288657447e+00 3.604771977389013560e-01 -3.739194970179687605e+00 3.213600000000000000e+04
2.242906184963572684e+02 1.275335566887044747e+00 3.526854022077997031e-01 -3.834515331596406007e+00 3.029200000000000000e+04
2.255466598069948532e+02 1.277920598501301352e+00 3.291882736944652388e-01 -3.888680756009790240e+00 2.830200000000000000e+04
2.268048836408461852e+02 1.280735642824657683e+00 3.079044147408929732e-01 -3.948899794878197422e+00 2.605600000000000000e+04
2.280630934549591871e+02 1.288025244170984518e+00 2.837833494848216453e-01 -4.014789991447271333e+00 2.421100000000000000e+04
2.293173032152455733e+02 1.291394364046289045e+00 2.598564149536072287e-01 -4.073833477495919730e+00 2.220600000000000000e+04
2.305717649947762879e+02 1.299068012786775084e+00 2.486487594290504866e-01 -4.141117618011503687e+00 2.088400000000000000e+04
2.318305151004514073e+02 1.309308748215380014e+00 2.220674489431109233e-01 -4.189426978239598753e+00 1.939200000000000000e+04
2.330863040701019031e+02 1.314115968596455852e+00 2.056473833869637002e-01 -4.236075569133620711e+00 1.805800000000000000e+04
2.343374022963313905e+02 1.329230615853393527e+00 1.994659663668636451e-01 -4.320225391692313899e+00 1.674600000000000000e+04
2.356000500071500596e+02 1.349939123820879106e+00 1.830770473723630498e-01 -4.407490039758238609e+00 1.589800000000000000e+04
2.368667134646864554e+02 1.360938476816448750e+00 1.588884050438699458e-01 -4.455816865552329809e+00 1.457800000000000000e+04
2.381178636277435885e+02 1.390916850515881986e+00 1.604751694748045854e-01 -4.589405968322646245e+00 1.344300000000000000e+04
2.393647931429890434e+02 1.395981171038456203e+00 1.378172770060347718e-01 -4.618306591129993421e+00 1.251100000000000000e+04
2.406343355115917007e+02 1.412344090924726681e+00 1.143593106207363708e-01 -4.684920684857590167e+00 1.191900000000000000e+04
2.418994177264391681e+02 1.436619808659140185e+00 1.100360730346571086e-01 -4.783279002884103903e+00 1.063900000000000000e+04
2.431349487982454320e+02 1.486096603204536404e+00 1.070636640810585516e-01 -4.974826261050597331e+00 9.775000000000000000e+03
2.443965980831335116e+02 1.499105231154663986e+00 9.442182221631156835e-02 -5.039824369712830432e+00 9.423000000000000000e+03
2.456756265845070857e+02 1.514510528929149835e+00 7.989348952469964293e-02 -5.103899945918691117e+00 8.449000000000000000e+03
2.469243323478575007e+02 1.541250019110139924e+00 7.656786368810100663e-02 -5.211309284230367211e+00 7.596000000000000000e+03
2.481536551602712279e+02 1.611107080045029782e+00 6.586287349351109544e-02 -5.457697235145086978e+00 6.931000000000000000e+03
2.494158029429593455e+02 1.615820285549270041e+00 6.148278959988359715e-02 -5.499448230337733001e+00 6.612000000000000000e+03
2.506963696325555020e+02 1.662352687706198040e+00 4.605608620855201896e-02 -5.658389482801863934e+00 5.899000000000000000e+03
2.519449222644772135e+02 1.693397649591758425e+00 4.244205496120350557e-02 -5.776557352218373076e+00 5.176000000000000000e+03
2.531895657100337758e+02 1.780562146201849494e+00 5.149485899718433957e-02 -6.107479707499027022e+00 4.824000000000000000e+03
2.544617257881764374e+02 1.788828324174097428e+00 3.356445964063337062e-02 -6.137448944721410449e+00 4.312000000000000000e+03
2.557264633179815121e+02 1.871330457453175056e+00 2.236861564866451241e-02 -6.425818396917272857e+00 3.819000000000000000e+03
2.569476439121356748e+02 1.888413232411827236e+00 2.442239227067547966e-02 -6.498157444178449538e+00 3.220000000000000000e+03
2.581972589300593768e+02 1.981130906244253920e+00 2.257955414724392706e-02 -6.841528201509395224e+00 3.132000000000000000e+03
2.595103349312090018e+02 2.019794852203094848e+00 4.628929668759858632e-03 -6.971990287361547800e+00 2.680000000000000000e+03
2.607795042361089486e+02 2.099837872430551755e+00 1.467119346108689340e-02 -7.272855115070587573e+00 2.218000000000000000e+03
2.619340336595732879e+02 2.160957376959439458e+00 3.759786474385786500e-03 -7.473104236124487265e+00 1.728000000000000000e+03
2.631766295504909294e+02 2.214697678346676302e+00 4.962402894775229042e-03 -7.690163161192377750e+00 1.816000000000000000e+03
2.645411559718015724e+02 2.348789992909300128e+00 7.449991752771847019e-03 -8.167754805021258946e+00 1.476000000000000000e+03
2.658441287525172356e+02 2.367620379946493880e+00 6.035835669251944473e-03 -8.242970754938671263e+00 1.108000000000000000e+03
2.669256670525048776e+02 2.573368170296465252e+00 3.507406785309537256e-03 -8.955090530396251580e+00 7.560000000000000000e+02
2.681606255113911175e+02 2.565167599544291743e+00 4.821253842802286464e-03 -8.947833614212969522e+00 8.440000000000000000e+02
2.695807861675655204e+02 2.804481766248510421e+00 -1.126624614807961167e-02 -9.774624099201385974e+00 6.280000000000000000e+02
2.709593846505733268e+02 2.608774818926585137e+00 1.530265061837895318e-02 -9.129599493254840326e+00 4.050000000000000000e+02
2.719861120642618175e+02 3.185337652466603053e+00 1.247257551233893914e-03 -1.112586656738044155e+01 2.020000000000000000e+02
2.731403032438974492e+02 3.044024442016252330e+00 1.352180658553288860e-02 -1.065725666410799732e+01 2.280000000000000000e+02
2.745620747168304661e+02 3.382757638333905525e+00 -5.453797644446104799e-03 -1.182791920386611295e+01 1.240000000000000000e+02
2.759710723466460536e+02 3.828826004229095137e+00 -2.786138486702347331e-03 -1.339315777940706376e+01 5.200000000000000000e+01
2.771523413486430627e+02 3.958166451478506431e+00 -3.325467002402781452e-02 -1.381833682250340622e+01 9.000000000000000000e+00
2.780568632628354635e+02 1.553461707977874751e+00 -1.563642597483495128e-02 -5.420986069639171845e+00 4.000000000000000000e+00
