1.779928244939390725e+00 6.986075673344764425e+00 3.537009019006575272e+00 -9.193815889807773090e+00 1.300000000000000000e+01
3.015824433013115424e+00 3.217745176858840317e+00 2.681872810157496900e+00 -8.083111487816344032e-02 3.300000000000000000e+01
4.289580372913673223e+00 2.727921091434305279e+00 8.900867618928837155e-01 -1.852404231219342279e-01 7.900000000000000000e+01
5.567321552978553356e+00 2.157242699850917766e+00 8.300080079540931299e-01 1.608600508485685532e-01 1.170000000000000000e+02
6.870199571606820932e+00 1.897155078356402624e+00 5.858853795047294089e-01 2.289821899687671802e-01 2.050000000000000000e+02
8.095773522851491322e+00 1.535762702539315239e+00 5.895051851844785862e-01 7.128897434086839402e-01 2.350000000000000000e+02
9.353433367151358979e+00 1.338786602627848099e+00 5.968034821786626365e-01 3.403964686116003335e-01 3.690000000000000000e+02
1.061645020353190283e+01 1.163268215097391201e+00 5.425496714206180515e-01 2.851748292145512287e-01 4.330000000000000000e+02
1.189072488188118015e+01 1.102646668817446773e+00 5.901482629690880666e-01 4.122083524473132976e-01 5.850000000000000000e+02
1.315244962917758365e+01 9.658133290335583210e-01 5.092463691189181851e-01 3.617752285404248758e-01 6.790000000000000000e+02
1.439326581339747158e+01 8.535399705318491570e-01 4.733251110351621715e-01 3.213279058330294480e-01 8.130000000000000000e+02
1.565572183137669526e+01 8.229686389035321126e-01 3.833710870129944381e-01 2.421138350020047014e-01 9.850000000000000000e+02
1.694079789166907801e+01 7.616356821508734054e-01 2.868089353719460721e-01 4.647539964879982000e-01 1.183000000000000000e+03
1.819370924105474074e+01 7.483265814949852102e-01 2.314948253987550997e-01 3.673137284696594285e-01 1.269000000000000000e+03
1.944157955366042501e+01 7.326414671763138431e-01 1.438378740311015702e-01 3.201071191043221020e-01 1.537000000000000000e+03
2.069526077918732909e+01 7.048391196277064008e-01 1.051194162806768223e-01 3.393255549244124647e-01 1.653000000000000000e+03
2.195152888509118227e+01 6.994937547458340843e-01 2.987988444855075448e-02 2.779911264259965487e-01 1.963000000000000000e+03
2.321086169560186363e+01 6.762013817288491380e-01 7.122849611780292765e-03 2.660603081448442708e-01 2.121000000000000000e+03
2.447339333074970469e+01 6.596080298575692780e-01 -6.824093072695400740e-03 1.917865412478704790e-01 2.413000000000000000e+03
2.573634526180587656e+01 6.234050717258331487e-01 6.064793123235176150e-03 1.456581130395277202e-01 2.635000000000000000e+03
2.699001603328161281e+01 6.027534999186505704e-01 2.373353950237027006e-03 1.368239466524099057e-01 2.877000000000000000e+03
2.823899117684295135e+01 5.640693930644780085e-01 4.805223980134152618e-03 9.012477642630227492e-02 3.169000000000000000e+03
2.950267151494936613e+01 5.372030718792003556e-01 4.508994803889109643e-02 4.132765214774421214e-02 3.507000000000000000e+03
3.075730148504536743e+01 5.052809958697006554e-01 4.244256691868813353e-02 1.764569387080038715e-02 3.685000000000000000e+03
3.201315088102220585e+01 4.752350277758837227e-01 5.889363389743133143e-02 2.734575689936676393e-02 4.165000000000000000e+03
3.327982337374160693e+01 4.475526222685726752e-01 6.382059979537135774e-02 3.408809903337424452e-02 4.377000000000000000e+03
3.454391291552884979e+01 4.245896702185734672e-01 8.739272669446221387e-02 -9.154408701274565491e-03 4.855000000000000000e+03
3.579530426754168815e+01 3.938220873504489350e-01 9.583658222887371514e-02 2.699118509897094689e-02 4.929000000000000000e+03
3.704707381295703783e+01 3.865034379615031601e-01 8.475905876609728107e-02 9.321333153780394024e-03 5.581000000000000000e+03
3.829613574682314692e+01 3.646284843408622578e-01 8.099123660153145776e-02 5.061809278365331233e-02 5.679000000000000000e+03
3.955779737303070931e+01 3.563840606726157989e-01 6.870569168445787855e-02 4.935482947717903524e-02 6.385000000000000000e+03
4.081875470895448643e+01 3.497534118878430354e-01 5.302484535411756961e-02 7.141260404345153856e-02 6.553000000000000000e+03
4.207878605219691792e+01 3.421962230074634403e-01 3.179951742773422241e-02 9.245014950430438527e-02 7.125000000000000000e+03
4.333819419644603244e+01 3.409250995175674426e-01 1.747013514140950338e-02 8.481226879684301834e-02 7.447000000000000000e+03
4.459400562432303872e+01 3.277522316456248364e-01 1.215113384243927605e-02 9.428651649111134680e-02 7.929000000000000000e+03
4.585240054172683699e+01 3.209089372646083960e-01 6.685187180815834948e-03 8.400170787168997899e-02 8.353000000000000000e+03
4.710283016733624351e+01 3.139687034191385728e-01 1.532390393087032336e-03 9.630966074646674091e-02 8.775000000000000000e+03
4.835821167635717899e+01 3.071066702382915237e-01 -2.401655777207471493e-03 8.360775807464308762e-02 9.313000000000000000e+03
4.961713078879238736e+01 2.977395968541576288e-01 -3.938398846638806118e-04 6.650779648243212994e-02 9.841000000000000000e+03
5.086984513745908743e+01 2.874092240786869645e-01 7.618346204894247201e-03 6.393500138537439037e-02 1.019100000000000000e+04
5.212668503769609885e+01 2.797926198089724092e-01 1.062031972947510144e-02 4.147883401566618972e-02 1.089700000000000000e+04
5.338514741793920848e+01 2.699413021877119512e-01 1.428386181117482882e-02 3.431627280598428809e-02 1.130100000000000000e+04
5.464846686282311339e+01 2.604561822272891680e-01 2.269274273805998998e-02 3.086960423862581543e-02 1.202500000000000000e+04
5.591059360168831915e+01 2.474620233308908179e-01 3.419700565712132517e-02 1.428034284951703974e-02 1.242300000000000000e+04
5.716732584628986302e+01 2.391632922580120280e-01 3.634953400831731490e-02 6.833150237695298848e-03 1.302100000000000000e+04
5.841752542788622549e+01 2.370779769417837857e-01 3.669352241175632273e-02 9.041265588637791006e-03 1.340500000000000000e+04
5.966899688879644970e+01 2.280172473300619007e-01 3.589662776972123853e-02 1.525022760067175701e-02 1.424700000000000000e+04
6.092765278814394492e+01 2.250669612093829930e-01 3.708192960959803136e-02 1.010907669370772130e-02 1.471300000000000000e+04
6.218558254006394037e+01 2.194198575208405610e-01 3.406312978605088165e-02 1.706021727953021747e-02 1.548900000000000000e+04
6.344336343236795983e+01 2.174242656636626303e-01 3.196994594810673856e-02 2.714491205626139506e-02 1.591300000000000000e+04
6.470375135888845364e+01 2.153282728967429449e-01 2.411666742301223770e-02 3.086102559974777948e-02 1.687900000000000000e+04
6.596336435100791107e+01 2.133706918286201459e-01 2.228618855234952567e-02 3.850314151733938428e-02 1.719300000000000000e+04
6.722352858914312890e+01 2.108702297242082968e-01 1.814836606191603738e-02 2.971443585907528745e-02 1.815700000000000000e+04
6.847400751418547316e+01 2.081252717730805168e-01 1.380737871219801620e-02 3.944022874576411791e-02 1.833900000000000000e+04
6.972956385332538787e+01 2.044780635913436284e-01 1.494848292134573313e-02 3.823709301484073952e-02 1.957300000000000000e+04
7.098823228822635656e+01 2.015195686705161249e-01 1.362330206538421920e-02 3.354316952517806538e-02 1.994100000000000000e+04
7.223833870842079818e+01 1.978707083340290329e-01 1.394983690650478635e-02 3.795388531618087286e-02 2.062900000000000000e+04
7.349534179127144284e+01 1.939639592822440251e-01 1.479663149435223382e-02 2.134810851435586104e-02 2.165500000000000000e+04
7.475295590555181491e+01 1.883825296472755040e-01 2.327019949359719966e-02 2.131602618266591198e-02 2.211300000000000000e+04
7.601308062950263889e+01 1.838402650516594572e-01 2.475173283173880481e-02 1.013535799783150775e-02 2.318500000000000000e+04
7.727079722519646054e+01 1.787261437218598537e-01 2.975954730170762494e-02 8.699313481397715278e-03 2.366700000000000000e+04
7.852280362728899377e+01 1.729642408077705085e-01 3.613175270962229457e-02 3.250441234813601903e-03 2.438500000000000000e+04
7.978529000643868585e+01 1.711069628021635869e-01 3.470323640879573179e-02 5.451683887314050930e-03 2.574900000000000000e+04
8.104146489153656319e+01 1.678276171939762640e-01 3.605383275342968763e-02 4.441421346178529503e-03 2.567500000000000000e+04
8.229832955140953743e+01 1.642426218167002405e-01 3.685069696857639493e-02 3.377160387859853754e-03 2.740900000000000000e+04
8.355628544232982335e+01 1.614786934052636069e-01 3.714013778665829768e-02 3.896489147975008924e-03 2.740500000000000000e+04
8.480801297450261700e+01 1.599695649003869680e-01 3.309219146380973364e-02 1.092496664079818311e-02 2.871700000000000000e+04
8.606851380540383900e+01 1.592926517002571096e-01 2.914611372593217328e-02 1.429845439150940686e-02 2.959500000000000000e+04
8.732717120511250641e+01 1.565621971644502175e-01 2.789724069808524956e-02 1.650718040876422363e-02 3.030100000000000000e+04
8.857992366441526144e+01 1.559282871063716047e-01 2.472293665119977210e-02 1.938729802139667682e-02 3.110100000000000000e+04
8.983268837059718237e+01 1.548948134639897833e-01 2.085148207586633856e-02 1.935503807453308606e-02 3.202300000000000000e+04
9.108828292509464575e+01 1.544114032875211762e-01 1.605207234432928440e-02 2.500851967163418565e-02 3.297700000000000000e+04
9.235268940602115606e+01 1.527599071229960581e-01 1.510745903428017435e-02 2.606903898167198599e-02 3.444900000000000000e+04
9.361288484047420866e+01 1.511418046330686993e-01 1.264017234198023046e-02 2.481623976760777631e-02 3.454900000000000000e+04
9.486970485528730990e+01 1.493272679165735251e-01 1.541345161285992763e-02 1.990517198334492213e-02 3.611100000000000000e+04
9.612712273630799586e+01 1.466322575390410776e-01 1.471649402903217260e-02 2.088542132615781033e-02 3.654100000000000000e+04
9.738038516777393738e+01 1.432942579377813608e-01 1.741433639200556244e-02 1.533076932596254098e-02 3.771700000000000000e+04
9.863394199199912293e+01 1.406258755426161577e-01 1.895148172791164334e-02 8.642490360206435060e-03 3.861900000000000000e+04
9.989013494289071105e+01 1.382377481585274348e-01 2.056540434508394646e-02 8.411462842182724359e-03 3.966100000000000000e+04
1.011431810267084188e+02 1.356864235911003636e-01 2.133726218456539342e-02 8.347363533657515752e-03 4.054500000000000000e+04
1.023984799253618974e+02 1.334073871728345961e-01 2.263691738860173011e-02 5.560516683985612663e-03 4.181500000000000000e+04
1.036625219553681205e+02 1.314674732143695512e-01 2.267370183276538192e-02 3.749414929794094974e-03 4.312500000000000000e+04
1.049217927605819938e+02 1.299884073617728619e-01 2.003890989833317232e-02 7.270142416441129248e-03 4.368100000000000000e+04
1.061751461696667320e+02 1.289005171039208086e-01 1.937887082174817241e-02 7.217634118275530544e-03 4.462900000000000000e+04
1.074314705589345209e+02 1.280656668704062695e-01 1.599131213236703805e-02 9.303544827041609205e-03 4.622700000000000000e+04
1.086915912756758331e+02 1.268757366482582694e-01 1.432524632704000427e-02 1.366696481625410270e-02 4.690900000000000000e+04
1.099486130478443471e+02 1.269402196404002814e-01 1.101011351240731816e-02 1.223447869370490257e-02 4.823700000000000000e+04
1.111987485500355604e+02 1.261794974291341742e-01 7.396593509269382659e-03 1.871218978898106511e-02 4.858300000000000000e+04
1.124570935321931415e+02 1.258624667582531609e-01 5.226775983388249648e-03 1.760409318595084621e-02 5.099700000000000000e+04
1.137202307445453187e+02 1.253171610206864905e-01 3.911303208850324710e-03 1.783333109745625922e-02 5.139700000000000000e+04
1.149760917884415790e+02 1.236047430964632432e-01 3.173089867699951418e-03 1.839643333915480169e-02 5.248900000000000000e+04
1.162310042068111926e+02 1.229830331569000679e-01 1.438488417875809179e-03 1.904328109329050944e-02 5.378700000000000000e+04
1.174878899332193640e+02 1.216294427563454905e-01 1.921726789306704101e-03 1.669683112403137076e-02 5.491300000000000000e+04
1.187435244059379897e+02 1.196518121743860297e-01 2.453236785973104874e-03 1.424415054970976958e-02 5.597700000000000000e+04
1.199994390958736403e+02 1.174060451431247765e-01 3.369624128065203290e-03 1.124840205539799631e-02 5.741500000000000000e+04
1.212535823024855404e+02 1.154933059223310354e-01 5.144767543380539959e-03 8.171952583708041659e-03 5.810500000000000000e+04
1.225093915288906885e+02 1.139616261210287529e-01 5.222801982469763536e-03 5.388595627005707267e-03 6.003300000000000000e+04
1.237695546608302948e+02 1.118049692004490919e-01 6.948069369562343695e-03 4.090572151714286751e-03 6.094900000000000000e+04
1.250262113487579825e+02 1.102538045231325342e-01 7.213843925374704980e-03 4.790833111991119053e-03 6.223500000000000000e+04
1.262805490076642059e+02 1.093149321138762314e-01 7.037928651016345585e-03 2.556606137268547119e-03 6.322900000000000000e+04
1.275400712546411057e+02 1.082018341151427532e-01 5.676838630710411004e-03 4.517797730883849582e-03 6.513300000000000000e+04
1.287971556662911325e+02 1.076378221226982485e-01 4.950022009104057888e-03 4.586796276272067478e-03 6.570700000000000000e+04
1.300537083433222278e+02 1.074186443840724897e-01 2.577783405113563946e-03 7.719151971649116685e-03 6.756100000000000000e+04
1.313117223539807696e+02 1.074050064491409301e-01 -1.680419472986134036e-03 9.377669999597857547e-03 6.850500000000000000e+04
1.325673856471850627e+02 1.076877109916410113e-01 -3.521234182633533119e-03 1.177411198941190340e-02 6.994300000000000000e+04
1.338237088992438828e+02 1.072608313963898802e-01 -6.903250368216017237e-03 1.523728961290292741e-02 7.109700000000000000e+04
1.350814039715121169e+02 1.073654861782480235e-01 -8.716021021253746170e-03 1.596363814769159728e-02 7.302100000000000000e+04
1.363367102918640796e+02 1.068002492536524323e-01 -1.104663834629590960e-02 1.744202415288044483e-02 7.331700000000000000e+04
1.375918506772339640e+02 1.066364583215893003e-01 -1.213627482538748997e-02 1.605158249738468379e-02 7.579900000000000000e+04
1.388468863407906326e+02 1.057232207049049466e-01 -1.222058321762266829e-02 1.716573808376358964e-02 7.602100000000000000e+04
1.401035080486947493e+02 1.047364542601705445e-01 -1.205663691560782819e-02 1.583114458992451734e-02 7.875300000000000000e+04
1.413624991321743494e+02 1.036173814259501724e-01 -1.104217297600732298e-02 1.369872759376516633e-02 7.929100000000000000e+04
1.426203801934984199e+02 1.020805938083601816e-01 -1.036352048831818383e-02 1.263346386167335349e-02 8.112900000000000000e+04
1.438783650234285290e+02 1.010583169504654377e-01 -9.234662201733943171e-03 1.027857782717837495e-02 8.244100000000000000e+04
1.451366761519622628e+02 9.954786080232476408e-02 -8.190550605919293473e-03 1.071521011530568446e-02 8.394900000000000000e+04
1.463930536541869856e+02 9.874247534093004430e-02 -7.857826039559246550e-03 7.154216983410065754e-03 8.512300000000000000e+04
1.476501598096984651e+02 9.802583783902277248e-02 -7.326689492816926101e-03 9.252167300389833177e-03 8.692900000000000000e+04
1.489053168423187401e+02 9.753985908327972298e-02 -8.482914892850841257e-03 1.110835217260646053e-02 8.778900000000000000e+04
1.501574220388542358e+02 9.834366122800967946e-02 -1.094017720400845654e-02 1.367997938438214600e-02 8.962300000000000000e+04
1.514151693063209052e+02 9.853823026009771169e-02 -1.260711330055348280e-02 1.671509240968744106e-02 9.134100000000000000e+04
1.526728246720191464e+02 1.000061962487656247e-01 -1.736661055384904062e-02 2.241939861072141452e-02 9.284500000000000000e+04
1.539292591972453295e+02 1.016402934336390756e-01 -2.085595874492878615e-02 2.923814432025913235e-02 9.408700000000000000e+04
1.551878973035082652e+02 1.027070102988647121e-01 -2.501230432967922052e-02 3.405453015380612014e-02 9.633300000000000000e+04
1.564465828397917164e+02 1.043755648664962954e-01 -2.946200000280508810e-02 3.955473162372299956e-02 9.724900000000000000e+04
1.577062987304047965e+02 1.059251595267974855e-01 -3.274169071513287343e-02 4.415649823189907869e-02 9.950100000000000000e+04
1.589579313395904308e+02 1.074293497589706992e-01 -3.640546499297250826e-02 4.912618810108378142e-02 9.928300000000000000e+04
1.602098219318470740e+02 1.083657227569454484e-01 -3.830916551964730354e-02 5.119521703080014835e-02 1.025370000000000000e+05
1.614672334028584828e+02 1.071479070433705022e-01 -3.570305186836456729e-02 4.239679612494062083e-02 1.022830000000000000e+05
1.627244999009042203e+02 1.050748206188085038e-01 -3.057122883512775058e-02 2.293736864665622821e-02 1.021060000000000000e+05
1.639830070159940192e+02 1.038193177252764582e-01 -2.776876480263169508e-02 8.707114847526538706e-03 1.007340000000000000e+05
1.652386377343450476e+02 1.018394793452385289e-01 -2.572960163481432042e-02 -9.824827139019899278e-03 9.999400000000000000e+04
1.664974976720961592e+02 1.002324055690516080e-01 -2.361302912251597719e-02 -2.314217413696237000e-02 9.936000000000000000e+04
1.677586624769533330e+02 9.894781778102659797e-02 -2.235974075449380025e-02 -3.635022949872018100e-02 9.860800000000000000e+04
1.690117737071392412e+02 9.831757218224695949e-02 -2.079935781611806644e-02 -4.543596374031556168e-02 9.625200000000000000e+04
1.702646109444544038e+02 9.793434207491112653e-02 -2.056529966787423030e-02 -5.598412846456153613e-02 9.640000000000000000e+04
1.715227950786405131e+02 9.718527159564098461e-02 -2.002804932564407336e-02 -6.569556344843760498e-02 9.539800000000000000e+04
1.727802559577145587e+02 9.626623312693674550e-02 -1.954560009869257819e-02 -7.317847949144112851e-02 9.402000000000000000e+04
1.740354349209307543e+02 9.626271159436283753e-02 -1.931685389388959964e-02 -8.174122109034734351e-02 9.316000000000000000e+04
1.752911521140869979e+02 9.602936662741134999e-02 -1.842839701197283506e-02 -8.745178713316778540e-02 9.177600000000000000e+04
1.765491561061322159e+02 9.655096497272681877e-02 -1.787471171127047107e-02 -9.474711311998150476e-02 9.137800000000000000e+04
1.778055987080381328e+02 9.614532846041820568e-02 -1.770382707091778737e-02 -1.001806795446632536e-01 8.949000000000000000e+04
1.790597942980182324e+02 9.605154107070436320e-02 -1.769778147104380389e-02 -1.073980328434266801e-01 8.845000000000000000e+04
1.803174288984025964e+02 9.591689534687179719e-02 -1.785405761464143107e-02 -1.137550068140863596e-01 8.794600000000000000e+04
1.815747568341562896e+02 9.544713004875758633e-02 -1.753956429911854992e-02 -1.193634792830639835e-01 8.575200000000000000e+04
1.828323390665805164e+02 9.538281419138402994e-02 -1.661998356021177764e-02 -1.260897893831985361e-01 8.574400000000000000e+04
1.840900474267152731e+02 9.547535789518361848e-02 -1.583775182463421916e-02 -1.323042242655510514e-01 8.322000000000000000e+04
1.853471175230410779e+02 9.486059476554763170e-02 -1.401475736766179779e-02 -1.374900506285876844e-01 8.302000000000000000e+04
1.866059988998500785e+02 9.546417742085984426e-02 -1.399781201931292809e-02 -1.424697832695268618e-01 8.106400000000000000e+04
1.878624598567711246e+02 9.548432865814290849e-02 -1.262358834828384256e-02 -1.476070022203469778e-01 7.983000000000000000e+04
1.891162027606625315e+02 9.524045792032646840e-02 -1.180633901362380597e-02 -1.526916344221873334e-01 7.823800000000000000e+04
1.903715304842039018e+02 9.551959231718709642e-02 -1.145057880802623912e-02 -1.583436779833167773e-01 7.715400000000000000e+04
1.916263259685760261e+02 9.550060201450313868e-02 -1.157627221135417231e-02 -1.611873680339749038e-01 7.546600000000000000e+04
1.928852265090937692e+02 9.575509814327701208e-02 -1.069068714380643458e-02 -1.671438890039690373e-01 7.480200000000000000e+04
1.941448127524108713e+02 9.510142468672228011e-02 -8.639208305225236362e-03 -1.733286863978711623e-01 7.258000000000000000e+04
1.953988342212017528e+02 9.579628684684851625e-02 -7.899250394034416228e-03 -1.773432227404745098e-01 7.133800000000000000e+04
1.966542794450352005e+02 9.645990093571939206e-02 -7.220038428787710870e-03 -1.829852616091104667e-01 6.964200000000000000e+04
1.979092266982680428e+02 9.707819629143311924e-02 -5.513673873749740280e-03 -1.889534662703967749e-01 6.832600000000000000e+04
1.991660246440812898e+02 9.704662079177296674e-02 -3.636715972084044336e-03 -1.940318965609890978e-01 6.674400000000000000e+04
2.004253393793312057e+02 9.769735911136386008e-02 -2.755313298522121205e-03 -1.994443584689401250e-01 6.533800000000000000e+04
2.016784735539275175e+02 9.871380737310654629e-02 -3.335700957916456696e-03 -2.033909450497896898e-01 6.315600000000000000e+04
2.029350672537293860e+02 9.864481999582927485e-02 -1.734802281799698075e-03 -2.097493552502993908e-01 6.214000000000000000e+04
2.041958407917217926e+02 9.876985841035339220e-02 -7.906477216851732180e-04 -2.155333635234761847e-01 6.051400000000000000e+04
2.054489305546373430e+02 9.880741459962512352e-02 1.816481582016980182e-04 -2.207101294287042159e-01 5.799000000000000000e+04
2.067059697346346923e+02 1.004737984031642412e-01 -9.290600653111315017e-04 -2.243220655718926038e-01 5.742400000000000000e+04
2.079686463241380636e+02 1.008268153099082520e-01 1.614623807987117894e-03 -2.332956142381729936e-01 5.518200000000000000e+04
2.092240498115034200e+02 1.008819003053554458e-01 4.770558641720438336e-03 -2.408172640386644636e-01 5.306800000000000000e+04
2.104747524357310056e+02 1.034510130705286329e-01 4.735565851631392750e-03 -2.476084513642073104e-01 5.152800000000000000e+04
2.117284300737427145e+02 1.045796344356625246e-01 5.128975110037134813e-03 -2.536385956385080465e-01 4.954600000000000000e+04
2.129897092449166394e+02 1.067232370158138349e-01 6.699297250386098031e-03 -2.602780544989839462e-01 4.846600000000000000e+04
2.142461088222216574e+02 1.075871236317645224e-01 8.973761014649951628e-03 -2.715397249297274995e-01 4.566600000000000000e+04
2.154991267048335430e+02 1.093023388150004688e-01 8.271014892075963590e-03 -2.745108604373061034e-01 4.423000000000000000e+04
2.167576737707308894e+02 1.114194004755240386e-01 5.745015306482130490e-03 -2.789659587103291982e-01 4.254000000000000000e+04
2.180187492257003612e+02 1.120975069323599527e-01 5.337922551428003239e-03 -2.853308312049566142e-01 4.022200000000000000e+04
2.192716419366039702e+02 1.132871631892686942e-01 6.507707996189488267e-03 -2.911563527624322356e-01 3.842200000000000000e+04
2.205264883274588783e+02 1.147505339280732450e-01 5.273489830444046123e-03 -3.006801719621763347e-01 3.624600000000000000e+04
2.217837768228446578e+02 1.162132447065210433e-01 2.483607088382386568e-03 -2.996656164579684090e-01 3.455200000000000000e+04
2.230378334292167892e+02 1.189280640577386611e-01 4.174857113421485445e-03 -3.156037776900622593e-01 3.213600000000000000e+04
2.242906184963572684e+02 1.202647752290106897e-01 3.729514893095740771e-03 -3.243107554215144406e-01 3.029200000000000000e+04
2.255466598069948532e+02 1.223340726140644541e-01 4.551011633585119037e-03 -3.355519295295725790e-01 2.830200000000000000e+04
2.268048836408461852e+02 1.256099111839190929e-01 3.928976216298358387e-03 -3.504542335689408428e-01 2.605600000000000000e+04
2.280630934549591871e+02 1.274472947110404653e-01 3.858427578804939518e-03 -3.618806779947121299e-01 2.421100000000000000e+04
2.293173032152455733e+02 1.279345103355019053e-01 5.128240229187543131e-03 -3.731367196249734119e-01 2.220600000000000000e+04
2.305717649947762879e+02 1.289491556608886869e-01 2.551645764216934915e-03 -3.803032869683283246e-01 2.088400000000000000e+04
2.318305151004514073e+02 1.301928122148172384e-01 2.346604685212290084e-03 -3.873120829648283303e-01 1.939200000000000000e+04
2.330863040701019031e+02 1.312718636779461601e-01 1.228706602795300203e-03 -3.957570152785171436e-01 1.805800000000000000e+04
2.343374022963313905e+02 1.332816855590041039e-01 -1.143367886790235162e-03 -4.029943058945978929e-01 1.674600000000000000e+04
2.356000500071500596e+02 1.339403569880832368e-01 -2.373273340775229015e-04 -4.120460122042061690e-01 1.589800000000000000e+04
2.368667134646864554e+02 1.373290330693460182e-01 -1.420408749758917885e-03 -4.254482655084007026e-01 1.457800000000000000e+04
2.381178636277435885e+02 1.382988320132131910e-01 -2.341544739095543105e-03 -4.308653195251085366e-01 1.344300000000000000e+04
2.393647931429890434e+02 1.392081416054794796e-01 -2.561023741604370740e-03 -4.387582977769556858e-01 1.251100000000000000e+04
2.406343355115917007e+02 1.434290653731072063e-01 -3.735009232567181297e-03 -4.557376708396085330e-01 1.191900000000000000e+04
2.418994177264391681e+02 1.448231280590173142e-01 -3.640345475514812114e-03 -4.634177582108569005e-01 1.063900000000000000e+04
2.431349487982454320e+02 1.485571833877028791e-01 -3.347912691532097841e-03 -4.796280640874993617e-01 9.775000000000000000e+03
2.443965980831335116e+02 1.524716076754390748e-01 -3.019638762905070984e-03 -4.964699422503382475e-01 9.423000000000000000e+03
2.456756265845070857e+02 1.562072972100600754e-01 -2.210520014458559022e-03 -5.130312224011761568e-01 8.449000000000000000e+03
2.469243323478575007e+02 1.619064892222424612e-01 -2.140917742629724202e-03 -5.357001480495213741e-01 7.596000000000000000e+03
2.481536551602712279e+02 1.654209709870841649e-01 -3.428459815520440695e-03 -5.471207866774304707e-01 6.931000000000000000e+03
2.494158029429593455e+02 1.684547417514093703e-01 -2.106707164044435351e-03 -5.633629426458749423e-01 6.612000000000000000e+03
2.506963696325555020e+02 1.757463077260203732e-01 -1.652412679126600030e-03 -5.906323291110744389e-01 5.899000000000000000e+03
2.519449222644772135e+02 1.812978953605054733e-01 -1.200785102742107143e-03 -6.119705317889555518e-01 5.176000000000000000e+03
2.531895657100337758e+02 1.886749316446292846e-01 1.950250360540526848e-04 -6.408737315047222660e-01 4.824000000000000000e+03
2.544617257881764374e+02 1.949463729489826214e-01 2.078496870968113538e-04 -6.649898892441442610e-01 4.312000000000000000e+03
2.557264633179815121e+02 2.013289678020957763e-01 -6.362372918347247892e-04 -6.873701190621097634e-01 3.819000000000000000e+03
2.569476439121356748e+02 2.076692542905835548e-01 7.638964991410122874e-04 -7.127350481134961946e-01 3.220000000000000000e+03
2.581972589300593768e+02 2.089900449072241428e-01 -1.727811144533210807e-03 -7.172399247055939453e-01 3.132000000000000000e+03
2.595103349312090018e+02 2.194319786767077174e-01 -1.110940152782707207e-03 -7.563125429509547359e-01 2.680000000000000000e+03
2.607795042361089486e+02 2.295432939170840569e-01 1.060035751378564969e-04 -7.944162478054683785e-01 2.218000000000000000e+03
2.619340336595732879e+02 2.229535915663195256e-01 -1.665679659216676460e-03 -7.695585315449442465e-01 1.728000000000000000e+03
2.631766295504909294e+02 2.508340976142087730e-01 1.924609894779968954e-03 -8.731785371106762783e-01 1.816000000000000000e+03
2.645411559718015724e+02 2.693732809239439141e-01 3.902637980542831859e-03 -9.411434778368689136e-01 1.476000000000000000e+03
2.658441287525172356e+02 2.727955273434152228e-01 5.630410382826478606e-03 -9.556390941955555940e-01 1.108000000000000000e+03
2.669256670525048776e+02 2.887392417440047265e-01 7.957830440402624897e-03 -1.013244847181492103e+00 7.560000000000000000e+02
2.681606255113911175e+02 2.961869573898061048e-01 7.933138863554237835e-03 -1.041322437451692728e+00 8.440000000000000000e+02
2.695807861675655204e+02 2.855231795873771072e-01 8.115090019478188310e-03 -1.004915652373088664e+00 6.280000000000000000e+02
2.709593846505733268e+02 2.788553367775101210e-01 4.659891249994699627e-03 -9.790296003755276644e-01 4.050000000000000000e+02
2.719861120642618175e+02 2.757317558016814107e-01 7.506631558987182651e-03 -9.709338514012814114e-01 2.020000000000000000e+02
2.731403032438974492e+02 2.297323656713789464e-01 4.129718693096296606e-03 -8.073622151787108736e-01 2.280000000000000000e+02
2.745620747168304661e+02 2.354014660008601767e-01 1.224967545999948578e-03 -8.246823873998947452e-01 1.240000000000000000e+02
2.759710723466460536e+02 2.060865893235399593e-01 2.003574681542213878e-03 -7.231021468599498903e-01 5.200000000000000000e+01
2.771523413486430627e+02 9.774240875981343724e-02 -8.527398526790241581e-05 -3.419772937626616716e-01 9.000000000000000000e+00
2.780568632628354635e+02 1.791050564661323674e-01 2.484384120943518343e-06 -6.268420162961324538e-01 4.000000000000000000e+00
