1.779928244939390725e+00 3.905188391584314411e-01 3.580197114520714680e-02 -2.818682241300015656e-01 1.300000000000000000e+01
3.015824433013115424e+00 9.416968994080505972e-02 -9.154781548568472621e-03 -2.444892715816467110e-02 3.300000000000000000e+01
4.289580372913673223e+00 4.123974390160096981e-02 -5.546955950610060401e-03 -1.778168124203451453e-02 7.900000000000000000e+01
5.567321552978553356e+00 2.608238970040261187e-02 2.141760034968828112e-03 -1.355218299325277069e-03 1.170000000000000000e+02
6.870199571606820932e+00 1.350358001014513414e-02 8.744391642116196382e-04 1.333445243447967891e-03 2.050000000000000000e+02
8.095773522851491322e+00 1.095352201514943578e-02 1.214554615982680079e-03 1.388704700060003176e-03 2.350000000000000000e+02
9.353433367151358979e+00 8.008827755632899614e-03 1.600442172614498747e-03 2.246982483408432440e-03 3.690000000000000000e+02
1.061645020353190283e+01 6.169990050325224219e-03 1.738395691743002290e-03 1.627887311667927531e-03 4.330000000000000000e+02
1.189072488188118015e+01 4.571387964096479406e-03 4.455484799652140952e-04 8.929719854059214651e-04 5.850000000000000000e+02
1.315244962917758365e+01 3.649459318860193754e-03 5.689329012492929348e-04 1.440994309272359370e-03 6.790000000000000000e+02
1.439326581339747158e+01 3.069928765783215031e-03 9.405708065638857234e-04 8.700131270889267235e-04 8.130000000000000000e+02
1.565572183137669526e+01 2.563784482463333115e-03 4.475380665150098460e-04 3.794388498329368865e-04 9.850000000000000000e+02
1.694079789166907801e+01 2.215232458761207980e-03 7.173059898722422296e-04 1.133388503866428112e-03 1.183000000000000000e+03
1.819370924105474074e+01 1.856529197747962311e-03 2.726157031080410050e-04 6.238214157083112965e-04 1.269000000000000000e+03
1.944157955366042501e+01 1.694930007969699427e-03 4.616954653952163733e-04 6.961834988627496786e-04 1.537000000000000000e+03
2.069526077918732909e+01 1.410577681344939984e-03 3.034945066957017452e-04 7.729819604290197928e-04 1.653000000000000000e+03
2.195152888509118227e+01 1.322977656053853091e-03 3.139843971423082508e-04 6.185307994970620348e-04 1.963000000000000000e+03
2.321086169560186363e+01 1.122471051169048918e-03 3.286837814265126056e-04 5.989337751559885032e-04 2.121000000000000000e+03
2.447339333074970469e+01 1.038948862937342718e-03 2.391486895346135516e-04 6.295365854338182696e-04 2.413000000000000000e+03
2.573634526180587656e+01 9.195958429392727925e-04 2.264608544185914849e-04 5.142592176603037182e-04 2.635000000000000000e+03
2.699001603328161281e+01 8.249956596323520207e-04 1.669819069159293918e-04 5.637043927729978778e-04 2.877000000000000000e+03
2.823899117684295135e+01 7.485099294935217140e-04 1.173198905509945805e-04 3.972739259809840179e-04 3.169000000000000000e+03
2.950267151494936613e+01 6.705057317682404632e-04 1.610308045739766649e-04 4.304313353608512304e-04 3.507000000000000000e+03
3.075730148504536743e+01 6.067302610930761821e-04 1.094505171493966202e-04 3.375193736913539486e-04 3.685000000000000000e+03
3.201315088102220585e+01 5.652535184887137049e-04 1.025224549774354251e-04 3.321528176756907745e-04 4.165000000000000000e+03
3.327982337374160693e+01 5.079978120354231106e-04 7.504433673374244734e-05 3.266810159018419617e-04 4.377000000000000000e+03
3.454391291552884979e+01 4.707262575910848884e-04 8.778711902673793374e-05 2.849542139213838312e-04 4.855000000000000000e+03
3.579530426754168815e+01 4.414335272524574330e-04 7.333653006927313305e-05 2.799034060073114501e-04 4.929000000000000000e+03
3.704707381295703783e+01 3.991215008713297659e-04 4.180422188354983808e-05 2.207478202121022904e-04 5.581000000000000000e+03
3.829613574682314692e+01 3.669586337132185305e-04 5.909346037048722027e-05 2.145538852463584262e-04 5.679000000000000000e+03
3.955779737303070931e+01 3.480716142552970531e-04 3.654078081335958560e-05 1.687520858053607141e-04 6.385000000000000000e+03
4.081875470895448643e+01 3.262166766939499475e-04 5.625805068959975722e-05 1.971944108691444351e-04 6.553000000000000000e+03
4.207878605219691792e+01 3.055901441898102176e-04 5.391298821492775025e-05 1.929880641652176299e-04 7.125000000000000000e+03
4.333819419644603244e+01 2.886202016369474933e-04 4.697146723475087725e-05 1.756743153693557781e-04 7.447000000000000000e+03
4.459400562432303872e+01 2.661426472721289895e-04 5.296951738988510649e-05 1.733042999844590869e-04 7.929000000000000000e+03
4.585240054172683699e+01 2.557683289533547576e-04 3.684077290758018856e-05 1.486514438615713822e-04 8.353000000000000000e+03
4.710283016733624351e+01 2.399595768919496135e-04 3.558883047723498049e-05 1.511034653201515305e-04 8.775000000000000000e+03
4.835821167635717899e+01 2.316348714443977749e-04 4.233339025569317468e-05 1.605880377604278425e-04 9.313000000000000000e+03
4.961713078879238736e+01 2.196047551746344755e-04 4.031454355483311559e-05 1.341537234167958421e-04 9.841000000000000000e+03
5.086984513745908743e+01 2.085106656768030893e-04 3.448988923833725637e-05 1.431846924223744864e-04 1.019100000000000000e+04
5.212668503769609885e+01 1.973455086063969363e-04 2.866799738567563492e-05 1.171557993212756036e-04 1.089700000000000000e+04
5.338514741793920848e+01 1.866658144055787579e-04 2.074064431472409344e-05 1.215224485596945757e-04 1.130100000000000000e+04
5.464846686282311339e+01 1.790579703118623967e-04 3.069727844742615525e-05 1.124763582762716994e-04 1.202500000000000000e+04
5.591059360168831915e+01 1.717795618615875798e-04 2.193554256946177020e-05 1.058704483930346716e-04 1.242300000000000000e+04
5.716732584628986302e+01 1.643175054199384104e-04 1.958095876082949230e-05 1.055537106615448946e-04 1.302100000000000000e+04
5.841752542788622549e+01 1.583967068956914433e-04 1.698803530239010459e-05 9.344459487714643900e-05 1.340500000000000000e+04
5.966899688879644970e+01 1.488734570174012951e-04 1.858501905918952504e-05 8.891832612905100220e-05 1.424700000000000000e+04
6.092765278814394492e+01 1.432161127940142467e-04 2.241804490175404869e-05 8.919060697127664382e-05 1.471300000000000000e+04
6.218558254006394037e+01 1.399044904264239663e-04 1.821190874761697428e-05 8.309452791538594050e-05 1.548900000000000000e+04
6.344336343236795983e+01 1.341474908705803906e-04 2.169064838406822138e-05 8.106405336124373627e-05 1.591300000000000000e+04
6.470375135888845364e+01 1.305740779052751675e-04 1.455010499861127441e-05 8.086815363332550209e-05 1.687900000000000000e+04
6.596336435100791107e+01 1.242523257051848708e-04 2.152166747430783939e-05 7.702730077357526877e-05 1.719300000000000000e+04
6.722352858914312890e+01 1.202259033798218845e-04 1.197124047976655532e-05 7.041649222498192265e-05 1.815700000000000000e+04
6.847400751418547316e+01 1.162686549226856555e-04 1.272972529385425689e-05 7.110242699247150270e-05 1.833900000000000000e+04
6.972956385332538787e+01 1.120935231673038298e-04 1.411423636672150129e-05 6.933733677735767331e-05 1.957300000000000000e+04
7.098823228822635656e+01 1.091654346019017916e-04 9.843027643428589395e-06 5.723780203539959553e-05 1.994100000000000000e+04
7.223833870842079818e+01 1.062261332598615559e-04 9.895944975671541033e-06 6.804459142175160703e-05 2.062900000000000000e+04
7.349534179127144284e+01 1.010076999802530585e-04 9.663429920850371736e-06 5.628153589621116739e-05 2.165500000000000000e+04
7.475295590555181491e+01 9.872421133014831231e-05 9.261463088891825010e-06 6.224508165314568203e-05 2.211300000000000000e+04
7.601308062950263889e+01 9.516540839528800681e-05 7.916273888833630406e-06 6.034452941177470369e-05 2.318500000000000000e+04
7.727079722519646054e+01 9.148222327112933002e-05 9.542549156479033259e-06 5.348781214183806503e-05 2.366700000000000000e+04
7.852280362728899377e+01 8.860814395226394369e-05 9.789579700191184541e-06 5.814837176063703114e-05 2.438500000000000000e+04
7.978529000643868585e+01 8.673765269905193086e-05 8.461676373328002890e-06 5.242033574321169128e-05 2.574900000000000000e+04
8.104146489153656319e+01 8.368094607220339189e-05 7.388887522974057339e-06 5.057694769030466779e-05 2.567500000000000000e+04
8.229832955140953743e+01 8.150984204501357207e-05 8.280029950052050108e-06 4.684112920684325749e-05 2.740900000000000000e+04
8.355628544232982335e+01 7.941637070201899449e-05 7.153336437023313432e-06 4.874547504915024656e-05 2.740500000000000000e+04
8.480801297450261700e+01 7.663027718121752970e-05 8.222118397891876721e-06 4.567767356589448998e-05 2.871700000000000000e+04
8.606851380540383900e+01 7.541828419337993136e-05 4.975123473041338532e-06 4.190650958233898047e-05 2.959500000000000000e+04
8.732717120511250641e+01 7.279037645603406972e-05 5.160123654296176491e-06 3.993339820280690180e-05 3.030100000000000000e+04
8.857992366441526144e+01 7.095755248568410623e-05 6.175071501961728227e-06 3.798951009805836843e-05 3.110100000000000000e+04
8.983268837059718237e+01 6.967691524997903798e-05 3.591753075934749769e-06 3.729860402840610360e-05 3.202300000000000000e+04
9.108828292509464575e+01 6.820770724767576771e-05 5.694891886342345196e-06 3.716183298089099511e-05 3.297700000000000000e+04
9.235268940602115606e+01 6.594916235523875180e-05 5.801964330644060651e-06 3.649911933414302841e-05 3.444900000000000000e+04
9.361288484047420866e+01 6.453637570067471984e-05 5.171649740072903464e-06 3.471480730614832320e-05 3.454900000000000000e+04
9.486970485528730990e+01 6.291697386084254585e-05 6.525337706593923622e-06 3.467495447489397876e-05 3.611100000000000000e+04
9.612712273630799586e+01 6.165943625743372926e-05 4.416815694522764354e-06 3.224648553810589201e-05 3.654100000000000000e+04
9.738038516777393738e+01 6.042772725961744623e-05 5.100990733145141746e-06 3.065513228577881790e-05 3.771700000000000000e+04
9.863394199199912293e+01 5.842928112225922565e-05 4.989758250250998758e-06 3.174023556296525655e-05 3.861900000000000000e+04
9.989013494289071105e+01 5.714447789826552354e-05 4.112652167712064438e-06 3.114015022838036428e-05 3.966100000000000000e+04
1.011431810267084188e+02 5.638972603739070174e-05 3.616877235424264987e-06 2.953715699610813238e-05 4.054500000000000000e+04
1.023984799253618974e+02 5.526921439492165874e-05 4.751231811110170843e-06 2.977416636396502670e-05 4.181500000000000000e+04
1.036625219553681205e+02 5.366784419610151895e-05 4.113205845204306662e-06 2.872233828117557692e-05 4.312500000000000000e+04
1.049217927605819938e+02 5.281983209583091519e-05 4.091176113189617602e-06 2.809463560199280328e-05 4.368100000000000000e+04
1.061751461696667320e+02 5.173815661094244734e-05 3.805777957467483019e-06 2.595420047543453443e-05 4.462900000000000000e+04
1.074314705589345209e+02 5.077723219795483189e-05 3.075113713098033139e-06 2.564818704672705088e-05 4.622700000000000000e+04
1.086915912756758331e+02 4.972363525404704297e-05 2.831490085731937100e-06 2.552384598234258887e-05 4.690900000000000000e+04
1.099486130478443471e+02 4.852924981323391033e-05 2.781997907402802211e-06 2.536479877710828292e-05 4.823700000000000000e+04
1.111987485500355604e+02 4.796778671996958915e-05 3.048654342770716443e-06 2.491267559845567676e-05 4.858300000000000000e+04
1.124570935321931415e+02 4.702679274368859854e-05 2.746164771241493610e-06 2.397894197791818307e-05 5.099700000000000000e+04
1.137202307445453187e+02 4.604767633696897535e-05 2.368881912696404993e-06 2.425710899235830237e-05 5.139700000000000000e+04
1.149760917884415790e+02 4.534606921792036553e-05 3.101466811283850340e-06 2.246356619167703706e-05 5.248900000000000000e+04
1.162310042068111926e+02 4.473952966587887834e-05 2.564154295445046209e-06 2.270713664995517713e-05 5.378700000000000000e+04
1.174878899332193640e+02 4.390716500155807605e-05 2.741754642573850582e-06 2.146701826577458041e-05 5.491300000000000000e+04
1.187435244059379897e+02 4.300436967195822981e-05 1.739150968265469254e-06 2.166811247474575771e-05 5.597700000000000000e+04
1.199994390958736403e+02 4.236053023517360626e-05 1.635002073756010170e-06 2.093010647571510039e-05 5.741500000000000000e+04
1.212535823024855404e+02 4.187715615721885508e-05 2.344350127403721720e-06 2.061137471812776614e-05 5.810500000000000000e+04
1.225093915288906885e+02 4.078451067665201540e-05 2.072401728188609009e-06 2.035718567247704578e-05 6.003300000000000000e+04
1.237695546608302948e+02 3.995660850224692380e-05 1.194089788817273231e-06 1.976978842050676450e-05 6.094900000000000000e+04
1.250262113487579825e+02 3.933706947487427169e-05 1.880898947761560500e-06 1.979298708257087861e-05 6.223500000000000000e+04
1.262805490076642059e+02 3.916182648267515826e-05 1.122710115596739601e-06 2.015268918007290022e-05 6.322900000000000000e+04
1.275400712546411057e+02 3.818586132917299841e-05 1.556339449770531563e-06 1.913723586064355656e-05 6.513300000000000000e+04
1.287971556662911325e+02 3.791758926622676592e-05 1.825088301612979239e-06 1.870014879260130771e-05 6.570700000000000000e+04
1.300537083433222278e+02 3.722116662223249928e-05 1.531757404765364313e-06 1.893070082382212847e-05 6.756100000000000000e+04
1.313117223539807696e+02 3.666853313986561064e-05 1.663735161067514048e-06 1.994561637986401543e-05 6.850500000000000000e+04
1.325673856471850627e+02 3.628075086529081346e-05 1.595650312575903621e-06 1.927554990951467758e-05 6.994300000000000000e+04
1.338237088992438828e+02 3.564688850189860509e-05 1.321566207566855518e-06 1.852252454484427352e-05 7.109700000000000000e+04
1.350814039715121169e+02 3.516448902196578873e-05 1.756643147464968962e-06 1.905360229483610458e-05 7.302100000000000000e+04
1.363367102918640796e+02 3.498732541702901912e-05 9.810421802795938453e-07 1.866976746895081111e-05 7.331700000000000000e+04
1.375918506772339640e+02 3.460347077195947480e-05 1.487556880717641702e-06 1.877988356273019730e-05 7.579900000000000000e+04
1.388468863407906326e+02 3.426051648254676771e-05 1.575589844135015575e-06 1.894989620367816457e-05 7.602100000000000000e+04
1.401035080486947493e+02 3.377883046528549577e-05 7.971088402546428230e-07 1.875538856998631266e-05 7.875300000000000000e+04
1.413624991321743494e+02 3.363463756761457855e-05 5.609264717724872626e-07 1.920373548932917810e-05 7.929100000000000000e+04
1.426203801934984199e+02 3.303289728329375920e-05 8.342846980763156292e-07 1.960540559974062531e-05 8.112900000000000000e+04
1.438783650234285290e+02 3.297879849060394753e-05 1.151337607966832668e-06 1.988933991172746994e-05 8.244100000000000000e+04
1.451366761519622628e+02 3.271943615954009453e-05 1.118443893809081042e-06 2.085737150647099623e-05 8.394900000000000000e+04
1.463930536541869856e+02 3.257284929064445649e-05 1.207787918463305538e-06 2.045792336766672165e-05 8.512300000000000000e+04
1.476501598096984651e+02 3.244360085186890453e-05 1.679657836784889242e-06 2.142035149339185866e-05 8.692900000000000000e+04
1.489053168423187401e+02 3.198065100168510385e-05 1.002772708088882398e-06 2.137220226105667980e-05 8.778900000000000000e+04
1.501574220388542358e+02 3.208010193969593334e-05 1.100673724375074320e-06 2.237603903063362814e-05 8.962300000000000000e+04
1.514151693063209052e+02 3.168486275023682899e-05 1.024074804374837431e-06 2.207402215107763936e-05 9.134100000000000000e+04
1.526728246720191464e+02 3.179100788676795418e-05 8.194716646308708467e-07 2.309903862918464608e-05 9.284500000000000000e+04
1.539292591972453295e+02 3.165462512562236053e-05 7.864622684569484780e-07 2.438187770020168815e-05 9.408700000000000000e+04
1.551878973035082652e+02 3.167385919010466921e-05 9.688790941858169264e-07 2.504953675264716447e-05 9.633300000000000000e+04
1.564465828397917164e+02 3.166807674941414524e-05 1.499745712003138498e-06 2.557990795081010392e-05 9.724900000000000000e+04
1.577062987304047965e+02 3.144518453306747779e-05 1.085856341189921276e-06 2.606156778123018414e-05 9.950100000000000000e+04
1.589579313395904308e+02 3.162526232634019826e-05 1.566095765219760492e-06 2.732457627790825766e-05 9.928300000000000000e+04
1.602098219318470740e+02 3.157870770930460623e-05 7.185891204080385498e-07 2.709663179488098185e-05 1.025370000000000000e+05
1.614672334028584828e+02 3.103689811878850577e-05 1.734075843601117454e-06 2.403155115999132160e-05 1.022830000000000000e+05
1.627244999009042203e+02 3.006495313243130320e-05 1.454660571875818340e-06 1.603518170857412946e-05 1.021060000000000000e+05
1.639830070159940192e+02 2.928788580974400586e-05 5.276265812367852074e-07 1.033784889298887820e-05 1.007340000000000000e+05
1.652386377343450476e+02 2.852348702239650998e-05 2.190230439662263506e-07 4.248495274491779357e-06 9.999400000000000000e+04
1.664974976720961592e+02 2.813272209789663522e-05 1.028723226560458994e-09 3.178102692112397283e-07 9.936000000000000000e+04
1.677586624769533330e+02 2.749530750337351336e-05 -1.521006240674791238e-07 -4.048742919094462203e-06 9.860800000000000000e+04
1.690117737071392412e+02 2.706323586394650225e-05 -5.707625294759569442e-07 -7.661245054626456013e-06 9.625200000000000000e+04
1.702646109444544038e+02 2.666535183105979626e-05 -2.523857640432053359e-07 -1.065897021669068114e-05 9.640000000000000000e+04
1.715227950786405131e+02 2.637496131878948338e-05 -1.613190545250431405e-07 -1.309435842058575112e-05 9.539800000000000000e+04
1.727802559577145587e+02 2.597541021321012519e-05 -4.141144280290188879e-07 -1.596685231551880715e-05 9.402000000000000000e+04
1.740354349209307543e+02 2.578374152506050855e-05 -4.545036080334514739e-08 -1.831551173009890487e-05 9.316000000000000000e+04
1.752911521140869979e+02 2.535553770385352273e-05 -4.741336603754981890e-07 -2.031489578725400417e-05 9.177600000000000000e+04
1.765491561061322159e+02 2.528344491452606688e-05 -5.728880836619129680e-07 -2.186067222140608337e-05 9.137800000000000000e+04
1.778055987080381328e+02 2.506342823192807796e-05 -5.625832440454842011e-07 -2.404456069097912145e-05 8.949000000000000000e+04
1.790597942980182324e+02 2.498211910358812929e-05 -7.143076004650816752e-07 -2.588439799343029074e-05 8.845000000000000000e+04
1.803174288984025964e+02 2.474190082238590232e-05 -5.770558823545808010e-07 -2.794125634393686012e-05 8.794600000000000000e+04
1.815747568341562896e+02 2.456737940449115870e-05 -4.948852885965152370e-07 -2.960967616344359587e-05 8.575200000000000000e+04
1.828323390665805164e+02 2.437736134031582693e-05 -4.520239895776548291e-07 -3.104920129343946388e-05 8.574400000000000000e+04
1.840900474267152731e+02 2.414891083084097311e-05 -3.088327573612972867e-07 -3.240791725595068838e-05 8.322000000000000000e+04
1.853471175230410779e+02 2.403974814932058974e-05 -2.756343803880435217e-07 -3.347241839456755477e-05 8.302000000000000000e+04
1.866059988998500785e+02 2.395381696522450748e-05 -5.490071248180373820e-07 -3.483382171593251743e-05 8.106400000000000000e+04
1.878624598567711246e+02 2.384089220847045691e-05 -3.347698628820671316e-07 -3.608947754973359617e-05 7.983000000000000000e+04
1.891162027606625315e+02 2.374199146321642615e-05 -9.744054139600811260e-07 -3.671849259794935218e-05 7.823800000000000000e+04
1.903715304842039018e+02 2.357392919973566874e-05 -7.005275643916413975e-07 -3.771936326940986286e-05 7.715400000000000000e+04
1.916263259685760261e+02 2.355384693839063839e-05 -6.719832896864469674e-07 -3.878011787824887414e-05 7.546600000000000000e+04
1.928852265090937692e+02 2.369149450262119432e-05 -7.356712620951198357e-07 -4.000356883192157127e-05 7.480200000000000000e+04
1.941448127524108713e+02 2.346707953880030411e-05 -1.013324940661790174e-06 -4.032312988794403507e-05 7.258000000000000000e+04
1.953988342212017528e+02 2.355597188751083588e-05 -9.097752205997923509e-07 -4.161562490216904665e-05 7.133800000000000000e+04
1.966542794450352005e+02 2.355934564146297357e-05 -1.246690842474993934e-06 -4.199963555687582698e-05 6.964200000000000000e+04
1.979092266982680428e+02 2.343038037218762935e-05 -8.104787856365611701e-07 -4.309906436610954435e-05 6.832600000000000000e+04
1.991660246440812898e+02 2.357936119141123139e-05 -1.136476552605000385e-06 -4.412024538463169275e-05 6.674400000000000000e+04
2.004253393793312057e+02 2.353214612703497283e-05 -7.960593211473982594e-07 -4.504937234633389577e-05 6.533800000000000000e+04
2.016784735539275175e+02 2.358672270285719843e-05 -9.296126000918838369e-07 -4.584444835685454937e-05 6.315600000000000000e+04
2.029350672537293860e+02 2.375400327332162967e-05 -8.975455183581107409e-07 -4.682772655690246188e-05 6.214000000000000000e+04
2.041958407917217926e+02 2.365549813222768958e-05 -6.683392942342415033e-07 -4.755030088174495823e-05 6.051400000000000000e+04
2.054489305546373430e+02 2.357020297602423941e-05 -6.257174049491164319e-07 -4.842426519540155027e-05 5.799000000000000000e+04
2.067059697346346923e+02 2.361390735431295705e-05 -9.108850861700488930e-07 -4.839678798487420506e-05 5.742400000000000000e+04
2.079686463241380636e+02 2.390250041563237593e-05 -5.920081587861041273e-07 -5.036733472604629257e-05 5.518200000000000000e+04
2.092240498115034200e+02 2.390783008590041360e-05 -5.712212122226943899e-07 -5.099342383213004794e-05 5.306800000000000000e+04
2.104747524357310056e+02 2.425568347015654618e-05 -2.391913370371981326e-07 -5.255228009648626867e-05 5.152800000000000000e+04
2.117284300737427145e+02 2.405018406954910801e-05 -3.507364141022469794e-07 -5.307278835762417298e-05 4.954600000000000000e+04
2.129897092449166394e+02 2.441108241375186243e-05 -2.072612867898928696e-07 -5.414461965915278124e-05 4.846600000000000000e+04
2.142461088222216574e+02 2.446731115382876122e-05 -4.559654783214500958e-07 -5.484819313956301186e-05 4.566600000000000000e+04
2.154991267048335430e+02 2.467802691681315555e-05 -2.648161832444699436e-07 -5.620635947324406249e-05 4.423000000000000000e+04
2.167576737707308894e+02 2.509898538164334267e-05 -3.771851026702729191e-07 -5.783849743527584260e-05 4.254000000000000000e+04
2.180187492257003612e+02 2.501891645646454998e-05 -6.397328186540616134e-07 -5.826337957787639465e-05 4.022200000000000000e+04
2.192716419366039702e+02 2.542586566349260769e-05 -5.662563964643348777e-07 -5.958234283344661532e-05 3.842200000000000000e+04
2.205264883274588783e+02 2.514976606871306231e-05 -6.462733699089581708e-07 -6.029213244772094069e-05 3.624600000000000000e+04
2.217837768228446578e+02 2.560384084104864913e-05 -4.958324741303666703e-07 -6.184390666600624042e-05 3.455200000000000000e+04
2.230378334292167892e+02 2.554745629632392112e-05 -4.557225473412177814e-07 -6.312497449707933194e-05 3.213600000000000000e+04
2.242906184963572684e+02 2.573756819180693630e-05 -3.119169901385532455e-07 -6.535931715483225867e-05 3.029200000000000000e+04
2.255466598069948532e+02 2.551811934373787673e-05 -2.485264791638780603e-07 -6.645954757191679994e-05 2.830200000000000000e+04
2.268048836408461852e+02 2.568823153594520037e-05 -1.893738784978400874e-07 -6.924520525093867348e-05 2.605600000000000000e+04
2.280630934549591871e+02 2.501761052440667284e-05 -4.962181504561701149e-07 -6.870725402039352383e-05 2.421100000000000000e+04
2.293173032152455733e+02 2.472665588011271974e-05 -3.044106554769098352e-07 -7.027070428841590663e-05 2.220600000000000000e+04
2.305717649947762879e+02 2.464187389754265165e-05 -1.345044856578011649e-07 -7.181504437700427131e-05 2.088400000000000000e+04
2.318305151004514073e+02 2.476181949317630664e-05 -4.007158603557346950e-07 -7.272421336077775252e-05 1.939200000000000000e+04
2.330863040701019031e+02 2.457757569276343109e-05 -1.511029156048472315e-07 -7.365065153218459579e-05 1.805800000000000000e+04
2.343374022963313905e+02 2.463920599249280044e-05 -3.743526274840025015e-08 -7.482659941917086603e-05 1.674600000000000000e+04
2.356000500071500596e+02 2.482617288010406084e-05 -1.589847478863146487e-08 -7.663156400628186890e-05 1.589800000000000000e+04
2.368667134646864554e+02 2.521979720213855526e-05 -1.774200395521714004e-07 -7.846722250234511374e-05 1.457800000000000000e+04
2.381178636277435885e+02 2.559357352445080803e-05 -1.375068389032372193e-07 -8.027127508638245621e-05 1.344300000000000000e+04
2.393647931429890434e+02 2.550824732160388792e-05 1.840757814434944998e-07 -8.135143533153885739e-05 1.251100000000000000e+04
2.406343355115917007e+02 2.552845854238357823e-05 -1.159600695018568366e-08 -8.198663521751797388e-05 1.191900000000000000e+04
2.418994177264391681e+02 2.579971703737693426e-05 4.164421475838833636e-07 -8.393345348294037843e-05 1.063900000000000000e+04
2.431349487982454320e+02 2.625117862317222252e-05 3.478073239545970980e-07 -8.603236539606359107e-05 9.775000000000000000e+03
2.443965980831335116e+02 2.701064429590785209e-05 4.717224757233604952e-07 -8.932000403324028633e-05 9.423000000000000000e+03
2.456756265845070857e+02 2.731441758457078670e-05 5.484698881647308132e-07 -9.091163849077736375e-05 8.449000000000000000e+03
2.469243323478575007e+02 2.826384317597593944e-05 3.404758960052119832e-07 -9.444147271235737550e-05 7.596000000000000000e+03
2.481536551602712279e+02 2.862162919217105039e-05 8.835157239316956467e-08 -9.566128129079349174e-05 6.931000000000000000e+03
2.494158029429593455e+02 2.886898184277516904e-05 1.238182451074147554e-07 -9.718999092670774838e-05 6.612000000000000000e+03
2.506963696325555020e+02 2.898018756135000676e-05 2.903021159426966842e-07 -9.812086772013176614e-05 5.899000000000000000e+03
2.519449222644772135e+02 2.941442899089925453e-05 4.566292220864510580e-07 -1.000891810850233294e-04 5.176000000000000000e+03
2.531895657100337758e+02 3.055097767831601522e-05 6.760632166783312476e-08 -1.038231795214807009e-04 4.824000000000000000e+03
2.544617257881764374e+02 3.067131405857841055e-05 3.146316967918586143e-07 -1.049912338470048145e-04 4.312000000000000000e+03
2.557264633179815121e+02 3.151699570923245333e-05 1.943850293084754259e-07 -1.079266179762242530e-04 3.819000000000000000e+03
2.569476439121356748e+02 3.297701351604595478e-05 -2.249880836020908574e-07 -1.127569550033655346e-04 3.220000000000000000e+03
2.581972589300593768e+02 3.424423563859732485e-05 3.154166201743693780e-07 -1.180710951588486167e-04 3.132000000000000000e+03
2.595103349312090018e+02 3.605754329080608489e-05 4.887697493494983321e-07 -1.249330250184290108e-04 2.680000000000000000e+03
2.607795042361089486e+02 3.748894914197117893e-05 7.205512341434935816e-07 -1.302842686358754410e-04 2.218000000000000000e+03
2.619340336595732879e+02 3.924248309381396342e-05 6.805029501634322472e-07 -1.363724884506330236e-04 1.728000000000000000e+03
2.631766295504909294e+02 3.911282146596020373e-05 1.330800496019971056e-07 -1.357918092728462066e-04 1.816000000000000000e+03
2.645411559718015724e+02 4.000476411343760854e-05 1.920716515771396684e-07 -1.392206451832831674e-04 1.476000000000000000e+03
2.658441287525172356e+02 4.046042904299773266e-05 3.710378130781512568e-07 -1.411212250685182858e-04 1.108000000000000000e+03
2.669256670525048776e+02 4.118016266891374837e-05 2.053699498947780163e-07 -1.434901185313385496e-04 7.560000000000000000e+02
2.681606255113911175e+02 4.202678800331679403e-05 -1.886613730194693906e-08 -1.465010199487107052e-04 8.440000000000000000e+02
2.695807861675655204e+02 4.366840739513162979e-05 -2.492442244136828416e-07 -1.521394111761498517e-04 6.280000000000000000e+02
2.709593846505733268e+02 4.693711734004026682e-05 -1.297857772997604933e-07 -1.638581749436267938e-04 4.050000000000000000e+02
2.719861120642618175e+02 5.040273497604015536e-05 -2.437028688387516843e-07 -1.757883421530985967e-04 2.020000000000000000e+02
2.731403032438974492e+02 4.868715916393960655e-05 -1.064170090913500670e-07 -1.701025638013495386e-04 2.280000000000000000e+02
2.745620747168304661e+02 6.195453868721555863e-05 -9.544574487871297635e-08 -2.166226305830199373e-04 1.240000000000000000e+02
2.759710723466460536e+02 6.448117804765162234e-05 4.002058627945922965e-08 -2.256692182144879124e-04 5.200000000000000000e+01
2.771523413486430627e+02 8.298153001744200115e-05 -5.634028943310200442e-07 -2.898420924790696572e-04 9.000000000000000000e+00
2.780568632628354635e+02 7.626463581959018836e-05 6.219833045429540841e-07 -2.675390439916135892e-04 4.000000000000000000e+00
