1.779928244939390725e+00 4.707840126862984143e+00 -6.100223571888758675e-03 -2.736250313820486113e+00 1.300000000000000000e+01
3.015824433013115424e+00 2.287137548022703637e+00 2.860031767772248101e-01 1.954990377602035534e-01 3.300000000000000000e+01
4.289580372913673223e+00 1.394591756707200148e+00 -3.016711097268069408e-01 1.157830268158802772e-01 7.900000000000000000e+01
5.567321552978553356e+00 9.862786049120225718e-01 -4.140182430290757082e-02 9.345745419018754163e-02 1.170000000000000000e+02
6.870199571606820932e+00 6.868712459810401016e-01 1.461105035527798888e-03 -3.199066289698462157e-02 2.050000000000000000e+02
8.095773522851491322e+00 5.288018915491629057e-01 6.275465506085334266e-02 1.615147941134538745e-01 2.350000000000000000e+02
9.353433367151358979e+00 3.996689940887653281e-01 4.154341282412355590e-02 5.135944593388819951e-02 3.690000000000000000e+02
1.061645020353190283e+01 3.236392268795363347e-01 1.729166657255662778e-02 2.161562900543488597e-02 4.330000000000000000e+02
1.189072488188118015e+01 2.663571911397513703e-01 3.039109003390941949e-02 4.610240373067950315e-02 5.850000000000000000e+02
1.315244962917758365e+01 2.064962334152650181e-01 2.736708100590875409e-02 3.357867593159567093e-02 6.790000000000000000e+02
1.439326581339747158e+01 1.729954328010480658e-01 3.282494940914264248e-02 1.834514432280199420e-02 8.130000000000000000e+02
1.565572183137669526e+01 1.328950130280740216e-01 2.853396919163733204e-03 8.828421351513095899e-03 9.850000000000000000e+02
1.694079789166907801e+01 1.127747488515446622e-01 1.611381646680446617e-02 2.720276233150431544e-02 1.183000000000000000e+03
1.819370924105474074e+01 9.405612373791283343e-02 5.799609731931041658e-03 7.453047498725608525e-03 1.269000000000000000e+03
1.944157955366042501e+01 8.138644694125381218e-02 1.988865954188483512e-02 3.704638377626136639e-03 1.537000000000000000e+03
2.069526077918732909e+01 7.216476358237200461e-02 6.159279150269936394e-03 8.754772009027541810e-03 1.653000000000000000e+03
2.195152888509118227e+01 6.252886350724259912e-02 9.454510519399222587e-03 7.887051950764969316e-03 1.963000000000000000e+03
2.321086169560186363e+01 5.714279109939798124e-02 3.377671177749614999e-03 1.317082057452036679e-02 2.121000000000000000e+03
2.447339333074970469e+01 4.904975182572333947e-02 1.614453133541123974e-03 6.584136876355360657e-03 2.413000000000000000e+03
2.573634526180587656e+01 4.369897717206679133e-02 4.107217399765990956e-03 6.193951669313768095e-03 2.635000000000000000e+03
2.699001603328161281e+01 3.989482415824436440e-02 -4.332734634563033065e-04 6.663431837454376720e-03 2.877000000000000000e+03
2.823899117684295135e+01 3.622803193056293308e-02 1.930834687073331368e-03 3.244087796820182418e-03 3.169000000000000000e+03
2.950267151494936613e+01 3.356500681793025270e-02 1.953631848422795071e-03 1.382399939199439442e-03 3.507000000000000000e+03
3.075730148504536743e+01 3.144857156810983156e-02 2.487130570888890137e-03 4.682585429732362393e-04 3.685000000000000000e+03
3.201315088102220585e+01 2.965978080950020315e-02 -9.310345318504161015e-04 2.437653183426601294e-03 4.165000000000000000e+03
3.327982337374160693e+01 2.808130627242777858e-02 -3.672778219001670663e-04 3.248826176102413265e-03 4.377000000000000000e+03
3.454391291552884979e+01 2.540021642583529388e-02 -2.956548300789975750e-04 6.904405822106074800e-04 4.855000000000000000e+03
3.579530426754168815e+01 2.395969687645606999e-02 -4.062802359459919853e-04 3.091181660408835827e-03 4.929000000000000000e+03
3.704707381295703783e+01 2.271310308940320891e-02 -2.466083039065875525e-03 1.540253975210860308e-03 5.581000000000000000e+03
3.829613574682314692e+01 2.099447715554533800e-02 -1.115978748378378908e-03 2.689379937417707249e-03 5.679000000000000000e+03
3.955779737303070931e+01 1.983024060642271658e-02 2.714251129020951004e-06 -3.179395671335503472e-04 6.385000000000000000e+03
4.081875470895448643e+01 1.894322802552935239e-02 -3.015666128118211641e-04 1.114710892851312075e-03 6.553000000000000000e+03
4.207878605219691792e+01 1.791481832581403796e-02 1.150663642843412844e-04 1.749523559629600914e-03 7.125000000000000000e+03
4.333819419644603244e+01 1.739630595372828811e-02 -2.376360253400764994e-04 3.953332465939011597e-04 7.447000000000000000e+03
4.459400562432303872e+01 1.595230830909645167e-02 -4.211166639141871067e-04 9.172261699650877294e-04 7.929000000000000000e+03
4.585240054172683699e+01 1.551276288900925102e-02 -8.455773492856727847e-04 8.778240141882841501e-04 8.353000000000000000e+03
4.710283016733624351e+01 1.499898902922156343e-02 -1.529187508111917336e-03 1.593392972783624602e-03 8.775000000000000000e+03
4.835821167635717899e+01 1.419387295677220981e-02 -1.076057687694267906e-03 5.124927304735808460e-04 9.313000000000000000e+03
4.961713078879238736e+01 1.390307129406615459e-02 -6.781952910559505346e-04 -1.400962990714857069e-06 9.841000000000000000e+03
5.086984513745908743e+01 1.313004114163442496e-02 -2.231739357614506800e-04 4.194254918937660248e-04 1.019100000000000000e+04
5.212668503769609885e+01 1.287543528698075271e-02 -7.347760333310678592e-04 3.810832836018866412e-05 1.089700000000000000e+04
5.338514741793920848e+01 1.239208169613736400e-02 -8.834666780538115178e-04 -3.163514037906081894e-04 1.130100000000000000e+04
5.464846686282311339e+01 1.178097104822264929e-02 -1.010901153446361550e-03 4.655373674792044267e-04 1.202500000000000000e+04
5.591059360168831915e+01 1.146606621075810760e-02 -9.575047369270583020e-04 -7.392394752646473677e-05 1.242300000000000000e+04
5.716732584628986302e+01 1.117131846194107866e-02 -7.753670533308503745e-04 3.878240630504301576e-04 1.302100000000000000e+04
5.841752542788622549e+01 1.102160925666613965e-02 -1.421444621539544664e-03 8.062716121648585239e-05 1.340500000000000000e+04
5.966899688879644970e+01 1.056214558690511153e-02 -1.200514248938613178e-03 1.565853550367795634e-04 1.424700000000000000e+04
6.092765278814394492e+01 1.022876481263235680e-02 -1.145317303771063288e-03 -3.863960684799444848e-04 1.471300000000000000e+04
6.218558254006394037e+01 1.000767124070026277e-02 -1.133608640162194229e-03 -2.095894650949448046e-04 1.548900000000000000e+04
6.344336343236795983e+01 9.840429820903110608e-03 -1.257649476898540630e-03 3.718872625186722724e-04 1.591300000000000000e+04
6.470375135888845364e+01 9.459407059153827207e-03 -1.249046168936169925e-03 -2.192945724121186588e-04 1.687900000000000000e+04
6.596336435100791107e+01 9.173296804390945400e-03 -1.395406823796800384e-03 -1.600905580020598080e-04 1.719300000000000000e+04
6.722352858914312890e+01 9.014126660608480154e-03 -1.552895874123567683e-03 -1.680700111969567006e-04 1.815700000000000000e+04
6.847400751418547316e+01 8.839748872335561128e-03 -1.490755223085184081e-03 2.222028475880582902e-04 1.833900000000000000e+04
6.972956385332538787e+01 8.744562584173812617e-03 -1.461951957774155304e-03 -6.537779396073485226e-05 1.957300000000000000e+04
7.098823228822635656e+01 8.448722349953296032e-03 -1.065026597108338635e-03 -2.968475151146754008e-04 1.994100000000000000e+04
7.223833870842079818e+01 8.278595874712574645e-03 -1.401031042268076040e-03 -2.615805301156550670e-04 2.062900000000000000e+04
7.349534179127144284e+01 8.014705771122985350e-03 -1.422275849373865701e-03 -1.454328687584646891e-04 2.165500000000000000e+04
7.475295590555181491e+01 7.878416273841790454e-03 -1.359334163919248854e-03 -3.586086537575915796e-04 2.211300000000000000e+04
7.601308062950263889e+01 7.584490772876755806e-03 -1.167145581382685775e-03 -5.185272058216392095e-04 2.318500000000000000e+04
7.727079722519646054e+01 7.420164836342286151e-03 -1.259631257258881937e-03 -1.624493500216553528e-04 2.366700000000000000e+04
7.852280362728899377e+01 7.371004408741830757e-03 -1.488780828802675239e-03 -1.708610219404170017e-04 2.438500000000000000e+04
7.978529000643868585e+01 7.132155134927215499e-03 -1.268566737473366931e-03 -8.388495573788204982e-05 2.574900000000000000e+04
8.104146489153656319e+01 6.963038854034949918e-03 -1.066326320489252794e-03 -4.008621267322803080e-04 2.567500000000000000e+04
8.229832955140953743e+01 6.782825452626740047e-03 -1.120510636886021478e-03 -3.920581367569855435e-04 2.740900000000000000e+04
8.355628544232982335e+01 6.653603454548304499e-03 -1.188626069741335022e-03 -2.715830111867629875e-04 2.740500000000000000e+04
8.480801297450261700e+01 6.432496881963702812e-03 -1.047377181574925828e-03 -3.847476336962104768e-04 2.871700000000000000e+04
8.606851380540383900e+01 6.239163049960486096e-03 -9.984330356760785872e-04 -4.599520404019733421e-04 2.959500000000000000e+04
8.732717120511250641e+01 6.121379182682408840e-03 -1.002625528830075694e-03 -3.375817015944423114e-04 3.030100000000000000e+04
8.857992366441526144e+01 5.972491913960048179e-03 -9.778517921194998345e-04 -2.199277161959535055e-04 3.110100000000000000e+04
8.983268837059718237e+01 5.887566758481115915e-03 -1.078967020938936252e-03 -3.388838122141201803e-04 3.202300000000000000e+04
9.108828292509464575e+01 5.732573998560665934e-03 -8.900599408862289652e-04 -2.994995866240800957e-04 3.297700000000000000e+04
9.235268940602115606e+01 5.667308750057658585e-03 -9.493122467659809204e-04 -2.091258827055388720e-04 3.444900000000000000e+04
9.361288484047420866e+01 5.508703683205607750e-03 -1.066055635912881595e-03 -1.742127590175330208e-04 3.454900000000000000e+04
9.486970485528730990e+01 5.372851962108715282e-03 -1.092321349789763391e-03 -2.681928702758190706e-04 3.611100000000000000e+04
9.612712273630799586e+01 5.290461263103896951e-03 -1.040330034552386677e-03 -1.246055016569905965e-04 3.654100000000000000e+04
9.738038516777393738e+01 5.136381066533171960e-03 -9.759079624774511788e-04 -2.204232918627952982e-04 3.771700000000000000e+04
9.863394199199912293e+01 5.069130995423019870e-03 -1.101825187116654272e-03 -1.826727652759987009e-04 3.861900000000000000e+04
9.989013494289071105e+01 4.989648486720728131e-03 -1.097529317656725442e-03 -7.827869604793331892e-05 3.966100000000000000e+04
1.011431810267084188e+02 4.931705130730318701e-03 -1.136682069895150835e-03 -1.374525600041558789e-04 4.054500000000000000e+04
1.023984799253618974e+02 4.806055976198085958e-03 -1.173880783235555164e-03 7.952814493976746496e-05 4.181500000000000000e+04
1.036625219553681205e+02 4.740649493742970545e-03 -1.248476381358487207e-03 2.097956650453321518e-05 4.312500000000000000e+04
1.049217927605819938e+02 4.669502998754426239e-03 -1.278630697015001490e-03 2.456034399660683650e-05 4.368100000000000000e+04
1.061751461696667320e+02 4.577685272506476326e-03 -1.232873245634275071e-03 -3.771587703913597785e-05 4.462900000000000000e+04
1.074314705589345209e+02 4.486261720972990578e-03 -1.230614727537109867e-03 -9.793400296331200393e-06 4.622700000000000000e+04
1.086915912756758331e+02 4.402608820658451480e-03 -1.228384674973434683e-03 -1.616052578701343665e-05 4.690900000000000000e+04
1.099486130478443471e+02 4.353291314051143182e-03 -1.251314455638656694e-03 4.803661114342302395e-05 4.823700000000000000e+04
1.111987485500355604e+02 4.287325902683453843e-03 -1.251405201743760942e-03 7.301077441670359744e-06 4.858300000000000000e+04
1.124570935321931415e+02 4.209031325674871850e-03 -1.214000098981649935e-03 -3.845741790983938518e-05 5.099700000000000000e+04
1.137202307445453187e+02 4.179763093176087040e-03 -1.266007217790012570e-03 1.153926852194299188e-05 5.139700000000000000e+04
1.149760917884415790e+02 4.102613829550823613e-03 -1.293726829848953911e-03 -1.042931202273827394e-05 5.248900000000000000e+04
1.162310042068111926e+02 3.993991250658785082e-03 -1.233604327563590959e-03 2.409647086903957139e-05 5.378700000000000000e+04
1.174878899332193640e+02 3.936577207031204811e-03 -1.169329591215532895e-03 -1.813503525752208534e-04 5.491300000000000000e+04
1.187435244059379897e+02 3.898691483003698371e-03 -1.169257601764910623e-03 -7.507095154514118168e-05 5.597700000000000000e+04
1.199994390958736403e+02 3.834115572534376598e-03 -1.118405283762088963e-03 -3.159241253652833326e-05 5.741500000000000000e+04
1.212535823024855404e+02 3.778961563286485550e-03 -1.131109540518334452e-03 -1.284482811852249800e-04 5.810500000000000000e+04
1.225093915288906885e+02 3.716764971492219575e-03 -1.137715445307471967e-03 -1.293557224883659521e-04 6.003300000000000000e+04
1.237695546608302948e+02 3.686116299337862355e-03 -1.157021218815364096e-03 -1.604585517545305135e-05 6.094900000000000000e+04
1.250262113487579825e+02 3.640371053170831338e-03 -1.175125129248636270e-03 2.239996560626242924e-05 6.223500000000000000e+04
1.262805490076642059e+02 3.593898104821945712e-03 -1.163707145254580218e-03 -1.085781603062429839e-06 6.322900000000000000e+04
1.275400712546411057e+02 3.514083514095896373e-03 -1.119821997679002791e-03 -2.442152992794160472e-05 6.513300000000000000e+04
1.287971556662911325e+02 3.482521850479727149e-03 -1.154858195561007635e-03 -5.692136436692786266e-06 6.570700000000000000e+04
1.300537083433222278e+02 3.457491285756280654e-03 -1.159570233487512919e-03 9.197095666765366004e-06 6.756100000000000000e+04
1.313117223539807696e+02 3.404697430951700039e-03 -1.109405329804175663e-03 4.349359386250914786e-05 6.850500000000000000e+04
1.325673856471850627e+02 3.372734758187600438e-03 -1.146779685823295621e-03 1.897323424543928856e-05 6.994300000000000000e+04
1.338237088992438828e+02 3.341061676289608720e-03 -1.167268465534684321e-03 7.197244465377049065e-05 7.109700000000000000e+04
1.350814039715121169e+02 3.333239512145684796e-03 -1.238560033603503972e-03 1.644376753338555944e-04 7.302100000000000000e+04
1.363367102918640796e+02 3.292512184787052456e-03 -1.289442320359800989e-03 1.962998875653876806e-04 7.331700000000000000e+04
1.375918506772339640e+02 3.271274139164708633e-03 -1.235147944229279425e-03 1.302512989558369573e-04 7.579900000000000000e+04
1.388468863407906326e+02 3.236291205701679295e-03 -1.276008773216554936e-03 1.832139478097228734e-04 7.602100000000000000e+04
1.401035080486947493e+02 3.211215029407701871e-03 -1.272567165818977962e-03 2.299088235329148171e-04 7.875300000000000000e+04
1.413624991321743494e+02 3.194011912571020559e-03 -1.301279148186732654e-03 2.220008772108908153e-04 7.929100000000000000e+04
1.426203801934984199e+02 3.159404026989277338e-03 -1.275064554888845824e-03 1.816338205665441569e-04 8.112900000000000000e+04
1.438783650234285290e+02 3.136115304262424800e-03 -1.328558308660800777e-03 2.291111073582265253e-04 8.244100000000000000e+04
1.451366761519622628e+02 3.142846334206488360e-03 -1.421128681323986830e-03 3.968173152554804587e-04 8.394900000000000000e+04
1.463930536541869856e+02 3.127777293191779436e-03 -1.428752853088515991e-03 3.455690392776532846e-04 8.512300000000000000e+04
1.476501598096984651e+02 3.102770738577969537e-03 -1.443736438468377643e-03 4.107313935870641531e-04 8.692900000000000000e+04
1.489053168423187401e+02 3.096050931698916299e-03 -1.450025918947375845e-03 4.505819514257396532e-04 8.778900000000000000e+04
1.501574220388542358e+02 3.091620643688865015e-03 -1.508438300960084728e-03 4.875201750585823977e-04 8.962300000000000000e+04
1.514151693063209052e+02 3.077617164368333120e-03 -1.530308450844496473e-03 5.180120153722705002e-04 9.134100000000000000e+04
1.526728246720191464e+02 3.077658550259634342e-03 -1.515246368752008787e-03 5.103484155573728958e-04 9.284500000000000000e+04
1.539292591972453295e+02 3.066268011407199436e-03 -1.556341172458414884e-03 6.369980498139067452e-04 9.408700000000000000e+04
1.551878973035082652e+02 3.083643211636782379e-03 -1.638639717143154650e-03 7.060520730474287646e-04 9.633300000000000000e+04
1.564465828397917164e+02 3.096539932487548698e-03 -1.694206644261462289e-03 8.008073477291518475e-04 9.724900000000000000e+04
1.577062987304047965e+02 3.096903438740410998e-03 -1.720229800915232992e-03 8.295110796336909245e-04 9.950100000000000000e+04
1.589579313395904308e+02 3.124592116723448870e-03 -1.775654616450469221e-03 9.434821339256976164e-04 9.928300000000000000e+04
1.602098219318470740e+02 3.136940991684956329e-03 -1.803679924967927428e-03 1.019813389784458022e-03 1.025370000000000000e+05
1.614672334028584828e+02 3.130150489715909264e-03 -1.786389130586369398e-03 8.302954772723286376e-04 1.022830000000000000e+05
1.627244999009042203e+02 3.094587512610833761e-03 -1.700100691061809735e-03 3.763504035240273571e-04 1.021060000000000000e+05
1.639830070159940192e+02 3.056031718703063928e-03 -1.642101999212681107e-03 9.571647395106538166e-06 1.007340000000000000e+05
1.652386377343450476e+02 3.025636263169865191e-03 -1.548766282674002726e-03 -4.008200340802121507e-04 9.999400000000000000e+04
1.664974976720961592e+02 3.004939943967193782e-03 -1.513614624904898375e-03 -6.244427133406793952e-04 9.936000000000000000e+04
1.677586624769533330e+02 2.995876500906127522e-03 -1.457624982752721244e-03 -9.241030422383350205e-04 9.860800000000000000e+04
1.690117737071392412e+02 2.989610424184200536e-03 -1.387125845482631726e-03 -1.213874045035973851e-03 9.625200000000000000e+04
1.702646109444544038e+02 2.953330754521766785e-03 -1.307789738150960451e-03 -1.467202169348471360e-03 9.640000000000000000e+04
1.715227950786405131e+02 2.946949330603503697e-03 -1.261268381269936697e-03 -1.682633723751099852e-03 9.539800000000000000e+04
1.727802559577145587e+02 2.902501885777514744e-03 -1.172975202069992395e-03 -1.995789747547112736e-03 9.402000000000000000e+04
1.740354349209307543e+02 2.879353603866639279e-03 -1.073865448900822132e-03 -2.262952515596809103e-03 9.316000000000000000e+04
1.752911521140869979e+02 2.869548066431209903e-03 -1.036238122343312871e-03 -2.440549270310161598e-03 9.177600000000000000e+04
1.765491561061322159e+02 2.850725119279829637e-03 -9.873128301853516253e-04 -2.611451686866376153e-03 9.137800000000000000e+04
1.778055987080381328e+02 2.837876823004167014e-03 -9.794760052428508161e-04 -2.837677049792360594e-03 8.949000000000000000e+04
1.790597942980182324e+02 2.811882815141993758e-03 -9.098512210530211976e-04 -3.009837643008510602e-03 8.845000000000000000e+04
1.803174288984025964e+02 2.808760378348861345e-03 -8.436147842195312364e-04 -3.173253059038249127e-03 8.794600000000000000e+04
1.815747568341562896e+02 2.817076691127060484e-03 -8.275337372385414619e-04 -3.299852601409903902e-03 8.575200000000000000e+04
1.828323390665805164e+02 2.797619101765712931e-03 -7.753259807674111811e-04 -3.502832480594134362e-03 8.574400000000000000e+04
1.840900474267152731e+02 2.764645554634844599e-03 -7.402529066206265003e-04 -3.657106460815473265e-03 8.322000000000000000e+04
1.853471175230410779e+02 2.770607652216672181e-03 -7.026890469127598576e-04 -3.801791122204020885e-03 8.302000000000000000e+04
1.866059988998500785e+02 2.767367986371426555e-03 -6.576219963265452981e-04 -3.975366274413104362e-03 8.106400000000000000e+04
1.878624598567711246e+02 2.741317905976368204e-03 -6.310954315662467432e-04 -4.063995386574225689e-03 7.983000000000000000e+04
1.891162027606625315e+02 2.730298163894232747e-03 -5.724650280904342503e-04 -4.231820197963477928e-03 7.823800000000000000e+04
1.903715304842039018e+02 2.727514157527448010e-03 -5.448866657935194516e-04 -4.393966496842272203e-03 7.715400000000000000e+04
1.916263259685760261e+02 2.717511800364062497e-03 -5.374892330313008970e-04 -4.403368193011674737e-03 7.546600000000000000e+04
1.928852265090937692e+02 2.722329241261498955e-03 -4.992693439821157880e-04 -4.613157224174264763e-03 7.480200000000000000e+04
1.941448127524108713e+02 2.694827993284325783e-03 -4.570892585193612871e-04 -4.694643268509051878e-03 7.258000000000000000e+04
1.953988342212017528e+02 2.696286649977332368e-03 -4.240740061654381474e-04 -4.838007920943971328e-03 7.133800000000000000e+04
1.966542794450352005e+02 2.696608399010642313e-03 -4.429959985718343886e-04 -4.893996900957532821e-03 6.964200000000000000e+04
1.979092266982680428e+02 2.690440690526974248e-03 -4.214076859224290435e-04 -4.959828535065868675e-03 6.832600000000000000e+04
1.991660246440812898e+02 2.689994199835672988e-03 -3.700825907649311539e-04 -5.130912510741434014e-03 6.674400000000000000e+04
2.004253393793312057e+02 2.671635268381409439e-03 -3.375689799177433617e-04 -5.187627377198239000e-03 6.533800000000000000e+04
2.016784735539275175e+02 2.674455265201989770e-03 -3.290990872351745567e-04 -5.265116864011976788e-03 6.315600000000000000e+04
2.029350672537293860e+02 2.676636575575482273e-03 -2.919216571497772477e-04 -5.420127996332133394e-03 6.214000000000000000e+04
2.041958407917217926e+02 2.662408990079641324e-03 -2.533800160780328836e-04 -5.504588487563179429e-03 6.051400000000000000e+04
2.054489305546373430e+02 2.654003653343759567e-03 -2.288473742422841753e-04 -5.602411114228753909e-03 5.799000000000000000e+04
2.067059697346346923e+02 2.662043705647457355e-03 -2.440644947300521722e-04 -5.626548564248637710e-03 5.742400000000000000e+04
2.079686463241380636e+02 2.682402719751974130e-03 -2.397990414989865514e-04 -5.727702631807262204e-03 5.518200000000000000e+04
2.092240498115034200e+02 2.663289277946375658e-03 -1.931571179053606126e-04 -5.834914357144809459e-03 5.306800000000000000e+04
2.104747524357310056e+02 2.663606409458783939e-03 -1.966711932356852803e-04 -5.879146363000986066e-03 5.152800000000000000e+04
2.117284300737427145e+02 2.695269566694402479e-03 -2.235078927351430119e-04 -5.962511595907025314e-03 4.954600000000000000e+04
2.129897092449166394e+02 2.682556137831913854e-03 -2.139669030786001049e-04 -5.969150929165208640e-03 4.846600000000000000e+04
2.142461088222216574e+02 2.698292290227378726e-03 -1.807174532034560709e-04 -6.144304017501180798e-03 4.566600000000000000e+04
2.154991267048335430e+02 2.698887370120041460e-03 -1.782578702946359969e-04 -6.183315774152563227e-03 4.423000000000000000e+04
2.167576737707308894e+02 2.729671262873298570e-03 -1.891703138250959079e-04 -6.321453155260528707e-03 4.254000000000000000e+04
2.180187492257003612e+02 2.722262138508298179e-03 -2.174130881639550999e-04 -6.357826065780935836e-03 4.022200000000000000e+04
2.192716419366039702e+02 2.738589829516987258e-03 -1.847991386547506081e-04 -6.474203828183827496e-03 3.842200000000000000e+04
2.205264883274588783e+02 2.733818871042927295e-03 -1.969911439184595455e-04 -6.622212431193132132e-03 3.624600000000000000e+04
2.217837768228446578e+02 2.749482665646206699e-03 -2.005461782191113578e-04 -6.660913680687328628e-03 3.455200000000000000e+04
2.230378334292167892e+02 2.758739888610831255e-03 -2.216896438168356571e-04 -6.799310954053629751e-03 3.213600000000000000e+04
2.242906184963572684e+02 2.779424827748466515e-03 -2.179340965463921417e-04 -6.975212234232450875e-03 3.029200000000000000e+04
2.255466598069948532e+02 2.784052047126573445e-03 -2.345527966049858464e-04 -7.107822892186910040e-03 2.830200000000000000e+04
2.268048836408461852e+02 2.770400839535039697e-03 -2.471191492887290196e-04 -7.252620096119707233e-03 2.605600000000000000e+04
2.280630934549591871e+02 2.781650901330156439e-03 -2.462168121916478145e-04 -7.455676429066195390e-03 2.421100000000000000e+04
2.293173032152455733e+02 2.755580382363330329e-03 -2.261224669488433759e-04 -7.595589213332969158e-03 2.220600000000000000e+04
2.305717649947762879e+02 2.757508921998870141e-03 -2.317616957544088715e-04 -7.756309050774204579e-03 2.088400000000000000e+04
2.318305151004514073e+02 2.757575184976151974e-03 -2.032812252414060192e-04 -7.911789807985921893e-03 1.939200000000000000e+04
2.330863040701019031e+02 2.756921297422900829e-03 -2.005464299719792863e-04 -8.037627367705049014e-03 1.805800000000000000e+04
2.343374022963313905e+02 2.762772320235272038e-03 -1.949104455360522678e-04 -8.170211494755778153e-03 1.674600000000000000e+04
2.356000500071500596e+02 2.777734613031056059e-03 -1.725611497750676501e-04 -8.357969948526163678e-03 1.589800000000000000e+04
2.368667134646864554e+02 2.772777213353224985e-03 -1.617809304029831042e-04 -8.441282865339100328e-03 1.457800000000000000e+04
2.381178636277435885e+02 2.819564277269227641e-03 -1.478355211255895363e-04 -8.667588301105710186e-03 1.344300000000000000e+04
2.393647931429890434e+02 2.807932848057367783e-03 -1.338522992071407042e-04 -8.757183805961991571e-03 1.251100000000000000e+04
2.406343355115917007e+02 2.835626081890445759e-03 -1.220156756607746200e-04 -8.933887276046220335e-03 1.191900000000000000e+04
2.418994177264391681e+02 2.819448098261987095e-03 -1.092564275004202486e-04 -8.966851497899585785e-03 1.063900000000000000e+04
2.431349487982454320e+02 2.868491240102534132e-03 -1.149951790304754143e-04 -9.185464128547130361e-03 9.775000000000000000e+03
2.443965980831335116e+02 2.865721289243877874e-03 -7.065507404002695127e-05 -9.310792190233415852e-03 9.423000000000000000e+03
2.456756265845070857e+02 2.900909078462827508e-03 -9.277213188687595796e-05 -9.443423485333415218e-03 8.449000000000000000e+03
2.469243323478575007e+02 2.941384898661487252e-03 -4.935522869480485136e-05 -9.703299133596104964e-03 7.596000000000000000e+03
2.481536551602712279e+02 2.971471313783903643e-03 -7.607283141647662623e-05 -9.790861473704162363e-03 6.931000000000000000e+03
2.494158029429593455e+02 2.999885869214442054e-03 -2.054497757984727763e-05 -1.003884111835792216e-02 6.612000000000000000e+03
2.506963696325555020e+02 3.040283915785464350e-03 -5.498321560560113380e-05 -1.016435620136140264e-02 5.899000000000000000e+03
2.519449222644772135e+02 3.052391321046044135e-03 -3.536075949502024709e-05 -1.027192529834310836e-02 5.176000000000000000e+03
2.531895657100337758e+02 3.105489593196734260e-03 -3.064538225159606704e-05 -1.049998893511814614e-02 4.824000000000000000e+03
2.544617257881764374e+02 3.119886379035831468e-03 -4.307339268159746993e-05 -1.058278671316274615e-02 4.312000000000000000e+03
2.557264633179815121e+02 3.169532421421874472e-03 -1.454608347019524778e-05 -1.081047258471680254e-02 3.819000000000000000e+03
2.569476439121356748e+02 3.291600439313680047e-03 -2.205379101408500684e-05 -1.124746525419994571e-02 3.220000000000000000e+03
2.581972589300593768e+02 3.287964055186802168e-03 -2.536327049728562960e-05 -1.127448534648043538e-02 3.132000000000000000e+03
2.595103349312090018e+02 3.341703194275390167e-03 -5.262263099027008146e-06 -1.151545615368606418e-02 2.680000000000000000e+03
2.607795042361089486e+02 3.478247171206298120e-03 -1.697487834077733535e-05 -1.199002068971794475e-02 2.218000000000000000e+03
2.619340336595732879e+02 3.574940335498808831e-03 -1.809658131705481317e-06 -1.234530891208712039e-02 1.728000000000000000e+03
2.631766295504909294e+02 3.569683135242521753e-03 -1.164355294120638050e-05 -1.237422801461886615e-02 1.816000000000000000e+03
2.645411559718015724e+02 3.627056745648100152e-03 -1.720676262706603152e-05 -1.257935887963862812e-02 1.476000000000000000e+03
2.658441287525172356e+02 3.798863806052449159e-03 4.648885561758148808e-06 -1.321896859562752755e-02 1.108000000000000000e+03
2.669256670525048776e+02 3.941646111191578553e-03 2.689465601204415272e-05 -1.373969521854026890e-02 7.560000000000000000e+02
2.681606255113911175e+02 4.077850168714771371e-03 8.099499431820564299e-06 -1.422403958443526316e-02 8.440000000000000000e+02
2.695807861675655204e+02 4.217092814172725308e-03 5.673662214312060419e-06 -1.472508787340836255e-02 6.280000000000000000e+02
2.709593846505733268e+02 4.518261470240531388e-03 6.354625740193149656e-06 -1.578934892633096845e-02 4.050000000000000000e+02
2.719861120642618175e+02 4.649412949844615624e-03 -4.533306468512320711e-06 -1.623687017275994224e-02 2.020000000000000000e+02
2.731403032438974492e+02 4.723135775058032344e-03 3.062088151871095399e-05 -1.654303034738742115e-02 2.280000000000000000e+02
2.745620747168304661e+02 5.373201021183721636e-03 -5.939983056657590889e-06 -1.878973346547171963e-02 1.240000000000000000e+02
2.759710723466460536e+02 5.138711678408360538e-03 -2.793774703791332136e-06 -1.797724103428812240e-02 5.200000000000000000e+01
2.771523413486430627e+02 6.484425458983720213e-03 -3.674395251636338155e-05 -2.265525677642159230e-02 9.000000000000000000e+00
2.780568632628354635e+02 1.113915178116160320e-03 3.304680830142365078e-06 -3.901772927808592941e-03 4.000000000000000000e+00
