8.899641224696953623e-01 1.860321523054501469e+01 1.530620744331982808e+00 -1.710916573737618407e+01 1.300000000000000000e+01
1.507912216506557712e+00 7.487479315353457565e+00 1.817252664008361718e+00 -5.178288854879881109e-01 3.300000000000000000e+01
2.144790186456836611e+00 4.828036150049928033e+00 2.554978764001471503e-01 -7.162392562523237638e-01 7.900000000000000000e+01
2.783660776489276678e+00 3.665481189419458996e+00 2.604580342643649238e-01 -2.162406250863438129e-01 1.170000000000000000e+02
3.435099785803410466e+00 2.942582993876688757e+00 2.114183596805774279e-01 3.134224481188918610e-01 2.050000000000000000e+02
4.047886761425745661e+00 2.340353399590932248e+00 7.903673339864806385e-03 7.801578886866643581e-01 2.350000000000000000e+02
4.676716683575679490e+00 2.045522219057789304e+00 8.786493142105432363e-02 3.705535531267887261e-01 3.690000000000000000e+02
5.308225101765951415e+00 1.770146249438942165e+00 1.230064335824069821e-01 9.811288183654962025e-02 4.330000000000000000e+02
5.945362440940590076e+00 1.662134975727061370e+00 2.229417427830298892e-01 2.602750576827332907e-01 5.850000000000000000e+02
6.576224814588791823e+00 1.451279853465649028e+00 2.561124627013817712e-01 1.742919151793553834e-01 6.790000000000000000e+02
7.196632906698735788e+00 1.262060959908476887e+00 2.640534498693012933e-01 1.206301603332533973e-01 8.130000000000000000e+02
7.827860915688347632e+00 1.134596756580504406e+00 2.913928064521406625e-01 3.126380433900629186e-03 9.850000000000000000e+02
8.470398945834539006e+00 1.000133784770944168e+00 2.754963498768011054e-01 2.851477009518382788e-01 1.183000000000000000e+03
9.096854620527370372e+00 9.478328183398393447e-01 3.370515257843844092e-01 1.214915619435831817e-01 1.269000000000000000e+03
9.720789776830212503e+00 8.749051643898436703e-01 2.390471772302994458e-01 3.548607448571906159e-02 1.537000000000000000e+03
1.034763038959366455e+01 7.890274556286549501e-01 2.038322689131265852e-01 1.139602658683835229e-01 1.653000000000000000e+03
1.097576444254559114e+01 6.993888514303775450e-01 1.897526531526317339e-01 9.415360723285029487e-02 1.963000000000000000e+03
1.160543084780093182e+01 6.591717431608430378e-01 1.696568953405552249e-01 6.513673083250032247e-02 2.121000000000000000e+03
1.223669666537485234e+01 6.008115221589958033e-01 1.393501803170633380e-01 1.193999879850318607e-01 2.413000000000000000e+03
1.286817263090293828e+01 5.558081345571529441e-01 9.599137621095067685e-02 5.490536145569981097e-02 2.635000000000000000e+03
1.349500801664080640e+01 5.139356679160502761e-01 1.034059348136584372e-01 1.275176135319806558e-01 2.877000000000000000e+03
1.411949558842147567e+01 4.716090819990975680e-01 9.463895107960296205e-02 1.024445361646892788e-01 3.169000000000000000e+03
1.475133575747468306e+01 4.457612880505230080e-01 1.000942709403021547e-01 7.455794341170289552e-02 3.507000000000000000e+03
1.537865074252268371e+01 4.072099647119108434e-01 4.818700828678342679e-02 8.710320869943695421e-02 3.685000000000000000e+03
1.600657544051110293e+01 3.860965684619580007e-01 3.200944204385577224e-02 8.411130422612550506e-02 4.165000000000000000e+03
1.663991168687080346e+01 3.677451293199515692e-01 2.069147951024121954e-02 9.227469691197551227e-02 4.377000000000000000e+03
1.727195645776442490e+01 3.512242165912602410e-01 2.044374600792432661e-02 3.966970023661035849e-02 4.855000000000000000e+03
1.789765213377084407e+01 3.159061754086821550e-01 -1.934556937585472187e-03 6.599285571858175270e-02 4.929000000000000000e+03
1.852353690647851892e+01 3.014365807265262376e-01 6.385914790953323150e-03 2.163332189233771463e-02 5.581000000000000000e+03
1.914806787341157346e+01 2.831848997870266560e-01 -1.393668069787615087e-02 5.087225746320046121e-02 5.679000000000000000e+03
1.977889868651535465e+01 2.690454330092640345e-01 -7.187799401788864256e-03 3.168865610836707480e-02 6.385000000000000000e+03
2.040937735447724322e+01 2.552309481404556601e-01 -2.473807619331213226e-03 3.540569325263234063e-02 6.553000000000000000e+03
2.103939302609845896e+01 2.364789770052850570e-01 3.354469097686674835e-03 2.496420636714928587e-02 7.125000000000000000e+03
2.166909709822301622e+01 2.249934099955028244e-01 -7.754992691778509091e-03 2.581379031011302866e-02 7.447000000000000000e+03
2.229700281216151936e+01 2.134471648560150314e-01 -2.164331688320744827e-03 2.535804253766474337e-02 7.929000000000000000e+03
2.292620027086341850e+01 2.005069726541312825e-01 6.202937422002079496e-03 7.849848368522337194e-03 8.353000000000000000e+03
2.355141508366812175e+01 1.920455065500930869e-01 5.436416351135786584e-03 1.835347919126581896e-03 8.775000000000000000e+03
2.417910583817858949e+01 1.770962670214633605e-01 4.238274049247962687e-03 1.279295756900290792e-02 9.313000000000000000e+03
2.480856539439619368e+01 1.729351195404413288e-01 1.595634304306069347e-03 -5.790103338761227840e-03 9.841000000000000000e+03
2.543492256872954371e+01 1.633242505011240631e-01 6.957222853313680885e-03 3.498058602369682416e-03 1.019100000000000000e+04
2.606334251884804942e+01 1.553579747029544822e-01 7.583014194241804616e-04 3.721893261608812727e-03 1.089700000000000000e+04
2.669257370896960424e+01 1.468960835998411596e-01 4.600883806517596687e-03 1.470212767513393590e-03 1.130100000000000000e+04
2.732423343141155669e+01 1.376803312063189511e-01 8.824976798978466722e-04 1.299677007763747928e-02 1.202500000000000000e+04
2.795529680084415958e+01 1.341957112068692115e-01 1.690495497650853227e-03 1.134481392824526584e-02 1.242300000000000000e+04
2.858366292314493151e+01 1.269288087081934802e-01 5.921921038242896826e-03 1.264906703759623337e-02 1.302100000000000000e+04
2.920876271394311274e+01 1.224117139104050483e-01 -6.122701640312336281e-04 1.093360855406149898e-02 1.340500000000000000e+04
2.983449844439822485e+01 1.177912631321044457e-01 3.363505322064053735e-04 1.516940599994316685e-02 1.424700000000000000e+04
3.046382639407197246e+01 1.128758737123166656e-01 -1.958678461484932183e-04 1.252177232309923532e-02 1.471300000000000000e+04
3.109279127003197019e+01 1.092569243150568470e-01 -5.308291745341867139e-04 1.455285891062900287e-02 1.548900000000000000e+04
3.172168171618397992e+01 1.023970189889124582e-01 -2.518463175887501043e-03 1.818828809173030775e-02 1.591300000000000000e+04
3.235187567944422682e+01 1.000900246103100799e-01 -3.112378443207744223e-03 1.623433127741527246e-02 1.687900000000000000e+04
3.298168217550395553e+01 9.411292506898437382e-02 -4.681471004924702556e-03 1.649165722771085002e-02 1.719300000000000000e+04
3.361176429457156445e+01 9.071290995191036433e-02 -1.804794209543218253e-03 1.032471803361795053e-02 1.815700000000000000e+04
3.423700375709273658e+01 8.758758021270797445e-02 -4.984500183964386474e-03 1.438479016553345126e-02 1.833900000000000000e+04
3.486478192666269393e+01 8.447228609953694178e-02 -4.563511096244194168e-03 1.412762736509038698e-02 1.957300000000000000e+04
3.549411614411317828e+01 8.107045309764993046e-02 -6.910663712224806524e-04 1.053308543042109219e-02 1.994100000000000000e+04
3.611916935421039909e+01 7.831327662202101914e-02 -3.435847119799776122e-03 1.703937323869935197e-02 2.062900000000000000e+04
3.674767089563572142e+01 7.533025164586926170e-02 -1.624406567177005996e-03 1.109226447339987237e-02 2.165500000000000000e+04
3.737647795277590745e+01 7.173672779767616137e-02 -2.410844186737507062e-03 1.508885417327291388e-02 2.211300000000000000e+04
3.800654031475131944e+01 6.983230671952866953e-02 -2.674592448587300494e-03 9.572051432957799644e-03 2.318500000000000000e+04
3.863539861259823027e+01 6.721300812528833990e-02 -3.938734132079872372e-03 1.275158400184341588e-02 2.366700000000000000e+04
3.926140181364449688e+01 6.489110135725521811e-02 -3.811585687432322584e-03 1.132583355415786586e-02 2.438500000000000000e+04
3.989264500321934293e+01 6.229622082893310209e-02 -2.919584671467291299e-03 1.177449688888925622e-02 2.574900000000000000e+04
4.052073244576828159e+01 6.038196624315868288e-02 -2.892225921722987869e-03 1.067148943423195002e-02 2.567500000000000000e+04
4.114916477570476872e+01 5.827046338908697942e-02 -3.076996410650681239e-03 9.862855160304493871e-03 2.740900000000000000e+04
4.177814272116491168e+01 5.668551873441325661e-02 -3.441904972943543410e-03 9.555949279919598999e-03 2.740500000000000000e+04
4.240400648725130850e+01 5.476582389865081862e-02 -3.608468569132115226e-03 9.769008310733741721e-03 2.871700000000000000e+04
4.303425690270191950e+01 5.320453973430538941e-02 -3.244868564379410538e-03 8.086623137839357364e-03 2.959500000000000000e+04
4.366358560255625321e+01 5.128040387225206442e-02 -3.906367444381367640e-03 8.258138751797738583e-03 3.030100000000000000e+04
4.428996183220763072e+01 4.977261073278726328e-02 -3.401923717206900913e-03 8.599458664743911754e-03 3.110100000000000000e+04
4.491634418529859119e+01 4.826340923230548752e-02 -3.819034119991048144e-03 7.623099112571389210e-03 3.202300000000000000e+04
4.554414146254732287e+01 4.676750615829192159e-02 -3.557247354745511105e-03 7.355429027066507155e-03 3.297700000000000000e+04
4.617634470301057803e+01 4.491782738716716683e-02 -3.975850680157237346e-03 8.047367599293871188e-03 3.444900000000000000e+04
4.680644242023710433e+01 4.432413711019449892e-02 -4.151361558488201979e-03 7.158974361298119267e-03 3.454900000000000000e+04
4.743485242764365495e+01 4.273134868882203646e-02 -3.509438285225912474e-03 6.135342707972022379e-03 3.611100000000000000e+04
4.806356136815399793e+01 4.166166046731573092e-02 -3.926908701539997756e-03 5.417290021139018440e-03 3.654100000000000000e+04
4.869019258388696869e+01 4.093758969502352130e-02 -3.492073278966000959e-03 5.732211298348645345e-03 3.771700000000000000e+04
4.931697099599956147e+01 3.991490535772249798e-02 -3.790599924712723459e-03 5.227379206498889916e-03 3.861900000000000000e+04
4.994506747144535552e+01 3.900910439022481357e-02 -3.888528511336523507e-03 6.050816631290286199e-03 3.966100000000000000e+04
5.057159051335420941e+01 3.820522353578646724e-02 -3.917278231137877667e-03 5.699584464538159402e-03 4.054500000000000000e+04
5.119923996268094868e+01 3.740753186835034383e-02 -3.305733186907185844e-03 5.255700686342078091e-03 4.181500000000000000e+04
5.183126097768406026e+01 3.638056636681797490e-02 -2.966088060430787082e-03 5.424733222999287598e-03 4.312500000000000000e+04
5.246089638029099689e+01 3.571373895318409597e-02 -3.164232911971437932e-03 5.947944682058990164e-03 4.368100000000000000e+04
5.308757308483336601e+01 3.492396151878875143e-02 -2.945060877622420262e-03 6.485854762119617513e-03 4.462900000000000000e+04
5.371573527946726045e+01 3.417349780918130242e-02 -3.305446061222832872e-03 6.223512554656897289e-03 4.622700000000000000e+04
5.434579563783791656e+01 3.318459422821433413e-02 -3.078968488726652533e-03 6.475909292785001284e-03 4.690900000000000000e+04
5.497430652392217354e+01 3.236530875052301415e-02 -3.455323653296725472e-03 5.937389122717385247e-03 4.823700000000000000e+04
5.559937427501778018e+01 3.159160370905413073e-02 -3.750708420630892263e-03 6.647757050339468503e-03 4.858300000000000000e+04
5.622854676609657076e+01 3.079474483561068024e-02 -2.763442604111242869e-03 5.961259456172350764e-03 5.099700000000000000e+04
5.686011537227265933e+01 3.002622540565595341e-02 -2.818259707842773586e-03 5.206838612837671326e-03 5.139700000000000000e+04
5.748804589422078948e+01 2.955993579046479677e-02 -2.525444990410141439e-03 5.328764009130566685e-03 5.248900000000000000e+04
5.811550210340559630e+01 2.878216654224392476e-02 -2.592956431532266511e-03 4.908468988996064764e-03 5.378700000000000000e+04
5.874394496660968201e+01 2.828670826301055846e-02 -2.343020140897071699e-03 5.363339797370253112e-03 5.491300000000000000e+04
5.937176220296899487e+01 2.770258712696891182e-02 -2.341551714644278959e-03 5.021062622829362485e-03 5.597700000000000000e+04
5.999971954793682016e+01 2.699877324084597879e-02 -2.178559170505945351e-03 5.284051672355940567e-03 5.741500000000000000e+04
6.062679115124277018e+01 2.664385986842098333e-02 -1.936021702862867743e-03 4.549326673974735634e-03 5.810500000000000000e+04
6.125469576444534425e+01 2.591208130800437548e-02 -1.110927364859115628e-03 4.049081058947519123e-03 6.003300000000000000e+04
6.188477733041514739e+01 2.535954851745310032e-02 -1.111791266061081581e-03 4.603153851353699796e-03 6.094900000000000000e+04
6.251310567437899124e+01 2.494230563243079318e-02 -1.268068311583961990e-03 4.104924468615703780e-03 6.223500000000000000e+04
6.314027450383210294e+01 2.449179242904313270e-02 -8.544309795932899382e-04 4.032165016763365750e-03 6.322900000000000000e+04
6.377003562732055286e+01 2.398574062838220236e-02 -9.890802419548106079e-04 4.193116259258655547e-03 6.513300000000000000e+04
6.439857783314556627e+01 2.326385686774204778e-02 -1.039698314729400669e-03 4.135206186577398274e-03 6.570700000000000000e+04
6.502685417166111392e+01 2.306179613111613083e-02 -9.739395880368155846e-04 4.124379756101391632e-03 6.756100000000000000e+04
6.565586117699038482e+01 2.267170857527096503e-02 -9.223498789337479823e-04 3.813970035337512724e-03 6.850500000000000000e+04
6.628369282359253134e+01 2.218578672617766909e-02 -6.753429682735858763e-04 3.871492419582572061e-03 6.994300000000000000e+04
6.691185444962194140e+01 2.199008945880624732e-02 -8.501206917993622608e-04 3.768565512509108699e-03 7.109700000000000000e+04
6.754070198575605843e+01 2.151428391494947939e-02 -4.359934976242353004e-04 4.507719907762994423e-03 7.302100000000000000e+04
6.816835514593203982e+01 2.128442805277845282e-02 -3.428265768725290890e-04 4.660161062545599246e-03 7.331700000000000000e+04
6.879592533861698200e+01 2.090251905066237148e-02 -5.315133697415853897e-04 4.949346093293315214e-03 7.579900000000000000e+04
6.942344317039531632e+01 2.063868591645347250e-02 -6.640648557025008447e-04 5.177990599574550101e-03 7.602100000000000000e+04
7.005175402434737464e+01 2.040266310308416764e-02 -5.218331681971380507e-04 5.631150418247799806e-03 7.875300000000000000e+04
7.068124956608717468e+01 2.012950357429985071e-02 -6.722538924224295094e-04 5.902498244250205077e-03 7.929100000000000000e+04
7.131019009674920994e+01 2.002140240982322461e-02 -6.127579440088292383e-04 5.933967312504840642e-03 8.112900000000000000e+04
7.193918251171426448e+01 1.975610533694653614e-02 -6.326993558819436194e-04 6.285732547349925405e-03 8.244100000000000000e+04
7.256833807598113140e+01 1.953732964616627932e-02 -6.046562761054841443e-04 6.504406295008952933e-03 8.394900000000000000e+04
7.319652682709349278e+01 1.941400450515783430e-02 -8.040082347724943502e-04 5.896621719006205596e-03 8.512300000000000000e+04
7.382507990484923255e+01 1.921606115428617020e-02 -6.205464728556767378e-04 6.670375175017284608e-03 8.692900000000000000e+04
7.445265842115937005e+01 1.920580448786782246e-02 -4.622157650665891068e-04 6.394090782193161647e-03 8.778900000000000000e+04
7.507871101942711789e+01 1.896138766450838550e-02 -2.778021163084362513e-04 7.074038481331948632e-03 8.962300000000000000e+04
7.570758465316045260e+01 1.881026559138034016e-02 -6.815789876409380664e-05 6.655263038832862944e-03 9.134100000000000000e+04
7.633641233600957321e+01 1.875500163844551899e-02 6.943124731268968889e-05 7.010564277912629920e-03 9.284500000000000000e+04
7.696462959862266473e+01 1.861267570750688508e-02 5.066075460150241657e-04 7.372701008007852795e-03 9.408700000000000000e+04
7.759394865175413258e+01 1.857353203968608105e-02 5.221396678910159538e-04 7.367096310340876322e-03 9.633300000000000000e+04
7.822329141989585821e+01 1.832809184544065967e-02 5.818239445968371396e-04 7.826601567301114809e-03 9.724900000000000000e+04
7.885314936520239826e+01 1.835309791478291833e-02 7.624362172981390259e-04 7.984024070042125901e-03 9.950100000000000000e+04
7.947896566979521538e+01 1.825632218552037875e-02 1.149724938795036689e-03 8.592995585091011204e-03 9.928300000000000000e+04
8.010491096592353699e+01 1.821569420509593085e-02 1.286310509823834335e-03 9.107978238587976713e-03 1.025370000000000000e+05
8.073361670142924140e+01 1.813404469243917044e-02 1.554250520577503923e-03 7.955356604839878068e-03 1.022830000000000000e+05
8.136224995045211017e+01 1.790493317984294397e-02 1.110729946381840269e-03 5.193092759963029853e-03 1.021060000000000000e+05
8.199150350799700959e+01 1.771777345685973323e-02 8.424580754039131788e-04 2.559573925057850516e-03 1.007340000000000000e+05
8.261931886717252382e+01 1.750545282500446873e-02 8.196916874634184360e-04 -6.801868213365511488e-05 9.999400000000000000e+04
8.324874883604807962e+01 1.735448688541403259e-02 1.277142416201442008e-03 -1.490384659220213770e-03 9.936000000000000000e+04
8.387933123847666650e+01 1.708063735609180109e-02 1.365179620086175334e-03 -3.904408450869051566e-03 9.860800000000000000e+04
8.450588685356962060e+01 1.686946077254511747e-02 1.251660545865921834e-03 -5.677578291424734136e-03 9.625200000000000000e+04
8.513230547222720190e+01 1.671578314398783349e-02 1.207731073193749321e-03 -7.328012628406516994e-03 9.640000000000000000e+04
8.576139753932025656e+01 1.656378624157919810e-02 7.809712056902101858e-04 -9.302575016401318231e-03 9.539800000000000000e+04
8.639012797885727934e+01 1.633032990131540879e-02 7.967537500279631103e-04 -1.087985030152061570e-02 9.402000000000000000e+04
8.701771746046537714e+01 1.620862049181430106e-02 5.778055655980980079e-04 -1.239432545985158680e-02 9.316000000000000000e+04
8.764557605704349896e+01 1.605375931150887503e-02 7.451849785616406537e-04 -1.356744188696575905e-02 9.177600000000000000e+04
8.827457805306610794e+01 1.598299371434737728e-02 8.735380169301313258e-04 -1.470368062679390693e-02 9.137800000000000000e+04
8.890279935401906641e+01 1.585380463336708706e-02 8.599721962104489017e-04 -1.613428931615340164e-02 8.949000000000000000e+04
8.952989714900911622e+01 1.582636033325330455e-02 9.849249225440700854e-04 -1.740944371561541429e-02 8.845000000000000000e+04
9.015871444920129818e+01 1.570372992674289384e-02 1.155736941793341320e-03 -1.864075957779779205e-02 8.794600000000000000e+04
9.078737841707814482e+01 1.566302521500685663e-02 1.156821595725015693e-03 -1.950461538888054527e-02 8.575200000000000000e+04
9.141616953329025819e+01 1.549210252788991299e-02 8.478754610552100652e-04 -2.035216820208352734e-02 8.574400000000000000e+04
9.204502371335763655e+01 1.534233828966111504e-02 8.115328720082336418e-04 -2.110419329356984230e-02 8.322000000000000000e+04
9.267355876152053895e+01 1.521337929442206742e-02 7.593937051648825664e-04 -2.215561847889559177e-02 8.302000000000000000e+04
9.330299944992503924e+01 1.513195724693182712e-02 6.232422989537498648e-04 -2.283410199181545169e-02 8.106400000000000000e+04
9.393122992838556229e+01 1.507266462770429430e-02 3.854677271831080687e-04 -2.327203979411887266e-02 7.983000000000000000e+04
9.455810138033126577e+01 1.509394065535682623e-02 6.283950138182551508e-04 -2.432298765263246620e-02 7.823800000000000000e+04
9.518576524210195089e+01 1.499269896390171587e-02 6.798521629604432036e-04 -2.515668937736021890e-02 7.715400000000000000e+04
9.581316298428801304e+01 1.495296478381246373e-02 7.963848610029965712e-04 -2.572627475153259693e-02 7.546600000000000000e+04
9.644261325454688460e+01 1.494627100181130167e-02 8.640975943175461084e-04 -2.635430836215855305e-02 7.480200000000000000e+04
9.707240637620543566e+01 1.487819992748787117e-02 8.356125665855352247e-04 -2.682580325375245184e-02 7.258000000000000000e+04
9.769941711060087641e+01 1.491078230023589433e-02 1.102372374982435411e-03 -2.768853902962590055e-02 7.133800000000000000e+04
9.832713972251760026e+01 1.491450674899580733e-02 1.161905011947909861e-03 -2.841537583849187976e-02 6.964200000000000000e+04
9.895461334913402141e+01 1.490041834926308234e-02 1.385279040768166948e-03 -2.928447449156295138e-02 6.832600000000000000e+04
9.958301232204064490e+01 1.492089042131629698e-02 1.249012188597416412e-03 -2.991037522149762873e-02 6.674400000000000000e+04
1.002126696896656028e+02 1.482524474620463238e-02 1.177195108162659622e-03 -3.010678261318818980e-02 6.533800000000000000e+04
1.008392367769637588e+02 1.474748829721053353e-02 1.165417632628410350e-03 -3.070856161663751069e-02 6.315600000000000000e+04
1.014675336268646930e+02 1.481159851260264657e-02 9.917730569105581272e-04 -3.113001112845935336e-02 6.214000000000000000e+04
1.020979203958608963e+02 1.474079372790274359e-02 8.901553145902835152e-04 -3.138320242251405739e-02 6.051400000000000000e+04
1.027244652773186715e+02 1.470415444455179001e-02 8.518225111948301903e-04 -3.192611212669757559e-02 5.799000000000000000e+04
1.033529848673173461e+02 1.475164609351988301e-02 8.046505805989657848e-04 -3.231422108768922802e-02 5.742400000000000000e+04
1.039843231620690318e+02 1.487443688211862076e-02 4.571132434798313884e-04 -3.277113799244112113e-02 5.518200000000000000e+04
1.046120249057517100e+02 1.483748458895395132e-02 7.180963914501046347e-04 -3.358237408561353526e-02 5.306800000000000000e+04
1.052373762178655028e+02 1.498253620363158845e-02 4.303007591489373942e-04 -3.397108035590959418e-02 5.152800000000000000e+04
1.058642150368713573e+02 1.510418127657825113e-02 5.166652591043584394e-04 -3.502341240231494207e-02 4.954600000000000000e+04
1.064948546224583197e+02 1.518126467016459383e-02 5.760251966525213900e-04 -3.540745920098566785e-02 4.846600000000000000e+04
1.071230544111108287e+02 1.547832043545638823e-02 8.638351039712541040e-04 -3.713976935834333026e-02 4.566600000000000000e+04
1.077495633524167715e+02 1.558112935894378527e-02 1.076709289534130741e-03 -3.787019820328133696e-02 4.423000000000000000e+04
1.083788368853654447e+02 1.572438790706523135e-02 1.211237679629543389e-03 -3.905041880795721149e-02 4.254000000000000000e+04
1.090093746128501806e+02 1.582762187188785016e-02 1.355689812575932305e-03 -3.995586177949659451e-02 4.022200000000000000e+04
1.096358209683019851e+02 1.613156254422305411e-02 1.633869748711807212e-03 -4.136681382788494343e-02 3.842200000000000000e+04
1.102632441637294392e+02 1.612206922787899968e-02 1.639090571430615664e-03 -4.229078051632382401e-02 3.624600000000000000e+04
1.108918884114223289e+02 1.644897284890426206e-02 1.832040371150200908e-03 -4.343676272794604054e-02 3.455200000000000000e+04
1.115189167146083946e+02 1.661015971302522501e-02 1.925213755252701145e-03 -4.501461364893927231e-02 3.213600000000000000e+04
1.121453092481786342e+02 1.657217016878748811e-02 1.710365464979869644e-03 -4.515457055556540422e-02 3.029200000000000000e+04
1.127733299034974266e+02 1.657018507930183709e-02 1.603256484496012706e-03 -4.616712675792678661e-02 2.830200000000000000e+04
1.134024418204230926e+02 1.646354160666259336e-02 1.527852546920224286e-03 -4.695093808291837811e-02 2.605600000000000000e+04
1.140315467274795935e+02 1.637810901691641105e-02 1.320438614687307732e-03 -4.742010951216229370e-02 2.421100000000000000e+04
1.146586516076227866e+02 1.639804902996032376e-02 9.456586587921505431e-04 -4.821969657021985683e-02 2.220600000000000000e+04
1.152858824973881440e+02 1.612401916525772402e-02 9.083377435993288682e-04 -4.817071215476264462e-02 2.088400000000000000e+04
1.159152575502257037e+02 1.629858628902714629e-02 7.387241481421506295e-04 -4.907418279307764614e-02 1.939200000000000000e+04
1.165431520350509516e+02 1.636349788355075455e-02 8.266834227366902030e-04 -5.032343325450138599e-02 1.805800000000000000e+04
1.171687011481656953e+02 1.626224226248178251e-02 7.636295108838215108e-04 -5.055828452443151405e-02 1.674600000000000000e+04
1.178000250035750298e+02 1.639914054117659267e-02 8.101021892631723445e-04 -5.162916161322243791e-02 1.589800000000000000e+04
1.184333567323432277e+02 1.657693955231090074e-02 7.991448308124599574e-04 -5.260040257678169628e-02 1.457800000000000000e+04
1.190589318138717942e+02 1.695617965668928806e-02 7.239911264292812161e-04 -5.416176557742286707e-02 1.344300000000000000e+04
1.196823965714945217e+02 1.695041297365028343e-02 7.236990808407619928e-04 -5.476209629434221349e-02 1.251100000000000000e+04
1.203171677557958503e+02 1.705584459800368879e-02 5.236197368352109175e-04 -5.534382649960620237e-02 1.191900000000000000e+04
1.209497088632195840e+02 1.731939441751070841e-02 4.813019011936751912e-04 -5.656060913143840657e-02 1.063900000000000000e+04
1.215674743991227160e+02 1.753359575804787351e-02 4.679684893523761418e-04 -5.761425177076488768e-02 9.775000000000000000e+03
1.221982990415667558e+02 1.778685995283896606e-02 2.372090091183061519e-04 -5.864751158484161897e-02 9.423000000000000000e+03
1.228378132922535428e+02 1.806233906719784468e-02 2.381757888704385661e-04 -5.987671663177979164e-02 8.449000000000000000e+03
1.234621661739287504e+02 1.896443314739593849e-02 3.387677304764029080e-04 -6.332551693045856966e-02 7.596000000000000000e+03
1.240768275801356140e+02 1.907044970440567241e-02 2.091223354795815955e-04 -6.373755411635001478e-02 6.931000000000000000e+03
1.247079014714796728e+02 1.951491523901007635e-02 4.181657813597521468e-04 -6.592797261038255141e-02 6.612000000000000000e+03
1.253481848162777510e+02 2.027175360674369001e-02 2.501684248899280856e-04 -6.843501363737768128e-02 5.899000000000000000e+03
1.259724611322386068e+02 2.035528854367123913e-02 5.214135147814917158e-04 -6.941675811497217963e-02 5.176000000000000000e+03
1.265947828550168879e+02 2.140506011412150397e-02 1.608172061297136147e-04 -7.265995293628547957e-02 4.824000000000000000e+03
1.272308628940882187e+02 2.095190291043604394e-02 5.062429375939495101e-05 -7.138381291833513498e-02 4.312000000000000000e+03
1.278632316589907560e+02 2.226897845503785292e-02 1.208709644410613552e-04 -7.611749598797273864e-02 3.819000000000000000e+03
1.284738219560678374e+02 2.159511765970371575e-02 -2.219384479277377632e-04 -7.364593142359258937e-02 3.220000000000000000e+03
1.290986294650296884e+02 2.183654971497317812e-02 -2.486405670646879085e-04 -7.478154713678411558e-02 3.132000000000000000e+03
1.297551674656045009e+02 2.406210016706978108e-02 -7.799523364770075953e-04 -8.203586850093480543e-02 2.680000000000000000e+03
1.303897521180544743e+02 2.354625313078501786e-02 -2.856788154399011342e-04 -8.095508269920746736e-02 2.218000000000000000e+03
1.309670168297866439e+02 2.537108089251192272e-02 -6.603970215377652367e-04 -8.688840561662045103e-02 1.728000000000000000e+03
1.315883147752454647e+02 2.464348716071603634e-02 -4.767911535312027347e-04 -8.495811474075115610e-02 1.816000000000000000e+03
1.322705779859007862e+02 2.600383637466318135e-02 -4.539745586559597096e-04 -8.981479776961065475e-02 1.476000000000000000e+03
1.329220643762586178e+02 3.005611767460473691e-02 -7.290253453761213727e-04 -1.037725171073309582e-01 1.108000000000000000e+03
1.334628335262524388e+02 2.872386247109683446e-02 -2.163574248224432576e-04 -9.968353708670667224e-02 7.560000000000000000e+02
1.340803127556955587e+02 3.206880417743855627e-02 -5.249571204000487044e-04 -1.112686380685480175e-01 8.440000000000000000e+02
1.347903930837827602e+02 3.682784643359028609e-02 1.799461509749121794e-04 -1.287251176931777930e-01 6.280000000000000000e+02
1.354796923252866634e+02 3.689654944716215523e-02 -6.566453139633898718e-05 -1.288351668200964362e-01 4.050000000000000000e+02
1.359930560321309088e+02 4.839882860983386881e-02 -4.308239970343234477e-05 -1.690169268717832962e-01 2.020000000000000000e+02
1.365701516219487246e+02 4.528835937743154461e-02 -1.889423327050229781e-06 -1.583284323988343734e-01 2.280000000000000000e+02
1.372810373584152330e+02 5.698215860728932797e-02 -1.359932327848410423e-04 -1.991809297414703916e-01 1.240000000000000000e+02
1.379855361733230268e+02 4.925109120850051231e-02 3.213966998501352522e-04 -1.726532418486514397e-01 5.200000000000000000e+01
1.385761706743215314e+02 3.062044646789468041e-02 -1.685956827943251295e-04 -1.069928344115995966e-01 9.000000000000000000e+00
1.390284316314177318e+02 2.461736244923570099e-02 1.518373136648036744e-04 -8.631001105671801121e-02 4.000000000000000000e+00
