8.899641224696953623e-01 2.253021010528644652e+01 6.472672277976738719e+00 -3.371838248590481157e+01 1.300000000000000000e+01
1.507912216506557712e+00 6.325768629651445707e+00 4.404773150137794246e+00 -1.707110886334459066e+00 3.300000000000000000e+01
2.144790186456836611e+00 4.633427009933123841e+00 1.294044325044627630e+00 -1.454929031753829038e+00 7.900000000000000000e+01
2.783660776489276678e+00 3.167418539106429787e+00 1.960317958191258203e+00 2.503680451354292069e-01 1.170000000000000000e+02
3.435099785803410466e+00 2.219743646585259356e+00 9.494032627901221044e-01 1.079548468655096016e+00 2.050000000000000000e+02
4.047886761425745661e+00 2.104667851748988294e+00 1.053434336048608699e+00 5.824040408449576711e-01 2.350000000000000000e+02
4.676716683575679490e+00 1.752560056850378523e+00 5.328709468063290711e-01 7.406288949707738878e-01 3.690000000000000000e+02
5.308225101765951415e+00 1.590695177548385519e+00 6.625166802687136869e-01 2.476226977339116841e-01 4.330000000000000000e+02
5.945362440940590076e+00 1.340899480928212206e+00 5.346650217471962119e-01 3.454517325852453080e-01 5.850000000000000000e+02
6.576224814588791823e+00 1.100173567472053637e+00 4.558072570828702874e-01 4.928562881096900106e-01 6.790000000000000000e+02
7.196632906698735788e+00 1.052712037230415065e+00 2.448325918934403378e-01 4.324207449003311665e-01 8.130000000000000000e+02
7.827860915688347632e+00 9.670980203171849476e-01 3.076939943945585787e-01 1.989442044572003743e-01 9.850000000000000000e+02
8.470398945834539006e+00 8.497483537831425071e-01 4.546561471135488475e-01 3.400630849453317173e-01 1.183000000000000000e+03
9.096854620527370372e+00 8.300085984282000728e-01 3.589288176592380086e-01 1.808106143651656283e-01 1.269000000000000000e+03
9.720789776830212503e+00 8.035031793606192130e-01 2.703125797220142790e-01 2.029039923866496897e-01 1.537000000000000000e+03
1.034763038959366455e+01 7.899764326592130237e-01 1.335724398320619066e-01 3.788044707295470936e-01 1.653000000000000000e+03
1.097576444254559114e+01 7.449009188887703026e-01 9.792161169393484577e-02 2.466038034507850862e-01 1.963000000000000000e+03
1.160543084780093182e+01 7.045774169817640153e-01 6.447060523263550835e-02 2.208977045515116699e-01 2.121000000000000000e+03
1.223669666537485234e+01 6.903556324473345551e-01 1.364126493313262134e-01 1.748175244679779361e-01 2.413000000000000000e+03
1.286817263090293828e+01 6.348483025140377878e-01 1.228483863281930738e-01 5.141371473580109291e-02 2.635000000000000000e+03
1.349500801664080640e+01 5.750835488068064549e-01 1.388112695967348154e-01 6.357971658994023001e-02 2.877000000000000000e+03
1.411949558842147567e+01 5.732999331557838696e-01 1.927862939548909138e-01 -7.185164418920791246e-03 3.169000000000000000e+03
1.475133575747468306e+01 5.485905188164366120e-01 1.489565621021725905e-01 5.856243137813895577e-02 3.507000000000000000e+03
1.537865074252268371e+01 5.221420927212402363e-01 1.371230147744050831e-01 -1.207939966897153203e-02 3.685000000000000000e+03
1.600657544051110293e+01 4.996359785309451018e-01 1.251238625951266725e-01 8.533430709083034138e-02 4.165000000000000000e+03
1.663991168687080346e+01 4.796292156203261769e-01 1.227546778950488332e-01 4.223801550586879505e-02 4.377000000000000000e+03
1.727195645776442490e+01 4.523020988960734234e-01 1.402186249250851613e-01 2.296488370564013504e-02 4.855000000000000000e+03
1.789765213377084407e+01 4.317448490135416539e-01 1.437790518736853651e-01 4.664728679568560382e-02 4.929000000000000000e+03
1.852353690647851892e+01 4.295075355430469921e-01 1.340519228460207712e-01 -2.373138305818517108e-03 5.581000000000000000e+03
1.914806787341157346e+01 3.924450439978915406e-01 1.407726119942733778e-01 4.337807815807418615e-02 5.679000000000000000e+03
1.977889868651535465e+01 3.918274264856944078e-01 1.130155532896951337e-01 4.291184705864141413e-02 6.385000000000000000e+03
2.040937735447724322e+01 3.793859788011980094e-01 1.159775297485979018e-01 5.223337394168236364e-02 6.553000000000000000e+03
2.103939302609845896e+01 3.675393886240885255e-01 7.002891125196615552e-02 4.816497233933464406e-02 7.125000000000000000e+03
2.166909709822301622e+01 3.548630394654682663e-01 7.281711959863021444e-02 6.562489704665572243e-02 7.447000000000000000e+03
2.229700281216151936e+01 3.436626400293707473e-01 7.162848785812858665e-02 3.685442475510480875e-02 7.929000000000000000e+03
2.292620027086341850e+01 3.328849497602332508e-01 7.554477145577025154e-02 2.657868237463035035e-02 8.353000000000000000e+03
2.355141508366812175e+01 3.192819922931454668e-01 6.445711151256526550e-02 4.595088924868884206e-02 8.775000000000000000e+03
2.417910583817858949e+01 3.097904091902837775e-01 6.893692314744082061e-02 2.537284318409430486e-02 9.313000000000000000e+03
2.480856539439619368e+01 2.984593522412852251e-01 4.468858293329346087e-02 3.780122694352600760e-02 9.841000000000000000e+03
2.543492256872954371e+01 2.900074359545306568e-01 5.851949424618512613e-02 2.074749601455597864e-02 1.019100000000000000e+04
2.606334251884804942e+01 2.802284512930032778e-01 6.440818136280582196e-02 1.816942984636028303e-03 1.089700000000000000e+04
2.669257370896960424e+01 2.672413929144720757e-01 5.758444194478793549e-02 1.976589268544493710e-02 1.130100000000000000e+04
2.732423343141155669e+01 2.656668389971960642e-01 5.337680665125751900e-02 1.750071383923188992e-02 1.202500000000000000e+04
2.795529680084415958e+01 2.546935622738396576e-01 4.925620382421079524e-02 1.972326872773705331e-02 1.242300000000000000e+04
2.858366292314493151e+01 2.426785854525412012e-01 4.357645823453692308e-02 1.612577424693563410e-02 1.302100000000000000e+04
2.920876271394311274e+01 2.416375002351422163e-01 4.986357281229851501e-02 2.084730905379043181e-02 1.340500000000000000e+04
2.983449844439822485e+01 2.301309907759430395e-01 5.278734354685114122e-02 1.249470328437084742e-02 1.424700000000000000e+04
3.046382639407197246e+01 2.274799540519776286e-01 3.561944104986753540e-02 2.401512993991864256e-02 1.471300000000000000e+04
3.109279127003197019e+01 2.239886748373675074e-01 3.387932400016431533e-02 1.510173265807861383e-02 1.548900000000000000e+04
3.172168171618397992e+01 2.186109773479222029e-01 2.962509574636486287e-02 3.213067548501648274e-02 1.591300000000000000e+04
3.235187567944422682e+01 2.147058947828909825e-01 2.446521672609815873e-02 3.396264483231255238e-02 1.687900000000000000e+04
3.298168217550395553e+01 2.082213215288930552e-01 2.349133608697012016e-02 2.949850511937527481e-02 1.719300000000000000e+04
3.361176429457156445e+01 1.999695649333765313e-01 2.727299858744896763e-02 2.246513482640332543e-02 1.815700000000000000e+04
3.423700375709273658e+01 1.987420869887765174e-01 2.299751176725512575e-02 3.082399349730648164e-02 1.833900000000000000e+04
3.486478192666269393e+01 1.900795817590344994e-01 2.551066283469552790e-02 1.871289464795852092e-02 1.957300000000000000e+04
3.549411614411317828e+01 1.819083061669911905e-01 2.629306148352265893e-02 2.004158519498396365e-02 1.994100000000000000e+04
3.611916935421039909e+01 1.780359549507339600e-01 3.031560914187296854e-02 2.489953035670358639e-02 2.062900000000000000e+04
3.674767089563572142e+01 1.725694907975467707e-01 2.205270126886972604e-02 1.363489297640722506e-02 2.165500000000000000e+04
3.737647795277590745e+01 1.706334527814542534e-01 2.287812682885479940e-02 2.392251626142589960e-02 2.211300000000000000e+04
3.800654031475131944e+01 1.649904488311457751e-01 2.275648524285817445e-02 1.333708045098826872e-02 2.318500000000000000e+04
3.863539861259823027e+01 1.597980803966229379e-01 2.565530199678039275e-02 1.793913099680135778e-02 2.366700000000000000e+04
3.926140181364449688e+01 1.541809243907722449e-01 2.124069096903325946e-02 1.507571473204553404e-02 2.438500000000000000e+04
3.989264500321934293e+01 1.488727402055849136e-01 1.912423472902227348e-02 1.539621679817648400e-02 2.574900000000000000e+04
4.052073244576828159e+01 1.460715735056747622e-01 2.427369596683571010e-02 1.066249456950086986e-02 2.567500000000000000e+04
4.114916477570476872e+01 1.453886788490575399e-01 1.419054996248421234e-02 1.195204091739692810e-02 2.740900000000000000e+04
4.177814272116491168e+01 1.434122520205443618e-01 1.507882711796309193e-02 1.582196242512194304e-02 2.740500000000000000e+04
4.240400648725130850e+01 1.400694409799690954e-01 1.286673337285803090e-02 1.631243197278693657e-02 2.871700000000000000e+04
4.303425690270191950e+01 1.380386372316576016e-01 1.185858261940907210e-02 1.737315180928358446e-02 2.959500000000000000e+04
4.366358560255625321e+01 1.338480631871306892e-01 1.254949400646783106e-02 1.057170892041431158e-02 3.030100000000000000e+04
4.428996183220763072e+01 1.310701376817755004e-01 1.414302652453969245e-02 1.057570419707795466e-02 3.110100000000000000e+04
4.491634418529859119e+01 1.277048230767627857e-01 1.280998622218713218e-02 8.973005432279607119e-03 3.202300000000000000e+04
4.554414146254732287e+01 1.235608137087664260e-01 1.306132701146997532e-02 5.773765283097798823e-03 3.297700000000000000e+04
4.617634470301057803e+01 1.224130084490900189e-01 1.398215639164778444e-02 7.501606269910037102e-03 3.444900000000000000e+04
4.680644242023710433e+01 1.182062372270219069e-01 1.087269598353054340e-02 8.674108017924501979e-03 3.454900000000000000e+04
4.743485242764365495e+01 1.151007533548476930e-01 1.229872104819564743e-02 3.245172625667084275e-03 3.611100000000000000e+04
4.806356136815399793e+01 1.130711688041551449e-01 1.108546981039518382e-02 8.173495800120817931e-03 3.654100000000000000e+04
4.869019258388696869e+01 1.097709893349177457e-01 1.125497430424356009e-02 6.355762955984952702e-03 3.771700000000000000e+04
4.931697099599956147e+01 1.085320738452488776e-01 8.683490251056207379e-03 1.928900915881868821e-04 3.861900000000000000e+04
4.994506747144535552e+01 1.058005277829296847e-01 8.034575181342856059e-03 5.777690109774461479e-03 3.966100000000000000e+04
5.057159051335420941e+01 1.039059998270601415e-01 1.016941916883361968e-02 2.120301332112246775e-03 4.054500000000000000e+04
5.119923996268094868e+01 1.017436621935528251e-01 8.166944044719289669e-03 7.236723620598925141e-03 4.181500000000000000e+04
5.183126097768406026e+01 9.995972902679216288e-02 6.967151080835579970e-03 7.229162767919125772e-03 4.312500000000000000e+04
5.246089638029099689e+01 9.912660285048494058e-02 4.459873919342823706e-03 6.072175342517184722e-03 4.368100000000000000e+04
5.308757308483336601e+01 9.813637481684810149e-02 2.361070880906922763e-03 8.674079247359155198e-03 4.462900000000000000e+04
5.371573527946726045e+01 9.579243780359293636e-02 -7.520089478833634619e-05 9.875767292266832836e-03 4.622700000000000000e+04
5.434579563783791656e+01 9.359684334781261106e-02 2.886483367486867343e-03 6.378944574320959821e-03 4.690900000000000000e+04
5.497430652392217354e+01 9.203385197921400140e-02 1.236921873389673068e-03 5.936948609558137524e-03 4.823700000000000000e+04
5.559937427501778018e+01 9.058721733198453474e-02 3.182673095375761988e-03 4.064766783179753727e-03 4.858300000000000000e+04
5.622854676609657076e+01 8.874362409237636362e-02 2.684726388179097499e-03 4.104602347938185805e-03 5.099700000000000000e+04
5.686011537227265933e+01 8.704048802559161135e-02 2.343456379989540973e-03 3.098742347831893746e-03 5.139700000000000000e+04
5.748804589422078948e+01 8.460759341864722283e-02 1.659508433076719962e-03 4.617894649259065773e-03 5.248900000000000000e+04
5.811550210340559630e+01 8.369115121479704655e-02 9.957704205513196686e-04 3.833481530121794247e-03 5.378700000000000000e+04
5.874394496660968201e+01 8.187141925594350333e-02 1.693552567324848636e-03 2.162013434682435401e-03 5.491300000000000000e+04
5.937176220296899487e+01 8.088521461825687320e-02 2.024094954378898438e-04 7.266690100497448816e-04 5.597700000000000000e+04
5.999971954793682016e+01 7.914900164562803375e-02 4.941037595869525499e-04 2.548591415110236340e-03 5.741500000000000000e+04
6.062679115124277018e+01 7.853356912117596955e-02 5.378367203180603852e-04 2.380084536091322134e-03 5.810500000000000000e+04
6.125469576444534425e+01 7.646155824626275910e-02 -2.128735092739187783e-04 -2.962626018561138191e-04 6.003300000000000000e+04
6.188477733041514739e+01 7.555789126125335431e-02 -1.874033260889805411e-03 3.798101235423588084e-03 6.094900000000000000e+04
6.251310567437899124e+01 7.373995482521757128e-02 -3.106111844911265459e-03 2.065643419322718728e-03 6.223500000000000000e+04
6.314027450383210294e+01 7.235541029617606479e-02 -4.275610419586683107e-03 3.676150355757121669e-03 6.322900000000000000e+04
6.377003562732055286e+01 7.169264727148255689e-02 -5.310541795902642623e-03 3.079662556669912361e-03 6.513300000000000000e+04
6.439857783314556627e+01 7.119317132481998989e-02 -5.993066137754007872e-03 3.042040030071666273e-03 6.570700000000000000e+04
6.502685417166111392e+01 6.965392647683783800e-02 -7.476283645928691844e-03 3.864105085322824384e-03 6.756100000000000000e+04
6.565586117699038482e+01 6.885820010752884135e-02 -9.060803512911431296e-03 3.668906478357899289e-03 6.850500000000000000e+04
6.628369282359253134e+01 6.716964872543142173e-02 -8.001852413457936561e-03 1.165493904238839489e-03 6.994300000000000000e+04
6.691185444962194140e+01 6.596469375533915713e-02 -7.313389650246564060e-03 1.744529209481900881e-03 7.109700000000000000e+04
6.754070198575605843e+01 6.500280077575813775e-02 -8.790793948232511479e-03 1.656754013740363313e-03 7.302100000000000000e+04
6.816835514593203982e+01 6.403173021958284694e-02 -9.253087364639958970e-03 1.944632035531832859e-03 7.331700000000000000e+04
6.879592533861698200e+01 6.336396237335149839e-02 -9.862309619402776992e-03 4.537625717123406331e-04 7.579900000000000000e+04
6.942344317039531632e+01 6.268417429610151359e-02 -1.069426696271128657e-02 1.329783038284238861e-04 7.602100000000000000e+04
7.005175402434737464e+01 6.200425663978317847e-02 -1.001903910404360401e-02 1.360795211856985877e-03 7.875300000000000000e+04
7.068124956608717468e+01 6.131539966124645996e-02 -1.119992164316619722e-02 1.753290396087442372e-03 7.929100000000000000e+04
7.131019009674920994e+01 6.005208197767299139e-02 -1.095250005137598376e-02 6.925175114910161241e-04 8.112900000000000000e+04
7.193918251171426448e+01 5.929494235466120644e-02 -1.132705768191892559e-02 9.215255379752750834e-04 8.244100000000000000e+04
7.256833807598113140e+01 5.911009087686307922e-02 -1.263392025315666564e-02 2.002867068372979776e-03 8.394900000000000000e+04
7.319652682709349278e+01 5.875994078262868764e-02 -1.352642570523207230e-02 5.429419321860427848e-04 8.512300000000000000e+04
7.382507990484923255e+01 5.883967415588236410e-02 -1.620410777884601430e-02 3.670703117291894933e-03 8.692900000000000000e+04
7.445265842115937005e+01 5.851701234837819454e-02 -1.741513916600583717e-02 4.711433219145734659e-03 8.778900000000000000e+04
7.507871101942711789e+01 5.849434921329108028e-02 -1.846270738681862061e-02 5.194233039623327546e-03 8.962300000000000000e+04
7.570758465316045260e+01 5.781713408081243233e-02 -1.904739961632294365e-02 5.626505465262559777e-03 9.134100000000000000e+04
7.633641233600957321e+01 5.681877103110857807e-02 -1.789634577421796505e-02 4.861467570823835641e-03 9.284500000000000000e+04
7.696462959862266473e+01 5.646461980133295200e-02 -1.942732033710896367e-02 4.601679480052627870e-03 9.408700000000000000e+04
7.759394865175413258e+01 5.597925096646799714e-02 -1.903640297220022051e-02 5.102815466613419906e-03 9.633300000000000000e+04
7.822329141989585821e+01 5.616743680785636628e-02 -2.038894435823724108e-02 6.913927275645222192e-03 9.724900000000000000e+04
7.885314936520239826e+01 5.568300944128220381e-02 -2.127035682543686884e-02 7.709561174875291523e-03 9.950100000000000000e+04
7.947896566979521538e+01 5.525170332629195102e-02 -2.165286181711611330e-02 8.313297261677328118e-03 9.928300000000000000e+04
8.010491096592353699e+01 5.553369551998394577e-02 -2.204398044876320836e-02 1.091132396532223763e-02 1.025370000000000000e+05
8.073361670142924140e+01 5.544202898386381417e-02 -2.163333751067608376e-02 6.931364929475901382e-03 1.022830000000000000e+05
8.136224995045211017e+01 5.449040116547947121e-02 -2.083137016951459169e-02 7.251991210932592739e-04 1.021060000000000000e+05
8.199150350799700959e+01 5.403473611102978941e-02 -2.098072029168578795e-02 -4.832590653906460552e-03 1.007340000000000000e+05
8.261931886717252382e+01 5.356185115681644932e-02 -2.074423521953927887e-02 -1.073180845883733511e-02 9.999400000000000000e+04
8.324874883604807962e+01 5.322132425464061456e-02 -2.072835274809374517e-02 -1.573199572822783429e-02 9.936000000000000000e+04
8.387933123847666650e+01 5.280092424204373136e-02 -1.979765879483522464e-02 -2.005618887703411110e-02 9.860800000000000000e+04
8.450588685356962060e+01 5.223931562624541808e-02 -1.997995334629372802e-02 -2.408317884874094233e-02 9.625200000000000000e+04
8.513230547222720190e+01 5.183499131925633358e-02 -1.942585025623913900e-02 -2.936235088426059417e-02 9.640000000000000000e+04
8.576139753932025656e+01 5.137502309089549829e-02 -1.915337447082551825e-02 -3.354572746861930049e-02 9.539800000000000000e+04
8.639012797885727934e+01 5.111697924303171964e-02 -1.966359495747828368e-02 -3.658652171243563511e-02 9.402000000000000000e+04
8.701771746046537714e+01 5.134038097196440276e-02 -1.965544056118802632e-02 -3.948954993382060297e-02 9.316000000000000000e+04
8.764557605704349896e+01 5.096197081601475110e-02 -1.989317601994253226e-02 -4.200232954843877847e-02 9.177600000000000000e+04
8.827457805306610794e+01 5.059343014426953555e-02 -1.920422704189154312e-02 -4.594070841688255302e-02 9.137800000000000000e+04
8.890279935401906641e+01 5.005261520067724734e-02 -1.848466212991625376e-02 -4.836307756883415077e-02 8.949000000000000000e+04
8.952989714900911622e+01 4.958626867528077853e-02 -1.707128619744096784e-02 -5.228752678088102734e-02 8.845000000000000000e+04
9.015871444920129818e+01 4.975132561435088169e-02 -1.781606302643833420e-02 -5.391658874230794568e-02 8.794600000000000000e+04
9.078737841707814482e+01 4.943961257508967116e-02 -1.642649832963765169e-02 -5.686256716929615623e-02 8.575200000000000000e+04
9.141616953329025819e+01 4.949940631270340757e-02 -1.701716179362837075e-02 -5.964187073348505008e-02 8.574400000000000000e+04
9.204502371335763655e+01 4.869592713682665414e-02 -1.676226199826739288e-02 -6.059607457616277698e-02 8.322000000000000000e+04
9.267355876152053895e+01 4.849124948889334957e-02 -1.642282703177446596e-02 -6.087513529837020043e-02 8.302000000000000000e+04
9.330299944992503924e+01 4.897187283580511225e-02 -1.678774587691372194e-02 -6.320693262346269159e-02 8.106400000000000000e+04
9.393122992838556229e+01 4.844541121881543178e-02 -1.656398200950234822e-02 -6.436538302203478890e-02 7.983000000000000000e+04
9.455810138033126577e+01 4.836701772286122053e-02 -1.655745649960827653e-02 -6.582652957005853678e-02 7.823800000000000000e+04
9.518576524210195089e+01 4.790898064855828031e-02 -1.493133041783428934e-02 -7.041762357077824275e-02 7.715400000000000000e+04
9.581316298428801304e+01 4.794138029747761764e-02 -1.381000863634511237e-02 -7.250924628266465499e-02 7.546600000000000000e+04
9.644261325454688460e+01 4.786809664549915300e-02 -1.411468459474248850e-02 -7.360654277493278164e-02 7.480200000000000000e+04
9.707240637620543566e+01 4.766156699976327460e-02 -1.377545351781121925e-02 -7.495060369777775677e-02 7.258000000000000000e+04
9.769941711060087641e+01 4.755516205727856882e-02 -1.445463382888825810e-02 -7.508632396479043847e-02 7.133800000000000000e+04
9.832713972251760026e+01 4.734495873752459644e-02 -1.297611602550749130e-02 -7.861891111314309177e-02 6.964200000000000000e+04
9.895461334913402141e+01 4.760032951563937520e-02 -1.313198284312806080e-02 -7.990371414533997685e-02 6.832600000000000000e+04
9.958301232204064490e+01 4.720259715986217797e-02 -1.257971839742071454e-02 -8.030537877217425180e-02 6.674400000000000000e+04
1.002126696896656028e+02 4.690703362421058675e-02 -1.160714985652594108e-02 -8.227775502513516581e-02 6.533800000000000000e+04
1.008392367769637588e+02 4.736873911558813627e-02 -1.114342173782296129e-02 -8.563921264460166993e-02 6.315600000000000000e+04
1.014675336268646930e+02 4.712562281194741798e-02 -1.092493970305483640e-02 -8.674879213778670384e-02 6.214000000000000000e+04
1.020979203958608963e+02 4.723481468357286495e-02 -9.931142232967725414e-03 -8.877798148389526300e-02 6.051400000000000000e+04
1.027244652773186715e+02 4.766409489678959804e-02 -9.702320872160608012e-03 -9.099789992779153125e-02 5.799000000000000000e+04
1.033529848673173461e+02 4.791976218371880869e-02 -1.015836043061313365e-02 -9.091302513654253570e-02 5.742400000000000000e+04
1.039843231620690318e+02 4.836271854365001982e-02 -1.006005777170288634e-02 -9.348583999284462709e-02 5.518200000000000000e+04
1.046120249057517100e+02 4.864154416553254090e-02 -1.022797260113264724e-02 -9.469870174822639375e-02 5.306800000000000000e+04
1.052373762178655028e+02 5.062522231776643566e-02 -1.162211021705525892e-02 -9.716819864573376930e-02 5.152800000000000000e+04
1.058642150368713573e+02 5.045333977120820129e-02 -1.019237891895513268e-02 -1.017149630917837527e-01 4.954600000000000000e+04
1.064948546224583197e+02 4.999669422001418173e-02 -9.326688129886085907e-03 -1.026840035063254636e-01 4.846600000000000000e+04
1.071230544111108287e+02 5.044951373940384509e-02 -8.123280407955726576e-03 -1.081916779556860581e-01 4.566600000000000000e+04
1.077495633524167715e+02 5.034287479300209728e-02 -8.077777156297573369e-03 -1.087504755389853556e-01 4.423000000000000000e+04
1.083788368853654447e+02 5.004086349059957278e-02 -7.541573880202457995e-03 -1.108743582573056830e-01 4.254000000000000000e+04
1.090093746128501806e+02 5.085253852587830886e-02 -7.527030509424392085e-03 -1.147528650461205196e-01 4.022200000000000000e+04
1.096358209683019851e+02 5.165903286718006443e-02 -8.069689738179284741e-03 -1.158039889034472442e-01 3.842200000000000000e+04
1.102632441637294392e+02 5.115096408859001048e-02 -6.853212478211403655e-03 -1.195536500572607630e-01 3.624600000000000000e+04
1.108918884114223289e+02 5.210203629991255747e-02 -7.416391972431198541e-03 -1.216390088004765946e-01 3.455200000000000000e+04
1.115189167146083946e+02 5.238303206089114233e-02 -6.215502346526176163e-03 -1.264184536391824987e-01 3.213600000000000000e+04
1.121453092481786342e+02 5.307970694766292463e-02 -5.232535215157856773e-03 -1.322547433119564686e-01 3.029200000000000000e+04
1.127733299034974266e+02 5.339907924513250664e-02 -4.492607122773609879e-03 -1.381120395899107511e-01 2.830200000000000000e+04
1.134024418204230926e+02 5.282136189254478531e-02 -3.727137228603557249e-03 -1.411875213702936949e-01 2.605600000000000000e+04
1.140315467274795935e+02 5.378986068485967775e-02 -3.987467408006570117e-03 -1.466860026244727055e-01 2.421100000000000000e+04
1.146586516076227866e+02 5.384900296718957841e-02 -4.383852531740218411e-03 -1.493518094152554709e-01 2.220600000000000000e+04
1.152858824973881440e+02 5.334536047545556520e-02 -4.357501631914621927e-03 -1.511384485534886246e-01 2.088400000000000000e+04
1.159152575502257037e+02 5.388667179103975857e-02 -3.572485756917134249e-03 -1.565374399656702109e-01 1.939200000000000000e+04
1.165431520350509516e+02 5.535076447628593799e-02 -4.629476074709623461e-03 -1.615856630625483736e-01 1.805800000000000000e+04
1.171687011481656953e+02 5.551920191091398032e-02 -2.978554174494629694e-03 -1.666076622906899340e-01 1.674600000000000000e+04
1.178000250035750298e+02 5.647429924255999850e-02 -4.175396915957363397e-03 -1.701441546755324830e-01 1.589800000000000000e+04
1.184333567323432277e+02 5.711871157222312562e-02 -2.942381321405347205e-03 -1.751549622653358340e-01 1.457800000000000000e+04
1.190589318138717942e+02 5.803539484844426333e-02 -2.924545820529128766e-03 -1.802344139439444048e-01 1.344300000000000000e+04
1.196823965714945217e+02 6.041615715875509052e-02 -3.031555298024474470e-03 -1.890851365063744294e-01 1.251100000000000000e+04
1.203171677557958503e+02 6.093812234318457532e-02 -2.716983501841740978e-03 -1.927433074256738044e-01 1.191900000000000000e+04
1.209497088632195840e+02 6.396271491204935655e-02 -2.430003778027053397e-03 -2.039366591299477949e-01 1.063900000000000000e+04
1.215674743991227160e+02 6.492790388602440177e-02 -2.799877549801461831e-03 -2.077472631197896658e-01 9.775000000000000000e+03
1.221982990415667558e+02 6.338232864616433204e-02 -1.966464985787817494e-03 -2.053897383686878741e-01 9.423000000000000000e+03
1.228378132922535428e+02 6.563079794581563875e-02 -1.351569917262359548e-03 -2.146333355564862266e-01 8.449000000000000000e+03
1.234621661739287504e+02 6.498938270412271678e-02 -1.572304408470146875e-03 -2.138653759988092540e-01 7.596000000000000000e+03
1.240768275801356140e+02 6.721058435821827826e-02 -1.465843455918086364e-03 -2.219456207962259842e-01 6.931000000000000000e+03
1.247079014714796728e+02 6.648089378461445598e-02 -2.410948476207317934e-03 -2.200585174760534279e-01 6.612000000000000000e+03
1.253481848162777510e+02 6.811621825916196193e-02 -1.831427527035414714e-03 -2.270883306627911047e-01 5.899000000000000000e+03
1.259724611322386068e+02 7.063549918873665567e-02 -1.977464780879809991e-03 -2.361348016258897897e-01 5.176000000000000000e+03
1.265947828550168879e+02 7.088217179828006087e-02 -8.608739245035086423e-04 -2.391800997261274708e-01 4.824000000000000000e+03
1.272308628940882187e+02 7.122012716482173378e-02 -3.314965419831198681e-04 -2.421063240691863350e-01 4.312000000000000000e+03
1.278632316589907560e+02 7.401517962698168918e-02 -4.338764941400544812e-04 -2.522699707575710715e-01 3.819000000000000000e+03
1.284738219560678374e+02 7.627185042927459024e-02 2.747271765209187053e-04 -2.617520970487732246e-01 3.220000000000000000e+03
1.290986294650296884e+02 8.334395099451745448e-02 -4.478551269536613835e-04 -2.863458402957049787e-01 3.132000000000000000e+03
1.297551674656045009e+02 8.345785345251370557e-02 -3.729653476152007346e-04 -2.875352402381260442e-01 2.680000000000000000e+03
1.303897521180544743e+02 8.474558440961267591e-02 -9.966845426989008605e-04 -2.917717779451726723e-01 2.218000000000000000e+03
1.309670168297866439e+02 9.176463779682987598e-02 -1.884026931659940618e-03 -3.151349805891316413e-01 1.728000000000000000e+03
1.315883147752454647e+02 9.418334389530577666e-02 -6.280099368599092145e-04 -3.261300468175020173e-01 1.816000000000000000e+03
1.322705779859007862e+02 9.517390953306811840e-02 -1.504800083020524414e-03 -3.288527666108437275e-01 1.476000000000000000e+03
1.329220643762586178e+02 9.808344123779172419e-02 -7.747467197843123246e-04 -3.401561123449042268e-01 1.108000000000000000e+03
1.334628335262524388e+02 1.071035674613967370e-01 7.141994622099438186e-04 -3.732680075860414504e-01 7.560000000000000000e+02
1.340803127556955587e+02 1.110923686291815371e-01 4.179870939943329143e-04 -3.877460185761884004e-01 8.440000000000000000e+02
1.347903930837827602e+02 1.201246109691589681e-01 2.124954965015038878e-03 -4.215315482042059081e-01 6.280000000000000000e+02
1.354796923252866634e+02 1.220262857242774557e-01 1.422320152439827826e-03 -4.277450805188723892e-01 4.050000000000000000e+02
1.359930560321309088e+02 1.211609336218390509e-01 1.875517013432306422e-03 -4.251471967791829454e-01 2.020000000000000000e+02
1.365701516219487246e+02 1.352123419374376134e-01 7.145063063979937342e-04 -4.734824278872738490e-01 2.280000000000000000e+02
1.372810373584152330e+02 1.233366729131413486e-01 1.227909876215478547e-03 -4.326536381864853342e-01 1.240000000000000000e+02
1.379855361733230268e+02 1.450550466442744046e-01 5.463169851677104633e-04 -5.080930176287220545e-01 5.200000000000000000e+01
1.385761706743215314e+02 1.146279641257793164e-01 1.100208357566229535e-03 -4.022417711851354327e-01 9.000000000000000000e+00
1.390284316314177318e+02 8.816369475635248143e-02 9.707908125566170102e-05 -3.086484998769803978e-01 4.000000000000000000e+00
