8.899641224696953623e-01 7.226965140272815447e+00 6.188015862472068251e-01 -5.901294471851419310e+00 1.300000000000000000e+01
1.507912216506557712e+00 2.191716044247828066e+00 1.773953388900970096e-01 -4.466654565776503327e-01 3.300000000000000000e+01
2.144790186456836611e+00 1.140432854978042032e+00 -6.046192803981814690e-02 -3.867528658270301123e-01 7.900000000000000000e+01
2.783660776489276678e+00 7.667610974954096603e-01 -4.433640375473269640e-02 -1.579479640139348218e-01 1.170000000000000000e+02
3.435099785803410466e+00 4.520482281878120401e-01 7.504761275561487588e-02 6.203877778521470904e-02 2.050000000000000000e+02
4.047886761425745661e+00 3.805326695681753302e-01 5.395740841532799259e-02 7.212901892235673573e-02 2.350000000000000000e+02
4.676716683575679490e+00 3.030934699287375911e-01 5.643195457074218907e-02 3.246397149637531704e-02 3.690000000000000000e+02
5.308225101765951415e+00 2.566284819332366740e-01 5.225718971512966632e-02 1.088313052151459494e-02 4.330000000000000000e+02
5.945362440940590076e+00 2.248470010237568206e-01 2.714000926288385324e-02 2.515968558104155622e-02 5.850000000000000000e+02
6.576224814588791823e+00 1.665734503077076212e-01 2.593471588123757651e-02 1.903460475228206314e-02 6.790000000000000000e+02
7.196632906698735788e+00 1.510079937102855596e-01 2.302573836329564055e-02 1.387099169206512835e-02 8.130000000000000000e+02
7.827860915688347632e+00 1.322492657731439702e-01 2.425573167329183807e-03 -1.650712009089701574e-03 9.850000000000000000e+02
8.470398945834539006e+00 1.147676895909924694e-01 1.881372437826954458e-02 3.119380401347478585e-02 1.183000000000000000e+03
9.096854620527370372e+00 1.027035926736966087e-01 1.305092618099511909e-02 2.025559441130497101e-02 1.269000000000000000e+03
9.720789776830212503e+00 9.427173752097467441e-02 1.550495067837156897e-02 1.409601556570104150e-02 1.537000000000000000e+03
1.034763038959366455e+01 8.584245136042763236e-02 1.172962291573628572e-02 1.565782621792035159e-02 1.653000000000000000e+03
1.097576444254559114e+01 7.851464525110564419e-02 1.679375194885534758e-02 1.525919127279060962e-02 1.963000000000000000e+03
1.160543084780093182e+01 7.004722735462375061e-02 1.020686032129092084e-02 9.414820353511316534e-03 2.121000000000000000e+03
1.223669666537485234e+01 6.424558979437100525e-02 1.241299211976671160e-02 1.154948412318162684e-02 2.413000000000000000e+03
1.286817263090293828e+01 5.958660834936833212e-02 8.276938754719079944e-03 8.162628768206788010e-03 2.635000000000000000e+03
1.349500801664080640e+01 5.347408855437633252e-02 5.467989777599874604e-03 1.511271245715855097e-02 2.877000000000000000e+03
1.411949558842147567e+01 4.791215097378207638e-02 8.496233958361472383e-03 7.909113786168601307e-03 3.169000000000000000e+03
1.475133575747468306e+01 4.401674826621732733e-02 8.773163796959951646e-03 7.247519126920065613e-03 3.507000000000000000e+03
1.537865074252268371e+01 4.065305186724559039e-02 8.642031509624545360e-03 5.707446670350659230e-03 3.685000000000000000e+03
1.600657544051110293e+01 3.740691332978270112e-02 1.039436268256588476e-02 7.565482176374336253e-03 4.165000000000000000e+03
1.663991168687080346e+01 3.596042524306546778e-02 9.343386492533467536e-03 5.725122003942344738e-03 4.377000000000000000e+03
1.727195645776442490e+01 3.221549199381798512e-02 5.924972686588610322e-03 4.582052502629383947e-03 4.855000000000000000e+03
1.789765213377084407e+01 3.002612142294313474e-02 7.447456945803206455e-03 6.702724068860755821e-03 4.929000000000000000e+03
1.852353690647851892e+01 2.825510826973959277e-02 5.012534084834079778e-03 5.279888602745923427e-03 5.581000000000000000e+03
1.914806787341157346e+01 2.594176758774309130e-02 5.609762485240742461e-03 6.357923911261962290e-03 5.679000000000000000e+03
1.977889868651535465e+01 2.466360948075843260e-02 4.725754570511432780e-03 5.344300071378761154e-03 6.385000000000000000e+03
2.040937735447724322e+01 2.312053745684850697e-02 4.756721854157148002e-03 5.641708916464259135e-03 6.553000000000000000e+03
2.103939302609845896e+01 2.186333785392563164e-02 2.994068828455280842e-03 6.121707420302510347e-03 7.125000000000000000e+03
2.166909709822301622e+01 2.141915958381740773e-02 2.135458572376211332e-03 5.260852600429579209e-03 7.447000000000000000e+03
2.229700281216151936e+01 2.025367116977622520e-02 2.027454314201932849e-03 6.005144012098332339e-03 7.929000000000000000e+03
2.292620027086341850e+01 1.920611049633198092e-02 1.750069264631113394e-03 5.069266629502277785e-03 8.353000000000000000e+03
2.355141508366812175e+01 1.828482266759044045e-02 1.286863181350348870e-03 5.237796246238256639e-03 8.775000000000000000e+03
2.417910583817858949e+01 1.710344620262107401e-02 1.872657139903431082e-03 3.250456542839205536e-03 9.313000000000000000e+03
2.480856539439619368e+01 1.585724979318951788e-02 2.254309546393889682e-03 2.690833483065935890e-03 9.841000000000000000e+03
2.543492256872954371e+01 1.540716152714359695e-02 1.881514782933642761e-03 3.294899379438394772e-03 1.019100000000000000e+04
2.606334251884804942e+01 1.469731119117597892e-02 1.505385191624772617e-03 2.592412112096548725e-03 1.089700000000000000e+04
2.669257370896960424e+01 1.387471614578833154e-02 1.527461584967330791e-03 2.218916219872972290e-03 1.130100000000000000e+04
2.732423343141155669e+01 1.327699678991012266e-02 9.561973026005326235e-04 2.791425873925217072e-03 1.202500000000000000e+04
2.795529680084415958e+01 1.252942272547199337e-02 7.671304057717896318e-04 2.631285844201886048e-03 1.242300000000000000e+04
2.858366292314493151e+01 1.209658390771504131e-02 9.602560618042640071e-04 2.196553426255367768e-03 1.302100000000000000e+04
2.920876271394311274e+01 1.145466097250008933e-02 1.378266499932646449e-03 2.126629778773498920e-03 1.340500000000000000e+04
2.983449844439822485e+01 1.096489803850503493e-02 1.093801880697625652e-03 1.660894500699129292e-03 1.424700000000000000e+04
3.046382639407197246e+01 1.052251968534801026e-02 1.155902313871675930e-03 1.014346978658006585e-03 1.471300000000000000e+04
3.109279127003197019e+01 1.002115840030567452e-02 1.454260572826698806e-03 9.678614450371352722e-04 1.548900000000000000e+04
3.172168171618397992e+01 9.544901210536336361e-03 1.297290190110964503e-03 1.365905233251698062e-03 1.591300000000000000e+04
3.235187567944422682e+01 9.144438496412672646e-03 1.480291470701098656e-03 1.117964384151358664e-03 1.687900000000000000e+04
3.298168217550395553e+01 8.809737156933363650e-03 1.200300569457507039e-03 1.320683849055899819e-03 1.719300000000000000e+04
3.361176429457156445e+01 8.330739765141585706e-03 1.391198580672363015e-03 7.045465828166598554e-04 1.815700000000000000e+04
3.423700375709273658e+01 8.024318591728975616e-03 1.547023289688378338e-03 6.777690222542031954e-04 1.833900000000000000e+04
3.486478192666269393e+01 7.643332086426919518e-03 1.378798909478779052e-03 9.285166130414389003e-04 1.957300000000000000e+04
3.549411614411317828e+01 7.394712867080087751e-03 1.254038406785443075e-03 4.827113227452419701e-04 1.994100000000000000e+04
3.611916935421039909e+01 7.136187364799153991e-03 1.252461988855566076e-03 8.361542827552818392e-04 2.062900000000000000e+04
3.674767089563572142e+01 6.809011910398351554e-03 1.263158323873471564e-03 5.642814639084679828e-04 2.165500000000000000e+04
3.737647795277590745e+01 6.515086505084132298e-03 1.429881445235164526e-03 4.840815617805005119e-04 2.211300000000000000e+04
3.800654031475131944e+01 6.323418673169314483e-03 1.302690930853952957e-03 4.361301350955432187e-04 2.318500000000000000e+04
3.863539861259823027e+01 6.040631666547826781e-03 1.219777371112932282e-03 6.127729819017767180e-04 2.366700000000000000e+04
3.926140181364449688e+01 5.808639083328001607e-03 1.280183937782153423e-03 5.648103216035780865e-04 2.438500000000000000e+04
3.989264500321934293e+01 5.649848100249421461e-03 1.273386432654235404e-03 6.299801800584049630e-04 2.574900000000000000e+04
4.052073244576828159e+01 5.435318381611610114e-03 1.278415088920289945e-03 5.306997187527159095e-04 2.567500000000000000e+04
4.114916477570476872e+01 5.265384070021314825e-03 1.232945495768500953e-03 5.223463140606962075e-04 2.740900000000000000e+04
4.177814272116491168e+01 5.123357043677940863e-03 1.309958672888734705e-03 4.331460817070501186e-04 2.740500000000000000e+04
4.240400648725130850e+01 4.892682144051584657e-03 1.310908063535701391e-03 4.978249604984357878e-04 2.871700000000000000e+04
4.303425690270191950e+01 4.827056265582520093e-03 1.298247357804726589e-03 4.659285729171864588e-04 2.959500000000000000e+04
4.366358560255625321e+01 4.654707079528414351e-03 1.253797901256625607e-03 5.065161915279390572e-04 3.030100000000000000e+04
4.428996183220763072e+01 4.522953125314956892e-03 1.205967641131118744e-03 4.834429741833007029e-04 3.110100000000000000e+04
4.491634418529859119e+01 4.358584073600896627e-03 1.170341108689635723e-03 4.337443805353623488e-04 3.202300000000000000e+04
4.554414146254732287e+01 4.263828630234011569e-03 1.115591629578433202e-03 6.090361184880002015e-04 3.297700000000000000e+04
4.617634470301057803e+01 4.141663923246447464e-03 1.016755109551409440e-03 6.485356248022904144e-04 3.444900000000000000e+04
4.680644242023710433e+01 4.073693245911309303e-03 1.024195119201053421e-03 7.154442860495302840e-04 3.454900000000000000e+04
4.743485242764365495e+01 3.988686219806542727e-03 1.010534823777056767e-03 5.191673772529730672e-04 3.611100000000000000e+04
4.806356136815399793e+01 3.906893586404583570e-03 8.489693585839922342e-04 7.038745630285033264e-04 3.654100000000000000e+04
4.869019258388696869e+01 3.831192868694367065e-03 8.597430494715587379e-04 7.389246966186711289e-04 3.771700000000000000e+04
4.931697099599956147e+01 3.726441231157636043e-03 8.899341959570677323e-04 5.489903223536589166e-04 3.861900000000000000e+04
4.994506747144535552e+01 3.595679463000111837e-03 8.668105282413285850e-04 6.045284742080555369e-04 3.966100000000000000e+04
5.057159051335420941e+01 3.543811324318486573e-03 8.352392822930545906e-04 5.273365515610272053e-04 4.054500000000000000e+04
5.119923996268094868e+01 3.440258054206682837e-03 8.161708360213819650e-04 4.952366007666606212e-04 4.181500000000000000e+04
5.183126097768406026e+01 3.366097835850392558e-03 8.243484855018861192e-04 4.765334201958413510e-04 4.312500000000000000e+04
5.246089638029099689e+01 3.311003783878687518e-03 7.432946166673706258e-04 5.244067258600550521e-04 4.368100000000000000e+04
5.308757308483336601e+01 3.257666276895322850e-03 7.479553036189271094e-04 5.453753361528381654e-04 4.462900000000000000e+04
5.371573527946726045e+01 3.156456839829266652e-03 6.762252730734838804e-04 5.239219988276742164e-04 4.622700000000000000e+04
5.434579563783791656e+01 3.078968271492363382e-03 6.997679716194705460e-04 5.101570952999503463e-04 4.690900000000000000e+04
5.497430652392217354e+01 3.036990117524951405e-03 6.723832787589485716e-04 4.211526405810869225e-04 4.823700000000000000e+04
5.559937427501778018e+01 2.977834068015519815e-03 6.694273055708564865e-04 5.001156490781107902e-04 4.858300000000000000e+04
5.622854676609657076e+01 2.900769649056547314e-03 6.266776817101113927e-04 4.657299922162812093e-04 5.099700000000000000e+04
5.686011537227265933e+01 2.872768404324501767e-03 6.010203508336207966e-04 4.585060517002115124e-04 5.139700000000000000e+04
5.748804589422078948e+01 2.833415473556407781e-03 6.081691751961829573e-04 5.153822233174515464e-04 5.248900000000000000e+04
5.811550210340559630e+01 2.757348481345080291e-03 6.331032557519439144e-04 4.851425139621452342e-04 5.378700000000000000e+04
5.874394496660968201e+01 2.704799034576610157e-03 6.025038512104626855e-04 4.733704957864617196e-04 5.491300000000000000e+04
5.937176220296899487e+01 2.633770578686828612e-03 6.108195301037272658e-04 3.777907351914579237e-04 5.597700000000000000e+04
5.999971954793682016e+01 2.587325131897257567e-03 6.353689132213439020e-04 4.036438481918628533e-04 5.741500000000000000e+04
6.062679115124277018e+01 2.547037997501552971e-03 6.112894364738492457e-04 3.443934769092939240e-04 5.810500000000000000e+04
6.125469576444534425e+01 2.513198204080196226e-03 6.413945692112954945e-04 3.300414384626365800e-04 6.003300000000000000e+04
6.188477733041514739e+01 2.444029481200020709e-03 6.248194999876062038e-04 3.852421804857055865e-04 6.094900000000000000e+04
6.251310567437899124e+01 2.422121759791361940e-03 6.151347934698046544e-04 3.537112363295202865e-04 6.223500000000000000e+04
6.314027450383210294e+01 2.393770309744331672e-03 6.058370306349262569e-04 3.849841002246767014e-04 6.322900000000000000e+04
6.377003562732055286e+01 2.356148293328492321e-03 6.036981480974866997e-04 3.479662582317481138e-04 6.513300000000000000e+04
6.439857783314556627e+01 2.307554348920359474e-03 6.061775600989280192e-04 3.667831426231967016e-04 6.570700000000000000e+04
6.502685417166111392e+01 2.285209807699309197e-03 6.037792183111752699e-04 3.872337717223732446e-04 6.756100000000000000e+04
6.565586117699038482e+01 2.265254838724694263e-03 5.805284029931466342e-04 3.829818797353308729e-04 6.850500000000000000e+04
6.628369282359253134e+01 2.236123011054582180e-03 5.680391573475755077e-04 4.067715483948221734e-04 6.994300000000000000e+04
6.691185444962194140e+01 2.193892227250925780e-03 5.555623637755453901e-04 4.245435263833723734e-04 7.109700000000000000e+04
6.754070198575605843e+01 2.189750075378344481e-03 5.501061080710815650e-04 4.841252160038872661e-04 7.302100000000000000e+04
6.816835514593203982e+01 2.170409365105368561e-03 5.147183979563189947e-04 4.975217508134247880e-04 7.331700000000000000e+04
6.879592533861698200e+01 2.154168493005835950e-03 4.775896222226315435e-04 4.947036359997912264e-04 7.579900000000000000e+04
6.942344317039531632e+01 2.135606287567861847e-03 4.917453084993639962e-04 5.756810326365846033e-04 7.602100000000000000e+04
7.005175402434737464e+01 2.110374416464248001e-03 4.881643971208583029e-04 5.677911400995470882e-04 7.875300000000000000e+04
7.068124956608717468e+01 2.091749434833348967e-03 4.892329133223457388e-04 5.665999752895952736e-04 7.929100000000000000e+04
7.131019009674920994e+01 2.063153809303428388e-03 4.877625371620391702e-04 5.859609964144562146e-04 8.112900000000000000e+04
7.193918251171426448e+01 2.045266981683511835e-03 4.868623741759283753e-04 5.989264378734637838e-04 8.244100000000000000e+04
7.256833807598113140e+01 2.047166706987442117e-03 4.865964349486153742e-04 6.892923680526641785e-04 8.394900000000000000e+04
7.319652682709349278e+01 2.038631178822779017e-03 4.372054049119772920e-04 6.900480198069113913e-04 8.512300000000000000e+04
7.382507990484923255e+01 2.055181958255357551e-03 4.249857920334230705e-04 8.002538049981328333e-04 8.692900000000000000e+04
7.445265842115937005e+01 2.052857611679813950e-03 4.155157780466636991e-04 8.363136689562163627e-04 8.778900000000000000e+04
7.507871101942711789e+01 2.049477199861932195e-03 3.911497603045222264e-04 8.889864194071382805e-04 8.962300000000000000e+04
7.570758465316045260e+01 2.031542146708051420e-03 3.652777731353468735e-04 8.687563564477345434e-04 9.134100000000000000e+04
7.633641233600957321e+01 2.029667320514200440e-03 3.837292306938144999e-04 8.993733484468746219e-04 9.284500000000000000e+04
7.696462959862266473e+01 2.039891172503776294e-03 3.813774773280110110e-04 9.859078568501557747e-04 9.408700000000000000e+04
7.759394865175413258e+01 2.042842200126865609e-03 3.585208493988036559e-04 1.002840567331969015e-03 9.633300000000000000e+04
7.822329141989585821e+01 2.062995157317235820e-03 3.171698059374247194e-04 1.096864853485236607e-03 9.724900000000000000e+04
7.885314936520239826e+01 2.071918920740533146e-03 2.947151926321947817e-04 1.178676190933263153e-03 9.950100000000000000e+04
7.947896566979521538e+01 2.077851821183909417e-03 3.031520307006067166e-04 1.194807287044528325e-03 9.928300000000000000e+04
8.010491096592353699e+01 2.094322805360122365e-03 3.046020173622385001e-04 1.247656632064238604e-03 1.025370000000000000e+05
8.073361670142924140e+01 2.081363725701305175e-03 2.818443859016346565e-04 1.065437229757651731e-03 1.022830000000000000e+05
8.136224995045211017e+01 2.054884851530001336e-03 2.869330258404039391e-04 6.891093602851463672e-04 1.021060000000000000e+05
8.199150350799700959e+01 2.031962363753067602e-03 2.590038145952272097e-04 3.604154016268287970e-04 1.007340000000000000e+05
8.261931886717252382e+01 2.023484489460315901e-03 2.355614106899788678e-04 6.469088230883552248e-05 9.999400000000000000e+04
8.324874883604807962e+01 2.011271247578263251e-03 1.953034216776152127e-04 -1.573841245613562072e-04 9.936000000000000000e+04
8.387933123847666650e+01 1.984843721478842405e-03 1.377619718217966448e-04 -4.585118040909910990e-04 9.860800000000000000e+04
8.450588685356962060e+01 1.976787325685357838e-03 1.418597653609472925e-04 -7.331788809444333066e-04 9.625200000000000000e+04
8.513230547222720190e+01 1.939491669995630375e-03 1.516205239449473666e-04 -1.000728724159135642e-03 9.640000000000000000e+04
8.576139753932025656e+01 1.923342868599328291e-03 1.469851402413639349e-04 -1.237416263737671756e-03 9.539800000000000000e+04
8.639012797885727934e+01 1.903428907673469783e-03 1.474210892548051630e-04 -1.437528472166217132e-03 9.402000000000000000e+04
8.701771746046537714e+01 1.887611655174380003e-03 1.255414703892603491e-04 -1.612675373449167253e-03 9.316000000000000000e+04
8.764557605704349896e+01 1.886837772694005284e-03 1.147586675273621091e-04 -1.793639581651824228e-03 9.177600000000000000e+04
8.827457805306610794e+01 1.875052238588600364e-03 1.361508822963082544e-04 -1.915009804151469658e-03 9.137800000000000000e+04
8.890279935401906641e+01 1.862790423725860624e-03 1.175161389680002248e-04 -2.083746891650026418e-03 8.949000000000000000e+04
8.952989714900911622e+01 1.842313633880665776e-03 1.303989714010314930e-04 -2.246875865289031139e-03 8.845000000000000000e+04
9.015871444920129818e+01 1.841495819074561715e-03 1.065666704075681192e-04 -2.342217177684684411e-03 8.794600000000000000e+04
9.078737841707814482e+01 1.847910223023751511e-03 1.044852996251102723e-04 -2.448242645976728485e-03 8.575200000000000000e+04
9.141616953329025819e+01 1.835746378423735352e-03 1.073858998546812230e-04 -2.561757254197375832e-03 8.574400000000000000e+04
9.204502371335763655e+01 1.820352360388684731e-03 1.106637097570203757e-04 -2.655536691208962904e-03 8.322000000000000000e+04
9.267355876152053895e+01 1.828867971611679430e-03 7.435913331903502182e-05 -2.750604175044182084e-03 8.302000000000000000e+04
9.330299944992503924e+01 1.846698882096391723e-03 6.028584309427584005e-05 -2.854842562667204292e-03 8.106400000000000000e+04
9.393122992838556229e+01 1.836467958395312161e-03 5.013280831216934832e-05 -2.929475954803148399e-03 7.983000000000000000e+04
9.455810138033126577e+01 1.849070925543791098e-03 4.886023583778196437e-05 -3.008856681126772462e-03 7.823800000000000000e+04
9.518576524210195089e+01 1.859845665391160951e-03 -1.471198988610989477e-05 -3.070107328840082205e-03 7.715400000000000000e+04
9.581316298428801304e+01 1.878630740884326602e-03 -1.362941738068908698e-05 -3.139164849281874271e-03 7.546600000000000000e+04
9.644261325454688460e+01 1.892822435794098025e-03 -2.826150946750609127e-05 -3.210597327003631568e-03 7.480200000000000000e+04
9.707240637620543566e+01 1.897759627632961393e-03 -6.233415744792957522e-05 -3.278584010746005400e-03 7.258000000000000000e+04
9.769941711060087641e+01 1.902284726196764360e-03 -8.065468651514391761e-05 -3.334195668193483918e-03 7.133800000000000000e+04
9.832713972251760026e+01 1.924982987981534686e-03 -7.808767684044482882e-05 -3.476400029625294989e-03 6.964200000000000000e+04
9.895461334913402141e+01 1.933514798759675699e-03 -8.644816413420745600e-05 -3.528749484079469947e-03 6.832600000000000000e+04
9.958301232204064490e+01 1.946205022244365101e-03 -8.798865221148987855e-05 -3.633476108992555933e-03 6.674400000000000000e+04
1.002126696896656028e+02 1.968335732163238334e-03 -1.038108809106362356e-04 -3.702798895440019208e-03 6.533800000000000000e+04
1.008392367769637588e+02 1.971016456162236804e-03 -1.171578454308707133e-04 -3.742138705941294025e-03 6.315600000000000000e+04
1.014675336268646930e+02 1.979495702924514555e-03 -1.302961761847963942e-04 -3.818932863781620158e-03 6.214000000000000000e+04
1.020979203958608963e+02 2.006743717972281956e-03 -1.474946656381901234e-04 -3.889333619645145550e-03 6.051400000000000000e+04
1.027244652773186715e+02 2.022598463509166829e-03 -1.488120432856382413e-04 -3.993691951397294881e-03 5.799000000000000000e+04
1.033529848673173461e+02 2.053552896403412591e-03 -1.753406450320373164e-04 -4.053382447196825916e-03 5.742400000000000000e+04
1.039843231620690318e+02 2.064363099760109076e-03 -1.636820845460260055e-04 -4.166134412344953478e-03 5.518200000000000000e+04
1.046120249057517100e+02 2.073777834979271227e-03 -1.282242571901667306e-04 -4.314493751392152465e-03 5.306800000000000000e+04
1.052373762178655028e+02 2.104993504831844612e-03 -1.255365933776829662e-04 -4.438003011359218514e-03 5.152800000000000000e+04
1.058642150368713573e+02 2.123462319346072161e-03 -1.417404115829492086e-04 -4.550951783604180803e-03 4.954600000000000000e+04
1.064948546224583197e+02 2.159793505153736679e-03 -1.106217830328758004e-04 -4.709780742549939288e-03 4.846600000000000000e+04
1.071230544111108287e+02 2.186468036437134999e-03 -1.063347155083991814e-04 -4.862981403113398292e-03 4.566600000000000000e+04
1.077495633524167715e+02 2.193153821148008734e-03 -9.466746037787322754e-05 -4.974371130796181179e-03 4.423000000000000000e+04
1.083788368853654447e+02 2.198107314896932674e-03 -9.447323335644144460e-05 -5.080041940957101716e-03 4.254000000000000000e+04
1.090093746128501806e+02 2.218631849963719187e-03 -1.125459371902319419e-04 -5.170567443637173917e-03 4.022200000000000000e+04
1.096358209683019851e+02 2.267769025206007628e-03 -1.160342048553071365e-04 -5.306144249040021729e-03 3.842200000000000000e+04
1.102632441637294392e+02 2.259885969071261710e-03 -1.138417547960172022e-04 -5.470039255060293523e-03 3.624600000000000000e+04
1.108918884114223289e+02 2.302474444639393547e-03 -7.149249157470101510e-05 -5.693799309041605930e-03 3.455200000000000000e+04
1.115189167146083946e+02 2.295580331276748411e-03 -1.089490518361140177e-04 -5.763515236141211057e-03 3.213600000000000000e+04
1.121453092481786342e+02 2.350056385842551158e-03 -9.193879986791741055e-05 -6.016917507868179034e-03 3.029200000000000000e+04
1.127733299034974266e+02 2.319803839956052251e-03 -7.145396540497064137e-05 -6.119922390291684250e-03 2.830200000000000000e+04
1.134024418204230926e+02 2.352836836086971868e-03 -9.355285678086426116e-05 -6.342343507142304999e-03 2.605600000000000000e+04
1.140315467274795935e+02 2.382746617317909720e-03 -1.006259207557480740e-04 -6.549378581022394057e-03 2.421100000000000000e+04
1.146586516076227866e+02 2.386336063053348753e-03 -7.066238676906288476e-05 -6.761893334610740748e-03 2.220600000000000000e+04
1.152858824973881440e+02 2.389428084814551947e-03 -1.049341252353439002e-04 -6.867650580968978104e-03 2.088400000000000000e+04
1.159152575502257037e+02 2.426079850452276566e-03 -7.872847583464033527e-05 -7.131429369821789405e-03 1.939200000000000000e+04
1.165431520350509516e+02 2.442795080288693438e-03 -6.534628977325457984e-05 -7.284534977534068943e-03 1.805800000000000000e+04
1.171687011481656953e+02 2.460566116211024279e-03 -5.128515246483868819e-05 -7.460519352844248268e-03 1.674600000000000000e+04
1.178000250035750298e+02 2.486399687706801909e-03 -5.268323143333612199e-05 -7.633500890600769008e-03 1.589800000000000000e+04
1.184333567323432277e+02 2.502416728847976259e-03 -4.063033565354360379e-05 -7.759105832669735761e-03 1.457800000000000000e+04
1.190589318138717942e+02 2.555165275928799207e-03 -3.548439532050781599e-05 -8.005919565708072630e-03 1.344300000000000000e+04
1.196823965714945217e+02 2.579879995965167743e-03 -7.844149675395785341e-06 -8.202632071818387674e-03 1.251100000000000000e+04
1.203171677557958503e+02 2.606419904284857942e-03 2.171372243840200281e-07 -8.360392759224096262e-03 1.191900000000000000e+04
1.209497088632195840e+02 2.687357184463173496e-03 1.881141393859297681e-05 -8.680703358014069462e-03 1.063900000000000000e+04
1.215674743991227160e+02 2.725606123891098544e-03 4.111599218613738970e-05 -8.895585067670576732e-03 9.775000000000000000e+03
1.221982990415667558e+02 2.716718508646365823e-03 2.255040616192089837e-05 -8.907478549090986145e-03 9.423000000000000000e+03
1.228378132922535428e+02 2.739268581804343416e-03 1.886929848067942070e-05 -9.026550761961417077e-03 8.449000000000000000e+03
1.234621661739287504e+02 2.793554520789007581e-03 4.390025947772330082e-05 -9.293199824641910564e-03 7.596000000000000000e+03
1.240768275801356140e+02 2.799776523224500099e-03 1.588774320858765365e-06 -9.304970306836963037e-03 6.931000000000000000e+03
1.247079014714796728e+02 2.772088985210256502e-03 1.298758464716503406e-05 -9.301062119806401476e-03 6.612000000000000000e+03
1.253481848162777510e+02 2.794026049610977887e-03 1.408149594881089503e-05 -9.414926868327896242e-03 5.899000000000000000e+03
1.259724611322386068e+02 2.830775125810025376e-03 2.720258891161389341e-05 -9.584851266794860644e-03 5.176000000000000000e+03
1.265947828550168879e+02 2.926410047836597045e-03 4.566198199132803093e-05 -9.962165474296118262e-03 4.824000000000000000e+03
1.272308628940882187e+02 2.982178204205797930e-03 2.527012700897408813e-05 -1.018507436256873601e-02 4.312000000000000000e+03
1.278632316589907560e+02 2.991267432466900109e-03 2.961118645227820957e-05 -1.025048663324753737e-02 3.819000000000000000e+03
1.284738219560678374e+02 3.077704463627376191e-03 3.073404513102713081e-05 -1.057868811690731298e-02 3.220000000000000000e+03
1.290986294650296884e+02 3.230149840444082685e-03 2.642664984304032472e-05 -1.114087059613527893e-02 3.132000000000000000e+03
1.297551674656045009e+02 3.243447805527003604e-03 1.749438113276926464e-05 -1.120758598939411606e-02 2.680000000000000000e+03
1.303897521180544743e+02 3.379964254645685239e-03 3.600675468167530716e-05 -1.171586862350800645e-02 2.218000000000000000e+03
1.309670168297866439e+02 3.534204156467332571e-03 5.008985621222868155e-05 -1.226846757594319062e-02 1.728000000000000000e+03
1.315883147752454647e+02 3.702507577971875501e-03 3.582114316771934650e-05 -1.288444530623489986e-02 1.816000000000000000e+03
1.322705779859007862e+02 4.028689667653357308e-03 5.975979600349256660e-05 -1.406213811083458463e-02 1.476000000000000000e+03
1.329220643762586178e+02 4.368514271350556165e-03 6.565364724983931476e-06 -1.520832394616336222e-02 1.108000000000000000e+03
1.334628335262524388e+02 4.435663035312972444e-03 4.794823592409109728e-05 -1.548773698958753713e-02 7.560000000000000000e+02
1.340803127556955587e+02 4.839308786931059876e-03 2.447653067316465471e-06 -1.687844563268878217e-02 8.440000000000000000e+02
1.347903930837827602e+02 5.183872050125424603e-03 3.043307464809855947e-06 -1.809460536590268287e-02 6.280000000000000000e+02
1.354796923252866634e+02 5.319573377151259191e-03 -1.585803323786174571e-05 -1.856421646823390101e-02 4.050000000000000000e+02
1.359930560321309088e+02 5.797205596410848379e-03 -5.512973957630865589e-05 -2.018924007025285974e-02 2.020000000000000000e+02
1.365701516219487246e+02 5.797710938947153725e-03 3.360823155158151876e-05 -2.030354262526002859e-02 2.280000000000000000e+02
1.372810373584152330e+02 7.118745008654257973e-03 -3.680206689247206856e-05 -2.486182856671977776e-02 1.240000000000000000e+02
1.379855361733230268e+02 7.066504494796948567e-03 4.080371309724436719e-06 -2.472969658328954407e-02 5.200000000000000000e+01
1.385761706743215314e+02 6.061867746533040543e-03 1.654835728422727703e-05 -2.123122021453942299e-02 9.000000000000000000e+00
1.390284316314177318e+02 1.206229108685420714e-02 5.790843166231037669e-05 -4.227484009198336640e-02 4.000000000000000000e+00
